1.000000000000000000e+11	5.000000000000000000e-01	2.332843672684589088e-05
1.258925411794166107e+11	5.000000000000000000e-01	2.939474626147138057e-05
1.584893192461110840e+11	5.000000000000000000e-01	3.706020620313360954e-05
1.995262314968882751e+11	5.000000000000000000e-01	4.676773515456264052e-05
2.511886431509582214e+11	5.000000000000000000e-01	5.910867908604769996e-05
3.162277660168379517e+11	5.000000000000000000e-01	7.489773188057122796e-05
3.981071705534969482e+11	5.000000000000000000e-01	9.530078745702678955e-05
5.011872336272714844e+11	5.000000000000000000e-01	1.220700220453883980e-04
6.309573444801943359e+11	5.000000000000000000e-01	1.579410150428416310e-04
7.943282347242821045e+11	5.000000000000000000e-01	2.080199725229772310e-04
1.000000000000000000e+12	5.000000000000000000e-01	2.430339555546546105e-04
1.260000000000000000e+12	5.000000000000000000e-01	2.656823709639404420e-04
1.580000000000000000e+12	5.000000000000000000e-01	3.128425812745716321e-04
2.000000000000000000e+12	5.000000000000000000e-01	3.807444448146877136e-04
2.510000000000000000e+12	5.000000000000000000e-01	4.659967774853771201e-04
3.160000000000000000e+12	5.000000000000000000e-01	5.765723073827860217e-04
3.980000000000000000e+12	5.000000000000000000e-01	7.175620400976501743e-04
5.010000000000000000e+12	5.000000000000000000e-01	8.962632649849223586e-04
6.310000000000000000e+12	5.000000000000000000e-01	1.124656388148181051e-03
7.940000000000000000e+12	5.000000000000000000e-01	1.418599174631157613e-03
1.000000000000000000e+13	5.000000000000000000e-01	1.801595371804886811e-03
1.260000000000000000e+13	5.000000000000000000e-01	2.292018038405318255e-03
1.580000000000000000e+13	5.000000000000000000e-01	2.895033156386549525e-03
2.000000000000000000e+13	5.000000000000000000e-01	3.686720518052226218e-03
2.510000000000000000e+13	5.000000000000000000e-01	4.614942611472370483e-03
3.160000000000000000e+13	5.000000000000000000e-01	5.649107544423829369e-03
3.980000000000000000e+13	5.000000000000000000e-01	6.656323566960788661e-03
5.010000000000000000e+13	5.000000000000000000e-01	7.526571096503350579e-03
6.310000000000000000e+13	5.000000000000000000e-01	8.252274692163006145e-03
7.940000000000000000e+13	5.000000000000000000e-01	8.967466288185102843e-03
1.000000000000000000e+14	5.000000000000000000e-01	9.937298404211154790e-03
1.260000000000000000e+14	5.000000000000000000e-01	1.150176047246878261e-02
1.580000000000000000e+14	5.000000000000000000e-01	1.395673821944449361e-02
2.000000000000000000e+14	5.000000000000000000e-01	1.778883787294936736e-02
2.510000000000000000e+14	5.000000000000000000e-01	2.271939060214764328e-02
3.160000000000000000e+14	5.000000000000000000e-01	2.835538160414578096e-02
3.980000000000000000e+14	5.000000000000000000e-01	3.358170644285604634e-02
5.010000000000000000e+14	5.000000000000000000e-01	3.714329093138536014e-02
6.310000000000000000e+14	5.000000000000000000e-01	3.810669550079470724e-02
7.940000000000000000e+14	5.000000000000000000e-01	3.605844755850649147e-02
1.000000000000000000e+15	5.000000000000000000e-01	3.139724352369845789e-02
1.260000000000000000e+15	5.000000000000000000e-01	2.462536602003867828e-02
1.580000000000000000e+15	5.000000000000000000e-01	1.657796006925785215e-02
2.000000000000000000e+15	5.000000000000000000e-01	8.218800952284317438e-03
2.510000000000000000e+15	5.000000000000000000e-01	1.841079008863088617e-04
3.160000000000000000e+15	5.000000000000000000e-01	-7.129964385100110574e-03
3.980000000000000000e+15	5.000000000000000000e-01	-1.327493089197006107e-02
5.010000000000000000e+15	5.000000000000000000e-01	-1.807448137436250268e-02
6.310000000000000000e+15	5.000000000000000000e-01	-2.155282025994715439e-02
7.940000000000000000e+15	5.000000000000000000e-01	-2.379724975544041457e-02
1.000000000000000000e+16	5.000000000000000000e-01	-2.498219337033717735e-02
1.260000000000000000e+16	5.000000000000000000e-01	-2.527794177771173004e-02
1.580000000000000000e+16	5.000000000000000000e-01	-2.490258586735786747e-02
2.000000000000000000e+16	5.000000000000000000e-01	-2.394860312774564626e-02
2.510000000000000000e+16	5.000000000000000000e-01	-2.268322592715625238e-02
3.160000000000000000e+16	5.000000000000000000e-01	-2.115375434013049352e-02
3.980000000000000000e+16	5.000000000000000000e-01	-1.948184954745938932e-02
5.010000000000000000e+16	5.000000000000000000e-01	-1.775911399573279481e-02
6.310000000000000000e+16	5.000000000000000000e-01	-1.603835271138193477e-02
7.940000000000000000e+16	5.000000000000000000e-01	-1.437868477910473307e-02
1.000000000000000000e+17	5.000000000000000000e-01	-1.279446551311061615e-02
1.000000000000000000e+11	1.500000000000000000e+00	2.124459218194703553e-05
1.258925411794166107e+11	1.500000000000000000e+00	2.676896549852583705e-05
1.584893192461110840e+11	1.500000000000000000e+00	3.374948888462391016e-05
1.995262314968882751e+11	1.500000000000000000e+00	4.258929665792107619e-05
2.511886431509582214e+11	1.500000000000000000e+00	5.382751588811951390e-05
3.162277660168379517e+11	1.500000000000000000e+00	6.820499140982852666e-05
3.981071705534969482e+11	1.500000000000000000e+00	8.677948346196950446e-05
5.011872336272714844e+11	1.500000000000000000e+00	1.111211658867982034e-04
6.309573444801943359e+11	1.500000000000000000e+00	1.435679594275546993e-04
7.943282347242821045e+11	1.500000000000000000e+00	1.869637310796950786e-04
1.000000000000000000e+12	1.500000000000000000e+00	2.186587124497314728e-04
1.260000000000000000e+12	1.500000000000000000e+00	2.425451599508365007e-04
1.580000000000000000e+12	1.500000000000000000e+00	2.870463737771667182e-04
2.000000000000000000e+12	1.500000000000000000e+00	3.504569743391763642e-04
2.510000000000000000e+12	1.500000000000000000e+00	4.300645330499747870e-04
3.160000000000000000e+12	1.500000000000000000e+00	5.331392680092724009e-04
3.980000000000000000e+12	1.500000000000000000e+00	6.643323099438898979e-04
5.010000000000000000e+12	1.500000000000000000e+00	8.305059303927426030e-04
6.310000000000000000e+12	1.500000000000000000e+00	1.042765462068805061e-03
7.940000000000000000e+12	1.500000000000000000e+00	1.315819707637994182e-03
1.000000000000000000e+13	1.500000000000000000e+00	1.671138617263529316e-03
1.260000000000000000e+13	1.500000000000000000e+00	2.125320067414981570e-03
1.580000000000000000e+13	1.500000000000000000e+00	2.685291189749642021e-03
2.000000000000000000e+13	1.500000000000000000e+00	3.416446454169066570e-03
2.510000000000000000e+13	1.500000000000000000e+00	4.275850686197228689e-03
3.160000000000000000e+13	1.500000000000000000e+00	5.248974241119761311e-03
3.980000000000000000e+13	1.500000000000000000e+00	6.220516876359334646e-03
5.010000000000000000e+13	1.500000000000000000e+00	7.069023176783983953e-03
6.310000000000000000e+13	1.500000000000000000e+00	7.830338109112801315e-03
7.940000000000000000e+13	1.500000000000000000e+00	8.646131459863525340e-03
1.000000000000000000e+14	1.500000000000000000e+00	9.716000508884601802e-03
1.260000000000000000e+14	1.500000000000000000e+00	1.139529353054704285e-02
1.580000000000000000e+14	1.500000000000000000e+00	1.393801269686016989e-02
2.000000000000000000e+14	1.500000000000000000e+00	1.787494523427738888e-02
2.510000000000000000e+14	1.500000000000000000e+00	2.289638027219862912e-02
3.160000000000000000e+14	1.500000000000000000e+00	2.853172335033818396e-02
3.980000000000000000e+14	1.500000000000000000e+00	3.375634203586622833e-02
5.010000000000000000e+14	1.500000000000000000e+00	3.741805701938571288e-02
6.310000000000000000e+14	1.500000000000000000e+00	3.831934000732118567e-02
7.940000000000000000e+14	1.500000000000000000e+00	3.621727103688954230e-02
1.000000000000000000e+15	1.500000000000000000e+00	3.143943062288496321e-02
1.260000000000000000e+15	1.500000000000000000e+00	2.443917580395112144e-02
1.580000000000000000e+15	1.500000000000000000e+00	1.654885483749109903e-02
2.000000000000000000e+15	1.500000000000000000e+00	8.235969156013819154e-03
2.510000000000000000e+15	1.500000000000000000e+00	2.402343001899192318e-04
3.160000000000000000e+15	1.500000000000000000e+00	-7.034884988616808138e-03
3.980000000000000000e+15	1.500000000000000000e+00	-1.314679471961959986e-02
5.010000000000000000e+15	1.500000000000000000e+00	-1.792070569021114376e-02
6.310000000000000000e+15	1.500000000000000000e+00	-2.138102834262574359e-02
7.940000000000000000e+15	1.500000000000000000e+00	-2.361458242678285760e-02
1.000000000000000000e+16	1.500000000000000000e+00	-2.479527064689833471e-02
1.260000000000000000e+16	1.500000000000000000e+00	-2.509200918341922271e-02
1.580000000000000000e+16	1.500000000000000000e+00	-2.472157264916823721e-02
2.000000000000000000e+16	1.500000000000000000e+00	-2.377611879240031784e-02
2.510000000000000000e+16	1.500000000000000000e+00	-2.252096217321020166e-02
3.160000000000000000e+16	1.500000000000000000e+00	-2.100280068368464217e-02
3.980000000000000000e+16	1.500000000000000000e+00	-1.934375445497355656e-02
5.010000000000000000e+16	1.500000000000000000e+00	-1.763387033745104568e-02
6.310000000000000000e+16	1.500000000000000000e+00	-1.592544290766327239e-02
7.940000000000000000e+16	1.500000000000000000e+00	-1.427764807727533412e-02
1.000000000000000000e+17	1.500000000000000000e+00	-1.270476314201536908e-02
1.000000000000000000e+11	2.500000000000000000e+00	1.938011123952265995e-05
1.258925411794166107e+11	2.500000000000000000e+00	2.441962246211602859e-05
1.584893192461110840e+11	2.500000000000000000e+00	3.078680996820266311e-05
1.995262314968882751e+11	2.500000000000000000e+00	3.885043051405702338e-05
2.511886431509582214e+11	2.500000000000000000e+00	4.910094012615152947e-05
3.162277660168379517e+11	2.500000000000000000e+00	6.221415406836380444e-05
3.981071705534969482e+11	2.500000000000000000e+00	7.914988192532375593e-05
5.011872336272714844e+11	2.500000000000000000e+00	1.013132900664418781e-04
6.309573444801943359e+11	2.500000000000000000e+00	1.306808511348973867e-04
7.943282347242821045e+11	2.500000000000000000e+00	1.680415787430610832e-04
1.000000000000000000e+12	2.500000000000000000e+00	1.967728835326596924e-04
1.260000000000000000e+12	2.500000000000000000e+00	2.215392993804079504e-04
1.580000000000000000e+12	2.500000000000000000e+00	2.641174642422755006e-04
2.000000000000000000e+12	2.500000000000000000e+00	3.241144630924734063e-04
2.510000000000000000e+12	2.500000000000000000e+00	3.986774924569092405e-04
3.160000000000000000e+12	2.500000000000000000e+00	4.950157172381157043e-04
3.980000000000000000e+12	2.500000000000000000e+00	6.175690317770767337e-04
5.010000000000000000e+12	2.500000000000000000e+00	7.728745520679205670e-04
6.310000000000000000e+12	2.500000000000000000e+00	9.715605005108872948e-04
7.940000000000000000e+12	2.500000000000000000e+00	1.226044470901919807e-03
1.000000000000000000e+13	2.500000000000000000e+00	1.556365191861321627e-03
1.260000000000000000e+13	2.500000000000000000e+00	1.978764026504767608e-03
1.580000000000000000e+13	2.500000000000000000e+00	2.497797863151262655e-03
2.000000000000000000e+13	2.500000000000000000e+00	3.179277537151246110e-03
2.510000000000000000e+13	2.500000000000000000e+00	3.981202578001388596e-03
3.160000000000000000e+13	2.500000000000000000e+00	4.894557795325485926e-03
3.980000000000000000e+13	2.500000000000000000e+00	5.809315800906439051e-03
5.010000000000000000e+13	2.500000000000000000e+00	6.682624287402099371e-03
6.310000000000000000e+13	2.500000000000000000e+00	7.501003936110128660e-03
7.940000000000000000e+13	2.500000000000000000e+00	8.340579290719209865e-03
1.000000000000000000e+14	2.500000000000000000e+00	9.517242950466405643e-03
1.260000000000000000e+14	2.500000000000000000e+00	1.130458785426821829e-02
1.580000000000000000e+14	2.500000000000000000e+00	1.397197315477183809e-02
2.000000000000000000e+14	2.500000000000000000e+00	1.798995899440941973e-02
2.510000000000000000e+14	2.500000000000000000e+00	2.304358802137368087e-02
3.160000000000000000e+14	2.500000000000000000e+00	2.882857125607103665e-02
3.980000000000000000e+14	2.500000000000000000e+00	3.405779224499866364e-02
5.010000000000000000e+14	2.500000000000000000e+00	3.741129843484591183e-02
6.310000000000000000e+14	2.500000000000000000e+00	3.853227474285154941e-02
7.940000000000000000e+14	2.500000000000000000e+00	3.657299784489290162e-02
1.000000000000000000e+15	2.500000000000000000e+00	3.153294644581648709e-02
1.260000000000000000e+15	2.500000000000000000e+00	2.487629608905994258e-02
1.580000000000000000e+15	2.500000000000000000e+00	1.702768339083941471e-02
2.000000000000000000e+15	2.500000000000000000e+00	8.495629397116124040e-03
2.510000000000000000e+15	2.500000000000000000e+00	4.272951552111132838e-04
3.160000000000000000e+15	2.500000000000000000e+00	-6.894466759503475005e-03
3.980000000000000000e+15	2.500000000000000000e+00	-1.303857662937877443e-02
5.010000000000000000e+15	2.500000000000000000e+00	-1.783622177974102455e-02
6.310000000000000000e+15	2.500000000000000000e+00	-2.131465565441233861e-02
7.940000000000000000e+15	2.500000000000000000e+00	-2.356230944763911678e-02
1.000000000000000000e+16	2.500000000000000000e+00	-2.475383321302869477e-02
1.260000000000000000e+16	2.500000000000000000e+00	-2.505919069188015588e-02
1.580000000000000000e+16	2.500000000000000000e+00	-2.469546329313537444e-02
2.000000000000000000e+16	2.500000000000000000e+00	-2.375550442762148703e-02
2.510000000000000000e+16	2.500000000000000000e+00	-2.250454001480156965e-02
3.160000000000000000e+16	2.500000000000000000e+00	-2.098977267228057525e-02
3.980000000000000000e+16	2.500000000000000000e+00	-1.933346511049565883e-02
5.010000000000000000e+16	2.500000000000000000e+00	-1.762572044135161248e-02
6.310000000000000000e+16	2.500000000000000000e+00	-1.591890589573487225e-02
7.940000000000000000e+16	2.500000000000000000e+00	-1.427249873173655655e-02
1.000000000000000000e+17	2.500000000000000000e+00	-1.270064933092263787e-02
1.000000000000000000e+11	4.000000000000000000e+00	1.701898269110722762e-05
1.258925411794166107e+11	4.000000000000000000e+00	2.144377141385465365e-05
1.584893192461110840e+11	4.000000000000000000e+00	2.703487895974242833e-05
1.995262314968882751e+11	4.000000000000000000e+00	3.411560962999677401e-05
2.511886431509582214e+11	4.000000000000000000e+00	4.311612179937553585e-05
3.162277660168379517e+11	4.000000000000000000e+00	5.462990665428104552e-05
3.981071705534969482e+11	4.000000000000000000e+00	6.949397570851115842e-05
5.011872336272714844e+11	4.000000000000000000e+00	8.890764806436616272e-05
6.309573444801943359e+11	4.000000000000000000e+00	1.143991939901643458e-04
7.943282347242821045e+11	4.000000000000000000e+00	1.442178933094152686e-04
1.000000000000000000e+12	4.000000000000000000e+00	1.690482916910185460e-04
1.260000000000000000e+12	4.000000000000000000e+00	1.951520406649702834e-04
1.580000000000000000e+12	4.000000000000000000e+00	2.349176217387407466e-04
2.000000000000000000e+12	4.000000000000000000e+00	2.899348792717066519e-04
2.510000000000000000e+12	4.000000000000000000e+00	3.581024447602248052e-04
3.160000000000000000e+12	4.000000000000000000e+00	4.459934356975555052e-04
3.980000000000000000e+12	4.000000000000000000e+00	5.575548785423151046e-04
5.010000000000000000e+12	4.000000000000000000e+00	6.985785046539128886e-04
6.310000000000000000e+12	4.000000000000000000e+00	8.783232440193980851e-04
7.940000000000000000e+12	4.000000000000000000e+00	1.108464725253133351e-03
1.000000000000000000e+13	4.000000000000000000e+00	1.407200765727429108e-03
1.260000000000000000e+13	4.000000000000000000e+00	1.788718775831800402e-03
1.580000000000000000e+13	4.000000000000000000e+00	2.256780218652980168e-03
2.000000000000000000e+13	4.000000000000000000e+00	2.869393278761470968e-03
2.510000000000000000e+13	4.000000000000000000e+00	3.591818234008995435e-03
3.160000000000000000e+13	4.000000000000000000e+00	4.423948960144549400e-03
3.980000000000000000e+13	4.000000000000000000e+00	5.306955863075365001e-03
5.010000000000000000e+13	4.000000000000000000e+00	6.163862039408783515e-03
6.310000000000000000e+13	4.000000000000000000e+00	7.014177986242614397e-03
7.940000000000000000e+13	4.000000000000000000e+00	7.972419023216813574e-03
1.000000000000000000e+14	4.000000000000000000e+00	9.274209888286697942e-03
1.260000000000000000e+14	4.000000000000000000e+00	1.116590908927861739e-02
1.580000000000000000e+14	4.000000000000000000e+00	1.392080526488784394e-02
2.000000000000000000e+14	4.000000000000000000e+00	1.805290169522902680e-02
2.510000000000000000e+14	4.000000000000000000e+00	2.321607250313753590e-02
3.160000000000000000e+14	4.000000000000000000e+00	2.893542053264695768e-02
3.980000000000000000e+14	4.000000000000000000e+00	3.424121362811441416e-02
5.010000000000000000e+14	4.000000000000000000e+00	3.790394174418768025e-02
6.310000000000000000e+14	4.000000000000000000e+00	3.886491475318441802e-02
7.940000000000000000e+14	4.000000000000000000e+00	3.687315980900406770e-02
1.000000000000000000e+15	4.000000000000000000e+00	3.204797931630614521e-02
1.260000000000000000e+15	4.000000000000000000e+00	2.503343884666760569e-02
1.580000000000000000e+15	4.000000000000000000e+00	1.709837143193997447e-02
2.000000000000000000e+15	4.000000000000000000e+00	8.728575328895203309e-03
2.510000000000000000e+15	4.000000000000000000e+00	5.866880757644467228e-04
3.160000000000000000e+15	4.000000000000000000e+00	-6.749307479959695648e-03
3.980000000000000000e+15	4.000000000000000000e+00	-1.289952603542796929e-02
5.010000000000000000e+15	4.000000000000000000e+00	-1.770083483483710085e-02
6.310000000000000000e+15	4.000000000000000000e+00	-2.118280081117078495e-02
7.940000000000000000e+15	4.000000000000000000e+00	-2.343458496057446161e-02
1.000000000000000000e+16	4.000000000000000000e+00	-2.463166374879753595e-02
1.260000000000000000e+16	4.000000000000000000e+00	-2.494348520584287188e-02
1.580000000000000000e+16	4.000000000000000000e+00	-2.458685787257556404e-02
2.000000000000000000e+16	4.000000000000000000e+00	-2.365497951380971658e-02
2.510000000000000000e+16	4.000000000000000000e+00	-2.241202924739042063e-02
3.160000000000000000e+16	4.000000000000000000e+00	-2.090547947330189185e-02
3.980000000000000000e+16	4.000000000000000000e+00	-1.925728375808620843e-02
5.010000000000000000e+16	4.000000000000000000e+00	-1.755708286112186642e-02
6.310000000000000000e+16	4.000000000000000000e+00	-1.585791836769855773e-02
7.940000000000000000e+16	4.000000000000000000e+00	-1.421839165442662610e-02
1.000000000000000000e+17	4.000000000000000000e+00	-1.265297536457591493e-02
1.000000000000000000e+11	6.000000000000000000e+00	1.475965822257136499e-05
1.258925411794166107e+11	6.000000000000000000e+00	1.859719546024753739e-05
1.584893192461110840e+11	6.000000000000000000e+00	2.344566028341187641e-05
1.995262314968882751e+11	6.000000000000000000e+00	2.958531895589035755e-05
2.511886431509582214e+11	6.000000000000000000e+00	3.738996616115745057e-05
3.162277660168379517e+11	6.000000000000000000e+00	4.737156360411674344e-05
3.981071705534969482e+11	6.000000000000000000e+00	6.024914600339843649e-05
5.011872336272714844e+11	6.000000000000000000e+00	7.702098791572474881e-05
6.309573444801943359e+11	6.000000000000000000e+00	9.877362096253778918e-05
7.943282347242821045e+11	6.000000000000000000e+00	1.212328682477181144e-04
1.000000000000000000e+12	6.000000000000000000e+00	1.424297609421843326e-04
1.260000000000000000e+12	6.000000000000000000e+00	1.701908913892142812e-04
1.580000000000000000e+12	6.000000000000000000e+00	2.074579371235885030e-04
2.000000000000000000e+12	6.000000000000000000e+00	2.579410422089759816e-04
2.510000000000000000e+12	6.000000000000000000e+00	3.200816918277258043e-04
3.160000000000000000e+12	6.000000000000000000e+00	3.997073586995060924e-04
3.980000000000000000e+12	6.000000000000000000e+00	5.008850212038530852e-04
5.010000000000000000e+12	6.000000000000000000e+00	6.285759450353810372e-04
6.310000000000000000e+12	6.000000000000000000e+00	7.910265138038351023e-04
7.940000000000000000e+12	6.000000000000000000e+00	9.986396275541689540e-04
1.000000000000000000e+13	6.000000000000000000e+00	1.266220987202247659e-03
1.260000000000000000e+13	6.000000000000000000e+00	1.607169628136690320e-03
1.580000000000000000e+13	6.000000000000000000e+00	2.025179903854115032e-03
2.000000000000000000e+13	6.000000000000000000e+00	2.573813567472018910e-03
2.510000000000000000e+13	6.000000000000000000e+00	3.230492283471351166e-03
3.160000000000000000e+13	6.000000000000000000e+00	3.991282029156997639e-03
3.980000000000000000e+13	6.000000000000000000e+00	4.801016858395518692e-03
5.010000000000000000e+13	6.000000000000000000e+00	5.647799105928772920e-03
6.310000000000000000e+13	6.000000000000000000e+00	6.563133812044057505e-03
7.940000000000000000e+13	6.000000000000000000e+00	7.648689808988509177e-03
1.000000000000000000e+14	6.000000000000000000e+00	9.088277065000743143e-03
1.260000000000000000e+14	6.000000000000000000e+00	1.113431692532574485e-02
1.580000000000000000e+14	6.000000000000000000e+00	1.403987753204777138e-02
2.000000000000000000e+14	6.000000000000000000e+00	1.830805856645870491e-02
2.510000000000000000e+14	6.000000000000000000e+00	2.350911179689683592e-02
3.160000000000000000e+14	6.000000000000000000e+00	2.930556647574885515e-02
3.980000000000000000e+14	6.000000000000000000e+00	3.471053591799019844e-02
5.010000000000000000e+14	6.000000000000000000e+00	3.840012651875870237e-02
6.310000000000000000e+14	6.000000000000000000e+00	3.936165592976326871e-02
7.940000000000000000e+14	6.000000000000000000e+00	3.722622332369592002e-02
1.000000000000000000e+15	6.000000000000000000e+00	3.248124132050219520e-02
1.260000000000000000e+15	6.000000000000000000e+00	2.586631137399158023e-02
1.580000000000000000e+15	6.000000000000000000e+00	1.825923150741111042e-02
2.000000000000000000e+15	6.000000000000000000e+00	9.671679501321079134e-03
2.510000000000000000e+15	6.000000000000000000e+00	1.082635154510095885e-03
3.160000000000000000e+15	6.000000000000000000e+00	-6.469513724520311454e-03
3.980000000000000000e+15	6.000000000000000000e+00	-1.277078331592732680e-02
5.010000000000000000e+15	6.000000000000000000e+00	-1.768276506292265973e-02
6.310000000000000000e+15	6.000000000000000000e+00	-2.124587047015581015e-02
7.940000000000000000e+15	6.000000000000000000e+00	-2.355562522502929398e-02
1.000000000000000000e+16	6.000000000000000000e+00	-2.479098637788876985e-02
1.260000000000000000e+16	6.000000000000000000e+00	-2.512665358774980595e-02
1.580000000000000000e+16	6.000000000000000000e+00	-2.478216538359996265e-02
2.000000000000000000e+16	6.000000000000000000e+00	-2.385359009862922028e-02
2.510000000000000000e+16	6.000000000000000000e+00	-2.260757673626442171e-02
3.160000000000000000e+16	6.000000000000000000e+00	-2.109326059093219116e-02
3.980000000000000000e+16	6.000000000000000000e+00	-1.943418551143852660e-02
5.010000000000000000e+16	6.000000000000000000e+00	-1.772122531585364896e-02
6.310000000000000000e+16	6.000000000000000000e+00	-1.600829927581374698e-02
7.940000000000000000e+16	6.000000000000000000e+00	-1.435477246168607307e-02
1.000000000000000000e+17	6.000000000000000000e+00	-1.277549548862857640e-02
1.000000000000000000e+11	8.000000000000000000e+00	1.303913950202250456e-05
1.258925411794166107e+11	8.000000000000000000e+00	1.642934523357080751e-05
1.584893192461110840e+11	8.000000000000000000e+00	2.071276531542004680e-05
1.995262314968882751e+11	8.000000000000000000e+00	2.613713913167023915e-05
2.511886431509582214e+11	8.000000000000000000e+00	3.303341321174269556e-05
3.162277660168379517e+11	8.000000000000000000e+00	4.185428393933891518e-05
3.981071705534969482e+11	8.000000000000000000e+00	5.323212830133221973e-05
5.011872336272714844e+11	8.000000000000000000e+00	6.802291397065730199e-05
6.309573444801943359e+11	8.000000000000000000e+00	8.703680199397592068e-05
7.943282347242821045e+11	8.000000000000000000e+00	1.043228719960405279e-04
1.000000000000000000e+12	8.000000000000000000e+00	1.226393220989488745e-04
1.260000000000000000e+12	8.000000000000000000e+00	1.506908599223630621e-04
1.580000000000000000e+12	8.000000000000000000e+00	1.854892632974583793e-04
2.000000000000000000e+12	8.000000000000000000e+00	2.322481556491659766e-04
2.510000000000000000e+12	8.000000000000000000e+00	2.893959591330313151e-04
3.160000000000000000e+12	8.000000000000000000e+00	3.623745480815585961e-04
3.980000000000000000e+12	8.000000000000000000e+00	4.547762464216092439e-04
5.010000000000000000e+12	8.000000000000000000e+00	5.714131473224970826e-04
6.310000000000000000e+12	8.000000000000000000e+00	7.195050794868671244e-04
7.940000000000000000e+12	8.000000000000000000e+00	9.080797689838667136e-04
1.000000000000000000e+13	8.000000000000000000e+00	1.150086500558672236e-03
1.260000000000000000e+13	8.000000000000000000e+00	1.458444291372240284e-03
1.580000000000000000e+13	8.000000000000000000e+00	1.838216456578356441e-03
2.000000000000000000e+13	8.000000000000000000e+00	2.334796149920436402e-03
2.510000000000000000e+13	8.000000000000000000e+00	2.924961630813180998e-03
3.160000000000000000e+13	8.000000000000000000e+00	3.626569207140700486e-03
3.980000000000000000e+13	8.000000000000000000e+00	4.413747188454788216e-03
5.010000000000000000e+13	8.000000000000000000e+00	5.247337028649468570e-03
6.310000000000000000e+13	8.000000000000000000e+00	6.173041789361405005e-03
7.940000000000000000e+13	8.000000000000000000e+00	7.305763455490651113e-03
1.000000000000000000e+14	8.000000000000000000e+00	8.805584102195620003e-03
1.260000000000000000e+14	8.000000000000000000e+00	1.092303755390374581e-02
1.580000000000000000e+14	8.000000000000000000e+00	1.388207230404192929e-02
2.000000000000000000e+14	8.000000000000000000e+00	1.816339027397164546e-02
2.510000000000000000e+14	8.000000000000000000e+00	2.343302320229883468e-02
3.160000000000000000e+14	8.000000000000000000e+00	2.925109375239129741e-02
3.980000000000000000e+14	8.000000000000000000e+00	3.454157709908056012e-02
5.010000000000000000e+14	8.000000000000000000e+00	3.811297352322146059e-02
6.310000000000000000e+14	8.000000000000000000e+00	3.913518240173961132e-02
7.940000000000000000e+14	8.000000000000000000e+00	3.722283075883881659e-02
1.000000000000000000e+15	8.000000000000000000e+00	3.209834463002934207e-02
1.260000000000000000e+15	8.000000000000000000e+00	2.432424200515441101e-02
1.580000000000000000e+15	8.000000000000000000e+00	1.606779765638725876e-02
2.000000000000000000e+15	8.000000000000000000e+00	8.115532978477330364e-03
2.510000000000000000e+15	8.000000000000000000e+00	3.887163882812719315e-04
3.160000000000000000e+15	8.000000000000000000e+00	-6.700962865718127805e-03
3.980000000000000000e+15	8.000000000000000000e+00	-1.266569809774023385e-02
5.010000000000000000e+15	8.000000000000000000e+00	-1.732829852272392904e-02
6.310000000000000000e+15	8.000000000000000000e+00	-2.071082545868013422e-02
7.940000000000000000e+15	8.000000000000000000e+00	-2.289757953608013291e-02
1.000000000000000000e+16	8.000000000000000000e+00	-2.405768005022712597e-02
1.260000000000000000e+16	8.000000000000000000e+00	-2.435610768569601917e-02
1.580000000000000000e+16	8.000000000000000000e+00	-2.400379124366282951e-02
2.000000000000000000e+16	8.000000000000000000e+00	-2.309108834699264562e-02
2.510000000000000000e+16	8.000000000000000000e+00	-2.187576983661201555e-02
3.160000000000000000e+16	8.000000000000000000e+00	-2.040381663937706688e-02
3.980000000000000000e+16	8.000000000000000000e+00	-1.879411174661811679e-02
5.010000000000000000e+16	8.000000000000000000e+00	-1.713403743890198894e-02
6.310000000000000000e+16	8.000000000000000000e+00	-1.547468658424965525e-02
7.940000000000000000e+16	8.000000000000000000e+00	-1.387484037884342131e-02
1.000000000000000000e+17	8.000000000000000000e+00	-1.234694316513437404e-02
1.000000000000000000e+11	1.000000000000000000e+01	1.203914662021612023e-05
1.258925411794166107e+11	1.000000000000000000e+01	1.516904917376273318e-05
1.584893192461110840e+11	1.000000000000000000e+01	1.912390520660380279e-05
1.995262314968882751e+11	1.000000000000000000e+01	2.413197548051027164e-05
2.511886431509582214e+11	1.000000000000000000e+01	3.049892469092164714e-05
3.162277660168379517e+11	1.000000000000000000e+01	3.864216045119310376e-05
3.981071705534969482e+11	1.000000000000000000e+01	4.914215066272337054e-05
5.011872336272714844e+11	1.000000000000000000e+01	6.276703777973401642e-05
6.309573444801943359e+11	1.000000000000000000e+01	8.010813641245050803e-05
7.943282347242821045e+11	1.000000000000000000e+01	9.412070475470141531e-05
1.000000000000000000e+12	1.000000000000000000e+01	1.108725483148112034e-04
1.260000000000000000e+12	1.000000000000000000e+01	1.394400630206630491e-04
1.580000000000000000e+12	1.000000000000000000e+01	1.733426589608561723e-04
2.000000000000000000e+12	1.000000000000000000e+01	2.179053376885668693e-04
2.510000000000000000e+12	1.000000000000000000e+01	2.721760449772070217e-04
3.160000000000000000e+12	1.000000000000000000e+01	3.417314386894811833e-04
3.980000000000000000e+12	1.000000000000000000e+01	4.295726389720410494e-04
5.010000000000000000e+12	1.000000000000000000e+01	5.399859019014422975e-04
6.310000000000000000e+12	1.000000000000000000e+01	6.799696589408019826e-04
7.940000000000000000e+12	1.000000000000000000e+01	8.580653329422581596e-04
1.000000000000000000e+13	1.000000000000000000e+01	1.086459449106409953e-03
1.260000000000000000e+13	1.000000000000000000e+01	1.375516857076505275e-03
1.580000000000000000e+13	1.000000000000000000e+01	1.732105465927045920e-03
2.000000000000000000e+13	1.000000000000000000e+01	2.197917078258187877e-03
2.510000000000000000e+13	1.000000000000000000e+01	2.749992991553820102e-03
3.160000000000000000e+13	1.000000000000000000e+01	3.427210296406568539e-03
3.980000000000000000e+13	1.000000000000000000e+01	4.197097781818990951e-03
5.010000000000000000e+13	1.000000000000000000e+01	5.036218448373338749e-03
6.310000000000000000e+13	1.000000000000000000e+01	6.014286435868500778e-03
7.940000000000000000e+13	1.000000000000000000e+01	7.213027231561741463e-03
1.000000000000000000e+14	1.000000000000000000e+01	8.799356964521175967e-03
1.260000000000000000e+14	1.000000000000000000e+01	1.101423896200872873e-02
1.580000000000000000e+14	1.000000000000000000e+01	1.406664593750099959e-02
2.000000000000000000e+14	1.000000000000000000e+01	1.841119775876422920e-02
2.510000000000000000e+14	1.000000000000000000e+01	2.378249380721800949e-02
3.160000000000000000e+14	1.000000000000000000e+01	2.985870946788724348e-02
3.980000000000000000e+14	1.000000000000000000e+01	3.536813232994526907e-02
5.010000000000000000e+14	1.000000000000000000e+01	3.895772203777348591e-02
6.310000000000000000e+14	1.000000000000000000e+01	3.998475621309367095e-02
7.940000000000000000e+14	1.000000000000000000e+01	3.823000495723907766e-02
1.000000000000000000e+15	1.000000000000000000e+01	3.345666042604533708e-02
1.260000000000000000e+15	1.000000000000000000e+01	2.638749639670425959e-02
1.580000000000000000e+15	1.000000000000000000e+01	1.831320575133097567e-02
2.000000000000000000e+15	1.000000000000000000e+01	9.566266495563548883e-03
2.510000000000000000e+15	1.000000000000000000e+01	1.108159628515977381e-03
3.160000000000000000e+15	1.000000000000000000e+01	-6.431709456566755620e-03
3.980000000000000000e+15	1.000000000000000000e+01	-1.273456842901436389e-02
5.010000000000000000e+15	1.000000000000000000e+01	-1.765144905930004018e-02
6.310000000000000000e+15	1.000000000000000000e+01	-2.121986968401365359e-02
7.940000000000000000e+15	1.000000000000000000e+01	-2.353405652478247206e-02
1.000000000000000000e+16	1.000000000000000000e+01	-2.477390934708929501e-02
1.260000000000000000e+16	1.000000000000000000e+01	-2.511297726036665345e-02
1.580000000000000000e+16	1.000000000000000000e+01	-2.477120176520544031e-02
2.000000000000000000e+16	1.000000000000000000e+01	-2.384489122801257757e-02
2.510000000000000000e+16	1.000000000000000000e+01	-2.260061191124862132e-02
3.160000000000000000e+16	1.000000000000000000e+01	-2.108773901506836787e-02
3.980000000000000000e+16	1.000000000000000000e+01	-1.942978768670846484e-02
5.010000000000000000e+16	1.000000000000000000e+01	-1.771773948878873836e-02
6.310000000000000000e+16	1.000000000000000000e+01	-1.600554091805839532e-02
7.940000000000000000e+16	1.000000000000000000e+01	-1.435259532979413569e-02
1.000000000000000000e+17	1.000000000000000000e+01	-1.277376826777549927e-02
1.000000000000000000e+11	1.200000000000000000e+01	1.111726206672357418e-05
1.258925411794166107e+11	1.200000000000000000e+01	1.400767175835544381e-05
1.584893192461110840e+11	1.200000000000000000e+01	1.766025677440865468e-05
1.995262314968882751e+11	1.200000000000000000e+01	2.228618750762299090e-05
2.511886431509582214e+11	1.200000000000000000e+01	2.816854775536456327e-05
3.162277660168379517e+11	1.200000000000000000e+01	3.569469644263674284e-05
3.981071705534969482e+11	1.200000000000000000e+01	4.540145350651828281e-05
5.011872336272714844e+11	1.200000000000000000e+01	5.799929165293765221e-05
6.309573444801943359e+11	1.200000000000000000e+01	7.390813006753077247e-05
7.943282347242821045e+11	1.200000000000000000e+01	8.539436322975435534e-05
1.000000000000000000e+12	1.200000000000000000e+01	1.005268522452582036e-04
1.260000000000000000e+12	1.200000000000000000e+01	1.287614829448993994e-04
1.580000000000000000e+12	1.200000000000000000e+01	1.609906803498457038e-04
2.000000000000000000e+12	1.200000000000000000e+01	2.032074393803556746e-04
2.510000000000000000e+12	1.200000000000000000e+01	2.545115056413666302e-04
3.160000000000000000e+12	1.200000000000000000e+01	3.197025550548321165e-04
3.980000000000000000e+12	1.200000000000000000e+01	4.023139113750479209e-04
5.010000000000000000e+12	1.200000000000000000e+01	5.054410960999615671e-04
6.310000000000000000e+12	1.200000000000000000e+01	6.364781298245353455e-04
7.940000000000000000e+12	1.200000000000000000e+01	8.034103673391772586e-04
1.000000000000000000e+13	1.200000000000000000e+01	1.016844983200725083e-03
1.260000000000000000e+13	1.200000000000000000e+01	1.287383739403296637e-03
1.580000000000000000e+13	1.200000000000000000e+01	1.619480211639666260e-03
2.000000000000000000e+13	1.200000000000000000e+01	2.058158237510772804e-03
2.510000000000000000e+13	1.200000000000000000e+01	2.578717496497791566e-03
3.160000000000000000e+13	1.200000000000000000e+01	3.193899877264581334e-03
3.980000000000000000e+13	1.200000000000000000e+01	3.922480789394311093e-03
5.010000000000000000e+13	1.200000000000000000e+01	4.763408651371424038e-03
6.310000000000000000e+13	1.200000000000000000e+01	5.732405411892594130e-03
7.940000000000000000e+13	1.200000000000000000e+01	6.943429874436370629e-03
1.000000000000000000e+14	1.200000000000000000e+01	8.558267533848583006e-03
1.260000000000000000e+14	1.200000000000000000e+01	1.079537966516058364e-02
1.580000000000000000e+14	1.200000000000000000e+01	1.383908119094065699e-02
2.000000000000000000e+14	1.200000000000000000e+01	1.821284132155305199e-02
2.510000000000000000e+14	1.200000000000000000e+01	2.356737765995534084e-02
3.160000000000000000e+14	1.200000000000000000e+01	2.949215420887737332e-02
3.980000000000000000e+14	1.200000000000000000e+01	3.482063241625219657e-02
5.010000000000000000e+14	1.200000000000000000e+01	3.840476270941891451e-02
6.310000000000000000e+14	1.200000000000000000e+01	3.922474711066296221e-02
7.940000000000000000e+14	1.200000000000000000e+01	3.630100832270162503e-02
1.000000000000000000e+15	1.200000000000000000e+01	3.158936445938424764e-02
1.260000000000000000e+15	1.200000000000000000e+01	2.632646311068173248e-02
1.580000000000000000e+15	1.200000000000000000e+01	1.773435552424706962e-02
2.000000000000000000e+15	1.200000000000000000e+01	8.054802544281364565e-03
2.510000000000000000e+15	1.200000000000000000e+01	5.930893652080033648e-04
3.160000000000000000e+15	1.200000000000000000e+01	-6.519400580996621321e-03
3.980000000000000000e+15	1.200000000000000000e+01	-1.251790605210382698e-02
5.010000000000000000e+15	1.200000000000000000e+01	-1.721003114666722761e-02
6.310000000000000000e+15	1.200000000000000000e+01	-2.061671508128338701e-02
7.940000000000000000e+15	1.200000000000000000e+01	-2.282307882363111134e-02
1.000000000000000000e+16	1.200000000000000000e+01	-2.399822018844980850e-02
1.260000000000000000e+16	1.200000000000000000e+01	-2.430891680325392157e-02
1.580000000000000000e+16	1.200000000000000000e+01	-2.396615683944505748e-02
2.000000000000000000e+16	1.200000000000000000e+01	-2.306136451014637045e-02
2.510000000000000000e+16	1.200000000000000000e+01	-2.185208164544374596e-02
3.160000000000000000e+16	1.200000000000000000e+01	-2.038540423721218325e-02
3.980000000000000000e+16	1.200000000000000000e+01	-1.877917764784692300e-02
5.010000000000000000e+16	1.200000000000000000e+01	-1.712217833593358135e-02
6.310000000000000000e+16	1.200000000000000000e+01	-1.546583806522030397e-02
7.940000000000000000e+16	1.200000000000000000e+01	-1.386735841729615920e-02
1.000000000000000000e+17	1.200000000000000000e+01	-1.234097278620819443e-02
1.000000000000000000e+11	1.400000000000000000e+01	1.065793705152960639e-05
1.258925411794166107e+11	1.400000000000000000e+01	1.342911925701154651e-05
1.584893192461110840e+11	1.400000000000000000e+01	1.693065253197154703e-05
1.995262314968882751e+11	1.400000000000000000e+01	2.136561999600811897e-05
2.511886431509582214e+11	1.400000000000000000e+01	2.700545326924534207e-05
3.162277660168379517e+11	1.400000000000000000e+01	3.422155935494237923e-05
3.981071705534969482e+11	1.400000000000000000e+01	4.352791938377855216e-05
5.011872336272714844e+11	1.400000000000000000e+01	5.558599019348600012e-05
6.309573444801943359e+11	1.400000000000000000e+01	7.076699634014281494e-05
7.943282347242821045e+11	1.400000000000000000e+01	8.086424430748917317e-05
1.000000000000000000e+12	1.400000000000000000e+01	9.518345842353922775e-05
1.260000000000000000e+12	1.400000000000000000e+01	1.234470058942339660e-04
1.580000000000000000e+12	1.400000000000000000e+01	1.552104311754470985e-04
2.000000000000000000e+12	1.400000000000000000e+01	1.964158112839948947e-04
2.510000000000000000e+12	1.400000000000000000e+01	2.461708104793924575e-04
3.160000000000000000e+12	1.400000000000000000e+01	3.095493053599046259e-04
3.980000000000000000e+12	1.400000000000000000e+01	3.893230324529115189e-04
5.010000000000000000e+12	1.400000000000000000e+01	4.904468399513410787e-04
6.310000000000000000e+12	1.400000000000000000e+01	6.181201920373054345e-04
7.940000000000000000e+12	1.400000000000000000e+01	7.798371207740222065e-04
1.000000000000000000e+13	1.400000000000000000e+01	9.852523400919403328e-04
1.260000000000000000e+13	1.400000000000000000e+01	1.245839871091339356e-03
1.580000000000000000e+13	1.400000000000000000e+01	1.568176379277140629e-03
2.000000000000000000e+13	1.400000000000000000e+01	1.987602394070765374e-03
2.510000000000000000e+13	1.400000000000000000e+01	2.494355116308267888e-03
3.160000000000000000e+13	1.400000000000000000e+01	3.105824183525966210e-03
3.980000000000000000e+13	1.400000000000000000e+01	3.823090435760644924e-03
5.010000000000000000e+13	1.400000000000000000e+01	4.673300491792284871e-03
6.310000000000000000e+13	1.400000000000000000e+01	5.695800888612717258e-03
7.940000000000000000e+13	1.400000000000000000e+01	6.971154545007688524e-03
1.000000000000000000e+14	1.400000000000000000e+01	8.667862821876207852e-03
1.260000000000000000e+14	1.400000000000000000e+01	1.099086548562013856e-02
1.580000000000000000e+14	1.400000000000000000e+01	1.412994455829845106e-02
2.000000000000000000e+14	1.400000000000000000e+01	1.863106369484383157e-02
2.510000000000000000e+14	1.400000000000000000e+01	2.400983455422968718e-02
3.160000000000000000e+14	1.400000000000000000e+01	2.989680905435031580e-02
3.980000000000000000e+14	1.400000000000000000e+01	3.535651769504297853e-02
5.010000000000000000e+14	1.400000000000000000e+01	3.914748353684541909e-02
6.310000000000000000e+14	1.400000000000000000e+01	4.026732208304131116e-02
7.940000000000000000e+14	1.400000000000000000e+01	3.834718847350022247e-02
1.000000000000000000e+15	1.400000000000000000e+01	3.327683185320427089e-02
1.260000000000000000e+15	1.400000000000000000e+01	2.547604219617000468e-02
1.580000000000000000e+15	1.400000000000000000e+01	1.831178703096635052e-02
2.000000000000000000e+15	1.400000000000000000e+01	1.078335706671394029e-02
2.510000000000000000e+15	1.400000000000000000e+01	1.591815962932878296e-03
3.160000000000000000e+15	1.400000000000000000e+01	-6.119964610517989768e-03
3.980000000000000000e+15	1.400000000000000000e+01	-1.251137094999373034e-02
5.010000000000000000e+15	1.400000000000000000e+01	-1.748403373994802251e-02
6.310000000000000000e+15	1.400000000000000000e+01	-2.109134904745814387e-02
7.940000000000000000e+15	1.400000000000000000e+01	-2.343396987703107864e-02
1.000000000000000000e+16	1.400000000000000000e+01	-2.469542890653779466e-02
1.260000000000000000e+16	1.400000000000000000e+01	-2.505118238179893791e-02
1.580000000000000000e+16	1.400000000000000000e+01	-2.472214201350723256e-02
2.000000000000000000e+16	1.400000000000000000e+01	-2.380626754080032714e-02
2.510000000000000000e+16	1.400000000000000000e+01	-2.256990772386523528e-02
3.160000000000000000e+16	1.400000000000000000e+01	-2.106336414900078155e-02
3.980000000000000000e+16	1.400000000000000000e+01	-1.941045431171235791e-02
5.010000000000000000e+16	1.400000000000000000e+01	-1.770250680679538030e-02
6.310000000000000000e+16	1.400000000000000000e+01	-1.599333223688670369e-02
7.940000000000000000e+16	1.400000000000000000e+01	-1.434391655058947675e-02
1.000000000000000000e+17	1.400000000000000000e+01	-1.276605156871692993e-02
1.000000000000000000e+11	1.600000000000000000e+01	1.019561004072273536e-05
1.258925411794166107e+11	1.600000000000000000e+01	1.284645425638400560e-05
1.584893192461110840e+11	1.600000000000000000e+01	1.619666495248735840e-05
1.995262314968882751e+11	1.600000000000000000e+01	2.044015186349859743e-05
2.511886431509582214e+11	1.600000000000000000e+01	2.583743899965977499e-05
3.162277660168379517e+11	1.600000000000000000e+01	3.274512152599109223e-05
3.981071705534969482e+11	1.600000000000000000e+01	4.165592125199152205e-05
5.011872336272714844e+11	1.600000000000000000e+01	5.319862543058991456e-05
6.309573444801943359e+11	1.600000000000000000e+01	6.767924578870471066e-05
7.943282347242821045e+11	1.600000000000000000e+01	7.655956528140582811e-05
1.000000000000000000e+12	1.600000000000000000e+01	9.007865564907054502e-05
1.260000000000000000e+12	1.600000000000000000e+01	1.181074023389681578e-04
1.580000000000000000e+12	1.600000000000000000e+01	1.489600653571947913e-04
2.000000000000000000e+12	1.600000000000000000e+01	1.887561983192780123e-04
2.510000000000000000e+12	1.600000000000000000e+01	2.368558833283974420e-04
3.160000000000000000e+12	1.600000000000000000e+01	2.982667787753171765e-04
3.980000000000000000e+12	1.600000000000000000e+01	3.755384386738732901e-04
5.010000000000000000e+12	1.600000000000000000e+01	4.720460821164493823e-04
6.310000000000000000e+12	1.600000000000000000e+01	5.947939529923117283e-04
7.940000000000000000e+12	1.600000000000000000e+01	7.496833580625803569e-04
1.000000000000000000e+13	1.600000000000000000e+01	9.471547938293750288e-04
1.260000000000000000e+13	1.600000000000000000e+01	1.198075392867311651e-03
1.580000000000000000e+13	1.600000000000000000e+01	1.505680524819319422e-03
2.000000000000000000e+13	1.600000000000000000e+01	1.908865699801756514e-03
2.510000000000000000e+13	1.600000000000000000e+01	2.396077866595344025e-03
3.160000000000000000e+13	1.600000000000000000e+01	2.995269047453418421e-03
3.980000000000000000e+13	1.600000000000000000e+01	3.691678572366363827e-03
5.010000000000000000e+13	1.600000000000000000e+01	4.522593776591234127e-03
6.310000000000000000e+13	1.600000000000000000e+01	5.549230225333343612e-03
7.940000000000000000e+13	1.600000000000000000e+01	6.837356161826461248e-03
1.000000000000000000e+14	1.600000000000000000e+01	8.528444668841957121e-03
1.260000000000000000e+14	1.600000000000000000e+01	1.082992785254474101e-02
1.580000000000000000e+14	1.600000000000000000e+01	1.398255327025405351e-02
2.000000000000000000e+14	1.600000000000000000e+01	1.836014700655549253e-02
2.510000000000000000e+14	1.600000000000000000e+01	2.362806889063029728e-02
3.160000000000000000e+14	1.600000000000000000e+01	2.956335237474170402e-02
3.980000000000000000e+14	1.600000000000000000e+01	3.486817080332672153e-02
5.010000000000000000e+14	1.600000000000000000e+01	3.816755042308255658e-02
6.310000000000000000e+14	1.600000000000000000e+01	3.982256649814604199e-02
7.940000000000000000e+14	1.600000000000000000e+01	3.832633728140470708e-02
1.000000000000000000e+15	1.600000000000000000e+01	3.206777428388160600e-02
1.260000000000000000e+15	1.600000000000000000e+01	2.544883600702712786e-02
1.580000000000000000e+15	1.600000000000000000e+01	1.750898567210586176e-02
2.000000000000000000e+15	1.600000000000000000e+01	7.942139631269645034e-03
2.510000000000000000e+15	1.600000000000000000e+01	5.238785976068926565e-04
3.160000000000000000e+15	1.600000000000000000e+01	-6.566533804389025272e-03
3.980000000000000000e+15	1.600000000000000000e+01	-1.255175634642369080e-02
5.010000000000000000e+15	1.600000000000000000e+01	-1.723516637360649265e-02
6.310000000000000000e+15	1.600000000000000000e+01	-2.063595952303898945e-02
7.940000000000000000e+15	1.600000000000000000e+01	-2.283801011449873228e-02
1.000000000000000000e+16	1.600000000000000000e+01	-2.400988937495042441e-02
1.260000000000000000e+16	1.600000000000000000e+01	-2.431808397043661030e-02
1.580000000000000000e+16	1.600000000000000000e+01	-2.397343898876661342e-02
2.000000000000000000e+16	1.600000000000000000e+01	-2.306707788323813027e-02
2.510000000000000000e+16	1.600000000000000000e+01	-2.185662046586791391e-02
3.160000000000000000e+16	1.600000000000000000e+01	-2.038861149447088877e-02
3.980000000000000000e+16	1.600000000000000000e+01	-1.878202039319842170e-02
5.010000000000000000e+16	1.600000000000000000e+01	-1.712444575448381079e-02
6.310000000000000000e+16	1.600000000000000000e+01	-1.546764182722752332e-02
7.940000000000000000e+16	1.600000000000000000e+01	-1.386878841820337119e-02
1.000000000000000000e+17	1.600000000000000000e+01	-1.234211234924453664e-02
1.000000000000000000e+11	1.800000000000000000e+01	9.933179859835788509e-06
1.258925411794166107e+11	1.800000000000000000e+01	1.251606575981234980e-05
1.584893192461110840e+11	1.800000000000000000e+01	1.578016473903127607e-05
1.995262314968882751e+11	1.800000000000000000e+01	1.991510048364485071e-05
2.511886431509582214e+11	1.800000000000000000e+01	2.517486471661166584e-05
3.162277660168379517e+11	1.800000000000000000e+01	3.190815381052619176e-05
3.981071705534969482e+11	1.800000000000000000e+01	4.059536204794131641e-05
5.011872336272714844e+11	1.800000000000000000e+01	5.184768704247541522e-05
6.309573444801943359e+11	1.800000000000000000e+01	6.593680116855010840e-05
7.943282347242821045e+11	1.800000000000000000e+01	7.415489464463026459e-05
1.000000000000000000e+12	1.800000000000000000e+01	8.721156395948089673e-05
1.260000000000000000e+12	1.800000000000000000e+01	1.150199470150299846e-04
1.580000000000000000e+12	1.800000000000000000e+01	1.452522919013563420e-04
2.000000000000000000e+12	1.800000000000000000e+01	1.843276211096116582e-04
2.510000000000000000e+12	1.800000000000000000e+01	2.314279355039729582e-04
3.160000000000000000e+12	1.800000000000000000e+01	2.913550313594064772e-04
3.980000000000000000e+12	1.800000000000000000e+01	3.668303387515493364e-04
5.010000000000000000e+12	1.800000000000000000e+01	4.621914904403738936e-04
6.310000000000000000e+12	1.800000000000000000e+01	5.821929585085246521e-04
7.940000000000000000e+12	1.800000000000000000e+01	7.335007372877895169e-04
1.000000000000000000e+13	1.800000000000000000e+01	9.264128993713429631e-04
1.260000000000000000e+13	1.800000000000000000e+01	1.169384494679540695e-03
1.580000000000000000e+13	1.800000000000000000e+01	1.471114469769666021e-03
2.000000000000000000e+13	1.800000000000000000e+01	1.868386984182186794e-03
2.510000000000000000e+13	1.800000000000000000e+01	2.330004833824240226e-03
3.160000000000000000e+13	1.800000000000000000e+01	2.912380088644218271e-03
3.980000000000000000e+13	1.800000000000000000e+01	3.631118560892261475e-03
5.010000000000000000e+13	1.800000000000000000e+01	4.458700578689136877e-03
6.310000000000000000e+13	1.800000000000000000e+01	5.477039257354829674e-03
7.940000000000000000e+13	1.800000000000000000e+01	6.773912451646975884e-03
1.000000000000000000e+14	1.800000000000000000e+01	8.485098927545141334e-03
1.260000000000000000e+14	1.800000000000000000e+01	1.081521711720342428e-02
1.580000000000000000e+14	1.800000000000000000e+01	1.394446867224078367e-02
2.000000000000000000e+14	1.800000000000000000e+01	1.836464708495832987e-02
2.510000000000000000e+14	1.800000000000000000e+01	2.381121013560059604e-02
3.160000000000000000e+14	1.800000000000000000e+01	2.977654361758040602e-02
3.980000000000000000e+14	1.800000000000000000e+01	3.539069659158034648e-02
5.010000000000000000e+14	1.800000000000000000e+01	3.883980776372067401e-02
6.310000000000000000e+14	1.800000000000000000e+01	3.816199562319938510e-02
7.940000000000000000e+14	1.800000000000000000e+01	3.608461066082679219e-02
1.000000000000000000e+15	1.800000000000000000e+01	3.329930280297985906e-02
1.260000000000000000e+15	1.800000000000000000e+01	2.570422967702944497e-02
1.580000000000000000e+15	1.800000000000000000e+01	1.671200765546123485e-02
2.000000000000000000e+15	1.800000000000000000e+01	8.944813053377265524e-03
2.510000000000000000e+15	1.800000000000000000e+01	8.783192746329420569e-04
3.160000000000000000e+15	1.800000000000000000e+01	-6.344926599434810681e-03
3.980000000000000000e+15	1.800000000000000000e+01	-1.239549267893857824e-02
5.010000000000000000e+15	1.800000000000000000e+01	-1.711906305265843004e-02
6.310000000000000000e+15	1.800000000000000000e+01	-2.054721354246050180e-02
7.940000000000000000e+15	1.800000000000000000e+01	-2.276875258667807392e-02
1.000000000000000000e+16	1.800000000000000000e+01	-2.395597812701600118e-02
1.260000000000000000e+16	1.800000000000000000e+01	-2.427568247866405959e-02
1.580000000000000000e+16	1.800000000000000000e+01	-2.393981075757480384e-02
2.000000000000000000e+16	1.800000000000000000e+01	-2.304060286220981080e-02
2.510000000000000000e+16	1.800000000000000000e+01	-2.183556996538722761e-02
3.160000000000000000e+16	1.800000000000000000e+01	-2.037189477160583281e-02
3.980000000000000000e+16	1.800000000000000000e+01	-1.876880550773090892e-02
5.010000000000000000e+16	1.800000000000000000e+01	-1.711392819766652598e-02
6.310000000000000000e+16	1.800000000000000000e+01	-1.545932036294008632e-02
7.940000000000000000e+16	1.800000000000000000e+01	-1.386215850603292332e-02
1.000000000000000000e+17	1.800000000000000000e+01	-1.233686739481440302e-02
