1.000000000000000000e+11	5.000000000000000000e-01	1.679242874461204274e-05
1.258925411794166107e+11	5.000000000000000000e-01	2.116641426123876363e-05
1.584893192461110840e+11	5.000000000000000000e-01	2.670076198489760883e-05
1.995262314968882751e+11	5.000000000000000000e-01	3.372545673876758851e-05
2.511886431509582214e+11	5.000000000000000000e-01	4.268843112566668310e-05
3.162277660168379517e+11	5.000000000000000000e-01	5.422340927304555429e-05
3.981071705534969482e+11	5.000000000000000000e-01	6.926943431210406596e-05
5.011872336272714844e+11	5.000000000000000000e-01	8.930969799811631828e-05
6.309573444801943359e+11	5.000000000000000000e-01	1.166549349746174609e-04
7.943282347242821045e+11	5.000000000000000000e-01	1.560101115340647179e-04
1.000000000000000000e+12	5.000000000000000000e-01	1.774789307106392107e-04
1.260000000000000000e+12	5.000000000000000000e-01	1.827889218276156503e-04
1.580000000000000000e+12	5.000000000000000000e-01	2.085356336206699648e-04
2.000000000000000000e+12	5.000000000000000000e-01	2.486958317467346949e-04
2.510000000000000000e+12	5.000000000000000000e-01	3.003651911934646806e-04
3.160000000000000000e+12	5.000000000000000000e-01	3.683310319355858026e-04
3.980000000000000000e+12	5.000000000000000000e-01	4.558069784616054190e-04
5.010000000000000000e+12	5.000000000000000000e-01	5.667274515791321035e-04
6.310000000000000000e+12	5.000000000000000000e-01	7.075218029455603193e-04
7.940000000000000000e+12	5.000000000000000000e-01	8.851680073166023812e-04
1.000000000000000000e+13	5.000000000000000000e-01	1.109543708173274090e-03
1.260000000000000000e+13	5.000000000000000000e-01	1.388889553041548677e-03
1.580000000000000000e+13	5.000000000000000000e-01	1.730058951230400901e-03
2.000000000000000000e+13	5.000000000000000000e-01	2.183577181111436959e-03
2.510000000000000000e+13	5.000000000000000000e-01	2.744546518476906425e-03
3.160000000000000000e+13	5.000000000000000000e-01	3.465907189430442962e-03
3.980000000000000000e+13	5.000000000000000000e-01	4.365228119663085507e-03
5.010000000000000000e+13	5.000000000000000000e-01	5.443211813241951962e-03
6.310000000000000000e+13	5.000000000000000000e-01	6.701504377534625578e-03
7.940000000000000000e+13	5.000000000000000000e-01	8.147962307947873711e-03
1.000000000000000000e+14	5.000000000000000000e-01	9.874391647847119424e-03
1.260000000000000000e+14	5.000000000000000000e-01	1.207715070311934057e-02
1.580000000000000000e+14	5.000000000000000000e-01	1.497943951283149840e-02
2.000000000000000000e+14	5.000000000000000000e-01	1.910830923183449992e-02
2.510000000000000000e+14	5.000000000000000000e-01	2.415029330619386169e-02
3.160000000000000000e+14	5.000000000000000000e-01	2.976990484204350765e-02
3.980000000000000000e+14	5.000000000000000000e-01	3.494818371595809908e-02
5.010000000000000000e+14	5.000000000000000000e-01	3.838175233871025938e-02
6.310000000000000000e+14	5.000000000000000000e-01	3.920824761196926855e-02
7.940000000000000000e+14	5.000000000000000000e-01	3.708118746153786505e-02
1.000000000000000000e+15	5.000000000000000000e-01	3.211277189336552568e-02
1.260000000000000000e+15	5.000000000000000000e-01	2.525011238500190699e-02
1.580000000000000000e+15	5.000000000000000000e-01	1.730970780741316467e-02
2.000000000000000000e+15	5.000000000000000000e-01	8.712565320384635728e-03
2.510000000000000000e+15	5.000000000000000000e-01	5.976631400829512204e-04
3.160000000000000000e+15	5.000000000000000000e-01	-6.760225954526780448e-03
3.980000000000000000e+15	5.000000000000000000e-01	-1.293253463005718425e-02
5.010000000000000000e+15	5.000000000000000000e-01	-1.775224497050267511e-02
6.310000000000000000e+15	5.000000000000000000e-01	-2.124810750949797378e-02
7.940000000000000000e+15	5.000000000000000000e-01	-2.350986806306233634e-02
1.000000000000000000e+16	5.000000000000000000e-01	-2.471192329620039083e-02
1.260000000000000000e+16	5.000000000000000000e-01	-2.502594450251511074e-02
1.580000000000000000e+16	5.000000000000000000e-01	-2.466895438166674670e-02
2.000000000000000000e+16	5.000000000000000000e-01	-2.373457007937384081e-02
2.510000000000000000e+16	5.000000000000000000e-01	-2.248786184232154720e-02
3.160000000000000000e+16	5.000000000000000000e-01	-2.097652221825193827e-02
3.980000000000000000e+16	5.000000000000000000e-01	-1.932295080335644580e-02
5.010000000000000000e+16	5.000000000000000000e-01	-1.761729900213168318e-02
6.310000000000000000e+16	5.000000000000000000e-01	-1.591231054921693477e-02
7.940000000000000000e+16	5.000000000000000000e-01	-1.426719301173745048e-02
1.000000000000000000e+17	5.000000000000000000e-01	-1.269645459615175061e-02
1.000000000000000000e+11	1.500000000000000000e+00	1.519208760928255668e-05
1.258925411794166107e+11	1.500000000000000000e+00	1.915066879710262702e-05
1.584893192461110840e+11	1.500000000000000000e+00	2.416107156577131232e-05
1.995262314968882751e+11	1.500000000000000000e+00	3.052391129723112977e-05
2.511886431509582214e+11	1.500000000000000000e+00	3.864948639474560186e-05
3.162277660168379517e+11	1.500000000000000000e+00	4.912115819905476702e-05
3.981071705534969482e+11	1.500000000000000000e+00	6.280733891203562594e-05
5.011872336272714844e+11	1.500000000000000000e+00	8.108513154997734618e-05
6.309573444801943359e+11	1.500000000000000000e+00	1.060676329881056289e-04
7.943282347242821045e+11	1.500000000000000000e+00	1.415300130277903081e-04
1.000000000000000000e+12	1.500000000000000000e+00	1.599680426801879942e-04
1.260000000000000000e+12	1.500000000000000000e+00	1.637308378273409583e-04
1.580000000000000000e+12	1.500000000000000000e+00	1.856967267413907861e-04
2.000000000000000000e+12	1.500000000000000000e+00	2.200596426610967448e-04
2.510000000000000000e+12	1.500000000000000000e+00	2.653852498595614612e-04
3.160000000000000000e+12	1.500000000000000000e+00	3.257656700396288651e-04
3.980000000000000000e+12	1.500000000000000000e+00	4.036000496377181962e-04
5.010000000000000000e+12	1.500000000000000000e+00	5.027232447170988574e-04
6.310000000000000000e+12	1.500000000000000000e+00	6.292853807486978052e-04
7.940000000000000000e+12	1.500000000000000000e+00	7.887370285021679320e-04
1.000000000000000000e+13	1.500000000000000000e+00	9.897780145916188974e-04
1.260000000000000000e+13	1.500000000000000000e+00	1.240138068700546992e-03
1.580000000000000000e+13	1.500000000000000000e+00	1.545757942180286948e-03
2.000000000000000000e+13	1.500000000000000000e+00	1.950753616360356366e-03
2.510000000000000000e+13	1.500000000000000000e+00	2.449616021202106423e-03
3.160000000000000000e+13	1.500000000000000000e+00	3.091956273639204916e-03
3.980000000000000000e+13	1.500000000000000000e+00	3.902962184013978805e-03
5.010000000000000000e+13	1.500000000000000000e+00	4.897481273950214480e-03
6.310000000000000000e+13	1.500000000000000000e+00	6.103327031018022757e-03
7.940000000000000000e+13	1.500000000000000000e+00	7.555323708215223519e-03
1.000000000000000000e+14	1.500000000000000000e+00	9.351390656769983240e-03
1.260000000000000000e+14	1.500000000000000000e+00	1.168385921441350908e-02
1.580000000000000000e+14	1.500000000000000000e+00	1.472477407550055843e-02
2.000000000000000000e+14	1.500000000000000000e+00	1.900552240846005783e-02
2.510000000000000000e+14	1.500000000000000000e+00	2.424771157959725726e-02
3.160000000000000000e+14	1.500000000000000000e+00	3.006630547679754045e-02
3.980000000000000000e+14	1.500000000000000000e+00	3.529737933160523311e-02
5.010000000000000000e+14	1.500000000000000000e+00	3.871792773655727271e-02
6.310000000000000000e+14	1.500000000000000000e+00	3.943181529570254085e-02
7.940000000000000000e+14	1.500000000000000000e+00	3.737744054490293316e-02
1.000000000000000000e+15	1.500000000000000000e+00	3.257502260402817679e-02
1.260000000000000000e+15	1.500000000000000000e+00	2.543210899828014446e-02
1.580000000000000000e+15	1.500000000000000000e+00	1.722676045569292852e-02
2.000000000000000000e+15	1.500000000000000000e+00	8.768268743000491930e-03
2.510000000000000000e+15	1.500000000000000000e+00	6.919713735751117012e-04
3.160000000000000000e+15	1.500000000000000000e+00	-6.632950658675032356e-03
3.980000000000000000e+15	1.500000000000000000e+00	-1.277817032230780907e-02
5.010000000000000000e+15	1.500000000000000000e+00	-1.757736669869286797e-02
6.310000000000000000e+15	1.500000000000000000e+00	-2.105944560673428043e-02
7.940000000000000000e+15	1.500000000000000000e+00	-2.331336003239025539e-02
1.000000000000000000e+16	1.500000000000000000e+00	-2.451429085861737273e-02
1.260000000000000000e+16	1.500000000000000000e+00	-2.483148629540516544e-02
1.580000000000000000e+16	1.500000000000000000e+00	-2.448115039223333969e-02
2.000000000000000000e+16	1.500000000000000000e+00	-2.355671579102881080e-02
2.510000000000000000e+16	1.500000000000000000e+00	-2.232128420645719882e-02
3.160000000000000000e+16	1.500000000000000000e+00	-2.082260137915111983e-02
3.980000000000000000e+16	1.500000000000000000e+00	-1.918221404666388061e-02
5.010000000000000000e+16	1.500000000000000000e+00	-1.748974239104763087e-02
6.310000000000000000e+16	1.500000000000000000e+00	-1.579706444764283554e-02
7.940000000000000000e+16	1.500000000000000000e+00	-1.416483117402334013e-02
1.000000000000000000e+17	1.500000000000000000e+00	-1.260567828908731348e-02
1.000000000000000000e+11	2.500000000000000000e+00	1.435079207388620932e-05
1.258925411794166107e+11	2.500000000000000000e+00	1.809057228490551454e-05
1.584893192461110840e+11	2.500000000000000000e+00	2.282447543809715279e-05
1.995262314968882751e+11	2.500000000000000000e+00	2.883717895476002266e-05
2.511886431509582214e+11	2.500000000000000000e+00	3.651770414704027991e-05
3.162277660168379517e+11	2.500000000000000000e+00	4.641985521128491084e-05
3.981071705534969482e+11	2.500000000000000000e+00	5.937290279359942638e-05
5.011872336272714844e+11	2.500000000000000000e+00	7.666949484165130511e-05
6.309573444801943359e+11	2.500000000000000000e+00	1.002774864102430998e-04
7.943282347242821045e+11	2.500000000000000000e+00	1.330992149607091390e-04
1.000000000000000000e+12	2.500000000000000000e+00	1.501602252646039662e-04
1.260000000000000000e+12	2.500000000000000000e+00	1.539279951884551547e-04
1.580000000000000000e+12	2.500000000000000000e+00	1.746534258632700867e-04
2.000000000000000000e+12	2.500000000000000000e+00	2.075986782136713673e-04
2.510000000000000000e+12	2.500000000000000000e+00	2.510136515235494837e-04
3.160000000000000000e+12	2.500000000000000000e+00	3.084737851895341860e-04
3.980000000000000000e+12	2.500000000000000000e+00	3.825132813417588245e-04
5.010000000000000000e+12	2.500000000000000000e+00	4.769706700257637759e-04
6.310000000000000000e+12	2.500000000000000000e+00	5.976142812464292501e-04
7.940000000000000000e+12	2.500000000000000000e+00	7.501426412908845194e-04
1.000000000000000000e+13	2.500000000000000000e+00	9.426838772280841591e-04
1.260000000000000000e+13	2.500000000000000000e+00	1.182491376308421631e-03
1.580000000000000000e+13	2.500000000000000000e+00	1.474890001421136614e-03
2.000000000000000000e+13	2.500000000000000000e+00	1.861539458585355182e-03
2.510000000000000000e+13	2.500000000000000000e+00	2.336449572944867322e-03
3.160000000000000000e+13	2.500000000000000000e+00	2.948854134031981145e-03
3.980000000000000000e+13	2.500000000000000000e+00	3.721963064087893854e-03
5.010000000000000000e+13	2.500000000000000000e+00	4.680354501586424590e-03
6.310000000000000000e+13	2.500000000000000000e+00	5.856857731584178689e-03
7.940000000000000000e+13	2.500000000000000000e+00	7.296750010824506506e-03
1.000000000000000000e+14	2.500000000000000000e+00	9.111210445226922833e-03
1.260000000000000000e+14	2.500000000000000000e+00	1.147045860491090891e-02
1.580000000000000000e+14	2.500000000000000000e+00	1.458817205267209233e-02
2.000000000000000000e+14	2.500000000000000000e+00	1.892477620989523393e-02
2.510000000000000000e+14	2.500000000000000000e+00	2.412523827035611620e-02
3.160000000000000000e+14	2.500000000000000000e+00	2.984733973485779318e-02
3.980000000000000000e+14	2.500000000000000000e+00	3.508309404706960039e-02
5.010000000000000000e+14	2.500000000000000000e+00	3.883025718936670978e-02
6.310000000000000000e+14	2.500000000000000000e+00	3.994227499374582852e-02
7.940000000000000000e+14	2.500000000000000000e+00	3.755051107454391440e-02
1.000000000000000000e+15	2.500000000000000000e+00	3.250144243358565888e-02
1.260000000000000000e+15	2.500000000000000000e+00	2.561100698157231167e-02
1.580000000000000000e+15	2.500000000000000000e+00	1.765044911960425567e-02
2.000000000000000000e+15	2.500000000000000000e+00	9.229534020317153517e-03
2.510000000000000000e+15	2.500000000000000000e+00	9.425684444726577542e-04
3.160000000000000000e+15	2.500000000000000000e+00	-6.455659294502066707e-03
3.980000000000000000e+15	2.500000000000000000e+00	-1.264536288290064175e-02
5.010000000000000000e+15	2.500000000000000000e+00	-1.747524657253449187e-02
6.310000000000000000e+15	2.500000000000000000e+00	-2.097991026741387668e-02
7.940000000000000000e+15	2.500000000000000000e+00	-2.325088948119143073e-02
1.000000000000000000e+16	2.500000000000000000e+00	-2.446504614967246957e-02
1.260000000000000000e+16	2.500000000000000000e+00	-2.479257741259874651e-02
1.580000000000000000e+16	2.500000000000000000e+00	-2.445020744005926144e-02
2.000000000000000000e+16	2.500000000000000000e+00	-2.353231622111014512e-02
2.510000000000000000e+16	2.500000000000000000e+00	-2.230188986659386446e-02
3.160000000000000000e+16	2.500000000000000000e+00	-2.080718702059110997e-02
3.980000000000000000e+16	2.500000000000000000e+00	-1.916997555415283355e-02
5.010000000000000000e+16	2.500000000000000000e+00	-1.747988188974132148e-02
6.310000000000000000e+16	2.500000000000000000e+00	-1.578992162735272722e-02
7.940000000000000000e+16	2.500000000000000000e+00	-1.415870229484660764e-02
1.000000000000000000e+17	2.500000000000000000e+00	-1.260081087371177702e-02
1.000000000000000000e+11	3.500000000000000000e+00	1.376171661213868090e-05
1.258925411794166107e+11	3.500000000000000000e+00	1.734787209381670901e-05
1.584893192461110840e+11	3.500000000000000000e+00	2.188734350535391770e-05
1.995262314968882751e+11	3.500000000000000000e+00	2.765284498577824602e-05
2.511886431509582214e+11	3.500000000000000000e+00	3.501785125258376278e-05
3.162277660168379517e+11	3.500000000000000000e+00	4.451201476907028145e-05
3.981071705534969482e+11	3.500000000000000000e+00	5.692515593053556122e-05
5.011872336272714844e+11	3.500000000000000000e+00	7.349021902673651553e-05
6.309573444801943359e+11	3.500000000000000000e+00	9.602661534858853625e-05
7.943282347242821045e+11	3.500000000000000000e+00	1.264659938538384497e-04
1.000000000000000000e+12	3.500000000000000000e+00	1.426514288385386951e-04
1.260000000000000000e+12	3.500000000000000000e+00	1.477963376081791846e-04
1.580000000000000000e+12	3.500000000000000000e+00	1.686744561686305977e-04
2.000000000000000000e+12	3.500000000000000000e+00	2.010690931652126142e-04
2.510000000000000000e+12	3.500000000000000000e+00	2.432637399503646987e-04
3.160000000000000000e+12	3.500000000000000000e+00	2.993379936662551237e-04
3.980000000000000000e+12	3.500000000000000000e+00	3.720973211939782054e-04
5.010000000000000000e+12	3.500000000000000000e+00	4.648843339958756509e-04
6.310000000000000000e+12	3.500000000000000000e+00	5.829761693684869239e-04
7.940000000000000000e+12	3.500000000000000000e+00	7.321978855308824237e-04
1.000000000000000000e+13	3.500000000000000000e+00	9.204327130707241032e-04
1.260000000000000000e+13	3.500000000000000000e+00	1.155134278546024289e-03
1.580000000000000000e+13	3.500000000000000000e+00	1.442483317519067726e-03
2.000000000000000000e+13	3.500000000000000000e+00	1.821945104504945007e-03
2.510000000000000000e+13	3.500000000000000000e+00	2.287015935844446089e-03
3.160000000000000000e+13	3.500000000000000000e+00	2.884697172869622565e-03
3.980000000000000000e+13	3.500000000000000000e+00	3.641181463311957654e-03
5.010000000000000000e+13	3.500000000000000000e+00	4.579053619074562910e-03
6.310000000000000000e+13	3.500000000000000000e+00	5.744604114576053015e-03
7.940000000000000000e+13	3.500000000000000000e+00	7.188407867294213834e-03
1.000000000000000000e+14	3.500000000000000000e+00	9.017715483931034934e-03
1.260000000000000000e+14	3.500000000000000000e+00	1.139553791966057758e-02
1.580000000000000000e+14	3.500000000000000000e+00	1.454107175163428696e-02
2.000000000000000000e+14	3.500000000000000000e+00	1.895927231073329944e-02
2.510000000000000000e+14	3.500000000000000000e+00	2.426816331846329972e-02
3.160000000000000000e+14	3.500000000000000000e+00	3.020216171791977045e-02
3.980000000000000000e+14	3.500000000000000000e+00	3.552783146554708976e-02
5.010000000000000000e+14	3.500000000000000000e+00	3.886006678169152267e-02
6.310000000000000000e+14	3.500000000000000000e+00	3.960628035244272149e-02
7.940000000000000000e+14	3.500000000000000000e+00	3.755291401978265442e-02
1.000000000000000000e+15	3.500000000000000000e+00	3.279874951795731797e-02
1.260000000000000000e+15	3.500000000000000000e+00	2.590381177487521489e-02
1.580000000000000000e+15	3.500000000000000000e+00	1.772499267299628908e-02
2.000000000000000000e+15	3.500000000000000000e+00	9.040540479488394857e-03
2.510000000000000000e+15	3.500000000000000000e+00	8.874395500051601889e-04
3.160000000000000000e+15	3.500000000000000000e+00	-6.485789959360254917e-03
3.980000000000000000e+15	3.500000000000000000e+00	-1.266479658800558419e-02
5.010000000000000000e+15	3.500000000000000000e+00	-1.748888828011432514e-02
6.310000000000000000e+15	3.500000000000000000e+00	-2.098994763962318960e-02
7.940000000000000000e+15	3.500000000000000000e+00	-2.325900483152744391e-02
1.000000000000000000e+16	3.500000000000000000e+00	-2.447091205913487499e-02
1.260000000000000000e+16	3.500000000000000000e+00	-2.479714840212623311e-02
1.580000000000000000e+16	3.500000000000000000e+00	-2.445381235128596745e-02
2.000000000000000000e+16	3.500000000000000000e+00	-2.353513966433831706e-02
2.510000000000000000e+16	3.500000000000000000e+00	-2.230412923049420598e-02
3.160000000000000000e+16	3.500000000000000000e+00	-2.080930113493485722e-02
3.980000000000000000e+16	3.500000000000000000e+00	-1.917138471273101274e-02
5.010000000000000000e+16	3.500000000000000000e+00	-1.748109844655871409e-02
6.310000000000000000e+16	3.500000000000000000e+00	-1.579076894798983263e-02
7.940000000000000000e+16	3.500000000000000000e+00	-1.415940503588765213e-02
1.000000000000000000e+17	3.500000000000000000e+00	-1.260137727063395836e-02
1.000000000000000000e+11	4.500000000000000000e+00	1.315595366506796494e-05
1.258925411794166107e+11	4.500000000000000000e+00	1.658405883622653931e-05
1.584893192461110840e+11	4.500000000000000000e+00	2.092369221846454805e-05
1.995262314968882751e+11	4.500000000000000000e+00	2.643421470668563916e-05
2.511886431509582214e+11	4.500000000000000000e+00	3.347315057825376688e-05
3.162277660168379517e+11	4.500000000000000000e+00	4.254625821038185028e-05
3.981071705534969482e+11	4.500000000000000000e+00	5.440371641533855957e-05
5.011872336272714844e+11	4.500000000000000000e+00	7.021372638444381897e-05
6.309573444801943359e+11	4.500000000000000000e+00	9.160136577235042951e-05
7.943282347242821045e+11	4.500000000000000000e+00	1.193846455899692273e-04
1.000000000000000000e+12	4.500000000000000000e+00	1.350632811465644889e-04
1.260000000000000000e+12	4.500000000000000000e+00	1.420680584963399291e-04
1.580000000000000000e+12	4.500000000000000000e+00	1.626577207238963873e-04
2.000000000000000000e+12	4.500000000000000000e+00	1.945419120575027708e-04
2.510000000000000000e+12	4.500000000000000000e+00	2.359843820829629342e-04
3.160000000000000000e+12	4.500000000000000000e+00	2.909535439148468010e-04
3.980000000000000000e+12	4.500000000000000000e+00	3.622577425757139702e-04
5.010000000000000000e+12	4.500000000000000000e+00	4.531229787856740684e-04
6.310000000000000000e+12	4.500000000000000000e+00	5.688402921884249666e-04
7.940000000000000000e+12	4.500000000000000000e+00	7.143669645734743948e-04
1.000000000000000000e+13	4.500000000000000000e+00	8.983088683874912612e-04
1.260000000000000000e+13	4.500000000000000000e+00	1.128901830266148664e-03
1.580000000000000000e+13	4.500000000000000000e+00	1.409193880447135979e-03
2.000000000000000000e+13	4.500000000000000000e+00	1.779372913517930340e-03
2.510000000000000000e+13	4.500000000000000000e+00	2.235157453765524490e-03
3.160000000000000000e+13	4.500000000000000000e+00	2.818964568297132201e-03
3.980000000000000000e+13	4.500000000000000000e+00	3.554560946753799067e-03
5.010000000000000000e+13	4.500000000000000000e+00	4.471968754429159545e-03
6.310000000000000000e+13	4.500000000000000000e+00	5.615490563962240514e-03
7.940000000000000000e+13	4.500000000000000000e+00	7.040100957721195409e-03
1.000000000000000000e+14	4.500000000000000000e+00	8.862822858578622495e-03
1.260000000000000000e+14	4.500000000000000000e+00	1.127767690681602715e-02
1.580000000000000000e+14	4.500000000000000000e+00	1.443979043328839224e-02
2.000000000000000000e+14	4.500000000000000000e+00	1.884957291384858555e-02
2.510000000000000000e+14	4.500000000000000000e+00	2.422924129585445063e-02
3.160000000000000000e+14	4.500000000000000000e+00	2.995057852791321168e-02
3.980000000000000000e+14	4.500000000000000000e+00	3.515559724926910906e-02
5.010000000000000000e+14	4.500000000000000000e+00	3.876129427297637237e-02
6.310000000000000000e+14	4.500000000000000000e+00	3.974611170470039589e-02
7.940000000000000000e+14	4.500000000000000000e+00	3.766402425001291743e-02
1.000000000000000000e+15	4.500000000000000000e+00	3.252374072647815778e-02
1.260000000000000000e+15	4.500000000000000000e+00	2.555878043386324711e-02
1.580000000000000000e+15	4.500000000000000000e+00	1.758139810935394065e-02
2.000000000000000000e+15	4.500000000000000000e+00	8.972019334677361693e-03
2.510000000000000000e+15	4.500000000000000000e+00	8.771432411550963678e-04
3.160000000000000000e+15	4.500000000000000000e+00	-6.442809828705433131e-03
3.980000000000000000e+15	4.500000000000000000e+00	-1.257767001047711136e-02
5.010000000000000000e+15	4.500000000000000000e+00	-1.736751109824298187e-02
6.310000000000000000e+15	4.500000000000000000e+00	-2.084379067242181360e-02
7.940000000000000000e+15	4.500000000000000000e+00	-2.309629493557201901e-02
1.000000000000000000e+16	4.500000000000000000e+00	-2.430011084909143929e-02
1.260000000000000000e+16	4.500000000000000000e+00	-2.462398502629192451e-02
1.580000000000000000e+16	4.500000000000000000e+00	-2.428299520409655035e-02
2.000000000000000000e+16	4.500000000000000000e+00	-2.337070627678265039e-02
2.510000000000000000e+16	4.500000000000000000e+00	-2.214827031296729212e-02
3.160000000000000000e+16	4.500000000000000000e+00	-2.066352679211161392e-02
3.980000000000000000e+16	4.500000000000000000e+00	-1.903738758277891477e-02
5.010000000000000000e+16	4.500000000000000000e+00	-1.735878812725815887e-02
6.310000000000000000e+16	4.500000000000000000e+00	-1.568043385585883576e-02
7.940000000000000000e+16	4.500000000000000000e+00	-1.406042149049713252e-02
1.000000000000000000e+17	4.500000000000000000e+00	-1.251329926484742207e-02
1.000000000000000000e+11	5.500000000000000000e+00	1.267297458101574089e-05
1.258925411794166107e+11	5.500000000000000000e+00	1.597486948135375725e-05
1.584893192461110840e+11	5.500000000000000000e+00	2.015403921560226597e-05
1.995262314968882751e+11	5.500000000000000000e+00	2.546111924783882953e-05
2.511886431509582214e+11	5.500000000000000000e+00	3.223832934343864149e-05
3.162277660168379517e+11	5.500000000000000000e+00	4.097137203101878920e-05
3.981071705534969482e+11	5.500000000000000000e+00	5.237695250292355475e-05
5.011872336272714844e+11	5.500000000000000000e+00	6.756070577675843067e-05
6.309573444801943359e+11	5.500000000000000000e+00	8.799343578286741570e-05
7.943282347242821045e+11	5.500000000000000000e+00	1.135287025334025745e-04
1.000000000000000000e+12	5.500000000000000000e+00	1.283807063269626987e-04
1.260000000000000000e+12	5.500000000000000000e+00	1.369824556049161640e-04
1.580000000000000000e+12	5.500000000000000000e+00	1.585876799922991947e-04
2.000000000000000000e+12	5.500000000000000000e+00	1.907958878284845097e-04
2.510000000000000000e+12	5.500000000000000000e+00	2.321634535655550885e-04
3.160000000000000000e+12	5.500000000000000000e+00	2.868655237896920924e-04
3.980000000000000000e+12	5.500000000000000000e+00	3.575747122916337045e-04
5.010000000000000000e+12	5.500000000000000000e+00	4.474542354096979358e-04
6.310000000000000000e+12	5.500000000000000000e+00	5.617701328387555764e-04
7.940000000000000000e+12	5.500000000000000000e+00	7.062157429924262103e-04
1.000000000000000000e+13	5.500000000000000000e+00	8.886432525417027693e-04
1.260000000000000000e+13	5.500000000000000000e+00	1.116700646428770522e-03
1.580000000000000000e+13	5.500000000000000000e+00	1.395758844744611482e-03
2.000000000000000000e+13	5.500000000000000000e+00	1.764789721709879473e-03
2.510000000000000000e+13	5.500000000000000000e+00	2.216485377942130526e-03
3.160000000000000000e+13	5.500000000000000000e+00	2.781873926554745500e-03
3.980000000000000000e+13	5.500000000000000000e+00	3.521012446735051309e-03
5.010000000000000000e+13	5.500000000000000000e+00	4.433387224676451493e-03
6.310000000000000000e+13	5.500000000000000000e+00	5.573386097843827276e-03
7.940000000000000000e+13	5.500000000000000000e+00	7.001233110007542941e-03
1.000000000000000000e+14	5.500000000000000000e+00	8.810926238612546563e-03
1.260000000000000000e+14	5.500000000000000000e+00	1.122449109795398657e-02
1.580000000000000000e+14	5.500000000000000000e+00	1.441325264094373351e-02
2.000000000000000000e+14	5.500000000000000000e+00	1.882109590729624110e-02
2.510000000000000000e+14	5.500000000000000000e+00	2.409199208173333148e-02
3.160000000000000000e+14	5.500000000000000000e+00	3.009228026561341918e-02
3.980000000000000000e+14	5.500000000000000000e+00	3.560604047657135035e-02
5.010000000000000000e+14	5.500000000000000000e+00	3.914135467164691490e-02
6.310000000000000000e+14	5.500000000000000000e+00	3.978727375051137327e-02
7.940000000000000000e+14	5.500000000000000000e+00	3.770585593820839632e-02
1.000000000000000000e+15	5.500000000000000000e+00	3.309873357125207860e-02
1.260000000000000000e+15	5.500000000000000000e+00	2.588464344838533118e-02
1.580000000000000000e+15	5.500000000000000000e+00	1.783892738181613521e-02
2.000000000000000000e+15	5.500000000000000000e+00	9.367873649468500333e-03
2.510000000000000000e+15	5.500000000000000000e+00	1.048571841118695405e-03
3.160000000000000000e+15	5.500000000000000000e+00	-6.373390471308333985e-03
3.980000000000000000e+15	5.500000000000000000e+00	-1.258094964560095737e-02
5.010000000000000000e+15	5.500000000000000000e+00	-1.742450893696759553e-02
6.310000000000000000e+15	5.500000000000000000e+00	-2.093983903389511417e-02
7.940000000000000000e+15	5.500000000000000000e+00	-2.321914825984360345e-02
1.000000000000000000e+16	5.500000000000000000e+00	-2.443989573132915663e-02
1.260000000000000000e+16	5.500000000000000000e+00	-2.477264447398772398e-02
1.580000000000000000e+16	5.500000000000000000e+00	-2.443431224955204886e-02
2.000000000000000000e+16	5.500000000000000000e+00	-2.351977244408572087e-02
2.510000000000000000e+16	5.500000000000000000e+00	-2.229190186590309514e-02
3.160000000000000000e+16	5.500000000000000000e+00	-2.079925015217487169e-02
3.980000000000000000e+16	5.500000000000000000e+00	-1.916368994974055120e-02
5.010000000000000000e+16	5.500000000000000000e+00	-1.747485782771387997e-02
6.310000000000000000e+16	5.500000000000000000e+00	-1.578595456757489121e-02
7.940000000000000000e+16	5.500000000000000000e+00	-1.415554150543865165e-02
1.000000000000000000e+17	5.500000000000000000e+00	-1.259834574598597129e-02
1.000000000000000000e+11	6.500000000000000000e+00	1.217277867566742087e-05
1.258925411794166107e+11	6.500000000000000000e+00	1.534398382814595327e-05
1.584893192461110840e+11	6.500000000000000000e+00	1.935740894416758948e-05
1.995262314968882751e+11	6.500000000000000000e+00	2.445336831265646385e-05
2.511886431509582214e+11	6.500000000000000000e+00	3.095972734848147884e-05
3.162277660168379517e+11	6.500000000000000000e+00	3.934031383384975592e-05
3.981071705534969482e+11	6.500000000000000000e+00	5.028247158405056824e-05
5.011872336272714844e+11	6.500000000000000000e+00	6.480651893997638809e-05
6.309573444801943359e+11	6.500000000000000000e+00	8.425478581671499946e-05
7.943282347242821045e+11	6.500000000000000000e+00	1.074083550518024514e-04
1.000000000000000000e+12	6.500000000000000000e+00	1.216488500865056216e-04
1.260000000000000000e+12	6.500000000000000000e+00	1.323072533306822972e-04
1.580000000000000000e+12	6.500000000000000000e+00	1.543479182356182833e-04
2.000000000000000000e+12	6.500000000000000000e+00	1.862678729723048199e-04
2.510000000000000000e+12	6.500000000000000000e+00	2.276705962927897699e-04
3.160000000000000000e+12	6.500000000000000000e+00	2.824928041177340605e-04
3.980000000000000000e+12	6.500000000000000000e+00	3.522527041921213369e-04
5.010000000000000000e+12	6.500000000000000000e+00	4.408901915373767679e-04
6.310000000000000000e+12	6.500000000000000000e+00	5.540656670739037802e-04
7.940000000000000000e+12	6.500000000000000000e+00	6.967655110802624353e-04
1.000000000000000000e+13	6.500000000000000000e+00	8.770451018477810933e-04
1.260000000000000000e+13	6.500000000000000000e+00	1.100440525189243278e-03
1.580000000000000000e+13	6.500000000000000000e+00	1.377547397619851557e-03
2.000000000000000000e+13	6.500000000000000000e+00	1.743571572092136434e-03
2.510000000000000000e+13	6.500000000000000000e+00	2.184871111128368782e-03
3.160000000000000000e+13	6.500000000000000000e+00	2.754895443783036621e-03
3.980000000000000000e+13	6.500000000000000000e+00	3.477091818026685315e-03
5.010000000000000000e+13	6.500000000000000000e+00	4.374625473274043261e-03
6.310000000000000000e+13	6.500000000000000000e+00	5.495092113786627722e-03
7.940000000000000000e+13	6.500000000000000000e+00	6.899899633215194825e-03
1.000000000000000000e+14	6.500000000000000000e+00	8.726747246706514569e-03
1.260000000000000000e+14	6.500000000000000000e+00	1.114026655129648699e-02
1.580000000000000000e+14	6.500000000000000000e+00	1.429435993617814496e-02
2.000000000000000000e+14	6.500000000000000000e+00	1.872428911312958022e-02
2.510000000000000000e+14	6.500000000000000000e+00	2.405631808375140873e-02
3.160000000000000000e+14	6.500000000000000000e+00	3.001991321805713014e-02
3.980000000000000000e+14	6.500000000000000000e+00	3.529795627276557934e-02
5.010000000000000000e+14	6.500000000000000000e+00	3.886737691872355072e-02
6.310000000000000000e+14	6.500000000000000000e+00	4.000947114448005076e-02
7.940000000000000000e+14	6.500000000000000000e+00	3.763442966470845197e-02
1.000000000000000000e+15	6.500000000000000000e+00	3.261936927765028693e-02
1.260000000000000000e+15	6.500000000000000000e+00	2.586970909929532658e-02
1.580000000000000000e+15	6.500000000000000000e+00	1.772847467697551485e-02
2.000000000000000000e+15	6.500000000000000000e+00	9.072291839594116142e-03
2.510000000000000000e+15	6.500000000000000000e+00	9.518296110161919175e-04
3.160000000000000000e+15	6.500000000000000000e+00	-6.385713177824201003e-03
3.980000000000000000e+15	6.500000000000000000e+00	-1.253333802458977617e-02
5.010000000000000000e+15	6.500000000000000000e+00	-1.733264828335217764e-02
6.310000000000000000e+15	6.500000000000000000e+00	-2.081643054985050575e-02
7.940000000000000000e+15	6.500000000000000000e+00	-2.307479365324168266e-02
1.000000000000000000e+16	6.500000000000000000e+00	-2.428298889066316663e-02
1.260000000000000000e+16	6.500000000000000000e+00	-2.461042291032808707e-02
1.580000000000000000e+16	6.500000000000000000e+00	-2.427219239293407563e-02
2.000000000000000000e+16	6.500000000000000000e+00	-2.336217609259781669e-02
2.510000000000000000e+16	6.500000000000000000e+00	-2.214148352266801303e-02
3.160000000000000000e+16	6.500000000000000000e+00	-2.065814274201557832e-02
3.980000000000000000e+16	6.500000000000000000e+00	-1.903311466669394686e-02
5.010000000000000000e+16	6.500000000000000000e+00	-1.735540940354085224e-02
6.310000000000000000e+16	6.500000000000000000e+00	-1.567773171025003270e-02
7.940000000000000000e+16	6.500000000000000000e+00	-1.405827744580615858e-02
1.000000000000000000e+17	6.500000000000000000e+00	-1.251156920915408657e-02
1.000000000000000000e+11	7.500000000000000000e+00	1.174410115036043292e-05
1.258925411794166107e+11	7.500000000000000000e+00	1.480321682345170714e-05
1.584893192461110840e+11	7.500000000000000000e+00	1.867411839033084479e-05
1.995262314968882751e+11	7.500000000000000000e+00	2.358901324950247509e-05
2.511886431509582214e+11	7.500000000000000000e+00	2.985997136198464887e-05
3.162277660168379517e+11	7.500000000000000000e+00	3.793420790810290392e-05
3.981071705534969482e+11	7.500000000000000000e+00	4.846034592836695221e-05
5.011872336272714844e+11	7.500000000000000000e+00	6.241356937305616301e-05
6.309573444801943359e+11	7.500000000000000000e+00	8.093672865342722660e-05
7.943282347242821045e+11	7.500000000000000000e+00	1.017105952073633094e-04
1.000000000000000000e+12	7.500000000000000000e+00	1.157799421957626302e-04
1.260000000000000000e+12	7.500000000000000000e+00	1.284976551271801656e-04
1.580000000000000000e+12	7.500000000000000000e+00	1.511515716771602851e-04
2.000000000000000000e+12	7.500000000000000000e+00	1.842337785124180611e-04
2.510000000000000000e+12	7.500000000000000000e+00	2.258800786369619042e-04
3.160000000000000000e+12	7.500000000000000000e+00	2.800332073747956738e-04
3.980000000000000000e+12	7.500000000000000000e+00	3.498975448375931199e-04
5.010000000000000000e+12	7.500000000000000000e+00	4.385635567050781363e-04
6.310000000000000000e+12	7.500000000000000000e+00	5.505361685247425708e-04
7.940000000000000000e+12	7.500000000000000000e+00	6.920991803211138911e-04
1.000000000000000000e+13	7.500000000000000000e+00	8.722459318268300068e-04
1.260000000000000000e+13	7.500000000000000000e+00	1.099325149533478220e-03
1.580000000000000000e+13	7.500000000000000000e+00	1.374376122433787354e-03
2.000000000000000000e+13	7.500000000000000000e+00	1.733279873973589142e-03
2.510000000000000000e+13	7.500000000000000000e+00	2.175366539822882334e-03
3.160000000000000000e+13	7.500000000000000000e+00	2.743741749988765164e-03
3.980000000000000000e+13	7.500000000000000000e+00	3.461100014887014305e-03
5.010000000000000000e+13	7.500000000000000000e+00	4.352826286067653684e-03
6.310000000000000000e+13	7.500000000000000000e+00	5.468014135280737341e-03
7.940000000000000000e+13	7.500000000000000000e+00	6.891366137352278320e-03
1.000000000000000000e+14	7.500000000000000000e+00	8.711187810440617837e-03
1.260000000000000000e+14	7.500000000000000000e+00	1.110032156109920509e-02
1.580000000000000000e+14	7.500000000000000000e+00	1.430226393734312755e-02
2.000000000000000000e+14	7.500000000000000000e+00	1.878863185181821674e-02
2.510000000000000000e+14	7.500000000000000000e+00	2.423868807535551478e-02
3.160000000000000000e+14	7.500000000000000000e+00	2.989783064193506784e-02
3.980000000000000000e+14	7.500000000000000000e+00	3.522165106162651604e-02
5.010000000000000000e+14	7.500000000000000000e+00	3.896243002650356252e-02
6.310000000000000000e+14	7.500000000000000000e+00	3.972998010151382320e-02
7.940000000000000000e+14	7.500000000000000000e+00	3.753783644940083403e-02
1.000000000000000000e+15	7.500000000000000000e+00	3.221020040848295019e-02
1.260000000000000000e+15	7.500000000000000000e+00	2.554710759115682434e-02
1.580000000000000000e+15	7.500000000000000000e+00	1.702511487222977890e-02
2.000000000000000000e+15	7.500000000000000000e+00	7.750806276281208690e-03
2.510000000000000000e+15	7.500000000000000000e+00	3.971003341750473916e-04
3.160000000000000000e+15	7.500000000000000000e+00	-6.658359227297207077e-03
3.980000000000000000e+15	7.500000000000000000e+00	-1.262102611466457344e-02
5.010000000000000000e+15	7.500000000000000000e+00	-1.728867783317687354e-02
6.310000000000000000e+15	7.500000000000000000e+00	-2.067759284757139659e-02
7.940000000000000000e+15	7.500000000000000000e+00	-2.287072228402703758e-02
1.000000000000000000e+16	7.500000000000000000e+00	-2.403568749528509421e-02
1.260000000000000000e+16	7.500000000000000000e+00	-2.433846985727121034e-02
1.580000000000000000e+16	7.500000000000000000e+00	-2.398963706244995261e-02
2.000000000000000000e+16	7.500000000000000000e+00	-2.307986586045487204e-02
2.510000000000000000e+16	7.500000000000000000e+00	-2.186680944492231868e-02
3.160000000000000000e+16	7.500000000000000000e+00	-2.039667864720962412e-02
3.980000000000000000e+16	7.500000000000000000e+00	-1.878843951094347903e-02
5.010000000000000000e+16	7.500000000000000000e+00	-1.712939965602218104e-02
6.310000000000000000e+16	7.500000000000000000e+00	-1.547167905823447660e-02
7.940000000000000000e+16	7.500000000000000000e+00	-1.387199953906017962e-02
1.000000000000000000e+17	7.500000000000000000e+00	-1.234467558262913704e-02
1.000000000000000000e+11	9.000000000000000000e+00	1.112716699499972109e-05
1.258925411794166107e+11	9.000000000000000000e+00	1.402450848380354342e-05
1.584893192461110840e+11	9.000000000000000000e+00	1.768994383117840387e-05
1.995262314968882751e+11	9.000000000000000000e+00	2.234128884636054493e-05
2.511886431509582214e+11	9.000000000000000000e+00	2.827410598827116592e-05
3.162277660168379517e+11	9.000000000000000000e+00	3.590391827556108453e-05
3.981071705534969482e+11	9.000000000000000000e+00	4.583074797435272949e-05
5.011872336272714844e+11	9.000000000000000000e+00	5.893303761853515161e-05
6.309573444801943359e+11	9.000000000000000000e+00	7.609950685508633510e-05
7.943282347242821045e+11	9.000000000000000000e+00	9.334946821529091011e-05
1.000000000000000000e+12	9.000000000000000000e+00	1.066520710355542103e-04
1.260000000000000000e+12	9.000000000000000000e+00	1.232490810590084894e-04
1.580000000000000000e+12	9.000000000000000000e+00	1.480127187973406236e-04
2.000000000000000000e+12	9.000000000000000000e+00	1.815499604579847706e-04
2.510000000000000000e+12	9.000000000000000000e+00	2.227198370315746604e-04
3.160000000000000000e+12	9.000000000000000000e+00	2.778351767516363700e-04
3.980000000000000000e+12	9.000000000000000000e+00	3.493951066606225116e-04
5.010000000000000000e+12	9.000000000000000000e+00	4.388519974895147913e-04
6.310000000000000000e+12	9.000000000000000000e+00	5.512057878335880051e-04
7.940000000000000000e+12	9.000000000000000000e+00	6.917692774087226852e-04
1.000000000000000000e+13	9.000000000000000000e+00	8.691950481263695499e-04
1.260000000000000000e+13	9.000000000000000000e+00	1.093634047610609695e-03
1.580000000000000000e+13	9.000000000000000000e+00	1.369722896853548975e-03
2.000000000000000000e+13	9.000000000000000000e+00	1.732737184488945207e-03
2.510000000000000000e+13	9.000000000000000000e+00	2.175069142985713508e-03
3.160000000000000000e+13	9.000000000000000000e+00	2.740367858971120424e-03
3.980000000000000000e+13	9.000000000000000000e+00	3.453685848528085210e-03
5.010000000000000000e+13	9.000000000000000000e+00	4.343503655113279890e-03
6.310000000000000000e+13	9.000000000000000000e+00	5.463109910636925089e-03
7.940000000000000000e+13	9.000000000000000000e+00	6.865491466521283885e-03
1.000000000000000000e+14	9.000000000000000000e+00	8.690531997111018356e-03
1.260000000000000000e+14	9.000000000000000000e+00	1.111613410638408531e-02
1.580000000000000000e+14	9.000000000000000000e+00	1.431907450148630842e-02
2.000000000000000000e+14	9.000000000000000000e+00	1.879518002392996379e-02
2.510000000000000000e+14	9.000000000000000000e+00	2.416712664362992077e-02
3.160000000000000000e+14	9.000000000000000000e+00	3.009420900784605390e-02
3.980000000000000000e+14	9.000000000000000000e+00	3.542636585687973516e-02
5.010000000000000000e+14	9.000000000000000000e+00	3.905357986275820315e-02
6.310000000000000000e+14	9.000000000000000000e+00	4.014565491834513195e-02
7.940000000000000000e+14	9.000000000000000000e+00	3.816814085015721864e-02
1.000000000000000000e+15	9.000000000000000000e+00	3.361733460534840900e-02
1.260000000000000000e+15	9.000000000000000000e+00	2.611873467664603543e-02
1.580000000000000000e+15	9.000000000000000000e+00	1.858916810389986407e-02
2.000000000000000000e+15	9.000000000000000000e+00	1.098386058349081276e-02
2.510000000000000000e+15	9.000000000000000000e+00	1.739307051250180798e-03
3.160000000000000000e+15	9.000000000000000000e+00	-6.007760214561549961e-03
3.980000000000000000e+15	9.000000000000000000e+00	-1.242359206683195556e-02
5.010000000000000000e+15	9.000000000000000000e+00	-1.741619108570246002e-02
6.310000000000000000e+15	9.000000000000000000e+00	-2.103800665596046102e-02
7.940000000000000000e+15	9.000000000000000000e+00	-2.339170038606395302e-02
1.000000000000000000e+16	9.000000000000000000e+00	-2.466210363271941278e-02
1.260000000000000000e+16	9.000000000000000000e+00	-2.502479445909581990e-02
1.580000000000000000e+16	9.000000000000000000e+00	-2.470113273561585707e-02
2.000000000000000000e+16	9.000000000000000000e+00	-2.378967715210262082e-02
2.510000000000000000e+16	9.000000000000000000e+00	-2.255670096685146592e-02
3.160000000000000000e+16	9.000000000000000000e+00	-2.105287647424987710e-02
3.980000000000000000e+16	9.000000000000000000e+00	-1.940212775560463260e-02
5.010000000000000000e+16	9.000000000000000000e+00	-1.769574991152457477e-02
6.310000000000000000e+16	9.000000000000000000e+00	-1.598807808310917858e-02
7.940000000000000000e+16	9.000000000000000000e+00	-1.433871063386790538e-02
1.000000000000000000e+17	9.000000000000000000e+00	-1.276274360928396530e-02
1.000000000000000000e+11	1.100000000000000000e+01	1.048841861234714332e-05
1.258925411794166107e+11	1.100000000000000000e+01	1.321874456382578019e-05
1.584893192461110840e+11	1.100000000000000000e+01	1.667214314216098879e-05
1.995262314968882751e+11	1.100000000000000000e+01	2.105310664296416683e-05
2.511886431509582214e+11	1.100000000000000000e+01	2.663812049006827887e-05
3.162277660168379517e+11	1.100000000000000000e+01	3.381445983244654599e-05
3.981071705534969482e+11	1.100000000000000000e+01	4.313521144962056205e-05
5.011872336272714844e+11	1.100000000000000000e+01	5.538177356010107682e-05
6.309573444801943359e+11	1.100000000000000000e+01	7.123007305984518206e-05
7.943282347242821045e+11	1.100000000000000000e+01	8.510195443361808713e-05
1.000000000000000000e+12	1.100000000000000000e+01	9.831386165144925251e-05
1.260000000000000000e+12	1.100000000000000000e+01	1.177514311993268869e-04
1.580000000000000000e+12	1.100000000000000000e+01	1.421784005917339853e-04
2.000000000000000000e+12	1.100000000000000000e+01	1.764976000101630695e-04
2.510000000000000000e+12	1.100000000000000000e+01	2.201686785085165668e-04
3.160000000000000000e+12	1.100000000000000000e+01	2.749262598627249697e-04
3.980000000000000000e+12	1.100000000000000000e+01	3.431309999805301600e-04
5.010000000000000000e+12	1.100000000000000000e+01	4.296894108726475084e-04
6.310000000000000000e+12	1.100000000000000000e+01	5.414889490164567993e-04
7.940000000000000000e+12	1.100000000000000000e+01	6.828976381282938221e-04
1.000000000000000000e+13	1.100000000000000000e+01	8.603954646730645845e-04
1.260000000000000000e+13	1.100000000000000000e+01	1.081501578992513993e-03
1.580000000000000000e+13	1.100000000000000000e+01	1.351984172094644826e-03
2.000000000000000000e+13	1.100000000000000000e+01	1.710145782512908141e-03
2.510000000000000000e+13	1.100000000000000000e+01	2.147036197785286583e-03
3.160000000000000000e+13	1.100000000000000000e+01	2.705764339027467383e-03
3.980000000000000000e+13	1.100000000000000000e+01	3.409973381771980085e-03
5.010000000000000000e+13	1.100000000000000000e+01	4.288952957319767251e-03
6.310000000000000000e+13	1.100000000000000000e+01	5.389167799818410549e-03
7.940000000000000000e+13	1.100000000000000000e+01	6.787029558635709718e-03
1.000000000000000000e+14	1.100000000000000000e+01	8.597728669465672796e-03
1.260000000000000000e+14	1.100000000000000000e+01	1.100742932225185801e-02
1.580000000000000000e+14	1.100000000000000000e+01	1.419675837285851866e-02
2.000000000000000000e+14	1.100000000000000000e+01	1.863120036954805242e-02
2.510000000000000000e+14	1.100000000000000000e+01	2.401299784953543973e-02
3.160000000000000000e+14	1.100000000000000000e+01	3.007068872269874973e-02
3.980000000000000000e+14	1.100000000000000000e+01	3.549857128145487983e-02
5.010000000000000000e+14	1.100000000000000000e+01	3.896294100920134895e-02
6.310000000000000000e+14	1.100000000000000000e+01	3.979192318633970049e-02
7.940000000000000000e+14	1.100000000000000000e+01	3.769648279705307276e-02
1.000000000000000000e+15	1.100000000000000000e+01	3.198895423500850571e-02
1.260000000000000000e+15	1.100000000000000000e+01	2.538109018800982497e-02
1.580000000000000000e+15	1.100000000000000000e+01	1.746258293533954273e-02
2.000000000000000000e+15	1.100000000000000000e+01	7.909172021887548101e-03
2.510000000000000000e+15	1.100000000000000000e+01	4.993790989016855513e-04
3.160000000000000000e+15	1.100000000000000000e+01	-6.585249240099357547e-03
3.980000000000000000e+15	1.100000000000000000e+01	-1.256621483434449196e-02
5.010000000000000000e+15	1.100000000000000000e+01	-1.724657096592098829e-02
6.310000000000000000e+15	1.100000000000000000e+01	-2.064482635290296186e-02
7.940000000000000000e+15	1.100000000000000000e+01	-2.284462885668760157e-02
1.000000000000000000e+16	1.100000000000000000e+01	-2.401542068920111545e-02
1.260000000000000000e+16	1.100000000000000000e+01	-2.432246044051675563e-02
1.580000000000000000e+16	1.100000000000000000e+01	-2.398196873828569928e-02
2.000000000000000000e+16	1.100000000000000000e+01	-2.306982743739401098e-02
2.510000000000000000e+16	1.100000000000000000e+01	-2.185882909949076955e-02
3.160000000000000000e+16	1.100000000000000000e+01	-2.039364013882352319e-02
3.980000000000000000e+16	1.100000000000000000e+01	-1.878340974274725697e-02
5.010000000000000000e+16	1.100000000000000000e+01	-1.712566041813171069e-02
6.310000000000000000e+16	1.100000000000000000e+01	-1.546958177307319882e-02
7.940000000000000000e+16	1.100000000000000000e+01	-1.386947526273213036e-02
1.000000000000000000e+17	1.100000000000000000e+01	-1.234264736878648225e-02
1.000000000000000000e+11	1.300000000000000000e+01	1.011593173813653550e-05
1.258925411794166107e+11	1.300000000000000000e+01	1.274846273947854782e-05
1.584893192461110840e+11	1.300000000000000000e+01	1.607740519350286408e-05
1.995262314968882751e+11	1.300000000000000000e+01	2.029889457228473940e-05
2.511886431509582214e+11	1.300000000000000000e+01	2.567767013098565040e-05
3.162277660168379517e+11	1.300000000000000000e+01	3.258239605689223237e-05
3.981071705534969482e+11	1.300000000000000000e+01	4.153452815460650823e-05
5.011872336272714844e+11	1.300000000000000000e+01	5.325439981426827646e-05
6.309573444801943359e+11	1.300000000000000000e+01	6.825442158444736584e-05
7.943282347242821045e+11	1.300000000000000000e+01	7.999704136242097524e-05
1.000000000000000000e+12	1.300000000000000000e+01	9.188322345300473071e-05
1.260000000000000000e+12	1.300000000000000000e+01	1.134918685380361032e-04
1.580000000000000000e+12	1.300000000000000000e+01	1.415590937480666058e-04
2.000000000000000000e+12	1.300000000000000000e+01	1.772647666080287142e-04
2.510000000000000000e+12	1.300000000000000000e+01	2.196843858067990170e-04
3.160000000000000000e+12	1.300000000000000000e+01	2.750386657620539576e-04
3.980000000000000000e+12	1.300000000000000000e+01	3.454330614807373553e-04
5.010000000000000000e+12	1.300000000000000000e+01	4.347845936824200818e-04
6.310000000000000000e+12	1.300000000000000000e+01	5.467963532452090178e-04
7.940000000000000000e+12	1.300000000000000000e+01	6.874202161731144583e-04
1.000000000000000000e+13	1.300000000000000000e+01	8.642275349913527234e-04
1.260000000000000000e+13	1.300000000000000000e+01	1.087087130123938353e-03
1.580000000000000000e+13	1.300000000000000000e+01	1.362911129258206422e-03
2.000000000000000000e+13	1.300000000000000000e+01	1.724700436344062462e-03
2.510000000000000000e+13	1.300000000000000000e+01	2.165137867590741141e-03
3.160000000000000000e+13	1.300000000000000000e+01	2.726918994943446257e-03
3.980000000000000000e+13	1.300000000000000000e+01	3.435814021235516526e-03
5.010000000000000000e+13	1.300000000000000000e+01	4.319852406991345033e-03
6.310000000000000000e+13	1.300000000000000000e+01	5.430423714785286710e-03
7.940000000000000000e+13	1.300000000000000000e+01	6.833281160523198110e-03
1.000000000000000000e+14	1.300000000000000000e+01	8.655233495936217464e-03
1.260000000000000000e+14	1.300000000000000000e+01	1.109182554529041659e-02
1.580000000000000000e+14	1.300000000000000000e+01	1.432529234853827105e-02
2.000000000000000000e+14	1.300000000000000000e+01	1.883461788227200340e-02
2.510000000000000000e+14	1.300000000000000000e+01	2.427648719213970976e-02
3.160000000000000000e+14	1.300000000000000000e+01	3.017337297543996530e-02
3.980000000000000000e+14	1.300000000000000000e+01	3.559189483781042412e-02
5.010000000000000000e+14	1.300000000000000000e+01	3.947365113803313896e-02
6.310000000000000000e+14	1.300000000000000000e+01	4.037662112029846706e-02
7.940000000000000000e+14	1.300000000000000000e+01	3.761855855966484558e-02
1.000000000000000000e+15	1.300000000000000000e+01	3.368718723051584985e-02
1.260000000000000000e+15	1.300000000000000000e+01	2.776412922170216901e-02
1.580000000000000000e+15	1.300000000000000000e+01	1.891396394263512165e-02
2.000000000000000000e+15	1.300000000000000000e+01	9.965600836803619259e-03
2.510000000000000000e+15	1.300000000000000000e+01	1.401598586750975924e-03
3.160000000000000000e+15	1.300000000000000000e+01	-6.208858567720900931e-03
3.980000000000000000e+15	1.300000000000000000e+01	-1.256226910881815505e-02
5.010000000000000000e+15	1.300000000000000000e+01	-1.751673453221036514e-02
6.310000000000000000e+15	1.300000000000000000e+01	-2.111395148889191886e-02
7.940000000000000000e+15	1.300000000000000000e+01	-2.347527838375395096e-02
1.000000000000000000e+16	1.300000000000000000e+01	-2.470772160298975728e-02
1.260000000000000000e+16	1.300000000000000000e+01	-2.506057130335144836e-02
1.580000000000000000e+16	1.300000000000000000e+01	-2.472946173379379428e-02
2.000000000000000000e+16	1.300000000000000000e+01	-2.381195714980987102e-02
2.510000000000000000e+16	1.300000000000000000e+01	-2.257440406395561094e-02
3.160000000000000000e+16	1.300000000000000000e+01	-2.106690938463802107e-02
3.980000000000000000e+16	1.300000000000000000e+01	-1.941327036359959818e-02
5.010000000000000000e+16	1.300000000000000000e+01	-1.770463007296659008e-02
6.310000000000000000e+16	1.300000000000000000e+01	-1.599514164666107630e-02
7.940000000000000000e+16	1.300000000000000000e+01	-1.434428117903297981e-02
1.000000000000000000e+17	1.300000000000000000e+01	-1.276717308295458042e-02
1.000000000000000000e+11	1.500000000000000000e+01	9.783676671953880010e-06
1.258925411794166107e+11	1.500000000000000000e+01	1.232958669618729560e-05
1.584893192461110840e+11	1.500000000000000000e+01	1.554876406461946673e-05
1.995262314968882751e+11	1.500000000000000000e+01	1.963066635078563921e-05
2.511886431509582214e+11	1.500000000000000000e+01	2.483089420446917269e-05
3.162277660168379517e+11	1.500000000000000000e+01	3.150443028906384885e-05
3.981071705534969482e+11	1.500000000000000000e+01	4.015143695546692198e-05
5.011872336272714844e+11	1.500000000000000000e+01	5.143796785057125549e-05
6.309573444801943359e+11	1.500000000000000000e+01	6.581973202477728942e-05
7.943282347242821045e+11	1.500000000000000000e+01	7.603201479626625603e-05
1.000000000000000000e+12	1.500000000000000000e+01	8.798282609809873972e-05
1.260000000000000000e+12	1.500000000000000000e+01	1.113232212095514948e-04
1.580000000000000000e+12	1.500000000000000000e+01	1.373418794289825971e-04
2.000000000000000000e+12	1.500000000000000000e+01	1.717755006766561007e-04
2.510000000000000000e+12	1.500000000000000000e+01	2.165463431108873818e-04
3.160000000000000000e+12	1.500000000000000000e+01	2.718201922280138170e-04
3.980000000000000000e+12	1.500000000000000000e+01	3.404554972803317458e-04
5.010000000000000000e+12	1.500000000000000000e+01	4.283335131932521967e-04
6.310000000000000000e+12	1.500000000000000000e+01	5.385459796687632958e-04
7.940000000000000000e+12	1.500000000000000000e+01	6.765527055800547472e-04
1.000000000000000000e+13	1.500000000000000000e+01	8.522847328014757778e-04
1.260000000000000000e+13	1.500000000000000000e+01	1.071868259775642096e-03
1.580000000000000000e+13	1.500000000000000000e+01	1.341652569689460789e-03
2.000000000000000000e+13	1.500000000000000000e+01	1.697824680246137318e-03
2.510000000000000000e+13	1.500000000000000000e+01	2.131989851091246890e-03
3.160000000000000000e+13	1.500000000000000000e+01	2.687263662258092614e-03
3.980000000000000000e+13	1.500000000000000000e+01	3.386179315426692156e-03
5.010000000000000000e+13	1.500000000000000000e+01	4.257545956375946919e-03
6.310000000000000000e+13	1.500000000000000000e+01	5.352204302098584159e-03
7.940000000000000000e+13	1.500000000000000000e+01	6.726717817104040792e-03
1.000000000000000000e+14	1.500000000000000000e+01	8.522427547704989823e-03
1.260000000000000000e+14	1.500000000000000000e+01	1.093852209175430988e-02
1.580000000000000000e+14	1.500000000000000000e+01	1.413145849885327938e-02
2.000000000000000000e+14	1.500000000000000000e+01	1.860170727973896321e-02
2.510000000000000000e+14	1.500000000000000000e+01	2.393162518783532172e-02
3.160000000000000000e+14	1.500000000000000000e+01	2.981973510317897924e-02
3.980000000000000000e+14	1.500000000000000000e+01	3.521097400714014169e-02
5.010000000000000000e+14	1.500000000000000000e+01	3.851526964667888187e-02
6.310000000000000000e+14	1.500000000000000000e+01	4.007370487738260573e-02
7.940000000000000000e+14	1.500000000000000000e+01	3.860275077457392401e-02
1.000000000000000000e+15	1.500000000000000000e+01	3.282219279545312701e-02
1.260000000000000000e+15	1.500000000000000000e+01	2.453034739671710457e-02
1.580000000000000000e+15	1.500000000000000000e+01	1.630965712758226244e-02
2.000000000000000000e+15	1.500000000000000000e+01	8.712427340499397793e-03
2.510000000000000000e+15	1.500000000000000000e+01	7.210887054621300564e-04
3.160000000000000000e+15	1.500000000000000000e+01	-6.458187239624363536e-03
3.980000000000000000e+15	1.500000000000000000e+01	-1.248022964363735589e-02
5.010000000000000000e+15	1.500000000000000000e+01	-1.718329617022762781e-02
6.310000000000000000e+15	1.500000000000000000e+01	-2.059758581300317679e-02
7.940000000000000000e+15	1.500000000000000000e+01	-2.280858061490085437e-02
1.000000000000000000e+16	1.500000000000000000e+01	-2.398703520502313072e-02
1.260000000000000000e+16	1.500000000000000000e+01	-2.430019061890568988e-02
1.580000000000000000e+16	1.500000000000000000e+01	-2.395928988818256389e-02
2.000000000000000000e+16	1.500000000000000000e+01	-2.305595586795254615e-02
2.510000000000000000e+16	1.500000000000000000e+01	-2.184779187245661572e-02
3.160000000000000000e+16	1.500000000000000000e+01	-2.038160973802901482e-02
3.980000000000000000e+16	1.500000000000000000e+01	-1.877646755591418429e-02
5.010000000000000000e+16	1.500000000000000000e+01	-1.712004589651633379e-02
6.310000000000000000e+16	1.500000000000000000e+01	-1.546412648380643927e-02
7.940000000000000000e+16	1.500000000000000000e+01	-1.386600911954504953e-02
1.000000000000000000e+17	1.500000000000000000e+01	-1.233990832213514854e-02
1.000000000000000000e+11	1.700000000000000000e+01	9.571850998913116035e-06
1.258925411794166107e+11	1.700000000000000000e+01	1.206228606104605387e-05
1.584893192461110840e+11	1.700000000000000000e+01	1.521099376440136949e-05
1.995262314968882751e+11	1.700000000000000000e+01	1.920283728863956486e-05
2.511886431509582214e+11	1.700000000000000000e+01	2.428694775750039726e-05
3.162277660168379517e+11	1.700000000000000000e+01	3.080854498816805220e-05
3.981071705534969482e+11	1.700000000000000000e+01	3.925127424865610700e-05
5.011872336272714844e+11	1.700000000000000000e+01	5.024913628119996790e-05
6.309573444801943359e+11	1.700000000000000000e+01	6.417678483080484100e-05
7.943282347242821045e+11	1.700000000000000000e+01	7.324628709258052645e-05
1.000000000000000000e+12	1.700000000000000000e+01	8.493292134860907974e-05
1.260000000000000000e+12	1.700000000000000000e+01	1.087273763271578763e-04
1.580000000000000000e+12	1.700000000000000000e+01	1.361286545314688008e-04
2.000000000000000000e+12	1.700000000000000000e+01	1.725345003322503875e-04
2.510000000000000000e+12	1.700000000000000000e+01	2.150744903459275660e-04
3.160000000000000000e+12	1.700000000000000000e+01	2.699345803609625697e-04
3.980000000000000000e+12	1.700000000000000000e+01	3.402907364724553230e-04
5.010000000000000000e+12	1.700000000000000000e+01	4.268931673464195658e-04
6.310000000000000000e+12	1.700000000000000000e+01	5.378978068995586342e-04
7.940000000000000000e+12	1.700000000000000000e+01	6.768410777305621873e-04
1.000000000000000000e+13	1.700000000000000000e+01	8.510252377607827870e-04
1.260000000000000000e+13	1.700000000000000000e+01	1.070720333356023606e-03
1.580000000000000000e+13	1.700000000000000000e+01	1.342510156497006427e-03
2.000000000000000000e+13	1.700000000000000000e+01	1.699037683142713652e-03
2.510000000000000000e+13	1.700000000000000000e+01	2.132114396663278670e-03
3.160000000000000000e+13	1.700000000000000000e+01	2.686500914694427925e-03
3.980000000000000000e+13	1.700000000000000000e+01	3.384386066590446777e-03
5.010000000000000000e+13	1.700000000000000000e+01	4.255062287909054664e-03
6.310000000000000000e+13	1.700000000000000000e+01	5.346318326653126500e-03
7.940000000000000000e+13	1.700000000000000000e+01	6.730990293147128163e-03
1.000000000000000000e+14	1.700000000000000000e+01	8.536141276722119739e-03
1.260000000000000000e+14	1.700000000000000000e+01	1.093868164396800610e-02
1.580000000000000000e+14	1.700000000000000000e+01	1.413613732450045603e-02
2.000000000000000000e+14	1.700000000000000000e+01	1.863371205640206377e-02
2.510000000000000000e+14	1.700000000000000000e+01	2.397844658178002394e-02
3.160000000000000000e+14	1.700000000000000000e+01	2.988068673693463143e-02
3.980000000000000000e+14	1.700000000000000000e+01	3.533587706824677099e-02
5.010000000000000000e+14	1.700000000000000000e+01	3.913734830965517886e-02
6.310000000000000000e+14	1.700000000000000000e+01	3.903650056093656978e-02
7.940000000000000000e+14	1.700000000000000000e+01	3.723379071865753898e-02
1.000000000000000000e+15	1.700000000000000000e+01	3.289323298599296924e-02
1.260000000000000000e+15	1.700000000000000000e+01	2.568125229507387669e-02
1.580000000000000000e+15	1.700000000000000000e+01	1.764683705374535394e-02
2.000000000000000000e+15	1.700000000000000000e+01	8.036119869503808785e-03
2.510000000000000000e+15	1.700000000000000000e+01	5.932653057073999795e-04
3.160000000000000000e+15	1.700000000000000000e+01	-6.513838221330023846e-03
3.980000000000000000e+15	1.700000000000000000e+01	-1.251101450030444803e-02
5.010000000000000000e+15	1.700000000000000000e+01	-1.720276705460939762e-02
6.310000000000000000e+15	1.700000000000000000e+01	-2.061092990547937556e-02
7.940000000000000000e+15	1.700000000000000000e+01	-2.281823738032337859e-02
1.000000000000000000e+16	1.700000000000000000e+01	-2.399425348619858497e-02
1.260000000000000000e+16	1.700000000000000000e+01	-2.430571026737365567e-02
1.580000000000000000e+16	1.700000000000000000e+01	-2.396358206324671405e-02
2.000000000000000000e+16	1.700000000000000000e+01	-2.305929990584547687e-02
2.510000000000000000e+16	1.700000000000000000e+01	-2.185043548760486759e-02
3.160000000000000000e+16	1.700000000000000000e+01	-2.038369076549451445e-02
3.980000000000000000e+16	1.700000000000000000e+01	-1.877812997620304999e-02
5.010000000000000000e+16	1.700000000000000000e+01	-1.712134524795836180e-02
6.310000000000000000e+16	1.700000000000000000e+01	-1.546520460562385638e-02
7.940000000000000000e+16	1.700000000000000000e+01	-1.386683291054100105e-02
1.000000000000000000e+17	1.700000000000000000e+01	-1.234055996847352801e-02
1.000000000000000000e+11	1.900000000000000000e+01	9.421735762202921842e-06
1.258925411794166107e+11	1.900000000000000000e+01	1.187291637770601962e-05
1.584893192461110840e+11	1.900000000000000000e+01	1.497180607717959330e-05
1.995262314968882751e+11	1.900000000000000000e+01	1.890000649244134878e-05
2.511886431509582214e+11	1.900000000000000000e+01	2.390243108119700338e-05
3.162277660168379517e+11	1.900000000000000000e+01	3.031723826303829141e-05
3.981071705534969482e+11	1.900000000000000000e+01	3.861707970534545935e-05
5.011872336272714844e+11	1.900000000000000000e+01	4.941357137762144149e-05
6.309573444801943359e+11	1.900000000000000000e+01	6.302142317465032884e-05
7.943282347242821045e+11	1.900000000000000000e+01	7.118590799962461614e-05
1.000000000000000000e+12	1.900000000000000000e+01	8.349659020788957522e-05
1.260000000000000000e+12	1.900000000000000000e+01	1.074985548322477519e-04
1.580000000000000000e+12	1.900000000000000000e+01	1.346251818242124850e-04
2.000000000000000000e+12	1.900000000000000000e+01	1.704411198144726507e-04
2.510000000000000000e+12	1.900000000000000000e+01	2.136363817874042752e-04
3.160000000000000000e+12	1.900000000000000000e+01	2.696501347401402369e-04
3.980000000000000000e+12	1.900000000000000000e+01	3.383491133414975871e-04
5.010000000000000000e+12	1.900000000000000000e+01	4.260821428031272783e-04
6.310000000000000000e+12	1.900000000000000000e+01	5.359262845539285343e-04
7.940000000000000000e+12	1.900000000000000000e+01	6.728732748169963555e-04
1.000000000000000000e+13	1.900000000000000000e+01	8.481374290294983439e-04
1.260000000000000000e+13	1.900000000000000000e+01	1.069667301958946836e-03
1.580000000000000000e+13	1.900000000000000000e+01	1.338627353139133823e-03
2.000000000000000000e+13	1.900000000000000000e+01	1.693954794573690817e-03
2.510000000000000000e+13	1.900000000000000000e+01	2.127825196701196853e-03
3.160000000000000000e+13	1.900000000000000000e+01	2.680044471326182860e-03
3.980000000000000000e+13	1.900000000000000000e+01	3.375263264058071724e-03
5.010000000000000000e+13	1.900000000000000000e+01	4.238455792579997640e-03
6.310000000000000000e+13	1.900000000000000000e+01	5.336432601868151132e-03
7.940000000000000000e+13	1.900000000000000000e+01	6.727262453061218228e-03
1.000000000000000000e+14	1.900000000000000000e+01	8.513154285391590775e-03
1.260000000000000000e+14	1.900000000000000000e+01	1.091432485307568603e-02
1.580000000000000000e+14	1.900000000000000000e+01	1.410433621958644829e-02
2.000000000000000000e+14	1.900000000000000000e+01	1.851651134949675037e-02
2.510000000000000000e+14	1.900000000000000000e+01	2.393234235640539012e-02
3.160000000000000000e+14	1.900000000000000000e+01	2.989259448616124124e-02
3.980000000000000000e+14	1.900000000000000000e+01	3.495945044481342523e-02
5.010000000000000000e+14	1.900000000000000000e+01	3.864370567982165772e-02
6.310000000000000000e+14	1.900000000000000000e+01	4.064335757389411080e-02
7.940000000000000000e+14	1.900000000000000000e+01	3.836268937451917799e-02
1.000000000000000000e+15	1.900000000000000000e+01	3.370142452209839296e-02
1.260000000000000000e+15	1.900000000000000000e+01	2.696020209201950221e-02
1.580000000000000000e+15	1.900000000000000000e+01	1.898461755736100681e-02
2.000000000000000000e+15	1.900000000000000000e+01	1.123324468914171925e-02
2.510000000000000000e+15	1.900000000000000000e+01	1.922695127424251362e-03
3.160000000000000000e+15	1.900000000000000000e+01	-5.868574034426727627e-03
3.980000000000000000e+15	1.900000000000000000e+01	-1.231703770481131117e-02
5.010000000000000000e+15	1.900000000000000000e+01	-1.733207953787925179e-02
6.310000000000000000e+15	1.900000000000000000e+01	-2.097189651582094527e-02
7.940000000000000000e+15	1.900000000000000000e+01	-2.334000065396745274e-02
1.000000000000000000e+16	1.900000000000000000e+01	-2.462079668966006898e-02
1.260000000000000000e+16	1.900000000000000000e+01	-2.499207722058811171e-02
1.580000000000000000e+16	1.900000000000000000e+01	-2.467511072185036777e-02
2.000000000000000000e+16	1.900000000000000000e+01	-2.376913870142383090e-02
2.510000000000000000e+16	1.900000000000000000e+01	-2.254034221464971954e-02
3.160000000000000000e+16	1.900000000000000000e+01	-2.103989186180150670e-02
3.980000000000000000e+16	1.900000000000000000e+01	-1.939179840137419605e-02
5.010000000000000000e+16	1.900000000000000000e+01	-1.768756592413808781e-02
6.310000000000000000e+16	1.900000000000000000e+01	-1.598160034705108437e-02
7.940000000000000000e+16	1.900000000000000000e+01	-1.433354571334623934e-02
1.000000000000000000e+17	1.900000000000000000e+01	-1.275864573990389758e-02
1.000000000000000000e+11	2.100000000000000000e+01	9.406698532868815505e-06
1.258925411794166107e+11	2.100000000000000000e+01	1.185323628527639753e-05
1.584893192461110840e+11	2.100000000000000000e+01	1.494597251440237089e-05
1.995262314968882751e+11	2.100000000000000000e+01	1.886512310384454486e-05
2.511886431509582214e+11	2.100000000000000000e+01	2.385342473125545942e-05
3.162277660168379517e+11	2.100000000000000000e+01	3.024476474218628107e-05
3.981071705534969482e+11	2.100000000000000000e+01	3.850223979994352489e-05
5.011872336272714844e+11	2.100000000000000000e+01	4.921444105392347923e-05
6.309573444801943359e+11	2.100000000000000000e+01	6.262328048064725271e-05
7.943282347242821045e+11	2.100000000000000000e+01	6.994479071367886596e-05
1.000000000000000000e+12	2.100000000000000000e+01	8.201954777594275769e-05
1.260000000000000000e+12	2.100000000000000000e+01	1.093532658668676193e-04
1.580000000000000000e+12	2.100000000000000000e+01	1.378790947370007547e-04
2.000000000000000000e+12	2.100000000000000000e+01	1.739410949523078373e-04
2.510000000000000000e+12	2.100000000000000000e+01	2.167562214662889074e-04
3.160000000000000000e+12	2.100000000000000000e+01	2.715151505043035237e-04
3.980000000000000000e+12	2.100000000000000000e+01	3.435726641456913468e-04
5.010000000000000000e+12	2.100000000000000000e+01	4.323353704446816575e-04
6.310000000000000000e+12	2.100000000000000000e+01	5.437157440003015331e-04
7.940000000000000000e+12	2.100000000000000000e+01	6.838023991456238437e-04
1.000000000000000000e+13	2.100000000000000000e+01	8.590184687958672726e-04
1.260000000000000000e+13	2.100000000000000000e+01	1.081275228783705336e-03
1.580000000000000000e+13	2.100000000000000000e+01	1.357465489564693229e-03
2.000000000000000000e+13	2.100000000000000000e+01	1.719175766625205028e-03
2.510000000000000000e+13	2.100000000000000000e+01	2.157393827794389096e-03
3.160000000000000000e+13	2.100000000000000000e+01	2.718782660554440889e-03
3.980000000000000000e+13	2.100000000000000000e+01	3.425571421776902985e-03
5.010000000000000000e+13	2.100000000000000000e+01	4.308453169098670245e-03
6.310000000000000000e+13	2.100000000000000000e+01	5.412478230005112259e-03
7.940000000000000000e+13	2.100000000000000000e+01	6.810129425318577935e-03
1.000000000000000000e+14	2.100000000000000000e+01	8.629006678518244891e-03
1.260000000000000000e+14	2.100000000000000000e+01	1.106315102102880046e-02
1.580000000000000000e+14	2.100000000000000000e+01	1.431583108168494461e-02
2.000000000000000000e+14	2.100000000000000000e+01	1.888797043679578402e-02
2.510000000000000000e+14	2.100000000000000000e+01	2.432496194418724833e-02
3.160000000000000000e+14	2.100000000000000000e+01	3.038220402629999289e-02
3.980000000000000000e+14	2.100000000000000000e+01	3.643915769131461646e-02
5.010000000000000000e+14	2.100000000000000000e+01	3.961437892379916087e-02
6.310000000000000000e+14	2.100000000000000000e+01	3.919525680406090590e-02
7.940000000000000000e+14	2.100000000000000000e+01	3.700344838011331711e-02
1.000000000000000000e+15	2.100000000000000000e+01	3.156241599968342276e-02
1.260000000000000000e+15	2.100000000000000000e+01	2.513579247737827982e-02
1.580000000000000000e+15	2.100000000000000000e+01	1.728961530521633608e-02
2.000000000000000000e+15	2.100000000000000000e+01	7.781817640945245564e-03
2.510000000000000000e+15	2.100000000000000000e+01	4.011991327355242105e-04
3.160000000000000000e+15	2.100000000000000000e+01	-6.660858690776374005e-03
3.980000000000000000e+15	2.100000000000000000e+01	-1.262535340064126557e-02
5.010000000000000000e+15	2.100000000000000000e+01	-1.729311908331080533e-02
6.310000000000000000e+15	2.100000000000000000e+01	-2.068156476530485025e-02
7.940000000000000000e+15	2.100000000000000000e+01	-2.287409444912104003e-02
1.000000000000000000e+16	2.100000000000000000e+01	-2.403846872461452150e-02
1.260000000000000000e+16	2.100000000000000000e+01	-2.434072293783058616e-02
1.580000000000000000e+16	2.100000000000000000e+01	-2.399147754106424613e-02
2.000000000000000000e+16	2.100000000000000000e+01	-2.308131964127289187e-02
2.510000000000000000e+16	2.100000000000000000e+01	-2.186796902281824828e-02
3.160000000000000000e+16	2.100000000000000000e+01	-2.039761720257865507e-02
3.980000000000000000e+16	2.100000000000000000e+01	-1.878918731155943683e-02
5.010000000000000000e+16	2.100000000000000000e+01	-1.712997706808733894e-02
6.310000000000000000e+16	2.100000000000000000e+01	-1.547217229043767496e-02
7.940000000000000000e+16	2.100000000000000000e+01	-1.387236665600703918e-02
1.000000000000000000e+17	2.100000000000000000e+01	-1.234495839820983279e-02
1.000000000000000000e+11	2.300000000000000000e+01	9.249682841339675930e-06
1.258925411794166107e+11	2.300000000000000000e+01	1.165560269139067994e-05
1.584893192461110840e+11	2.300000000000000000e+01	1.469697029767636618e-05
1.995262314968882751e+11	2.300000000000000000e+01	1.855169282388140098e-05
2.511886431509582214e+11	2.300000000000000000e+01	2.345863663810786402e-05
3.162277660168379517e+11	2.300000000000000000e+01	2.974792952038092148e-05
3.981071705534969482e+11	2.300000000000000000e+01	3.787730579807709687e-05
5.011872336272714844e+11	2.300000000000000000e+01	4.842896701754929249e-05
6.309573444801943359e+11	2.300000000000000000e+01	6.164065473031312347e-05
7.943282347242821045e+11	2.300000000000000000e+01	6.874043517331700085e-05
1.000000000000000000e+12	2.300000000000000000e+01	8.091218257325864945e-05
1.260000000000000000e+12	2.300000000000000000e+01	1.059957127783412096e-04
1.580000000000000000e+12	2.300000000000000000e+01	1.329407090124331398e-04
2.000000000000000000e+12	2.300000000000000000e+01	1.700832297275003328e-04
2.510000000000000000e+12	2.300000000000000000e+01	2.148040055576810230e-04
3.160000000000000000e+12	2.300000000000000000e+01	2.703287272075840446e-04
3.980000000000000000e+12	2.300000000000000000e+01	3.390968633207492471e-04
5.010000000000000000e+12	2.300000000000000000e+01	4.265375023876059077e-04
6.310000000000000000e+12	2.300000000000000000e+01	5.378990205384315184e-04
7.940000000000000000e+12	2.300000000000000000e+01	6.771474103039849205e-04
1.000000000000000000e+13	2.300000000000000000e+01	8.516865686817238264e-04
1.260000000000000000e+13	2.300000000000000000e+01	1.072215381872738136e-03
1.580000000000000000e+13	2.300000000000000000e+01	1.342720487613084180e-03
2.000000000000000000e+13	2.300000000000000000e+01	1.699373592498904222e-03
2.510000000000000000e+13	2.300000000000000000e+01	2.134808430967584728e-03
3.160000000000000000e+13	2.300000000000000000e+01	2.689147088188182256e-03
3.980000000000000000e+13	2.300000000000000000e+01	3.387575098380303778e-03
5.010000000000000000e+13	2.300000000000000000e+01	4.260472090033722188e-03
6.310000000000000000e+13	2.300000000000000000e+01	5.351659148044195756e-03
7.940000000000000000e+13	2.300000000000000000e+01	6.726036184253239743e-03
1.000000000000000000e+14	2.300000000000000000e+01	8.533103387746508728e-03
1.260000000000000000e+14	2.300000000000000000e+01	1.094974863557685550e-02
1.580000000000000000e+14	2.300000000000000000e+01	1.414180757498648654e-02
2.000000000000000000e+14	2.300000000000000000e+01	1.866987865193560359e-02
2.510000000000000000e+14	2.300000000000000000e+01	2.402033472780623277e-02
3.160000000000000000e+14	2.300000000000000000e+01	2.987056194164294451e-02
3.980000000000000000e+14	2.300000000000000000e+01	3.513914421847433994e-02
5.010000000000000000e+14	2.300000000000000000e+01	3.864234520978575282e-02
6.310000000000000000e+14	2.300000000000000000e+01	4.040270978406184516e-02
7.940000000000000000e+14	2.300000000000000000e+01	3.827128835808250862e-02
1.000000000000000000e+15	2.300000000000000000e+01	3.364346558013038557e-02
1.260000000000000000e+15	2.300000000000000000e+01	2.691911716681413477e-02
1.580000000000000000e+15	2.300000000000000000e+01	1.895387732521230592e-02
2.000000000000000000e+15	2.300000000000000000e+01	1.120991518634569667e-02
2.510000000000000000e+15	2.300000000000000000e+01	1.904503203659960956e-03
3.160000000000000000e+15	2.300000000000000000e+01	-5.882824765878104031e-03
3.980000000000000000e+15	2.300000000000000000e+01	-1.232825580184558276e-02
5.010000000000000000e+15	2.300000000000000000e+01	-1.734095116584876903e-02
6.310000000000000000e+15	2.300000000000000000e+01	-2.097891240072084079e-02
7.940000000000000000e+15	2.300000000000000000e+01	-2.334555586171583458e-02
1.000000000000000000e+16	2.300000000000000000e+01	-2.462521219257294072e-02
1.260000000000000000e+16	2.300000000000000000e+01	-2.499559397481372625e-02
1.580000000000000000e+16	2.300000000000000000e+01	-2.467790252118436459e-02
2.000000000000000000e+16	2.300000000000000000e+01	-2.377133564211097658e-02
2.510000000000000000e+16	2.300000000000000000e+01	-2.254210536506874238e-02
3.160000000000000000e+16	2.300000000000000000e+01	-2.104128678331177588e-02
3.980000000000000000e+16	2.300000000000000000e+01	-1.939290433329493579e-02
5.010000000000000000e+16	2.300000000000000000e+01	-1.768859745803284464e-02
6.310000000000000000e+16	2.300000000000000000e+01	-1.598229871452642656e-02
7.940000000000000000e+16	2.300000000000000000e+01	-1.433409844212818474e-02
1.000000000000000000e+17	2.300000000000000000e+01	-1.275907577406510014e-02
1.000000000000000000e+11	2.500000000000000000e+01	9.256059173561261195e-06
1.258925411794166107e+11	2.500000000000000000e+01	1.166356700804588905e-05
1.584893192461110840e+11	2.500000000000000000e+01	1.470687707226299823e-05
1.995262314968882751e+11	2.500000000000000000e+01	1.856381748804900673e-05
2.511886431509582214e+11	2.500000000000000000e+01	2.347346127991810203e-05
3.162277660168379517e+11	2.500000000000000000e+01	2.976548200743305526e-05
3.981071705534969482e+11	2.500000000000000000e+01	3.789691473507776127e-05
5.011872336272714844e+11	2.500000000000000000e+01	4.846741104152590501e-05
6.309573444801943359e+11	2.500000000000000000e+01	6.164820513630294005e-05
7.943282347242821045e+11	2.500000000000000000e+01	6.869714050758393058e-05
1.000000000000000000e+12	2.500000000000000000e+01	8.039964638684700209e-05
1.260000000000000000e+12	2.500000000000000000e+01	1.071726920955519397e-04
1.580000000000000000e+12	2.500000000000000000e+01	1.344883528303430305e-04
2.000000000000000000e+12	2.500000000000000000e+01	1.719523580046155187e-04
2.510000000000000000e+12	2.500000000000000000e+01	2.139354640084178744e-04
3.160000000000000000e+12	2.500000000000000000e+01	2.693192794214777238e-04
3.980000000000000000e+12	2.500000000000000000e+01	3.400817412743270757e-04
5.010000000000000000e+12	2.500000000000000000e+01	4.270242386699388704e-04
6.310000000000000000e+12	2.500000000000000000e+01	5.382867546187272223e-04
7.940000000000000000e+12	2.500000000000000000e+01	6.769749160251927649e-04
1.000000000000000000e+13	2.500000000000000000e+01	8.524911495772284587e-04
1.260000000000000000e+13	2.500000000000000000e+01	1.073329394537929273e-03
1.580000000000000000e+13	2.500000000000000000e+01	1.345327398210622791e-03
2.000000000000000000e+13	2.500000000000000000e+01	1.704190206663446731e-03
2.510000000000000000e+13	2.500000000000000000e+01	2.139120469711516207e-03
3.160000000000000000e+13	2.500000000000000000e+01	2.695203601985863683e-03
3.980000000000000000e+13	2.500000000000000000e+01	3.394943054933404272e-03
5.010000000000000000e+13	2.500000000000000000e+01	4.263529327040511269e-03
6.310000000000000000e+13	2.500000000000000000e+01	5.360769333799107750e-03
7.940000000000000000e+13	2.500000000000000000e+01	6.762175722532527342e-03
1.000000000000000000e+14	2.500000000000000000e+01	8.572861420120357970e-03
1.260000000000000000e+14	2.500000000000000000e+01	1.099579782095545799e-02
1.580000000000000000e+14	2.500000000000000000e+01	1.424473902534686975e-02
2.000000000000000000e+14	2.500000000000000000e+01	1.868887769306981639e-02
2.510000000000000000e+14	2.500000000000000000e+01	2.411876757270889696e-02
3.160000000000000000e+14	2.500000000000000000e+01	3.019054870968666121e-02
3.980000000000000000e+14	2.500000000000000000e+01	3.554469220653678346e-02
5.010000000000000000e+14	2.500000000000000000e+01	3.971868410925426945e-02
6.310000000000000000e+14	2.500000000000000000e+01	4.060143125812812337e-02
7.940000000000000000e+14	2.500000000000000000e+01	3.781882613380145586e-02
1.000000000000000000e+15	2.500000000000000000e+01	3.287968423509146643e-02
1.260000000000000000e+15	2.500000000000000000e+01	2.539679027863128019e-02
1.580000000000000000e+15	2.500000000000000000e+01	1.629084057733648158e-02
2.000000000000000000e+15	2.500000000000000000e+01	7.485964036459727064e-03
2.510000000000000000e+15	2.500000000000000000e+01	2.321811549536653284e-04
3.160000000000000000e+15	2.500000000000000000e+01	-6.772919178174326496e-03
3.980000000000000000e+15	2.500000000000000000e+01	-1.270519505510205732e-02
5.010000000000000000e+15	2.500000000000000000e+01	-1.735249942934525766e-02
6.310000000000000000e+15	2.500000000000000000e+01	-2.072684441669614408e-02
7.940000000000000000e+15	2.500000000000000000e+01	-2.290869472436301083e-02
1.000000000000000000e+16	2.500000000000000000e+01	-2.406588256585087335e-02
1.260000000000000000e+16	2.500000000000000000e+01	-2.436225284734242283e-02
1.580000000000000000e+16	2.500000000000000000e+01	-2.400855404547955207e-02
2.000000000000000000e+16	2.500000000000000000e+01	-2.309475380902829833e-02
2.510000000000000000e+16	2.500000000000000000e+01	-2.187865257786621512e-02
3.160000000000000000e+16	2.500000000000000000e+01	-2.040608260238503668e-02
3.980000000000000000e+16	2.500000000000000000e+01	-1.879591228487525675e-02
5.010000000000000000e+16	2.500000000000000000e+01	-1.713545333683669930e-02
6.310000000000000000e+16	2.500000000000000000e+01	-1.547640542555790873e-02
7.940000000000000000e+16	2.500000000000000000e+01	-1.387572761398372760e-02
1.000000000000000000e+17	2.500000000000000000e+01	-1.234763348997380654e-02
