1.000000000000000000e+11	5.000000000000000000e-01	1.699597643420982981e-05
1.258925411794166107e+11	5.000000000000000000e-01	2.142151054215750761e-05
1.584893192461110840e+11	5.000000000000000000e-01	2.701963436746047451e-05
1.995262314968882751e+11	5.000000000000000000e-01	3.412200482113874402e-05
2.511886431509582214e+11	5.000000000000000000e-01	4.317818586484066810e-05
3.162277660168379517e+11	5.000000000000000000e-01	5.481982839984336959e-05
3.981071705534969482e+11	5.000000000000000000e-01	6.997571309528007022e-05
5.011872336272714844e+11	5.000000000000000000e-01	9.007671972510023330e-05
6.309573444801943359e+11	5.000000000000000000e-01	1.173725458326809883e-04
7.943282347242821045e+11	5.000000000000000000e-01	1.555125282199192863e-04
1.000000000000000000e+12	5.000000000000000000e-01	1.779308271012007331e-04
1.260000000000000000e+12	5.000000000000000000e-01	1.869460852766867626e-04
1.580000000000000000e+12	5.000000000000000000e-01	2.151385100177942455e-04
2.000000000000000000e+12	5.000000000000000000e-01	2.582289720060636316e-04
2.510000000000000000e+12	5.000000000000000000e-01	3.134128418224350031e-04
3.160000000000000000e+12	5.000000000000000000e-01	3.854543254017461025e-04
3.980000000000000000e+12	5.000000000000000000e-01	4.777779981882267668e-04
5.010000000000000000e+12	5.000000000000000000e-01	5.948299807936219437e-04
6.310000000000000000e+12	5.000000000000000000e-01	7.438170268735197098e-04
7.940000000000000000e+12	5.000000000000000000e-01	9.315976016463384810e-04
1.000000000000000000e+13	5.000000000000000000e-01	1.169154509289600449e-03
1.260000000000000000e+13	5.000000000000000000e-01	1.466938082869049175e-03
1.580000000000000000e+13	5.000000000000000000e-01	1.833843599635426097e-03
2.000000000000000000e+13	5.000000000000000000e-01	2.323890071820080162e-03
2.510000000000000000e+13	5.000000000000000000e-01	2.929430431069714007e-03
3.160000000000000000e+13	5.000000000000000000e-01	3.705353719599270134e-03
3.980000000000000000e+13	5.000000000000000000e-01	4.665212247599783736e-03
5.010000000000000000e+13	5.000000000000000000e-01	5.785067221863508975e-03
6.310000000000000000e+13	5.000000000000000000e-01	7.031599513187962100e-03
7.940000000000000000e+13	5.000000000000000000e-01	8.399866619443077317e-03
1.000000000000000000e+14	5.000000000000000000e-01	9.992385815682937322e-03
1.260000000000000000e+14	5.000000000000000000e-01	1.204531304039354114e-02
1.580000000000000000e+14	5.000000000000000000e-01	1.482224735973988392e-02
2.000000000000000000e+14	5.000000000000000000e-01	1.886260135204513230e-02
2.510000000000000000e+14	5.000000000000000000e-01	2.387947010384509211e-02
3.160000000000000000e+14	5.000000000000000000e-01	2.949410921674349220e-02
3.980000000000000000e+14	5.000000000000000000e-01	3.466444089247880389e-02
5.010000000000000000e+14	5.000000000000000000e-01	3.815920797051786800e-02
6.310000000000000000e+14	5.000000000000000000e-01	3.904396661808713642e-02
7.940000000000000000e+14	5.000000000000000000e-01	3.693194544171547050e-02
1.000000000000000000e+15	5.000000000000000000e-01	3.198509151019289509e-02
1.260000000000000000e+15	5.000000000000000000e-01	2.516100891125088584e-02
1.580000000000000000e+15	5.000000000000000000e-01	1.724236279088247822e-02
2.000000000000000000e+15	5.000000000000000000e-01	8.660485677442594094e-03
2.510000000000000000e+15	5.000000000000000000e-01	5.566550381174664068e-04
3.160000000000000000e+15	5.000000000000000000e-01	-6.792554726291000558e-03
3.980000000000000000e+15	5.000000000000000000e-01	-1.746630309458210850e-02
5.010000000000000000e+15	5.000000000000000000e-01	-1.777249859550271774e-02
6.310000000000000000e+15	5.000000000000000000e-01	-2.126415880899477917e-02
7.940000000000000000e+15	5.000000000000000000e-01	-2.352260660775613507e-02
1.000000000000000000e+16	5.000000000000000000e-01	-2.472203483845324817e-02
1.260000000000000000e+16	5.000000000000000000e-01	-2.503396637382868106e-02
1.580000000000000000e+16	5.000000000000000000e-01	-2.467534836881507196e-02
2.000000000000000000e+16	5.000000000000000000e-01	-2.373962168097379366e-02
2.510000000000000000e+16	5.000000000000000000e-01	-2.249188702456337077e-02
3.160000000000000000e+16	5.000000000000000000e-01	-2.097971932116632354e-02
3.980000000000000000e+16	5.000000000000000000e-01	-1.932548735739478274e-02
5.010000000000000000e+16	5.000000000000000000e-01	-1.761930457308964401e-02
6.310000000000000000e+16	5.000000000000000000e-01	-1.591385276125003786e-02
7.940000000000000000e+16	5.000000000000000000e-01	-1.426846520680114319e-02
1.000000000000000000e+17	5.000000000000000000e-01	-1.269746570198314328e-02
1.000000000000000000e+11	1.500000000000000000e+00	1.465300460100791404e-05
1.258925411794166107e+11	1.500000000000000000e+00	1.846950383893576780e-05
1.584893192461110840e+11	1.500000000000000000e+00	2.329826181607112511e-05
1.995262314968882751e+11	1.500000000000000000e+00	2.942691493170264804e-05
2.511886431509582214e+11	1.500000000000000000e+00	3.724618869613610439e-05
3.162277660168379517e+11	1.500000000000000000e+00	4.730785276079762424e-05
3.981071705534969482e+11	1.500000000000000000e+00	6.042333041287984390e-05
5.011872336272714844e+11	1.500000000000000000e+00	7.784520079265704853e-05
6.309573444801943359e+11	1.500000000000000000e+00	1.013709083026415557e-04
7.943282347242821045e+11	1.500000000000000000e+00	1.324933933333159708e-04
1.000000000000000000e+12	1.500000000000000000e+00	1.507018243978216479e-04
1.260000000000000000e+12	1.500000000000000000e+00	1.600519494799788824e-04
1.580000000000000000e+12	1.500000000000000000e+00	1.852596184872698178e-04
2.000000000000000000e+12	1.500000000000000000e+00	2.225395813942218062e-04
2.510000000000000000e+12	1.500000000000000000e+00	2.704928033022202050e-04
3.160000000000000000e+12	1.500000000000000000e+00	3.337327648985052614e-04
3.980000000000000000e+12	1.500000000000000000e+00	4.149324444431856142e-04
5.010000000000000000e+12	1.500000000000000000e+00	5.177718383283934529e-04
6.310000000000000000e+12	1.500000000000000000e+00	6.484555536969281893e-04
7.940000000000000000e+12	1.500000000000000000e+00	8.133510289400586006e-04
1.000000000000000000e+13	1.500000000000000000e+00	1.021560594268463781e-03
1.260000000000000000e+13	1.500000000000000000e+00	1.282164564729082424e-03
1.580000000000000000e+13	1.500000000000000000e+00	1.602337103687819083e-03
2.000000000000000000e+13	1.500000000000000000e+00	2.027648170855034931e-03
2.510000000000000000e+13	1.500000000000000000e+00	2.551607773685387465e-03
3.160000000000000000e+13	1.500000000000000000e+00	3.225509757626473378e-03
3.980000000000000000e+13	1.500000000000000000e+00	4.068191707544706499e-03
5.010000000000000000e+13	1.500000000000000000e+00	5.090057308389299602e-03
6.310000000000000000e+13	1.500000000000000000e+00	6.300383843333565853e-03
7.940000000000000000e+13	1.500000000000000000e+00	7.714221437207300150e-03
1.000000000000000000e+14	1.500000000000000000e+00	9.435212508765977377e-03
1.260000000000000000e+14	1.500000000000000000e+00	1.166828055365972013e-02
1.580000000000000000e+14	1.500000000000000000e+00	1.464064057938864287e-02
2.000000000000000000e+14	1.500000000000000000e+00	1.886222369000823892e-02
2.510000000000000000e+14	1.500000000000000000e+00	2.403872916968832762e-02
3.160000000000000000e+14	1.500000000000000000e+00	2.980706725412129304e-02
3.980000000000000000e+14	1.500000000000000000e+00	3.509223343501856329e-02
5.010000000000000000e+14	1.500000000000000000e+00	3.855793181360955141e-02
6.310000000000000000e+14	1.500000000000000000e+00	3.934565933577838237e-02
7.940000000000000000e+14	1.500000000000000000e+00	3.734269398357583508e-02
1.000000000000000000e+15	1.500000000000000000e+00	3.256159453031217538e-02
1.260000000000000000e+15	1.500000000000000000e+00	2.541046377192848066e-02
1.580000000000000000e+15	1.500000000000000000e+00	1.720778376035135906e-02
2.000000000000000000e+15	1.500000000000000000e+00	8.752696516684952549e-03
2.510000000000000000e+15	1.500000000000000000e+00	6.793138731444202296e-04
3.160000000000000000e+15	1.500000000000000000e+00	-6.643106737490201037e-03
3.980000000000000000e+15	1.500000000000000000e+00	-1.278628389930210225e-02
5.010000000000000000e+15	1.500000000000000000e+00	-1.758383651724762173e-02
6.310000000000000000e+15	1.500000000000000000e+00	-2.106458541148670954e-02
7.940000000000000000e+15	1.500000000000000000e+00	-2.331715910803589670e-02
1.000000000000000000e+16	1.500000000000000000e+00	-2.451754610174199794e-02
1.260000000000000000e+16	1.500000000000000000e+00	-2.483407061892516088e-02
1.580000000000000000e+16	1.500000000000000000e+00	-2.448321268507957019e-02
2.000000000000000000e+16	1.500000000000000000e+00	-2.355834516885681532e-02
2.510000000000000000e+16	1.500000000000000000e+00	-2.232260821804115183e-02
3.160000000000000000e+16	1.500000000000000000e+00	-2.082363312851105014e-02
3.980000000000000000e+16	1.500000000000000000e+00	-1.918303241915080698e-02
5.010000000000000000e+16	1.500000000000000000e+00	-1.749022889165187736e-02
6.310000000000000000e+16	1.500000000000000000e+00	-1.579758122689724209e-02
7.940000000000000000e+16	1.500000000000000000e+00	-1.416524197740216817e-02
1.000000000000000000e+17	1.500000000000000000e+00	-1.260602742537001580e-02
1.000000000000000000e+11	2.500000000000000000e+00	1.342645581230307804e-05
1.258925411794166107e+11	2.500000000000000000e+00	1.692319516849446763e-05
1.584893192461110840e+11	2.500000000000000000e+00	2.134734815602382061e-05
1.995262314968882751e+11	2.500000000000000000e+00	1.972168671332074594e-05
2.511886431509582214e+11	2.500000000000000000e+00	3.412618369303238835e-05
3.162277660168379517e+11	2.500000000000000000e+00	4.334340225568075207e-05
3.981071705534969482e+11	2.500000000000000000e+00	5.535292152566400600e-05
5.011872336272714844e+11	2.500000000000000000e+00	7.128079194756745617e-05
6.309573444801943359e+11	2.500000000000000000e+00	9.261153762287517176e-05
7.943282347242821045e+11	2.500000000000000000e+00	1.189606627607517559e-04
1.000000000000000000e+12	2.500000000000000000e+00	9.897965850372582026e-05
1.260000000000000000e+12	2.500000000000000000e+00	1.472155122593227347e-04
1.580000000000000000e+12	2.500000000000000000e+00	1.716084438536144671e-04
2.000000000000000000e+12	2.500000000000000000e+00	2.078046066498044652e-04
2.510000000000000000e+12	2.500000000000000000e+00	2.536838545105377855e-04
3.160000000000000000e+12	2.500000000000000000e+00	3.137490461855270223e-04
3.980000000000000000e+12	2.500000000000000000e+00	3.908441933413614759e-04
5.010000000000000000e+12	2.500000000000000000e+00	4.886403997855021586e-04
6.310000000000000000e+12	2.500000000000000000e+00	6.129359354804119918e-04
7.940000000000000000e+12	2.500000000000000000e+00	7.693765586489609678e-04
1.000000000000000000e+13	2.500000000000000000e+00	9.669042417770977839e-04
1.260000000000000000e+13	2.500000000000000000e+00	1.213820714503657848e-03
1.580000000000000000e+13	2.500000000000000000e+00	1.517122998353129205e-03
2.000000000000000000e+13	2.500000000000000000e+00	1.919520705222514147e-03
2.510000000000000000e+13	2.500000000000000000e+00	2.414396540034972980e-03
3.160000000000000000e+13	2.500000000000000000e+00	3.048327398580750417e-03
3.980000000000000000e+13	2.500000000000000000e+00	3.848064031110720769e-03
5.010000000000000000e+13	2.500000000000000000e+00	4.829127653559873654e-03
6.310000000000000000e+13	2.500000000000000000e+00	6.015239141296558137e-03
7.940000000000000000e+13	2.500000000000000000e+00	7.440784585054034499e-03
1.000000000000000000e+14	2.500000000000000000e+00	9.205437989220138437e-03
1.260000000000000000e+14	2.500000000000000000e+00	1.151169633907656031e-02
1.580000000000000000e+14	2.500000000000000000e+00	1.455848465030596880e-02
2.000000000000000000e+14	2.500000000000000000e+00	1.885122098825660342e-02
2.510000000000000000e+14	2.500000000000000000e+00	2.408392842982022553e-02
3.160000000000000000e+14	2.500000000000000000e+00	2.992059946335065210e-02
3.980000000000000000e+14	2.500000000000000000e+00	3.520390889619093300e-02
5.010000000000000000e+14	2.500000000000000000e+00	3.864784095401892910e-02
6.310000000000000000e+14	2.500000000000000000e+00	3.961842889333187095e-02
7.940000000000000000e+14	2.500000000000000000e+00	3.740196143165643028e-02
1.000000000000000000e+15	2.500000000000000000e+00	3.240125573648104662e-02
1.260000000000000000e+15	2.500000000000000000e+00	2.553775323072707271e-02
1.580000000000000000e+15	2.500000000000000000e+00	1.759377421415895051e-02
2.000000000000000000e+15	2.500000000000000000e+00	9.186646041553798298e-03
2.510000000000000000e+15	2.500000000000000000e+00	9.089275861858327503e-04
3.160000000000000000e+15	2.500000000000000000e+00	-6.482118941113486875e-03
3.980000000000000000e+15	2.500000000000000000e+00	-1.266623550796825912e-02
5.010000000000000000e+15	2.500000000000000000e+00	-1.749176687966608884e-02
6.310000000000000000e+15	2.500000000000000000e+00	-2.099299741162429303e-02
7.940000000000000000e+15	2.500000000000000000e+00	-2.326177451967764709e-02
1.000000000000000000e+16	2.500000000000000000e+00	-2.447328105014593205e-02
1.260000000000000000e+16	2.500000000000000000e+00	-2.479911180048511438e-02
1.580000000000000000e+16	2.500000000000000000e+00	-2.445540186496077822e-02
2.000000000000000000e+16	2.500000000000000000e+00	-2.353642785327874146e-02
2.510000000000000000e+16	2.500000000000000000e+00	-2.230515120599852602e-02
3.160000000000000000e+16	2.500000000000000000e+00	-2.081013542884758982e-02
3.980000000000000000e+16	2.500000000000000000e+00	-1.917204145446028615e-02
5.010000000000000000e+16	2.500000000000000000e+00	-1.748165263939173777e-02
6.310000000000000000e+16	2.500000000000000000e+00	-1.579118790238090778e-02
7.940000000000000000e+16	2.500000000000000000e+00	-1.415973595823131342e-02
1.000000000000000000e+17	2.500000000000000000e+00	-1.260162201639567457e-02
1.000000000000000000e+11	3.500000000000000000e+00	1.251997074519791989e-05
1.258925411794166107e+11	3.500000000000000000e+00	1.577973938160485385e-05
1.584893192461110840e+11	3.500000000000000000e+00	1.990442215218098072e-05
1.995262314968882751e+11	3.500000000000000000e+00	2.513885039242540157e-05
2.511886431509582214e+11	3.500000000000000000e+00	3.181626500656126617e-05
3.162277660168379517e+11	3.500000000000000000e+00	4.040513083248094750e-05
3.981071705534969482e+11	3.500000000000000000e+00	5.158867019795213596e-05
5.011872336272714844e+11	3.500000000000000000e+00	6.638986891006620360e-05
6.309573444801943359e+11	3.500000000000000000e+00	8.605538206701536996e-05
7.943282347242821045e+11	3.500000000000000000e+00	1.087040933908707015e-04
1.000000000000000000e+12	3.500000000000000000e+00	1.240552645322850513e-04
1.260000000000000000e+12	3.500000000000000000e+00	1.377942015582839003e-04
1.580000000000000000e+12	3.500000000000000000e+00	1.627332623168856900e-04
2.000000000000000000e+12	3.500000000000000000e+00	1.979939497422835294e-04
2.510000000000000000e+12	3.500000000000000000e+00	2.425702173565586991e-04
3.160000000000000000e+12	3.500000000000000000e+00	3.010031761171235343e-04
3.980000000000000000e+12	3.500000000000000000e+00	3.754074066986543196e-04
5.010000000000000000e+12	3.500000000000000000e+00	4.698619923238299520e-04
6.310000000000000000e+12	3.500000000000000000e+00	5.896542006984211012e-04
7.940000000000000000e+12	3.500000000000000000e+00	7.403731281750965208e-04
1.000000000000000000e+13	3.500000000000000000e+00	9.308501748640132367e-04
1.260000000000000000e+13	3.500000000000000000e+00	1.169578396505702948e-03
1.580000000000000000e+13	3.500000000000000000e+00	1.461801907466343158e-03
2.000000000000000000e+13	3.500000000000000000e+00	1.848407391647859804e-03
2.510000000000000000e+13	3.500000000000000000e+00	2.322988888464905168e-03
3.160000000000000000e+13	3.500000000000000000e+00	2.933644078488315248e-03
3.980000000000000000e+13	3.500000000000000000e+00	3.703808992276326050e-03
5.010000000000000000e+13	3.500000000000000000e+00	4.658028952149580355e-03
6.310000000000000000e+13	3.500000000000000000e+00	5.821085581686951359e-03
7.940000000000000000e+13	3.500000000000000000e+00	7.239400670537013936e-03
1.000000000000000000e+14	3.500000000000000000e+00	9.038540108665267178e-03
1.260000000000000000e+14	3.500000000000000000e+00	1.137408802068528429e-02
1.580000000000000000e+14	3.500000000000000000e+00	1.445286324371855384e-02
2.000000000000000000e+14	3.500000000000000000e+00	1.882153735271663644e-02
2.510000000000000000e+14	3.500000000000000000e+00	2.408391236408994815e-02
3.160000000000000000e+14	3.500000000000000000e+00	2.981550912111204793e-02
3.980000000000000000e+14	3.500000000000000000e+00	3.519896318209042585e-02
5.010000000000000000e+14	3.500000000000000000e+00	3.901333958846614491e-02
6.310000000000000000e+14	3.500000000000000000e+00	3.987402806524833337e-02
7.940000000000000000e+14	3.500000000000000000e+00	3.765595266859851631e-02
1.000000000000000000e+15	3.500000000000000000e+00	3.286228156299519920e-02
1.260000000000000000e+15	3.500000000000000000e+00	2.594786240523887927e-02
1.580000000000000000e+15	3.500000000000000000e+00	1.775751612740467805e-02
2.000000000000000000e+15	3.500000000000000000e+00	9.065023220533818815e-03
2.510000000000000000e+15	3.500000000000000000e+00	9.064010444578364306e-04
3.160000000000000000e+15	3.500000000000000000e+00	-6.470998867163673708e-03
3.980000000000000000e+15	3.500000000000000000e+00	-1.265318637202607170e-02
5.010000000000000000e+15	3.500000000000000000e+00	-1.747961499094012605e-02
6.310000000000000000e+15	3.500000000000000000e+00	-2.098270857143007609e-02
7.940000000000000000e+15	3.500000000000000000e+00	-2.325289551776215519e-02
1.000000000000000000e+16	3.500000000000000000e+00	-2.446636430105082749e-02
1.260000000000000000e+16	3.500000000000000000e+00	-2.479351990067090589e-02
1.580000000000000000e+16	3.500000000000000000e+00	-2.445093366146951219e-02
2.000000000000000000e+16	3.500000000000000000e+00	-2.353287048067607967e-02
2.510000000000000000e+16	3.500000000000000000e+00	-2.230232424467578842e-02
3.160000000000000000e+16	3.500000000000000000e+00	-2.080751487528627666e-02
3.980000000000000000e+16	3.500000000000000000e+00	-1.917025171602777106e-02
5.010000000000000000e+16	3.500000000000000000e+00	-1.748007482097173326e-02
6.310000000000000000e+16	3.500000000000000000e+00	-1.579008884450763470e-02
7.940000000000000000e+16	3.500000000000000000e+00	-1.415883443645425677e-02
1.000000000000000000e+17	3.500000000000000000e+00	-1.260095435265235278e-02
1.000000000000000000e+11	4.500000000000000000e+00	1.184647356785627697e-05
1.258925411794166107e+11	4.500000000000000000e+00	1.493098102358489335e-05
1.584893192461110840e+11	4.500000000000000000e+00	1.883306505350756111e-05
1.995262314968882751e+11	4.500000000000000000e+00	2.378435511984364483e-05
2.511886431509582214e+11	4.500000000000000000e+00	3.009889784074374039e-05
3.162277660168379517e+11	4.500000000000000000e+00	3.821777336734998796e-05
3.981071705534969482e+11	4.500000000000000000e+00	4.878107570192018210e-05
5.011872336272714844e+11	4.500000000000000000e+00	6.272712053514729056e-05
6.309573444801943359e+11	4.500000000000000000e+00	8.110964374231299453e-05
7.943282347242821045e+11	4.500000000000000000e+00	1.007880601894150954e-04
1.000000000000000000e+12	4.500000000000000000e+00	1.152680360815980449e-04
1.260000000000000000e+12	4.500000000000000000e+00	1.312501097636418253e-04
1.580000000000000000e+12	4.500000000000000000e+00	1.563463424423238704e-04
2.000000000000000000e+12	4.500000000000000000e+00	1.913166406872663381e-04
2.510000000000000000e+12	4.500000000000000000e+00	2.354791727329600694e-04
3.160000000000000000e+12	4.500000000000000000e+00	2.927688228232638423e-04
3.980000000000000000e+12	4.500000000000000000e+00	3.659399776604752757e-04
5.010000000000000000e+12	4.500000000000000000e+00	4.584897100951073560e-04
6.310000000000000000e+12	4.500000000000000000e+00	5.755871297575160554e-04
7.940000000000000000e+12	4.500000000000000000e+00	7.229894999044194541e-04
1.000000000000000000e+13	4.500000000000000000e+00	9.091052508300114963e-04
1.260000000000000000e+13	4.500000000000000000e+00	1.141977550269459305e-03
1.580000000000000000e+13	4.500000000000000000e+00	1.428128739538364221e-03
2.000000000000000000e+13	4.500000000000000000e+00	1.806172358761604611e-03
2.510000000000000000e+13	4.500000000000000000e+00	2.269113643347497791e-03
3.160000000000000000e+13	4.500000000000000000e+00	2.861997619090564209e-03
3.980000000000000000e+13	4.500000000000000000e+00	3.611074072813777285e-03
5.010000000000000000e+13	4.500000000000000000e+00	4.541937099985961582e-03
6.310000000000000000e+13	4.500000000000000000e+00	5.699054037287624649e-03
7.940000000000000000e+13	4.500000000000000000e+00	7.111262860065234448e-03
1.000000000000000000e+14	4.500000000000000000e+00	8.892562612113054377e-03
1.260000000000000000e+14	4.500000000000000000e+00	1.127791121397113405e-02
1.580000000000000000e+14	4.500000000000000000e+00	1.442065826591257607e-02
2.000000000000000000e+14	4.500000000000000000e+00	1.879419042407353205e-02
2.510000000000000000e+14	4.500000000000000000e+00	2.414622249287377148e-02
3.160000000000000000e+14	4.500000000000000000e+00	2.988466799918182773e-02
3.980000000000000000e+14	4.500000000000000000e+00	3.511490080551639414e-02
5.010000000000000000e+14	4.500000000000000000e+00	3.873420175298646073e-02
6.310000000000000000e+14	4.500000000000000000e+00	3.972578454991903402e-02
7.940000000000000000e+14	4.500000000000000000e+00	3.764837924061630037e-02
1.000000000000000000e+15	4.500000000000000000e+00	3.251156165534112991e-02
1.260000000000000000e+15	4.500000000000000000e+00	2.554923044849257210e-02
1.580000000000000000e+15	4.500000000000000000e+00	1.757383590496175776e-02
2.000000000000000000e+15	4.500000000000000000e+00	8.966073838792764164e-03
2.510000000000000000e+15	4.500000000000000000e+00	8.724198364444439103e-04
3.160000000000000000e+15	4.500000000000000000e+00	-6.446554820143633735e-03
3.980000000000000000e+15	4.500000000000000000e+00	-1.258063900748769733e-02
5.010000000000000000e+15	4.500000000000000000e+00	-1.736986656980958610e-02
6.310000000000000000e+15	4.500000000000000000e+00	-2.084566714303302121e-02
7.940000000000000000e+15	4.500000000000000000e+00	-2.309778204792198308e-02
1.000000000000000000e+16	4.500000000000000000e+00	-2.430128891173050434e-02
1.260000000000000000e+16	4.500000000000000000e+00	-2.462482990016255646e-02
1.580000000000000000e+16	4.500000000000000000e+00	-2.428372618724492296e-02
2.000000000000000000e+16	4.500000000000000000e+00	-2.337129581725175612e-02
2.510000000000000000e+16	4.500000000000000000e+00	-2.214875462690837904e-02
3.160000000000000000e+16	4.500000000000000000e+00	-2.066390051847441164e-02
3.980000000000000000e+16	4.500000000000000000e+00	-1.903768390844790340e-02
5.010000000000000000e+16	4.500000000000000000e+00	-1.735902388736653562e-02
6.310000000000000000e+16	4.500000000000000000e+00	-1.568062125368762869e-02
7.940000000000000000e+16	4.500000000000000000e+00	-1.406057013437075551e-02
1.000000000000000000e+17	4.500000000000000000e+00	-1.251341737580884995e-02
1.000000000000000000e+11	6.000000000000000000e+00	1.102050164199307933e-05
1.258925411794166107e+11	6.000000000000000000e+00	1.388920457047649690e-05
1.584893192461110840e+11	6.000000000000000000e+00	1.751755063475737289e-05
1.995262314968882751e+11	6.000000000000000000e+00	2.212009276355102658e-05
2.511886431509582214e+11	6.000000000000000000e+00	2.798719835359901636e-05
3.162277660168379517e+11	6.000000000000000000e+00	3.552486894851835173e-05
3.981071705534969482e+11	6.000000000000000000e+00	4.531462790066313848e-05
5.011872336272714844e+11	6.000000000000000000e+00	5.819308721768674374e-05
6.309573444801943359e+11	6.000000000000000000e+00	7.492561450234122892e-05
7.943282347242821045e+11	6.000000000000000000e+00	9.062760146660430328e-05
1.000000000000000000e+12	6.000000000000000000e+00	1.043029514445520015e-04
1.260000000000000000e+12	6.000000000000000000e+00	1.233378910736796885e-04
1.580000000000000000e+12	6.000000000000000000e+00	1.491973191856002610e-04
2.000000000000000000e+12	6.000000000000000000e+00	1.846914303205428819e-04
2.510000000000000000e+12	6.000000000000000000e+00	2.285992459482696286e-04
3.160000000000000000e+12	6.000000000000000000e+00	2.850436991699801734e-04
3.980000000000000000e+12	6.000000000000000000e+00	3.570174965205830586e-04
5.010000000000000000e+12	6.000000000000000000e+00	4.476487452156395572e-04
6.310000000000000000e+12	6.000000000000000000e+00	5.622626912832333519e-04
7.940000000000000000e+12	6.000000000000000000e+00	7.065604451893629789e-04
1.000000000000000000e+13	6.000000000000000000e+00	8.886430139197519030e-04
1.260000000000000000e+13	6.000000000000000000e+00	1.116923084018052199e-03
1.580000000000000000e+13	6.000000000000000000e+00	1.396485949944789974e-03
2.000000000000000000e+13	6.000000000000000000e+00	1.764387517818347519e-03
2.510000000000000000e+13	6.000000000000000000e+00	2.217978571551753198e-03
3.160000000000000000e+13	6.000000000000000000e+00	2.796744076226693240e-03
3.980000000000000000e+13	6.000000000000000000e+00	3.526715225539048953e-03
5.010000000000000000e+13	6.000000000000000000e+00	4.436219378105534655e-03
6.310000000000000000e+13	6.000000000000000000e+00	5.565355765337667501e-03
7.940000000000000000e+13	6.000000000000000000e+00	6.990291639504377444e-03
1.000000000000000000e+14	6.000000000000000000e+00	8.811739040944011059e-03
1.260000000000000000e+14	6.000000000000000000e+00	1.118965987013616561e-02
1.580000000000000000e+14	6.000000000000000000e+00	1.433399155951017162e-02
2.000000000000000000e+14	6.000000000000000000e+00	1.874368366074386991e-02
2.510000000000000000e+14	6.000000000000000000e+00	2.401751373239485385e-02
3.160000000000000000e+14	6.000000000000000000e+00	2.998812846187504100e-02
3.980000000000000000e+14	6.000000000000000000e+00	3.539798125219179720e-02
5.010000000000000000e+14	6.000000000000000000e+00	3.888312722673933214e-02
6.310000000000000000e+14	6.000000000000000000e+00	3.987870388757965706e-02
7.940000000000000000e+14	6.000000000000000000e+00	3.777489336024986155e-02
1.000000000000000000e+15	6.000000000000000000e+00	3.289304790003820533e-02
1.260000000000000000e+15	6.000000000000000000e+00	2.589712578014250963e-02
1.580000000000000000e+15	6.000000000000000000e+00	1.779706869703034586e-02
2.000000000000000000e+15	6.000000000000000000e+00	9.229885362171577623e-03
2.510000000000000000e+15	6.000000000000000000e+00	1.007779921471491438e-03
3.160000000000000000e+15	6.000000000000000000e+00	-6.373892961501649058e-03
3.980000000000000000e+15	6.000000000000000000e+00	-1.255274788005434489e-02
5.010000000000000000e+15	6.000000000000000000e+00	-1.737518986606710267e-02
6.310000000000000000e+15	6.000000000000000000e+00	-2.087542821761616263e-02
7.940000000000000000e+15	6.000000000000000000e+00	-2.314476171209771047e-02
1.000000000000000000e+16	6.000000000000000000e+00	-2.435974405523237338e-02
1.260000000000000000e+16	6.000000000000000000e+00	-2.469018904393552316e-02
1.580000000000000000e+16	6.000000000000000000e+00	-2.435218866609662608e-02
2.000000000000000000e+16	6.000000000000000000e+00	-2.344012836795545188e-02
2.510000000000000000e+16	6.000000000000000000e+00	-2.221601709404499164e-02
3.160000000000000000e+16	6.000000000000000000e+00	-2.072816424165276408e-02
3.980000000000000000e+16	6.000000000000000000e+00	-1.909797617641292508e-02
5.010000000000000000e+16	6.000000000000000000e+00	-1.741478891179974731e-02
6.310000000000000000e+16	6.000000000000000000e+00	-1.573157232319763801e-02
7.940000000000000000e+16	6.000000000000000000e+00	-1.410670276688795986e-02
1.000000000000000000e+17	6.000000000000000000e+00	-1.255477210215531769e-02
1.000000000000000000e+11	8.000000000000000000e+00	1.039136649672985161e-05
1.258925411794166107e+11	8.000000000000000000e+00	1.309569590641839363e-05
1.584893192461110840e+11	8.000000000000000000e+00	1.651553752428156546e-05
1.995262314968882751e+11	8.000000000000000000e+00	2.085257235814320695e-05
2.511886431509582214e+11	8.000000000000000000e+00	2.637880610988002975e-05
3.162277660168379517e+11	8.000000000000000000e+00	3.347326309601443274e-05
3.981071705534969482e+11	8.000000000000000000e+00	4.267966793906178988e-05
5.011872336272714844e+11	8.000000000000000000e+00	5.473201134971748182e-05
6.309573444801943359e+11	8.000000000000000000e+00	7.022275881735522997e-05
7.943282347242821045e+11	8.000000000000000000e+00	8.293380012719248876e-05
1.000000000000000000e+12	8.000000000000000000e+00	9.584896622187659117e-05
1.260000000000000000e+12	8.000000000000000000e+00	1.171994997081155312e-04
1.580000000000000000e+12	8.000000000000000000e+00	1.438039720791261969e-04
2.000000000000000000e+12	8.000000000000000000e+00	1.794629775153071944e-04
2.510000000000000000e+12	8.000000000000000000e+00	2.231943321079926548e-04
3.160000000000000000e+12	8.000000000000000000e+00	2.792995063742679802e-04
3.980000000000000000e+12	8.000000000000000000e+00	3.502947144161333657e-04
5.010000000000000000e+12	8.000000000000000000e+00	4.396366381995898856e-04
6.310000000000000000e+12	8.000000000000000000e+00	5.528118607464782737e-04
7.940000000000000000e+12	8.000000000000000000e+00	6.947669557994552974e-04
1.000000000000000000e+13	8.000000000000000000e+00	8.735851739476217879e-04
1.260000000000000000e+13	8.000000000000000000e+00	1.098898916334143175e-03
1.580000000000000000e+13	8.000000000000000000e+00	1.375594339868219671e-03
2.000000000000000000e+13	8.000000000000000000e+00	1.739382793522239058e-03
2.510000000000000000e+13	8.000000000000000000e+00	2.183460699454168978e-03
3.160000000000000000e+13	8.000000000000000000e+00	2.752596407196118353e-03
3.980000000000000000e+13	8.000000000000000000e+00	3.469563432327893698e-03
5.010000000000000000e+13	8.000000000000000000e+00	4.363419831233066211e-03
6.310000000000000000e+13	8.000000000000000000e+00	5.488250425121611598e-03
7.940000000000000000e+13	8.000000000000000000e+00	6.892238438077964713e-03
1.000000000000000000e+14	8.000000000000000000e+00	8.704813466569169197e-03
1.260000000000000000e+14	8.000000000000000000e+00	1.111533089778286680e-02
1.580000000000000000e+14	8.000000000000000000e+00	1.429573728020447007e-02
2.000000000000000000e+14	8.000000000000000000e+00	1.875133649711430497e-02
2.510000000000000000e+14	8.000000000000000000e+00	2.416198031059067428e-02
3.160000000000000000e+14	8.000000000000000000e+00	2.998525676382375951e-02
3.980000000000000000e+14	8.000000000000000000e+00	3.528367597397213257e-02
5.010000000000000000e+14	8.000000000000000000e+00	3.890545285067760484e-02
6.310000000000000000e+14	8.000000000000000000e+00	3.977029567515694142e-02
7.940000000000000000e+14	8.000000000000000000e+00	3.790085592698850397e-02
1.000000000000000000e+15	8.000000000000000000e+00	3.279327471452482545e-02
1.260000000000000000e+15	8.000000000000000000e+00	2.544027346843488746e-02
1.580000000000000000e+15	8.000000000000000000e+00	1.666629717163321464e-02
2.000000000000000000e+15	8.000000000000000000e+00	7.624279551955216207e-03
2.510000000000000000e+15	8.000000000000000000e+00	3.195637825959128002e-04
3.160000000000000000e+15	8.000000000000000000e+00	-6.711886308096919745e-03
3.980000000000000000e+15	8.000000000000000000e+00	-1.266020378486752175e-02
5.010000000000000000e+15	8.000000000000000000e+00	-1.731832912196386645e-02
6.310000000000000000e+15	8.000000000000000000e+00	-2.070044462631642421e-02
7.940000000000000000e+15	8.000000000000000000e+00	-2.288855395782790625e-02
1.000000000000000000e+16	8.000000000000000000e+00	-2.404968758444872567e-02
1.260000000000000000e+16	8.000000000000000000e+00	-2.434949865795337648e-02
1.580000000000000000e+16	8.000000000000000000e+00	-2.399838904861136338e-02
2.000000000000000000e+16	8.000000000000000000e+00	-2.308676561871531377e-02
2.510000000000000000e+16	8.000000000000000000e+00	-2.187230374944050884e-02
3.160000000000000000e+16	8.000000000000000000e+00	-2.040102992083345571e-02
3.980000000000000000e+16	8.000000000000000000e+00	-1.879190578134043443e-02
5.010000000000000000e+16	8.000000000000000000e+00	-1.713213892440776723e-02
6.310000000000000000e+16	8.000000000000000000e+00	-1.547388480594946714e-02
7.940000000000000000e+16	8.000000000000000000e+00	-1.387371954971764430e-02
1.000000000000000000e+17	8.000000000000000000e+00	-1.234603395365811360e-02
1.000000000000000000e+11	1.000000000000000000e+01	9.953301215807875378e-06
1.258925411794166107e+11	1.000000000000000000e+01	1.254314523290983366e-05
1.584893192461110840e+11	1.000000000000000000e+01	1.581792160225352120e-05
1.995262314968882751e+11	1.000000000000000000e+01	1.997014575390545268e-05
2.511886431509582214e+11	1.000000000000000000e+01	2.525929493870880118e-05
3.162277660168379517e+11	1.000000000000000000e+01	3.204579904975100326e-05
3.981071705534969482e+11	1.000000000000000000e+01	4.084305852658533367e-05
5.011872336272714844e+11	1.000000000000000000e+01	5.232832710591625125e-05
6.309573444801943359e+11	1.000000000000000000e+01	6.695645639075645933e-05
7.943282347242821045e+11	1.000000000000000000e+01	7.761029680809521569e-05
1.000000000000000000e+12	1.000000000000000000e+01	8.994476316739530492e-05
1.260000000000000000e+12	1.000000000000000000e+01	1.129271595038526830e-04
1.580000000000000000e+12	1.000000000000000000e+01	1.400968379144362493e-04
2.000000000000000000e+12	1.000000000000000000e+01	1.758366148299286835e-04
2.510000000000000000e+12	1.000000000000000000e+01	2.193701974343171949e-04
3.160000000000000000e+12	1.000000000000000000e+01	2.750425499479464218e-04
3.980000000000000000e+12	1.000000000000000000e+01	3.453609093512122370e-04
5.010000000000000000e+12	1.000000000000000000e+01	4.337879168585437165e-04
6.310000000000000000e+12	1.000000000000000000e+01	5.454777962214075408e-04
7.940000000000000000e+12	1.000000000000000000e+01	6.856118947078946105e-04
1.000000000000000000e+13	1.000000000000000000e+01	8.628093734627811798e-04
1.260000000000000000e+13	1.000000000000000000e+01	1.084764367574880036e-03
1.580000000000000000e+13	1.000000000000000000e+01	1.358274029014230498e-03
2.000000000000000000e+13	1.000000000000000000e+01	1.717866093663643215e-03
2.510000000000000000e+13	1.000000000000000000e+01	2.156698354865398213e-03
3.160000000000000000e+13	1.000000000000000000e+01	2.717147492939717308e-03
3.980000000000000000e+13	1.000000000000000000e+01	3.423314458568658958e-03
5.010000000000000000e+13	1.000000000000000000e+01	4.305471610844165999e-03
6.310000000000000000e+13	1.000000000000000000e+01	5.414339575351322792e-03
7.940000000000000000e+13	1.000000000000000000e+01	6.812159694075755126e-03
1.000000000000000000e+14	1.000000000000000000e+01	8.607649335280661076e-03
1.260000000000000000e+14	1.000000000000000000e+01	1.100449206368885394e-02
1.580000000000000000e+14	1.000000000000000000e+01	1.419664257763235925e-02
2.000000000000000000e+14	1.000000000000000000e+01	1.862890604451959350e-02
2.510000000000000000e+14	1.000000000000000000e+01	2.399452649055393641e-02
3.160000000000000000e+14	1.000000000000000000e+01	3.004024049864128729e-02
3.980000000000000000e+14	1.000000000000000000e+01	3.537919436253591371e-02
5.010000000000000000e+14	1.000000000000000000e+01	3.881520679744177721e-02
6.310000000000000000e+14	1.000000000000000000e+01	3.952904031187506190e-02
7.940000000000000000e+14	1.000000000000000000e+01	3.752760615585961496e-02
1.000000000000000000e+15	1.000000000000000000e+01	3.403924012138297844e-02
1.260000000000000000e+15	1.000000000000000000e+01	2.697973424130278852e-02
1.580000000000000000e+15	1.000000000000000000e+01	1.897423927022980419e-02
2.000000000000000000e+15	1.000000000000000000e+01	1.121740577268081664e-02
2.510000000000000000e+15	1.000000000000000000e+01	1.907388889213986393e-03
3.160000000000000000e+15	1.000000000000000000e+01	-5.881864932908752522e-03
3.980000000000000000e+15	1.000000000000000000e+01	-1.232810068710741593e-02
5.010000000000000000e+15	1.000000000000000000e+01	-1.734111042845752626e-02
6.310000000000000000e+15	1.000000000000000000e+01	-2.097917418107162618e-02
7.940000000000000000e+15	1.000000000000000000e+01	-2.334582786844447561e-02
1.000000000000000000e+16	1.000000000000000000e+01	-2.462546624195060055e-02
1.260000000000000000e+16	1.000000000000000000e+01	-2.499581209408123852e-02
1.580000000000000000e+16	1.000000000000000000e+01	-2.467805654176598654e-02
2.000000000000000000e+16	1.000000000000000000e+01	-2.377147624757564373e-02
2.510000000000000000e+16	1.000000000000000000e+01	-2.254222712390703195e-02
3.160000000000000000e+16	1.000000000000000000e+01	-2.104120998569537770e-02
3.980000000000000000e+16	1.000000000000000000e+01	-1.939301183667937328e-02
5.010000000000000000e+16	1.000000000000000000e+01	-1.768836570857206317e-02
6.310000000000000000e+16	1.000000000000000000e+01	-1.598237986213257855e-02
7.940000000000000000e+16	1.000000000000000000e+01	-1.433413606571262884e-02
1.000000000000000000e+17	1.000000000000000000e+01	-1.275911080739358487e-02
1.000000000000000000e+11	1.200000000000000000e+01	9.690952601552839298e-06
1.258925411794166107e+11	1.200000000000000000e+01	1.221217083638953714e-05
1.584893192461110840e+11	1.200000000000000000e+01	1.539976150135554327e-05
1.995262314968882751e+11	1.200000000000000000e+01	1.944069127432800542e-05
2.511886431509582214e+11	1.200000000000000000e+01	2.458674642674146222e-05
3.162277660168379517e+11	1.200000000000000000e+01	3.118638199596974358e-05
3.981071705534969482e+11	1.200000000000000000e+01	3.972900640732372616e-05
5.011872336272714844e+11	1.200000000000000000e+01	5.086662950602525963e-05
6.309573444801943359e+11	1.200000000000000000e+01	6.494361155824961639e-05
7.943282347242821045e+11	1.200000000000000000e+01	7.417709688615008146e-05
1.000000000000000000e+12	1.200000000000000000e+01	8.640758405553580204e-05
1.260000000000000000e+12	1.200000000000000000e+01	1.107288722153788348e-04
1.580000000000000000e+12	1.200000000000000000e+01	1.380763292355654571e-04
2.000000000000000000e+12	1.200000000000000000e+01	1.738742013954531801e-04
2.510000000000000000e+12	1.200000000000000000e+01	2.175667021280707012e-04
3.160000000000000000e+12	1.200000000000000000e+01	2.733596799130098821e-04
3.980000000000000000e+12	1.200000000000000000e+01	3.436174129875957275e-04
5.010000000000000000e+12	1.200000000000000000e+01	4.318263218339927329e-04
6.310000000000000000e+12	1.200000000000000000e+01	5.433565049803081590e-04
7.940000000000000000e+12	1.200000000000000000e+01	6.833419066458582859e-04
1.000000000000000000e+13	1.200000000000000000e+01	8.592590434065253569e-04
1.260000000000000000e+13	1.200000000000000000e+01	1.080798052878833258e-03
1.580000000000000000e+13	1.200000000000000000e+01	1.352942734586660154e-03
2.000000000000000000e+13	1.200000000000000000e+01	1.712531621645192346e-03
2.510000000000000000e+13	1.200000000000000000e+01	2.149966420086031615e-03
3.160000000000000000e+13	1.200000000000000000e+01	2.707400598395879720e-03
3.980000000000000000e+13	1.200000000000000000e+01	3.412916448430670848e-03
5.010000000000000000e+13	1.200000000000000000e+01	4.289968912976844205e-03
6.310000000000000000e+13	1.200000000000000000e+01	5.394666325687748690e-03
7.940000000000000000e+13	1.200000000000000000e+01	6.790004474677735144e-03
1.000000000000000000e+14	1.200000000000000000e+01	8.597477883340948202e-03
1.260000000000000000e+14	1.200000000000000000e+01	1.102336192977799480e-02
1.580000000000000000e+14	1.200000000000000000e+01	1.422679158762679349e-02
2.000000000000000000e+14	1.200000000000000000e+01	1.869733783194880983e-02
2.510000000000000000e+14	1.200000000000000000e+01	2.411607927384299549e-02
3.160000000000000000e+14	1.200000000000000000e+01	2.998095567242713838e-02
3.980000000000000000e+14	1.200000000000000000e+01	3.540186600634138286e-02
5.010000000000000000e+14	1.200000000000000000e+01	3.906823447731307131e-02
6.310000000000000000e+14	1.200000000000000000e+01	3.980188232897936829e-02
7.940000000000000000e+14	1.200000000000000000e+01	3.771423846222582421e-02
1.000000000000000000e+15	1.200000000000000000e+01	3.188121318869942961e-02
1.260000000000000000e+15	1.200000000000000000e+01	2.534422623020655962e-02
1.580000000000000000e+15	1.200000000000000000e+01	1.744064137627823752e-02
2.000000000000000000e+15	1.200000000000000000e+01	7.893652727521767790e-03
2.510000000000000000e+15	1.200000000000000000e+01	4.878408791646694147e-04
3.160000000000000000e+15	1.200000000000000000e+01	-6.593907093287706966e-03
3.980000000000000000e+15	1.200000000000000000e+01	-1.257292781189280582e-02
5.010000000000000000e+15	1.200000000000000000e+01	-1.725181206593412106e-02
6.310000000000000000e+15	1.200000000000000000e+01	-2.064891704301984043e-02
7.940000000000000000e+15	1.200000000000000000e+01	-2.284825363234519596e-02
1.000000000000000000e+16	1.200000000000000000e+01	-2.401799128001048944e-02
1.260000000000000000e+16	1.200000000000000000e+01	-2.432449466011995035e-02
1.580000000000000000e+16	1.200000000000000000e+01	-2.397833429566168309e-02
2.000000000000000000e+16	1.200000000000000000e+01	-2.307110813243373748e-02
2.510000000000000000e+16	1.200000000000000000e+01	-2.185984542179480322e-02
3.160000000000000000e+16	1.200000000000000000e+01	-2.039145803290646347e-02
3.980000000000000000e+16	1.200000000000000000e+01	-1.878405050167716861e-02
5.010000000000000000e+16	1.200000000000000000e+01	-1.712590832199935992e-02
6.310000000000000000e+16	1.200000000000000000e+01	-1.546886894911261162e-02
7.940000000000000000e+16	1.200000000000000000e+01	-1.386979732079104445e-02
1.000000000000000000e+17	1.200000000000000000e+01	-1.234291507938886472e-02
1.000000000000000000e+11	1.400000000000000000e+01	9.567127728253385727e-06
1.258925411794166107e+11	1.400000000000000000e+01	1.205583758242897052e-05
1.584893192461110840e+11	1.400000000000000000e+01	1.520206614235456450e-05
1.995262314968882751e+11	1.400000000000000000e+01	1.918997771907228773e-05
2.511886431509582214e+11	1.400000000000000000e+01	2.426741315164201445e-05
3.162277660168379517e+11	1.400000000000000000e+01	3.077646591372671227e-05
3.981071705534969482e+11	1.400000000000000000e+01	3.919601072756594601e-05
5.011872336272714844e+11	1.400000000000000000e+01	5.016313022277659345e-05
6.309573444801943359e+11	1.400000000000000000e+01	6.394506521548523224e-05
7.943282347242821045e+11	1.400000000000000000e+01	7.241844232110564270e-05
1.000000000000000000e+12	1.400000000000000000e+01	8.448324560741057323e-05
1.260000000000000000e+12	1.400000000000000000e+01	1.094954795136342246e-04
1.580000000000000000e+12	1.400000000000000000e+01	1.374242611494843930e-04
2.000000000000000000e+12	1.400000000000000000e+01	1.738741882908424676e-04
2.510000000000000000e+12	1.400000000000000000e+01	2.177815160269596414e-04
3.160000000000000000e+12	1.400000000000000000e+01	2.736372090654380532e-04
3.980000000000000000e+12	1.400000000000000000e+01	3.441341703223638605e-04
5.010000000000000000e+12	1.400000000000000000e+01	4.327203027967116856e-04
6.310000000000000000e+12	1.400000000000000000e+01	5.444876774099840838e-04
7.940000000000000000e+12	1.400000000000000000e+01	6.844112800582169637e-04
1.000000000000000000e+13	1.400000000000000000e+01	8.619168436239646371e-04
1.260000000000000000e+13	1.400000000000000000e+01	1.084933419058074213e-03
1.580000000000000000e+13	1.400000000000000000e+01	1.358961195474299617e-03
2.000000000000000000e+13	1.400000000000000000e+01	1.719372868483483308e-03
2.510000000000000000e+13	1.400000000000000000e+01	2.157339926089272848e-03
3.160000000000000000e+13	1.400000000000000000e+01	2.718052223207515286e-03
3.980000000000000000e+13	1.400000000000000000e+01	3.423981368284580769e-03
5.010000000000000000e+13	1.400000000000000000e+01	4.304807222342267765e-03
6.310000000000000000e+13	1.400000000000000000e+01	5.408952222369012817e-03
7.940000000000000000e+13	1.400000000000000000e+01	6.809884389708739660e-03
1.000000000000000000e+14	1.400000000000000000e+01	8.635799365894527777e-03
1.260000000000000000e+14	1.400000000000000000e+01	1.106522262947728236e-02
1.580000000000000000e+14	1.400000000000000000e+01	1.432406023154863053e-02
2.000000000000000000e+14	1.400000000000000000e+01	1.882939002373945972e-02
2.510000000000000000e+14	1.400000000000000000e+01	2.421240433106452289e-02
3.160000000000000000e+14	1.400000000000000000e+01	3.018516335631532890e-02
3.980000000000000000e+14	1.400000000000000000e+01	3.571405244029984827e-02
5.010000000000000000e+14	1.400000000000000000e+01	3.943093090937732637e-02
6.310000000000000000e+14	1.400000000000000000e+01	4.061591831407481562e-02
7.940000000000000000e+14	1.400000000000000000e+01	3.867999685348991190e-02
1.000000000000000000e+15	1.400000000000000000e+01	3.347861024662702328e-02
1.260000000000000000e+15	1.400000000000000000e+01	2.562410719797643052e-02
1.580000000000000000e+15	1.400000000000000000e+01	1.842496728009414969e-02
2.000000000000000000e+15	1.400000000000000000e+01	1.087107635706676019e-02
2.510000000000000000e+15	1.400000000000000000e+01	1.660560306244268603e-03
3.160000000000000000e+15	1.400000000000000000e+01	-6.065636883048640404e-03
3.980000000000000000e+15	1.400000000000000000e+01	-1.246844749393520753e-02
5.010000000000000000e+15	1.400000000000000000e+01	-1.745003995559307741e-02
6.310000000000000000e+15	1.400000000000000000e+01	-2.106441100481169434e-02
7.940000000000000000e+15	1.400000000000000000e+01	-2.341296796794046717e-02
1.000000000000000000e+16	1.400000000000000000e+01	-2.467846747056147427e-02
1.260000000000000000e+16	1.400000000000000000e+01	-2.503772372929672502e-02
1.580000000000000000e+16	1.400000000000000000e+01	-2.471142256881888807e-02
2.000000000000000000e+16	1.400000000000000000e+01	-2.379778837604171540e-02
2.510000000000000000e+16	1.400000000000000000e+01	-2.256315564552247369e-02
3.160000000000000000e+16	1.400000000000000000e+01	-2.105800361982037433e-02
3.980000000000000000e+16	1.400000000000000000e+01	-1.940618719667470612e-02
5.010000000000000000e+16	1.400000000000000000e+01	-1.769914406518238725e-02
6.310000000000000000e+16	1.400000000000000000e+01	-1.599064780570558925e-02
7.940000000000000000e+16	1.400000000000000000e+01	-1.434074666468186307e-02
1.000000000000000000e+17	1.400000000000000000e+01	-1.276436389682859482e-02
1.000000000000000000e+11	1.600000000000000000e+01	9.305355513920924470e-06
1.258925411794166107e+11	1.600000000000000000e+01	1.172596835933990600e-05
1.584893192461110840e+11	1.600000000000000000e+01	1.478620515984427306e-05
1.995262314968882751e+11	1.600000000000000000e+01	1.866527514075710671e-05
2.511886431509582214e+11	1.600000000000000000e+01	2.360418216951409235e-05
3.162277660168379517e+11	1.600000000000000000e+01	2.993615871334569473e-05
3.981071705534969482e+11	1.600000000000000000e+01	3.812651980065282501e-05
5.011872336272714844e+11	1.600000000000000000e+01	4.878447402240508103e-05
6.309573444801943359e+11	1.600000000000000000e+01	6.214601313190399549e-05
7.943282347242821045e+11	1.600000000000000000e+01	6.979471784533376960e-05
1.000000000000000000e+12	1.600000000000000000e+01	8.139672557015493386e-05
1.260000000000000000e+12	1.600000000000000000e+01	1.066216954800867098e-04
1.580000000000000000e+12	1.600000000000000000e+01	1.343111477570746643e-04
2.000000000000000000e+12	1.600000000000000000e+01	1.700136088261662126e-04
2.510000000000000000e+12	1.600000000000000000e+01	2.131008417737045900e-04
3.160000000000000000e+12	1.600000000000000000e+01	2.681714425161174902e-04
3.980000000000000000e+12	1.600000000000000000e+01	3.375409257238521179e-04
5.010000000000000000e+12	1.600000000000000000e+01	4.244285564889575856e-04
6.310000000000000000e+12	1.600000000000000000e+01	5.339728636181962328e-04
7.940000000000000000e+12	1.600000000000000000e+01	6.718871332840356363e-04
1.000000000000000000e+13	1.600000000000000000e+01	8.455089566398776889e-04
1.260000000000000000e+13	1.600000000000000000e+01	1.063295156124350119e-03
1.580000000000000000e+13	1.600000000000000000e+01	1.332468416320804500e-03
2.000000000000000000e+13	1.600000000000000000e+01	1.686914085774042678e-03
2.510000000000000000e+13	1.600000000000000000e+01	2.118804178627945074e-03
3.160000000000000000e+13	1.600000000000000000e+01	2.671523968311306872e-03
3.980000000000000000e+13	1.600000000000000000e+01	3.365232702084187781e-03
5.010000000000000000e+13	1.600000000000000000e+01	4.229942124323620399e-03
6.310000000000000000e+13	1.600000000000000000e+01	5.313756782012326631e-03
7.940000000000000000e+13	1.600000000000000000e+01	6.687656503161315720e-03
1.000000000000000000e+14	1.600000000000000000e+01	8.480020697990028195e-03
1.260000000000000000e+14	1.600000000000000000e+01	1.086616748165083329e-02
1.580000000000000000e+14	1.600000000000000000e+01	1.404238910244081338e-02
2.000000000000000000e+14	1.600000000000000000e+01	1.850933219927496445e-02
2.510000000000000000e+14	1.600000000000000000e+01	2.381031635296563739e-02
3.160000000000000000e+14	1.600000000000000000e+01	2.963737472747257629e-02
3.980000000000000000e+14	1.600000000000000000e+01	3.490597584474850607e-02
5.010000000000000000e+14	1.600000000000000000e+01	3.821767238416118317e-02
6.310000000000000000e+14	1.600000000000000000e+01	3.971949016444713265e-02
7.940000000000000000e+14	1.600000000000000000e+01	3.743881881694997166e-02
1.000000000000000000e+15	1.600000000000000000e+01	3.210106272671531952e-02
1.260000000000000000e+15	1.600000000000000000e+01	2.667888608854347351e-02
1.580000000000000000e+15	1.600000000000000000e+01	1.799531492974772856e-02
2.000000000000000000e+15	1.600000000000000000e+01	8.252297203390256478e-03
2.510000000000000000e+15	1.600000000000000000e+01	7.470871794020324122e-04
3.160000000000000000e+15	1.600000000000000000e+01	-6.399196461811897975e-03
3.980000000000000000e+15	1.600000000000000000e+01	-1.242337673002479742e-02
5.010000000000000000e+15	1.600000000000000000e+01	-1.712779486862597497e-02
6.310000000000000000e+15	1.600000000000000000e+01	-2.055759998372151676e-02
7.940000000000000000e+15	1.600000000000000000e+01	-2.277621128114967405e-02
1.000000000000000000e+16	1.600000000000000000e+01	-2.396106818919731610e-02
1.260000000000000000e+16	1.600000000000000000e+01	-2.427945506654895572e-02
1.580000000000000000e+16	1.600000000000000000e+01	-2.394269319852348338e-02
2.000000000000000000e+16	1.600000000000000000e+01	-2.304281968526940630e-02
2.510000000000000000e+16	1.600000000000000000e+01	-2.183736776124924756e-02
3.160000000000000000e+16	1.600000000000000000e+01	-2.037368215133085469e-02
3.980000000000000000e+16	1.600000000000000000e+01	-1.876983360453174376e-02
5.010000000000000000e+16	1.600000000000000000e+01	-1.711477683704909145e-02
6.310000000000000000e+16	1.600000000000000000e+01	-1.545996187046773732e-02
7.940000000000000000e+16	1.600000000000000000e+01	-1.386269298512535046e-02
1.000000000000000000e+17	1.600000000000000000e+01	-1.233726567831990549e-02
1.000000000000000000e+11	1.800000000000000000e+01	9.378365125689435989e-06
1.258925411794166107e+11	1.800000000000000000e+01	1.181764354806775516e-05
1.584893192461110840e+11	1.800000000000000000e+01	1.490106471769958501e-05
1.995262314968882751e+11	1.800000000000000000e+01	1.880873858708037444e-05
2.511886431509582214e+11	1.800000000000000000e+01	2.378268103668722619e-05
3.162277660168379517e+11	1.800000000000000000e+01	3.015672048539746187e-05
3.981071705534969482e+11	1.800000000000000000e+01	3.839350176129655050e-05
5.011872336272714844e+11	1.800000000000000000e+01	4.908273292922470566e-05
6.309573444801943359e+11	1.800000000000000000e+01	6.247438889459026249e-05
7.943282347242821045e+11	1.800000000000000000e+01	6.987398700426328615e-05
1.000000000000000000e+12	1.800000000000000000e+01	8.183763434727278521e-05
1.260000000000000000e+12	1.800000000000000000e+01	1.080076215062220004e-04
1.580000000000000000e+12	1.800000000000000000e+01	1.361939830241721563e-04
2.000000000000000000e+12	1.800000000000000000e+01	1.726598736833799574e-04
2.510000000000000000e+12	1.800000000000000000e+01	2.168383243065403218e-04
3.160000000000000000e+12	1.800000000000000000e+01	2.728157489526645716e-04
3.980000000000000000e+12	1.800000000000000000e+01	3.432963150618860730e-04
5.010000000000000000e+12	1.800000000000000000e+01	4.319832089137991163e-04
6.310000000000000000e+12	1.800000000000000000e+01	5.442055275498689946e-04
7.940000000000000000e+12	1.800000000000000000e+01	6.835459082326605495e-04
1.000000000000000000e+13	1.800000000000000000e+01	8.600404979301803357e-04
1.260000000000000000e+13	1.800000000000000000e+01	1.083425776235388740e-03
1.580000000000000000e+13	1.800000000000000000e+01	1.357874724839274122e-03
2.000000000000000000e+13	1.800000000000000000e+01	1.718176634575881287e-03
2.510000000000000000e+13	1.800000000000000000e+01	2.156631378847087381e-03
3.160000000000000000e+13	1.800000000000000000e+01	2.714971878989998894e-03
3.980000000000000000e+13	1.800000000000000000e+01	3.419432397792275275e-03
5.010000000000000000e+13	1.800000000000000000e+01	4.295729728652845393e-03
6.310000000000000000e+13	1.800000000000000000e+01	5.407827041959771194e-03
7.940000000000000000e+13	1.800000000000000000e+01	6.809602090445261192e-03
1.000000000000000000e+14	1.800000000000000000e+01	8.623075701464913076e-03
1.260000000000000000e+14	1.800000000000000000e+01	1.107337864196134003e-02
1.580000000000000000e+14	1.800000000000000000e+01	1.431756336908704061e-02
2.000000000000000000e+14	1.800000000000000000e+01	1.881012707444003687e-02
2.510000000000000000e+14	1.800000000000000000e+01	2.432451981041662548e-02
3.160000000000000000e+14	1.800000000000000000e+01	3.043919613855440229e-02
3.980000000000000000e+14	1.800000000000000000e+01	3.596489227599379557e-02
5.010000000000000000e+14	1.800000000000000000e+01	3.999405615049179963e-02
6.310000000000000000e+14	1.800000000000000000e+01	4.068423303928594276e-02
7.940000000000000000e+14	1.800000000000000000e+01	3.813148003388738133e-02
1.000000000000000000e+15	1.800000000000000000e+01	3.328912226606416114e-02
1.260000000000000000e+15	1.800000000000000000e+01	2.550890624264568612e-02
1.580000000000000000e+15	1.800000000000000000e+01	1.834474192930308362e-02
2.000000000000000000e+15	1.800000000000000000e+01	1.081255481481535954e-02
2.510000000000000000e+15	1.800000000000000000e+01	1.616035482885370836e-03
3.160000000000000000e+15	1.800000000000000000e+01	-6.099990444259691114e-03
3.980000000000000000e+15	1.800000000000000000e+01	-1.249524828180452983e-02
5.010000000000000000e+15	1.800000000000000000e+01	-1.747109544283851484e-02
6.310000000000000000e+15	1.800000000000000000e+01	-2.108101620155477737e-02
7.940000000000000000e+15	1.800000000000000000e+01	-2.342573073310899243e-02
1.000000000000000000e+16	1.800000000000000000e+01	-2.468887102810008588e-02
1.260000000000000000e+16	1.800000000000000000e+01	-2.504594532817249614e-02
1.580000000000000000e+16	1.800000000000000000e+01	-2.471798345196340313e-02
2.000000000000000000e+16	1.800000000000000000e+01	-2.380297991130740989e-02
2.510000000000000000e+16	1.800000000000000000e+01	-2.256729063841142816e-02
3.160000000000000000e+16	1.800000000000000000e+01	-2.106127218899274400e-02
3.980000000000000000e+16	1.800000000000000000e+01	-1.940881340275135702e-02
5.010000000000000000e+16	1.800000000000000000e+01	-1.770090667950430241e-02
6.310000000000000000e+16	1.800000000000000000e+01	-1.599229203702882268e-02
7.940000000000000000e+16	1.800000000000000000e+01	-1.434204851040010373e-02
1.000000000000000000e+17	1.800000000000000000e+01	-1.276540348479790823e-02
1.000000000000000000e+11	2.000000000000000000e+01	9.087163004126135119e-06
1.258925411794166107e+11	2.000000000000000000e+01	1.145092952564900615e-05
1.584893192461110840e+11	2.000000000000000000e+01	1.443917383414213585e-05
1.995262314968882751e+11	2.000000000000000000e+01	1.822676955824523089e-05
2.511886431509582214e+11	2.000000000000000000e+01	2.304909866046801187e-05
3.162277660168379517e+11	2.000000000000000000e+01	2.923114819824041430e-05
3.981071705534969482e+11	2.000000000000000000e+01	3.722420633993005440e-05
5.011872336272714844e+11	2.000000000000000000e+01	4.761433698318554594e-05
6.309573444801943359e+11	2.000000000000000000e+01	6.058566312337569231e-05
7.943282347242821045e+11	2.000000000000000000e+01	6.740280477532389902e-05
1.000000000000000000e+12	2.000000000000000000e+01	7.863911591993275486e-05
1.260000000000000000e+12	2.000000000000000000e+01	1.042731499608202874e-04
1.580000000000000000e+12	2.000000000000000000e+01	1.319404819728768250e-04
2.000000000000000000e+12	2.000000000000000000e+01	1.675393409195485286e-04
2.510000000000000000e+12	2.000000000000000000e+01	2.103739730277107318e-04
3.160000000000000000e+12	2.000000000000000000e+01	2.648131962866593172e-04
3.980000000000000000e+12	2.000000000000000000e+01	3.333534137906370002e-04
5.010000000000000000e+12	2.000000000000000000e+01	4.194841377652520301e-04
6.310000000000000000e+12	2.000000000000000000e+01	5.272267984029144162e-04
7.940000000000000000e+12	2.000000000000000000e+01	6.644133626301840017e-04
1.000000000000000000e+13	2.000000000000000000e+01	8.372946588663247088e-04
1.260000000000000000e+13	2.000000000000000000e+01	1.052553027283401142e-03
1.580000000000000000e+13	2.000000000000000000e+01	1.318968190189131811e-03
2.000000000000000000e+13	2.000000000000000000e+01	1.669792583370469574e-03
2.510000000000000000e+13	2.000000000000000000e+01	2.097156188023519257e-03
3.160000000000000000e+13	2.000000000000000000e+01	2.643187811882017312e-03
3.980000000000000000e+13	2.000000000000000000e+01	3.330139205094036561e-03
5.010000000000000000e+13	2.000000000000000000e+01	4.187835727825856003e-03
6.310000000000000000e+13	2.000000000000000000e+01	5.253029472415204383e-03
7.940000000000000000e+13	2.000000000000000000e+01	6.613323257920264951e-03
1.000000000000000000e+14	2.000000000000000000e+01	8.402786413861332987e-03
1.260000000000000000e+14	2.000000000000000000e+01	1.077388253769439620e-02
1.580000000000000000e+14	2.000000000000000000e+01	1.392440035722261431e-02
2.000000000000000000e+14	2.000000000000000000e+01	1.837697722772967460e-02
2.510000000000000000e+14	2.000000000000000000e+01	2.363970761893160674e-02
3.160000000000000000e+14	2.000000000000000000e+01	2.935948193690187530e-02
3.980000000000000000e+14	2.000000000000000000e+01	3.434851925471202327e-02
5.010000000000000000e+14	2.000000000000000000e+01	3.779961926710362352e-02
6.310000000000000000e+14	2.000000000000000000e+01	3.900484234830973312e-02
7.940000000000000000e+14	2.000000000000000000e+01	3.747133855641206907e-02
1.000000000000000000e+15	2.000000000000000000e+01	3.331111295066190719e-02
1.260000000000000000e+15	2.000000000000000000e+01	2.714039295385014053e-02
1.580000000000000000e+15	2.000000000000000000e+01	1.829093390908941019e-02
2.000000000000000000e+15	2.000000000000000000e+01	8.459657265392757017e-03
2.510000000000000000e+15	2.000000000000000000e+01	9.017753170413940651e-04
3.160000000000000000e+15	2.000000000000000000e+01	-6.280614964714808374e-03
3.980000000000000000e+15	2.000000000000000000e+01	-1.233135600794432046e-02
5.010000000000000000e+15	2.000000000000000000e+01	-1.706328613824727516e-02
6.310000000000000000e+15	2.000000000000000000e+01	-2.050090803158898661e-02
7.940000000000000000e+15	2.000000000000000000e+01	-2.273140942041761148e-02
1.000000000000000000e+16	2.000000000000000000e+01	-2.392560973729462165e-02
1.260000000000000000e+16	2.000000000000000000e+01	-2.425138256749850146e-02
1.580000000000000000e+16	2.000000000000000000e+01	-2.392031539010573693e-02
2.000000000000000000e+16	2.000000000000000000e+01	-2.302517814411862013e-02
2.510000000000000000e+16	2.000000000000000000e+01	-2.182327436610459817e-02
3.160000000000000000e+16	2.000000000000000000e+01	-2.036210372614211117e-02
3.980000000000000000e+16	2.000000000000000000e+01	-1.876101371256749806e-02
5.010000000000000000e+16	2.000000000000000000e+01	-1.710790215958883989e-02
6.310000000000000000e+16	2.000000000000000000e+01	-1.545440595228128426e-02
7.940000000000000000e+16	2.000000000000000000e+01	-1.385824738946339271e-02
1.000000000000000000e+17	2.000000000000000000e+01	-1.233374640243005069e-02
1.000000000000000000e+11	2.200000000000000000e+01	9.264987201433214862e-06
1.258925411794166107e+11	2.200000000000000000e+01	1.167467843028801079e-05
1.584893192461110840e+11	2.200000000000000000e+01	1.472061342813028567e-05
1.995262314968882751e+11	2.200000000000000000e+01	1.858062426281545021e-05
2.511886431509582214e+11	2.200000000000000000e+01	2.349365827755497027e-05
3.162277660168379517e+11	2.200000000000000000e+01	2.978858542824796613e-05
3.981071705534969482e+11	2.200000000000000000e+01	3.792129981432833046e-05
5.011872336272714844e+11	2.200000000000000000e+01	4.848070560252522358e-05
6.309573444801943359e+11	2.200000000000000000e+01	6.164635852234176419e-05
7.943282347242821045e+11	2.200000000000000000e+01	6.855458786049233499e-05
1.000000000000000000e+12	2.200000000000000000e+01	8.039134510695800833e-05
1.260000000000000000e+12	2.200000000000000000e+01	1.068999178036008274e-04
1.580000000000000000e+12	2.200000000000000000e+01	1.351017646632046286e-04
2.000000000000000000e+12	2.200000000000000000e+01	1.714655846513235690e-04
2.510000000000000000e+12	2.200000000000000000e+01	2.153622298695484743e-04
3.160000000000000000e+12	2.200000000000000000e+01	2.712453016916790537e-04
3.980000000000000000e+12	2.200000000000000000e+01	3.416912349592275081e-04
5.010000000000000000e+12	2.200000000000000000e+01	4.300084790929733082e-04
6.310000000000000000e+12	2.200000000000000000e+01	5.413420228266076781e-04
7.940000000000000000e+12	2.200000000000000000e+01	6.802554538676509801e-04
1.000000000000000000e+13	2.200000000000000000e+01	8.569059207178381619e-04
1.260000000000000000e+13	2.200000000000000000e+01	1.079101049800641103e-03
1.580000000000000000e+13	2.200000000000000000e+01	1.351912455981529046e-03
2.000000000000000000e+13	2.200000000000000000e+01	1.711813078873296529e-03
2.510000000000000000e+13	2.200000000000000000e+01	2.148486540668148072e-03
3.160000000000000000e+13	2.200000000000000000e+01	2.703584917790748544e-03
3.980000000000000000e+13	2.200000000000000000e+01	3.410158368683506840e-03
5.010000000000000000e+13	2.200000000000000000e+01	4.283846575214376139e-03
6.310000000000000000e+13	2.200000000000000000e+01	5.392185324459577989e-03
7.940000000000000000e+13	2.200000000000000000e+01	6.788052149879974899e-03
1.000000000000000000e+14	2.200000000000000000e+01	8.594573075383965879e-03
1.260000000000000000e+14	2.200000000000000000e+01	1.103179782595276222e-02
1.580000000000000000e+14	2.200000000000000000e+01	1.427453411117545964e-02
2.000000000000000000e+14	2.200000000000000000e+01	1.878734872717975277e-02
2.510000000000000000e+14	2.200000000000000000e+01	2.431178736748965813e-02
3.160000000000000000e+14	2.200000000000000000e+01	3.042153450030541870e-02
3.980000000000000000e+14	2.200000000000000000e+01	3.650840952647832482e-02
5.010000000000000000e+14	2.200000000000000000e+01	3.980162690177364154e-02
6.310000000000000000e+14	2.200000000000000000e+01	3.932928120829588814e-02
7.940000000000000000e+14	2.200000000000000000e+01	3.719064029295567758e-02
1.000000000000000000e+15	2.200000000000000000e+01	3.224765692818747781e-02
1.260000000000000000e+15	2.200000000000000000e+01	2.416316628680043044e-02
1.580000000000000000e+15	2.200000000000000000e+01	1.604714427397716317e-02
2.000000000000000000e+15	2.200000000000000000e+01	8.518431282355251946e-03
2.510000000000000000e+15	2.200000000000000000e+01	5.723220186538118936e-04
3.160000000000000000e+15	2.200000000000000000e+01	-6.573683480213303454e-03
3.980000000000000000e+15	2.200000000000000000e+01	-1.257061393391314952e-02
5.010000000000000000e+15	2.200000000000000000e+01	-1.725512650834119810e-02
6.310000000000000000e+15	2.200000000000000000e+01	-2.065376469517866617e-02
7.940000000000000000e+15	2.200000000000000000e+01	-2.285257992937360025e-02
1.000000000000000000e+16	2.200000000000000000e+01	-2.402228422721163978e-02
1.260000000000000000e+16	2.200000000000000000e+01	-2.432812644781089800e-02
1.580000000000000000e+16	2.200000000000000000e+01	-2.398153112256671757e-02
2.000000000000000000e+16	2.200000000000000000e+01	-2.307353017513166099e-02
2.510000000000000000e+16	2.200000000000000000e+01	-2.186179800543322851e-02
3.160000000000000000e+16	2.200000000000000000e+01	-2.039271943782462390e-02
3.980000000000000000e+16	2.200000000000000000e+01	-1.878530747154594921e-02
5.010000000000000000e+16	2.200000000000000000e+01	-1.712704786015818714e-02
6.310000000000000000e+16	2.200000000000000000e+01	-1.546971356938049540e-02
7.940000000000000000e+16	2.200000000000000000e+01	-1.387042722726859398e-02
1.000000000000000000e+17	2.200000000000000000e+01	-1.234344034580634429e-02
