1.000000000000000000e+11	5.000000000000000000e-01	2.295479632538043735e-05
1.258925411794166107e+11	5.000000000000000000e-01	2.892377770820152267e-05
1.584893192461110840e+11	5.000000000000000000e-01	3.646577410780523198e-05
1.995262314968882751e+11	5.000000000000000000e-01	4.601652528363837837e-05
2.511886431509582214e+11	5.000000000000000000e-01	5.815671037270935619e-05
3.162277660168379517e+11	5.000000000000000000e-01	7.368693450840810158e-05
3.981071705534969482e+11	5.000000000000000000e-01	9.374906188700433713e-05
5.011872336272714844e+11	5.000000000000000000e-01	1.200538479608757891e-04
6.309573444801943359e+11	5.000000000000000000e-01	1.552353978994261223e-04
7.943282347242821045e+11	5.000000000000000000e-01	2.037714914066631616e-04
1.000000000000000000e+12	5.000000000000000000e-01	2.383255988536849088e-04
1.260000000000000000e+12	5.000000000000000000e-01	2.618602888407201576e-04
1.580000000000000000e+12	5.000000000000000000e-01	3.087842027419491413e-04
2.000000000000000000e+12	5.000000000000000000e-01	3.761655282435662673e-04
2.510000000000000000e+12	5.000000000000000000e-01	4.609649554405400120e-04
3.160000000000000000e+12	5.000000000000000000e-01	5.709908993873797365e-04
3.980000000000000000e+12	5.000000000000000000e-01	7.112021067509253450e-04
5.010000000000000000e+12	5.000000000000000000e-01	8.891856131537971769e-04
6.310000000000000000e+12	5.000000000000000000e-01	1.116752873217864489e-03
7.940000000000000000e+12	5.000000000000000000e-01	1.410093787890994701e-03
1.000000000000000000e+13	5.000000000000000000e-01	1.793158371010486647e-03
1.260000000000000000e+13	5.000000000000000000e-01	2.283986489541833288e-03
1.580000000000000000e+13	5.000000000000000000e-01	2.887055619221633954e-03
2.000000000000000000e+13	5.000000000000000000e-01	3.677404630502356924e-03
2.510000000000000000e+13	5.000000000000000000e-01	4.600417642829352123e-03
3.160000000000000000e+13	5.000000000000000000e-01	5.618499116912073661e-03
3.980000000000000000e+13	5.000000000000000000e-01	6.595131237675060792e-03
5.010000000000000000e+13	5.000000000000000000e-01	7.419073916187885961e-03
6.310000000000000000e+13	5.000000000000000000e-01	8.106657391121794426e-03
7.940000000000000000e+13	5.000000000000000000e-01	8.823001760979071878e-03
1.000000000000000000e+14	5.000000000000000000e-01	9.806643586248130207e-03
1.260000000000000000e+14	5.000000000000000000e-01	1.136376024404800282e-02
1.580000000000000000e+14	5.000000000000000000e-01	1.384007953107455578e-02
2.000000000000000000e+14	5.000000000000000000e-01	1.773567256624038538e-02
2.510000000000000000e+14	5.000000000000000000e-01	2.271265246836343468e-02
3.160000000000000000e+14	5.000000000000000000e-01	2.835696494730024358e-02
3.980000000000000000e+14	5.000000000000000000e-01	3.360189624479625881e-02
5.010000000000000000e+14	5.000000000000000000e-01	3.719011539072039629e-02
6.310000000000000000e+14	5.000000000000000000e-01	3.817522366516606924e-02
7.940000000000000000e+14	5.000000000000000000e-01	3.614240065767273385e-02
1.000000000000000000e+15	5.000000000000000000e-01	3.134892080353695459e-02
1.260000000000000000e+15	5.000000000000000000e-01	2.470226079392734767e-02
1.580000000000000000e+15	5.000000000000000000e-01	1.687189497458276011e-02
2.000000000000000000e+15	5.000000000000000000e-01	8.348563997855180246e-03
2.510000000000000000e+15	5.000000000000000000e-01	2.724766890457728163e-04
3.160000000000000000e+15	5.000000000000000000e-01	-7.064899854268268456e-03
3.980000000000000000e+15	5.000000000000000000e-01	-1.322544304413877936e-02
5.010000000000000000e+15	5.000000000000000000e-01	-1.803614878284344122e-02
6.310000000000000000e+15	5.000000000000000000e-01	-2.152284671630249474e-02
7.940000000000000000e+15	5.000000000000000000e-01	-2.377365418897308888e-02
1.000000000000000000e+16	5.000000000000000000e-01	-2.496356300929603034e-02
1.260000000000000000e+16	5.000000000000000000e-01	-2.526321040381006994e-02
1.580000000000000000e+16	5.000000000000000000e-01	-2.489085566859309401e-02
2.000000000000000000e+16	5.000000000000000000e-01	-2.393935416186484047e-02
2.510000000000000000e+16	5.000000000000000000e-01	-2.267586442134485181e-02
3.160000000000000000e+16	5.000000000000000000e-01	-2.114747823098367396e-02
3.980000000000000000e+16	5.000000000000000000e-01	-1.947721214744762078e-02
5.010000000000000000e+16	5.000000000000000000e-01	-1.775566343916826911e-02
6.310000000000000000e+16	5.000000000000000000e-01	-1.603544554545076675e-02
7.940000000000000000e+16	5.000000000000000000e-01	-1.437632916317854899e-02
1.000000000000000000e+17	5.000000000000000000e-01	-1.279263864543760468e-02
1.000000000000000000e+11	1.500000000000000000e+00	1.964184926001662736e-05
1.258925411794166107e+11	1.500000000000000000e+00	2.474966862130133702e-05
1.584893192461110840e+11	1.500000000000000000e+00	3.120430452809685301e-05
1.995262314968882751e+11	1.500000000000000000e+00	3.937907779702980144e-05
2.511886431509582214e+11	1.500000000000000000e+00	4.977356573115856043e-05
3.162277660168379517e+11	1.500000000000000000e+00	6.307506417069997837e-05
3.981071705534969482e+11	1.500000000000000000e+00	8.026425469878229054e-05
5.011872336272714844e+11	1.500000000000000000e+00	1.027876842980103361e-04
6.309573444801943359e+11	1.500000000000000000e+00	1.327287485426017165e-04
7.943282347242821045e+11	1.500000000000000000e+00	1.715954913078749711e-04
1.000000000000000000e+12	1.500000000000000000e+00	2.004421342633580841e-04
1.260000000000000000e+12	1.500000000000000000e+00	2.238097552065767702e-04
1.580000000000000000e+12	1.500000000000000000e+00	2.656250651575707100e-04
2.000000000000000000e+12	1.500000000000000000e+00	3.249620092225846473e-04
2.510000000000000000e+12	1.500000000000000000e+00	3.991057884114621685e-04
3.160000000000000000e+12	1.500000000000000000e+00	4.952623835547692198e-04
3.980000000000000000e+12	1.500000000000000000e+00	6.183835232350012433e-04
5.010000000000000000e+12	1.500000000000000000e+00	7.740676126044809509e-04
6.310000000000000000e+12	1.500000000000000000e+00	9.732910202904749642e-04
7.940000000000000000e+12	1.500000000000000000e+00	1.229493026002323247e-03
1.000000000000000000e+13	1.500000000000000000e+00	1.562256596199392954e-03
1.260000000000000000e+13	1.500000000000000000e+00	1.988814051184098399e-03
1.580000000000000000e+13	1.500000000000000000e+00	2.513611374458730313e-03
2.000000000000000000e+13	1.500000000000000000e+00	3.201413113001303368e-03
2.510000000000000000e+13	1.500000000000000000e+00	4.007354626727838327e-03
3.160000000000000000e+13	1.500000000000000000e+00	4.909663564551259782e-03
3.980000000000000000e+13	1.500000000000000000e+00	5.813123693823989482e-03
5.010000000000000000e+13	1.500000000000000000e+00	6.650356238973699832e-03
6.310000000000000000e+13	1.500000000000000000e+00	7.428204884553310690e-03
7.940000000000000000e+13	1.500000000000000000e+00	8.247071500199912655e-03
1.000000000000000000e+14	1.500000000000000000e+00	9.395246220754866970e-03
1.260000000000000000e+14	1.500000000000000000e+00	1.120407485260409806e-02
1.580000000000000000e+14	1.500000000000000000e+00	1.385736780375766523e-02
2.000000000000000000e+14	1.500000000000000000e+00	1.785303461374603343e-02
2.510000000000000000e+14	1.500000000000000000e+00	2.293895289631835491e-02
3.160000000000000000e+14	1.500000000000000000e+00	2.869766639462972141e-02
3.980000000000000000e+14	1.500000000000000000e+00	3.399339780272774003e-02
5.010000000000000000e+14	1.500000000000000000e+00	3.099448177613852232e-02
6.310000000000000000e+14	1.500000000000000000e+00	3.840775060858602624e-02
7.940000000000000000e+14	1.500000000000000000e+00	3.649396126411178637e-02
1.000000000000000000e+15	1.500000000000000000e+00	3.168101324249437273e-02
1.260000000000000000e+15	1.500000000000000000e+00	2.451382844821280507e-02
1.580000000000000000e+15	1.500000000000000000e+00	1.638863296196827954e-02
2.000000000000000000e+15	1.500000000000000000e+00	8.234300439961726725e-03
2.510000000000000000e+15	1.500000000000000000e+00	2.902240600411370519e-04
3.160000000000000000e+15	1.500000000000000000e+00	-6.942183566427145847e-03
3.980000000000000000e+15	1.500000000000000000e+00	-1.301929034983435179e-02
5.010000000000000000e+15	1.500000000000000000e+00	-1.776725738257819986e-02
6.310000000000000000e+15	1.500000000000000000e+00	-2.120930349486307639e-02
7.940000000000000000e+15	1.500000000000000000e+00	-2.343214697344577629e-02
1.000000000000000000e+16	1.500000000000000000e+00	-2.460828202260494785e-02
1.260000000000000000e+16	1.500000000000000000e+00	-2.490597667237011079e-02
1.580000000000000000e+16	1.500000000000000000e+00	-2.454050386050309063e-02
2.000000000000000000e+16	1.500000000000000000e+00	-2.360357719490805903e-02
2.510000000000000000e+16	1.500000000000000000e+00	-2.235863497461710106e-02
3.160000000000000000e+16	1.500000000000000000e+00	-2.085224534009877742e-02
3.980000000000000000e+16	1.500000000000000000e+00	-1.920568840429785415e-02
5.010000000000000000e+16	1.500000000000000000e+00	-1.750826359547835373e-02
6.310000000000000000e+16	1.500000000000000000e+00	-1.581247202447992953e-02
7.940000000000000000e+16	1.500000000000000000e+00	-1.417659946001900532e-02
1.000000000000000000e+17	1.500000000000000000e+00	-1.261504744499159988e-02
1.000000000000000000e+11	2.500000000000000000e+00	1.738216964394127668e-05
1.258925411794166107e+11	2.500000000000000000e+00	2.190245924279774929e-05
1.584893192461110840e+11	2.500000000000000000e+00	2.761461917654008764e-05
1.995262314968882751e+11	2.500000000000000000e+00	3.484965326192151765e-05
2.511886431509582214e+11	2.500000000000000000e+00	4.405013848940780109e-05
3.162277660168379517e+11	2.500000000000000000e+00	5.582513491994093029e-05
3.981071705534969482e+11	2.500000000000000000e+00	7.104091127529411334e-05
5.011872336272714844e+11	2.500000000000000000e+00	9.095342297658648998e-05
6.309573444801943359e+11	2.500000000000000000e+00	1.172374667364834761e-04
7.943282347242821045e+11	2.500000000000000000e+00	1.491198418144229856e-04
1.000000000000000000e+12	2.500000000000000000e+00	1.742453631381302799e-04
1.260000000000000000e+12	2.500000000000000000e+00	1.982678952659502046e-04
1.580000000000000000e+12	2.500000000000000000e+00	2.370206845132595823e-04
2.000000000000000000e+12	2.500000000000000000e+00	2.911282247932087141e-04
2.510000000000000000e+12	2.500000000000000000e+00	3.589814439167992319e-04
3.160000000000000000e+12	2.500000000000000000e+00	4.468888925770045438e-04
3.980000000000000000e+12	2.500000000000000000e+00	5.585953671528600360e-04
5.010000000000000000e+12	2.500000000000000000e+00	7.003331409242671878e-04
6.310000000000000000e+12	2.500000000000000000e+00	8.811760863361264070e-04
7.940000000000000000e+12	2.500000000000000000e+00	1.113020819436751898e-03
1.000000000000000000e+13	2.500000000000000000e+00	1.414063369784185169e-03
1.260000000000000000e+13	2.500000000000000000e+00	1.799341769253707483e-03
1.580000000000000000e+13	2.500000000000000000e+00	2.273414474162376107e-03
2.000000000000000000e+13	2.500000000000000000e+00	2.890836346154053698e-03
2.510000000000000000e+13	2.500000000000000000e+00	3.619042082227200141e-03
3.160000000000000000e+13	2.500000000000000000e+00	4.455524304518300102e-03
3.980000000000000000e+13	2.500000000000000000e+00	5.322795990888847494e-03
5.010000000000000000e+13	2.500000000000000000e+00	6.141633868101822706e-03
6.310000000000000000e+13	2.500000000000000000e+00	6.954490787947657446e-03
7.940000000000000000e+13	2.500000000000000000e+00	7.919822399214685588e-03
1.000000000000000000e+14	2.500000000000000000e+00	9.221199603899757694e-03
1.260000000000000000e+14	2.500000000000000000e+00	1.110503526607805810e-02
1.580000000000000000e+14	2.500000000000000000e+00	1.388549755718889930e-02
2.000000000000000000e+14	2.500000000000000000e+00	1.805565537848214872e-02
2.510000000000000000e+14	2.500000000000000000e+00	2.321210375060181810e-02
3.160000000000000000e+14	2.500000000000000000e+00	2.904249310091256212e-02
3.980000000000000000e+14	2.500000000000000000e+00	3.427661874456790214e-02
5.010000000000000000e+14	2.500000000000000000e+00	3.796321062264906843e-02
6.310000000000000000e+14	2.500000000000000000e+00	3.904166954802065076e-02
7.940000000000000000e+14	2.500000000000000000e+00	3.668533132969254568e-02
1.000000000000000000e+15	2.500000000000000000e+00	3.178283424517565348e-02
1.260000000000000000e+15	2.500000000000000000e+00	2.520388161120206902e-02
1.580000000000000000e+15	2.500000000000000000e+00	1.755564908506086069e-02
2.000000000000000000e+15	2.500000000000000000e+00	9.034953303389462939e-03
2.510000000000000000e+15	2.500000000000000000e+00	7.384122006658967990e-04
3.160000000000000000e+15	2.500000000000000000e+00	-6.670026775651879437e-03
3.980000000000000000e+15	2.500000000000000000e+00	-1.286871196276776624e-02
5.010000000000000000e+15	2.500000000000000000e+00	-1.770416396033791182e-02
6.310000000000000000e+15	2.500000000000000000e+00	-2.121198715324853004e-02
7.940000000000000000e+15	2.500000000000000000e+00	-2.348149910826979533e-02
1.000000000000000000e+16	2.500000000000000000e+00	-2.469004554114695091e-02
1.260000000000000000e+16	2.500000000000000000e+00	-2.500875281063447489e-02
1.580000000000000000e+16	2.500000000000000000e+00	-2.465534716555516787e-02
2.000000000000000000e+16	2.500000000000000000e+00	-2.372384463242483560e-02
2.510000000000000000e+16	2.500000000000000000e+00	-2.247934232969281063e-02
3.160000000000000000e+16	2.500000000000000000e+00	-2.096976274620622471e-02
3.980000000000000000e+16	2.500000000000000000e+00	-1.931760527242150707e-02
5.010000000000000000e+16	2.500000000000000000e+00	-1.761304561025054879e-02
6.310000000000000000e+16	2.500000000000000000e+00	-1.590889842828357992e-02
7.940000000000000000e+16	2.500000000000000000e+00	-1.426450534948802557e-02
1.000000000000000000e+17	2.500000000000000000e+00	-1.269432628037032648e-02
1.000000000000000000e+11	4.000000000000000000e+00	1.492689478964578196e-05
1.258925411794166107e+11	4.000000000000000000e+00	1.880852818396621626e-05
1.584893192461110840e+11	4.000000000000000000e+00	2.371386153940705058e-05
1.995262314968882751e+11	4.000000000000000000e+00	2.992689643859411286e-05
2.511886431509582214e+11	4.000000000000000000e+00	3.782796209435226078e-05
3.162277660168379517e+11	4.000000000000000000e+00	4.794032220642556734e-05
3.981071705534969482e+11	4.000000000000000000e+00	6.100215163849669785e-05
5.011872336272714844e+11	4.000000000000000000e+00	7.803846785436583148e-05
6.309573444801943359e+11	4.000000000000000000e+00	1.003105477068620487e-04
7.943282347242821045e+11	4.000000000000000000e+00	1.243578095695605206e-04
1.000000000000000000e+12	4.000000000000000000e+00	1.454730328783785352e-04
1.260000000000000000e+12	4.000000000000000000e+00	1.707556474360685708e-04
1.580000000000000000e+12	4.000000000000000000e+00	2.068599709621207294e-04
2.000000000000000000e+12	4.000000000000000000e+00	2.563662677513650840e-04
2.510000000000000000e+12	4.000000000000000000e+00	3.172931915478632500e-04
3.160000000000000000e+12	4.000000000000000000e+00	3.958576162620149985e-04
3.980000000000000000e+12	4.000000000000000000e+00	4.959111797889891732e-04
5.010000000000000000e+12	4.000000000000000000e+00	6.224361837308426890e-04
6.310000000000000000e+12	4.000000000000000000e+00	7.836080398751017924e-04
7.940000000000000000e+12	4.000000000000000000e+00	9.895744763161924435e-04
1.000000000000000000e+13	4.000000000000000000e+00	1.255777554393394495e-03
1.260000000000000000e+13	4.000000000000000000e+00	1.594324978585543373e-03
1.580000000000000000e+13	4.000000000000000000e+00	2.011852894663992367e-03
2.000000000000000000e+13	4.000000000000000000e+00	2.560053272948912238e-03
2.510000000000000000e+13	4.000000000000000000e+00	3.206343299211804592e-03
3.160000000000000000e+13	4.000000000000000000e+00	3.956809908300093492e-03
3.980000000000000000e+13	4.000000000000000000e+00	4.761508536669722784e-03
5.010000000000000000e+13	4.000000000000000000e+00	5.598205767851965366e-03
6.310000000000000000e+13	4.000000000000000000e+00	6.498202496394003824e-03
7.940000000000000000e+13	4.000000000000000000e+00	7.552665646478171416e-03
1.000000000000000000e+14	4.000000000000000000e+00	8.976406231006782421e-03
1.260000000000000000e+14	4.000000000000000000e+00	1.102013775050494394e-02
1.580000000000000000e+14	4.000000000000000000e+00	1.391184533087811218e-02
2.000000000000000000e+14	4.000000000000000000e+00	1.814197242619038433e-02
2.510000000000000000e+14	4.000000000000000000e+00	2.335454869060123867e-02
3.160000000000000000e+14	4.000000000000000000e+00	2.918293327047734309e-02
3.980000000000000000e+14	4.000000000000000000e+00	3.464734564306558295e-02
5.010000000000000000e+14	4.000000000000000000e+00	3.828863614376546570e-02
6.310000000000000000e+14	4.000000000000000000e+00	3.915332274271787066e-02
7.940000000000000000e+14	4.000000000000000000e+00	3.716600680009812113e-02
1.000000000000000000e+15	4.000000000000000000e+00	3.243620933074346790e-02
1.260000000000000000e+15	4.000000000000000000e+00	2.548220039802910272e-02
1.580000000000000000e+15	4.000000000000000000e+00	1.733063074865366301e-02
2.000000000000000000e+15	4.000000000000000000e+00	8.790833910452253153e-03
2.510000000000000000e+15	4.000000000000000000e+00	6.991940218697185886e-04
3.160000000000000000e+15	4.000000000000000000e+00	-6.630553253935807245e-03
3.980000000000000000e+15	4.000000000000000000e+00	-1.277784940750099213e-02
5.010000000000000000e+15	4.000000000000000000e+00	-1.757786791479330063e-02
6.310000000000000000e+15	4.000000000000000000e+00	-2.106019225294043437e-02
7.940000000000000000e+15	4.000000000000000000e+00	-2.331425365050770332e-02
1.000000000000000000e+16	4.000000000000000000e+00	-2.451497729822680813e-02
1.260000000000000000e+16	4.000000000000000000e+00	-2.483207263483148616e-02
1.580000000000000000e+16	4.000000000000000000e+00	-2.448163175840154318e-02
2.000000000000000000e+16	4.000000000000000000e+00	-2.355711154420013151e-02
2.510000000000000000e+16	4.000000000000000000e+00	-2.232163056341876853e-02
3.160000000000000000e+16	4.000000000000000000e+00	-2.082286006409586610e-02
3.980000000000000000e+16	4.000000000000000000e+00	-1.918247116030493207e-02
5.010000000000000000e+16	4.000000000000000000e+00	-1.748991670954379990e-02
6.310000000000000000e+16	4.000000000000000000e+00	-1.579776450677822242e-02
7.940000000000000000e+16	4.000000000000000000e+00	-1.416493312608914541e-02
1.000000000000000000e+17	4.000000000000000000e+00	-1.260576883583888752e-02
1.000000000000000000e+11	6.000000000000000000e+00	1.307003280103530697e-05
1.258925411794166107e+11	6.000000000000000000e+00	1.646847327886428935e-05
1.584893192461110840e+11	6.000000000000000000e+00	2.076287412565583975e-05
1.995262314968882751e+11	6.000000000000000000e+00	2.620184906992960471e-05
2.511886431509582214e+11	6.000000000000000000e+00	3.311797053165286197e-05
3.162277660168379517e+11	6.000000000000000000e+00	4.196748883197695164e-05
3.981071705534969482e+11	6.000000000000000000e+00	5.338912148533640512e-05
5.011872336272714844e+11	6.000000000000000000e+00	6.825441328969891926e-05
6.309573444801943359e+11	6.000000000000000000e+00	8.739237004690077497e-05
7.943282347242821045e+11	6.000000000000000000e+00	1.051826858262322684e-04
1.000000000000000000e+12	6.000000000000000000e+00	1.233834078013950231e-04
1.260000000000000000e+12	6.000000000000000000e+00	1.504073298314721643e-04
1.580000000000000000e+12	6.000000000000000000e+00	1.848210814720817915e-04
2.000000000000000000e+12	6.000000000000000000e+00	2.308344450107867850e-04
2.510000000000000000e+12	6.000000000000000000e+00	2.872909189001330633e-04
3.160000000000000000e+12	6.000000000000000000e+00	3.596390335750431671e-04
3.980000000000000000e+12	6.000000000000000000e+00	4.513502560622731038e-04
5.010000000000000000e+12	6.000000000000000000e+00	5.670776418003915104e-04
6.310000000000000000e+12	6.000000000000000000e+00	7.143038807025318526e-04
7.940000000000000000e+12	6.000000000000000000e+00	9.018397008722448807e-04
1.000000000000000000e+13	6.000000000000000000e+00	1.142726568104625784e-03
1.260000000000000000e+13	6.000000000000000000e+00	1.450613002366716101e-03
1.580000000000000000e+13	6.000000000000000000e+00	1.829788946787173128e-03
2.000000000000000000e+13	6.000000000000000000e+00	2.325919029917020760e-03
2.510000000000000000e+13	6.000000000000000000e+00	2.911677059091467932e-03
3.160000000000000000e+13	6.000000000000000000e+00	3.606518863438320805e-03
3.980000000000000000e+13	6.000000000000000000e+00	4.385995779811244395e-03
5.010000000000000000e+13	6.000000000000000000e+00	5.197872321706181742e-03
6.310000000000000000e+13	6.000000000000000000e+00	6.119914221577109695e-03
7.940000000000000000e+13	6.000000000000000000e+00	7.266772844065419457e-03
1.000000000000000000e+14	6.000000000000000000e+00	8.771322590494665117e-03
1.260000000000000000e+14	6.000000000000000000e+00	1.091568577517292894e-02
1.580000000000000000e+14	6.000000000000000000e+00	1.391369286216830904e-02
2.000000000000000000e+14	6.000000000000000000e+00	1.822151248843928775e-02
2.510000000000000000e+14	6.000000000000000000e+00	2.352114345093630002e-02
3.160000000000000000e+14	6.000000000000000000e+00	2.934695591353788865e-02
3.980000000000000000e+14	6.000000000000000000e+00	3.460903470733257131e-02
5.010000000000000000e+14	6.000000000000000000e+00	3.817069981530247375e-02
6.310000000000000000e+14	6.000000000000000000e+00	3.917689485907039498e-02
7.940000000000000000e+14	6.000000000000000000e+00	3.714980893684413643e-02
1.000000000000000000e+15	6.000000000000000000e+00	3.217219215124760001e-02
1.260000000000000000e+15	6.000000000000000000e+00	2.510969886941056758e-02
1.580000000000000000e+15	6.000000000000000000e+00	1.686239394219219215e-02
2.000000000000000000e+15	6.000000000000000000e+00	8.359358720088713376e-03
2.510000000000000000e+15	6.000000000000000000e+00	5.534547209874111483e-04
3.160000000000000000e+15	6.000000000000000000e+00	-6.626113599342948850e-03
3.980000000000000000e+15	6.000000000000000000e+00	-1.266193524909058933e-02
5.010000000000000000e+15	6.000000000000000000e+00	-1.737877116037012809e-02
6.310000000000000000e+15	6.000000000000000000e+00	-2.080133336344806502e-02
7.940000000000000000e+15	6.000000000000000000e+00	-2.301587216401819458e-02
1.000000000000000000e+16	6.000000000000000000e+00	-2.419336453230296405e-02
1.260000000000000000e+16	6.000000000000000000e+00	-2.450178043428134084e-02
1.580000000000000000e+16	6.000000000000000000e+00	-2.415255188203550840e-02
2.000000000000000000e+16	6.000000000000000000e+00	-2.323806845719207648e-02
2.510000000000000000e+16	6.000000000000000000e+00	-2.201788931030870811e-02
3.160000000000000000e+16	6.000000000000000000e+00	-2.053864887322739280e-02
3.980000000000000000e+16	6.000000000000000000e+00	-1.891944680061445269e-02
5.010000000000000000e+16	6.000000000000000000e+00	-1.724934996801241391e-02
6.310000000000000000e+16	6.000000000000000000e+00	-1.558013807194492083e-02
7.940000000000000000e+16	6.000000000000000000e+00	-1.396948671398690230e-02
1.000000000000000000e+17	6.000000000000000000e+00	-1.243159203884808620e-02
1.000000000000000000e+11	8.000000000000000000e+00	1.184590581286196261e-05
1.258925411794166107e+11	8.000000000000000000e+00	1.492601960852861112e-05
1.584893192461110840e+11	8.000000000000000000e+00	1.881799859594956900e-05
1.995262314968882751e+11	8.000000000000000000e+00	2.374729235977827798e-05
2.511886431509582214e+11	8.000000000000000000e+00	3.001552774869818330e-05
3.162277660168379517e+11	8.000000000000000000e+00	3.803557463318447138e-05
3.981071705534969482e+11	8.000000000000000000e+00	4.838248763436847746e-05
5.011872336272714844e+11	8.000000000000000000e+00	6.182034335610323483e-05
6.309573444801943359e+11	8.000000000000000000e+00	7.894248672574277607e-05
7.943282347242821045e+11	8.000000000000000000e+00	9.278978475109237822e-05
1.000000000000000000e+12	8.000000000000000000e+00	1.090809072369196828e-04
1.260000000000000000e+12	8.000000000000000000e+00	1.368090389248972113e-04
1.580000000000000000e+12	8.000000000000000000e+00	1.698228600016576440e-04
2.000000000000000000e+12	8.000000000000000000e+00	2.134032148731930263e-04
2.510000000000000000e+12	8.000000000000000000e+00	2.666617983576464448e-04
3.160000000000000000e+12	8.000000000000000000e+00	3.346443324146503202e-04
3.980000000000000000e+12	8.000000000000000000e+00	4.203599975339405190e-04
5.010000000000000000e+12	8.000000000000000000e+00	5.284990789359615910e-04
6.310000000000000000e+12	8.000000000000000000e+00	6.658922338733489236e-04
7.940000000000000000e+12	8.000000000000000000e+00	8.403843608050500175e-04
1.000000000000000000e+13	8.000000000000000000e+00	1.063241957535553594e-03
1.260000000000000000e+13	8.000000000000000000e+00	1.345616410709825740e-03
1.580000000000000000e+13	8.000000000000000000e+00	1.694980952721493938e-03
2.000000000000000000e+13	8.000000000000000000e+00	2.153280380142519063e-03
2.510000000000000000e+13	8.000000000000000000e+00	2.699668369979989907e-03
3.160000000000000000e+13	8.000000000000000000e+00	3.349262646942490016e-03
3.980000000000000000e+13	8.000000000000000000e+00	4.095444384784693859e-03
5.010000000000000000e+13	8.000000000000000000e+00	4.945008653685549135e-03
6.310000000000000000e+13	8.000000000000000000e+00	5.917991337070641414e-03
7.940000000000000000e+13	8.000000000000000000e+00	7.120549595487065363e-03
1.000000000000000000e+14	8.000000000000000000e+00	8.732702413980206191e-03
1.260000000000000000e+14	8.000000000000000000e+00	1.096222697558426468e-02
1.580000000000000000e+14	8.000000000000000000e+00	1.400353775068966834e-02
2.000000000000000000e+14	8.000000000000000000e+00	1.837747907314894735e-02
2.510000000000000000e+14	8.000000000000000000e+00	2.370686243931489565e-02
3.160000000000000000e+14	8.000000000000000000e+00	2.960210670851298742e-02
3.980000000000000000e+14	8.000000000000000000e+00	3.508137865380672737e-02
5.010000000000000000e+14	8.000000000000000000e+00	3.880375022371194971e-02
6.310000000000000000e+14	8.000000000000000000e+00	3.973445899127758113e-02
7.940000000000000000e+14	8.000000000000000000e+00	3.743023181135750332e-02
1.000000000000000000e+15	8.000000000000000000e+00	3.260689264443827895e-02
1.260000000000000000e+15	8.000000000000000000e+00	2.662059765759363858e-02
1.580000000000000000e+15	8.000000000000000000e+00	1.930739265257187115e-02
2.000000000000000000e+15	8.000000000000000000e+00	1.033331657597622889e-02
2.510000000000000000e+15	8.000000000000000000e+00	1.512997317050758777e-03
3.160000000000000000e+15	8.000000000000000000e+00	-6.152711167780738032e-03
3.980000000000000000e+15	8.000000000000000000e+00	-1.252923126548045364e-02
5.010000000000000000e+15	8.000000000000000000e+00	-1.749528593488012054e-02
6.310000000000000000e+15	8.000000000000000000e+00	-2.109908743894229818e-02
7.940000000000000000e+15	8.000000000000000000e+00	-2.343995802535082246e-02
1.000000000000000000e+16	8.000000000000000000e+00	-2.469963953780912949e-02
1.260000000000000000e+16	8.000000000000000000e+00	-2.505439859991131710e-02
1.580000000000000000e+16	8.000000000000000000e+00	-2.472464825862286109e-02
2.000000000000000000e+16	8.000000000000000000e+00	-2.380821675927858455e-02
2.510000000000000000e+16	8.000000000000000000e+00	-2.257145047430634752e-02
3.160000000000000000e+16	8.000000000000000000e+00	-2.106500138047027668e-02
3.980000000000000000e+16	8.000000000000000000e+00	-1.941140597880015167e-02
5.010000000000000000e+16	8.000000000000000000e+00	-1.770316903100918257e-02
6.310000000000000000e+16	8.000000000000000000e+00	-1.599395803778777200e-02
7.940000000000000000e+16	8.000000000000000000e+00	-1.434336283579011259e-02
1.000000000000000000e+17	8.000000000000000000e+00	-1.276644556459525723e-02
1.000000000000000000e+11	1.000000000000000000e+01	1.107664311650339770e-05
1.258925411794166107e+11	1.000000000000000000e+01	1.395659920193670863e-05
1.584893192461110840e+11	1.000000000000000000e+01	1.759564745403679862e-05
1.995262314968882751e+11	1.000000000000000000e+01	2.220471188619379215e-05
2.511886431509582214e+11	1.000000000000000000e+01	2.806562913866827245e-05
3.162277660168379517e+11	1.000000000000000000e+01	3.556469454104868382e-05
3.981071705534969482e+11	1.000000000000000000e+01	4.523652037361802802e-05
5.011872336272714844e+11	1.000000000000000000e+01	5.779746813172680580e-05
6.309573444801943359e+11	1.000000000000000000e+01	7.363436800353288640e-05
7.943282347242821045e+11	1.000000000000000000e+01	8.498918189732358784e-05
1.000000000000000000e+12	1.000000000000000000e+01	1.001314361729683427e-04
1.260000000000000000e+12	1.000000000000000000e+01	1.283980206543850486e-04
1.580000000000000000e+12	1.000000000000000000e+01	1.604273234415343663e-04
2.000000000000000000e+12	1.000000000000000000e+01	2.024480023148496029e-04
2.510000000000000000e+12	1.000000000000000000e+01	2.534609851300345163e-04
3.160000000000000000e+12	1.000000000000000000e+01	3.183779746400439690e-04
3.980000000000000000e+12	1.000000000000000000e+01	4.005795936767631059e-04
5.010000000000000000e+12	1.000000000000000000e+01	5.038680468680352582e-04
6.310000000000000000e+12	1.000000000000000000e+01	6.345900840267966773e-04
7.940000000000000000e+12	1.000000000000000000e+01	7.998741665316539242e-04
1.000000000000000000e+13	1.000000000000000000e+01	1.012984294307212475e-03
1.260000000000000000e+13	1.000000000000000000e+01	1.282852341622317148e-03
1.580000000000000000e+13	1.000000000000000000e+01	1.614805602266046252e-03
2.000000000000000000e+13	1.000000000000000000e+01	2.048814139629993262e-03
2.510000000000000000e+13	1.000000000000000000e+01	2.568149066322253284e-03
3.160000000000000000e+13	1.000000000000000000e+01	3.196895583706500614e-03
3.980000000000000000e+13	1.000000000000000000e+01	3.923890449523804655e-03
5.010000000000000000e+13	1.000000000000000000e+01	4.751847825071165050e-03
6.310000000000000000e+13	1.000000000000000000e+01	5.738144002544205008e-03
7.940000000000000000e+13	1.000000000000000000e+01	6.975609127754229741e-03
1.000000000000000000e+14	1.000000000000000000e+01	8.617288573918359743e-03
1.260000000000000000e+14	1.000000000000000000e+01	1.086777960103114948e-02
1.580000000000000000e+14	1.000000000000000000e+01	1.394353841884056130e-02
2.000000000000000000e+14	1.000000000000000000e+01	1.833658079445123212e-02
2.510000000000000000e+14	1.000000000000000000e+01	2.368155379515966830e-02
3.160000000000000000e+14	1.000000000000000000e+01	2.963476126408799358e-02
3.980000000000000000e+14	1.000000000000000000e+01	3.499251804098683222e-02
5.010000000000000000e+14	1.000000000000000000e+01	3.856807147671859753e-02
6.310000000000000000e+14	1.000000000000000000e+01	3.944259674696937862e-02
7.940000000000000000e+14	1.000000000000000000e+01	3.785979069467182434e-02
1.000000000000000000e+15	1.000000000000000000e+01	3.322812985501008565e-02
1.260000000000000000e+15	1.000000000000000000e+01	2.545945195800521435e-02
1.580000000000000000e+15	1.000000000000000000e+01	1.630768301903464182e-02
2.000000000000000000e+15	1.000000000000000000e+01	7.487417359669996594e-03
2.510000000000000000e+15	1.000000000000000000e+01	2.294040977712689738e-04
3.160000000000000000e+15	1.000000000000000000e+01	-6.777194617417466385e-03
3.980000000000000000e+15	1.000000000000000000e+01	-1.270953361005764531e-02
5.010000000000000000e+15	1.000000000000000000e+01	-1.735640809464425796e-02
6.310000000000000000e+15	1.000000000000000000e+01	-2.073016885081337135e-02
7.940000000000000000e+15	1.000000000000000000e+01	-2.291193239770864323e-02
1.000000000000000000e+16	1.000000000000000000e+01	-2.406812409746862669e-02
1.260000000000000000e+16	1.000000000000000000e+01	-2.436408013360336078e-02
1.580000000000000000e+16	1.000000000000000000e+01	-2.400998162564424790e-02
2.000000000000000000e+16	1.000000000000000000e+01	-2.309590151298270000e-02
2.510000000000000000e+16	1.000000000000000000e+01	-2.187956854258432671e-02
3.160000000000000000e+16	1.000000000000000000e+01	-2.040680755938892310e-02
3.980000000000000000e+16	1.000000000000000000e+01	-1.879649155905794775e-02
5.010000000000000000e+16	1.000000000000000000e+01	-1.713577746932935450e-02
6.310000000000000000e+16	1.000000000000000000e+01	-1.547677703858496741e-02
7.940000000000000000e+16	1.000000000000000000e+01	-1.387618727589270962e-02
1.000000000000000000e+17	1.000000000000000000e+01	-1.234785930565386949e-02
1.000000000000000000e+11	1.200000000000000000e+01	1.067275994112279518e-05
1.258925411794166107e+11	1.200000000000000000e+01	1.344758900613582167e-05
1.584893192461110840e+11	1.200000000000000000e+01	1.695386520032639353e-05
1.995262314968882751e+11	1.200000000000000000e+01	2.139457879985577683e-05
2.511886431509582214e+11	1.200000000000000000e+01	2.704135052704909550e-05
3.162277660168379517e+11	1.200000000000000000e+01	3.426611750938557058e-05
3.981071705534969482e+11	1.200000000000000000e+01	4.358194120318280317e-05
5.011872336272714844e+11	1.200000000000000000e+01	5.566905479762317713e-05
6.309573444801943359e+11	1.200000000000000000e+01	7.083378917890679842e-05
7.943282347242821045e+11	1.200000000000000000e+01	8.088062680932923791e-05
1.000000000000000000e+12	1.200000000000000000e+01	9.524887285876355956e-05
1.260000000000000000e+12	1.200000000000000000e+01	1.237393976950173417e-04
1.580000000000000000e+12	1.200000000000000000e+01	1.557103438345183504e-04
2.000000000000000000e+12	1.200000000000000000e+01	1.969810340809635457e-04
2.510000000000000000e+12	1.200000000000000000e+01	2.468270291629301818e-04
3.160000000000000000e+12	1.200000000000000000e+01	3.106157075785015214e-04
3.980000000000000000e+12	1.200000000000000000e+01	3.908813304332431999e-04
5.010000000000000000e+12	1.200000000000000000e+01	4.917006900963513455e-04
6.310000000000000000e+12	1.200000000000000000e+01	6.196824002923030823e-04
7.940000000000000000e+12	1.200000000000000000e+01	7.817837185643033071e-04
1.000000000000000000e+13	1.200000000000000000e+01	9.870462866661542430e-04
1.260000000000000000e+13	1.200000000000000000e+01	1.248777198248690211e-03
1.580000000000000000e+13	1.200000000000000000e+01	1.572225607576508213e-03
2.000000000000000000e+13	1.200000000000000000e+01	1.994264820003502532e-03
2.510000000000000000e+13	1.200000000000000000e+01	2.500920819051950621e-03
3.160000000000000000e+13	1.200000000000000000e+01	3.117765006957243148e-03
3.980000000000000000e+13	1.200000000000000000e+01	3.828179610907557311e-03
5.010000000000000000e+13	1.200000000000000000e+01	4.669060115801011192e-03
6.310000000000000000e+13	1.200000000000000000e+01	5.707263835511786239e-03
7.940000000000000000e+13	1.200000000000000000e+01	6.981689072467369035e-03
1.000000000000000000e+14	1.200000000000000000e+01	8.655288116181429625e-03
1.260000000000000000e+14	1.200000000000000000e+01	1.097803835496915376e-02
1.580000000000000000e+14	1.200000000000000000e+01	1.413264098886317030e-02
2.000000000000000000e+14	1.200000000000000000e+01	1.862652642865398125e-02
2.510000000000000000e+14	1.200000000000000000e+01	2.400665711862829191e-02
3.160000000000000000e+14	1.200000000000000000e+01	2.989011071869854264e-02
3.980000000000000000e+14	1.200000000000000000e+01	3.535179580722522252e-02
5.010000000000000000e+14	1.200000000000000000e+01	3.914400372588059535e-02
6.310000000000000000e+14	1.200000000000000000e+01	4.026467195439496077e-02
7.940000000000000000e+14	1.200000000000000000e+01	3.834513218510605947e-02
1.000000000000000000e+15	1.200000000000000000e+01	3.327522349647846212e-02
1.260000000000000000e+15	1.200000000000000000e+01	2.547477638419099952e-02
1.580000000000000000e+15	1.200000000000000000e+01	1.831078248527551189e-02
2.000000000000000000e+15	1.200000000000000000e+01	1.078256733993500707e-02
2.510000000000000000e+15	1.200000000000000000e+01	1.591058573844383699e-03
3.160000000000000000e+15	1.200000000000000000e+01	-6.120459467799756366e-03
3.980000000000000000e+15	1.200000000000000000e+01	-1.251176609019116065e-02
5.010000000000000000e+15	1.200000000000000000e+01	-1.748434724363693085e-02
6.310000000000000000e+15	1.200000000000000000e+01	-2.109159768227671441e-02
7.940000000000000000e+15	1.200000000000000000e+01	-2.343416630055902145e-02
1.000000000000000000e+16	1.200000000000000000e+01	-2.469558954722137975e-02
1.260000000000000000e+16	1.200000000000000000e+01	-2.505130939097077042e-02
1.580000000000000000e+16	1.200000000000000000e+01	-2.472224711209321246e-02
2.000000000000000000e+16	1.200000000000000000e+01	-2.380634138423754279e-02
2.510000000000000000e+16	1.200000000000000000e+01	-2.256997311831087857e-02
3.160000000000000000e+16	1.200000000000000000e+01	-2.106341377255675773e-02
3.980000000000000000e+16	1.200000000000000000e+01	-1.941048523432932146e-02
5.010000000000000000e+16	1.200000000000000000e+01	-1.770253803263992926e-02
6.310000000000000000e+16	1.200000000000000000e+01	-1.599335709154068447e-02
7.940000000000000000e+16	1.200000000000000000e+01	-1.434392271536276235e-02
1.000000000000000000e+17	1.200000000000000000e+01	-1.276606723776006758e-02
1.000000000000000000e+11	1.400000000000000000e+01	1.016786710381121053e-05
1.258925411794166107e+11	1.400000000000000000e+01	1.281165242794625269e-05
1.584893192461110840e+11	1.400000000000000000e+01	1.615267607142820445e-05
1.995262314968882751e+11	1.400000000000000000e+01	2.038474844263098111e-05
2.511886431509582214e+11	1.400000000000000000e+01	2.576753955450002590e-05
3.162277660168379517e+11	1.400000000000000000e+01	3.265722927577648788e-05
3.981071705534969482e+11	1.400000000000000000e+01	4.154502616598808030e-05
5.011872336272714844e+11	1.400000000000000000e+01	5.306933129825033136e-05
6.309573444801943359e+11	1.400000000000000000e+01	6.750300730737861373e-05
7.943282347242821045e+11	1.400000000000000000e+01	7.633222432648205944e-05
1.000000000000000000e+12	1.400000000000000000e+01	8.979225576212439383e-05
1.260000000000000000e+12	1.400000000000000000e+01	1.177360031428459136e-04
1.580000000000000000e+12	1.400000000000000000e+01	1.484357302236023540e-04
2.000000000000000000e+12	1.400000000000000000e+01	1.882142459956661360e-04
2.510000000000000000e+12	1.400000000000000000e+01	2.362640937230992683e-04
3.160000000000000000e+12	1.400000000000000000e+01	2.972797560020745927e-04
3.980000000000000000e+12	1.400000000000000000e+01	3.743498869304790421e-04
5.010000000000000000e+12	1.400000000000000000e+01	4.711734706105033359e-04
6.310000000000000000e+12	1.400000000000000000e+01	5.935507144243113570e-04
7.940000000000000000e+12	1.400000000000000000e+01	7.480061558084544161e-04
1.000000000000000000e+13	1.400000000000000000e+01	9.446441382685565611e-04
1.260000000000000000e+13	1.400000000000000000e+01	1.194872835724076782e-03
1.580000000000000000e+13	1.400000000000000000e+01	1.502616457070771443e-03
2.000000000000000000e+13	1.400000000000000000e+01	1.906851920263123940e-03
2.510000000000000000e+13	1.400000000000000000e+01	2.390767995960228157e-03
3.160000000000000000e+13	1.400000000000000000e+01	2.982545969680660061e-03
3.980000000000000000e+13	1.400000000000000000e+01	3.695172616775683518e-03
5.010000000000000000e+13	1.400000000000000000e+01	4.532646284126634964e-03
6.310000000000000000e+13	1.400000000000000000e+01	5.526479472851243344e-03
7.940000000000000000e+13	1.400000000000000000e+01	6.802916923105063740e-03
1.000000000000000000e+14	1.400000000000000000e+01	8.494216007112918507e-03
1.260000000000000000e+14	1.400000000000000000e+01	1.078311605040863097e-02
1.580000000000000000e+14	1.400000000000000000e+01	1.389121752547769692e-02
2.000000000000000000e+14	1.400000000000000000e+01	1.825478665095745315e-02
2.510000000000000000e+14	1.400000000000000000e+01	2.368711063977294376e-02
3.160000000000000000e+14	1.400000000000000000e+01	2.973063048155968890e-02
3.980000000000000000e+14	1.400000000000000000e+01	3.505223737357981983e-02
5.010000000000000000e+14	1.400000000000000000e+01	3.849108276716176752e-02
6.310000000000000000e+14	1.400000000000000000e+01	3.938081952017270793e-02
7.940000000000000000e+14	1.400000000000000000e+01	3.667568473325809320e-02
1.000000000000000000e+15	1.400000000000000000e+01	3.175959978804530209e-02
1.260000000000000000e+15	1.400000000000000000e+01	2.644983816985695124e-02
1.580000000000000000e+15	1.400000000000000000e+01	1.782711501133137436e-02
2.000000000000000000e+15	1.400000000000000000e+01	8.125655768036638485e-03
2.510000000000000000e+15	1.400000000000000000e+01	6.488565179034655114e-04
3.160000000000000000e+15	1.400000000000000000e+01	-6.475926911452587788e-03
3.980000000000000000e+15	1.400000000000000000e+01	-1.248364197361452425e-02
5.010000000000000000e+15	1.400000000000000000e+01	-1.718293134116618062e-02
6.310000000000000000e+15	1.400000000000000000e+01	-2.059520699935913843e-02
7.940000000000000000e+15	1.400000000000000000e+01	-2.280605721247395273e-02
1.000000000000000000e+16	1.400000000000000000e+01	-2.398472304879573080e-02
1.260000000000000000e+16	1.400000000000000000e+01	-2.429821246323493958e-02
1.580000000000000000e+16	1.400000000000000000e+01	-2.395762652663051967e-02
2.000000000000000000e+16	1.400000000000000000e+01	-2.305462279090330496e-02
2.510000000000000000e+16	1.400000000000000000e+01	-2.184672103777867899e-02
3.160000000000000000e+16	1.400000000000000000e+01	-2.038114269430604114e-02
3.980000000000000000e+16	1.400000000000000000e+01	-1.877577589398560579e-02
5.010000000000000000e+16	1.400000000000000000e+01	-1.711949264966772244e-02
6.310000000000000000e+16	1.400000000000000000e+01	-1.546369844870280029e-02
7.940000000000000000e+16	1.400000000000000000e+01	-1.386566350402452553e-02
1.000000000000000000e+17	1.400000000000000000e+01	-1.233962853429281838e-02
1.000000000000000000e+11	1.600000000000000000e+01	1.010811967090165581e-05
1.258925411794166107e+11	1.600000000000000000e+01	1.273623710252274325e-05
1.584893192461110840e+11	1.600000000000000000e+01	1.605727885004131967e-05
1.995262314968882751e+11	1.600000000000000000e+01	2.026383830666263187e-05
2.511886431509582214e+11	1.600000000000000000e+01	2.561359465937939969e-05
3.162277660168379517e+11	1.600000000000000000e+01	3.245970328035114628e-05
3.981071705534969482e+11	1.600000000000000000e+01	4.128882350122658953e-05
5.011872336272714844e+11	1.600000000000000000e+01	5.271688061285967960e-05
6.309573444801943359e+11	1.600000000000000000e+01	6.702258179481338537e-05
7.943282347242821045e+11	1.600000000000000000e+01	7.546308491366765579e-05
1.000000000000000000e+12	1.600000000000000000e+01	8.897897068027469877e-05
1.260000000000000000e+12	1.600000000000000000e+01	1.173586651467093143e-04
1.580000000000000000e+12	1.600000000000000000e+01	1.480236959997670179e-04
2.000000000000000000e+12	1.600000000000000000e+01	1.878758623897362279e-04
2.510000000000000000e+12	1.600000000000000000e+01	2.361166480592614741e-04
3.160000000000000000e+12	1.600000000000000000e+01	2.972745656760787192e-04
3.980000000000000000e+12	1.600000000000000000e+01	3.742323997989530082e-04
5.010000000000000000e+12	1.600000000000000000e+01	4.709900292465229706e-04
6.310000000000000000e+12	1.600000000000000000e+01	5.933981223259640007e-04
7.940000000000000000e+12	1.600000000000000000e+01	7.485655177156824713e-04
1.000000000000000000e+13	1.600000000000000000e+01	9.453800300116569017e-04
1.260000000000000000e+13	1.600000000000000000e+01	1.193630287448597472e-03
1.580000000000000000e+13	1.600000000000000000e+01	1.499870816753960624e-03
2.000000000000000000e+13	1.600000000000000000e+01	1.905018648237602778e-03
2.510000000000000000e+13	1.600000000000000000e+01	2.385384820588415736e-03
3.160000000000000000e+13	1.600000000000000000e+01	2.970593535024115394e-03
3.980000000000000000e+13	1.600000000000000000e+01	3.692191914740710745e-03
5.010000000000000000e+13	1.600000000000000000e+01	4.552607741084273123e-03
6.310000000000000000e+13	1.600000000000000000e+01	5.592532365530515463e-03
7.940000000000000000e+13	1.600000000000000000e+01	6.903132502653362701e-03
1.000000000000000000e+14	1.600000000000000000e+01	8.642901070706796030e-03
1.260000000000000000e+14	1.600000000000000000e+01	1.101711256389451520e-02
1.580000000000000000e+14	1.600000000000000000e+01	1.418462908967107160e-02
2.000000000000000000e+14	1.600000000000000000e+01	1.871782576362087530e-02
2.510000000000000000e+14	1.600000000000000000e+01	2.416179603527299907e-02
3.160000000000000000e+14	1.600000000000000000e+01	3.014046913202010625e-02
3.980000000000000000e+14	1.600000000000000000e+01	3.564493375984294915e-02
5.010000000000000000e+14	1.600000000000000000e+01	3.969233058562013361e-02
6.310000000000000000e+14	1.600000000000000000e+01	4.050537059424393765e-02
7.940000000000000000e+14	1.600000000000000000e+01	3.800186513696143104e-02
1.000000000000000000e+15	1.600000000000000000e+01	3.319096048372074254e-02
1.260000000000000000e+15	1.600000000000000000e+01	2.543203377703677145e-02
1.580000000000000000e+15	1.600000000000000000e+01	1.828520856351135981e-02
2.000000000000000000e+15	1.600000000000000000e+01	1.076598651945256599e-02
2.510000000000000000e+15	1.600000000000000000e+01	1.579243912349996472e-03
3.160000000000000000e+15	1.600000000000000000e+01	-6.129179926214202781e-03
3.980000000000000000e+15	1.600000000000000000e+01	-1.251837083645550644e-02
5.010000000000000000e+15	1.600000000000000000e+01	-1.748163433788358853e-02
6.310000000000000000e+15	1.600000000000000000e+01	-2.109556731879038902e-02
7.940000000000000000e+15	1.600000000000000000e+01	-2.343728598638022270e-02
1.000000000000000000e+16	1.600000000000000000e+01	-2.469804102530015824e-02
1.260000000000000000e+16	1.600000000000000000e+01	-2.505324669747234848e-02
1.580000000000000000e+16	1.600000000000000000e+01	-2.472383405082261010e-02
2.000000000000000000e+16	1.600000000000000000e+01	-2.380756284090219596e-02
2.510000000000000000e+16	1.600000000000000000e+01	-2.257090769658934293e-02
3.160000000000000000e+16	1.600000000000000000e+01	-2.106419095173070466e-02
3.980000000000000000e+16	1.600000000000000000e+01	-1.941110979133438622e-02
5.010000000000000000e+16	1.600000000000000000e+01	-1.770304261360463455e-02
6.310000000000000000e+16	1.600000000000000000e+01	-1.599374390641044100e-02
7.940000000000000000e+16	1.600000000000000000e+01	-1.434320249095491669e-02
1.000000000000000000e+17	1.600000000000000000e+01	-1.276631647402527020e-02
