1.000000000000000000e+11	5.000000000000000000e-01	1.653934223235049638e-05
1.258925411794166107e+11	5.000000000000000000e-01	2.084674719504740168e-05
1.584893192461110840e+11	5.000000000000000000e-01	2.629626750373484478e-05
1.995262314968882751e+11	5.000000000000000000e-01	3.321187568780958226e-05
2.511886431509582214e+11	5.000000000000000000e-01	4.203328567233564959e-05
3.162277660168379517e+11	5.000000000000000000e-01	5.338028989818352314e-05
3.981071705534969482e+11	5.000000000000000000e-01	6.816749283867233795e-05
5.011872336272714844e+11	5.000000000000000000e-01	8.782944006085177441e-05
6.309573444801943359e+11	5.000000000000000000e-01	1.145444220735421660e-04
7.943282347242821045e+11	5.000000000000000000e-01	1.520917354170719981e-04
1.000000000000000000e+12	5.000000000000000000e-01	1.735257142331197533e-04
1.260000000000000000e+12	5.000000000000000000e-01	1.810040374241541792e-04
1.580000000000000000e+12	5.000000000000000000e-01	2.058567905329363964e-04
2.000000000000000000e+12	5.000000000000000000e-01	2.484604072706972995e-04
2.510000000000000000e+12	5.000000000000000000e-01	3.009172210606194547e-04
3.160000000000000000e+12	5.000000000000000000e-01	3.697612400573829609e-04
3.980000000000000000e+12	5.000000000000000000e-01	4.582774273039336003e-04
5.010000000000000000e+12	5.000000000000000000e-01	5.702973635213527681e-04
6.310000000000000000e+12	5.000000000000000000e-01	7.127841405333835935e-04
7.940000000000000000e+12	5.000000000000000000e-01	8.921407823734783197e-04
1.000000000000000000e+13	5.000000000000000000e-01	1.118378608209364116e-03
1.260000000000000000e+13	5.000000000000000000e-01	1.400300700906596590e-03
1.580000000000000000e+13	5.000000000000000000e-01	1.745661420950472527e-03
2.000000000000000000e+13	5.000000000000000000e-01	2.207205129499630047e-03
2.510000000000000000e+13	5.000000000000000000e-01	2.779497844591961170e-03
3.160000000000000000e+13	5.000000000000000000e-01	3.517523965072123174e-03
3.980000000000000000e+13	5.000000000000000000e-01	4.445438373807412448e-03
5.010000000000000000e+13	5.000000000000000000e-01	5.565928919454630856e-03
6.310000000000000000e+13	5.000000000000000000e-01	6.863968525645069811e-03
7.940000000000000000e+13	5.000000000000000000e-01	8.320743134835915239e-03
1.000000000000000000e+14	5.000000000000000000e-01	1.000659073848039239e-02
1.260000000000000000e+14	5.000000000000000000e-01	1.214116830399133637e-02
1.580000000000000000e+14	5.000000000000000000e-01	1.496118967924037202e-02
2.000000000000000000e+14	5.000000000000000000e-01	1.901836237660623624e-02
2.510000000000000000e+14	5.000000000000000000e-01	2.402285439600651551e-02
3.160000000000000000e+14	5.000000000000000000e-01	2.963426379910709396e-02
3.980000000000000000e+14	5.000000000000000000e-01	3.481687760039448021e-02
5.010000000000000000e+14	5.000000000000000000e-01	3.828090218384316845e-02
6.310000000000000000e+14	5.000000000000000000e-01	3.914377955619970095e-02
7.940000000000000000e+14	5.000000000000000000e-01	3.703370105827329811e-02
1.000000000000000000e+15	5.000000000000000000e-01	3.207646827564131220e-02
1.260000000000000000e+15	5.000000000000000000e-01	2.522084344321897861e-02
1.580000000000000000e+15	5.000000000000000000e-01	1.728755449172472702e-02
2.000000000000000000e+15	5.000000000000000000e-01	8.695212050959355565e-03
2.510000000000000000e+15	5.000000000000000000e-01	5.839073387697443990e-04
3.160000000000000000e+15	5.000000000000000000e-01	-6.771114732604647038e-03
3.980000000000000000e+15	5.000000000000000000e-01	-1.294115068887581425e-02
5.010000000000000000e+15	5.000000000000000000e-01	-1.775909077881659970e-02
6.310000000000000000e+15	5.000000000000000000e-01	-2.125353858399765816e-02
7.940000000000000000e+15	5.000000000000000000e-01	-2.351417193403315328e-02
1.000000000000000000e+16	5.000000000000000000e-01	-2.471534715350187650e-02
1.260000000000000000e+16	5.000000000000000000e-01	-2.502866076218266539e-02
1.580000000000000000e+16	5.000000000000000000e-01	-2.467097670165344092e-02
2.000000000000000000e+16	5.000000000000000000e-01	-2.373628142143702560e-02
2.510000000000000000e+16	5.000000000000000000e-01	-2.248922517403518020e-02
3.160000000000000000e+16	5.000000000000000000e-01	-2.097795684420506596e-02
3.980000000000000000e+16	5.000000000000000000e-01	-1.932381060791260596e-02
5.010000000000000000e+16	5.000000000000000000e-01	-1.761796930906581876e-02
6.310000000000000000e+16	5.000000000000000000e-01	-1.591279420775462694e-02
7.940000000000000000e+16	5.000000000000000000e-01	-1.426762411931729868e-02
1.000000000000000000e+17	5.000000000000000000e-01	-1.269679680218570826e-02
1.000000000000000000e+11	1.500000000000000000e+00	1.441391615335125928e-05
1.258925411794166107e+11	1.500000000000000000e+00	1.816868399471910256e-05
1.584893192461110840e+11	1.500000000000000000e+00	2.292008401287213664e-05
1.995262314968882751e+11	1.500000000000000000e+00	2.895190080887007406e-05
2.511886431509582214e+11	1.500000000000000000e+00	3.665065474227025092e-05
3.162277660168379517e+11	1.500000000000000000e+00	4.656311716899259493e-05
3.981071705534969482e+11	1.500000000000000000e+00	5.949654913561154291e-05
5.011872336272714844e+11	1.500000000000000000e+00	7.669931347847495440e-05
6.309573444801943359e+11	1.500000000000000000e+00	9.999797692900231922e-05
7.943282347242821045e+11	1.500000000000000000e+00	1.310676337366214594e-04
1.000000000000000000e+12	1.500000000000000000e+00	1.488191536515025585e-04
1.260000000000000000e+12	1.500000000000000000e+00	1.568648210737646912e-04
1.580000000000000000e+12	1.500000000000000000e+00	1.806088175466257916e-04
2.000000000000000000e+12	1.500000000000000000e+00	2.162899894394243970e-04
2.510000000000000000e+12	1.500000000000000000e+00	2.625094439258839714e-04
3.160000000000000000e+12	1.500000000000000000e+00	3.232277738872854590e-04
3.980000000000000000e+12	1.500000000000000000e+00	4.012770437920764786e-04
5.010000000000000000e+12	1.500000000000000000e+00	5.005960402122381237e-04
6.310000000000000000e+12	1.500000000000000000e+00	6.265677463954755569e-04
7.940000000000000000e+12	1.500000000000000000e+00	7.857944110729927351e-04
1.000000000000000000e+13	1.500000000000000000e+00	9.866385352932463288e-04
1.260000000000000000e+13	1.500000000000000000e+00	1.236232847447361937e-03
1.580000000000000000e+13	1.500000000000000000e+00	1.541783793627230252e-03
2.000000000000000000e+13	1.500000000000000000e+00	1.947250918948184670e-03
2.510000000000000000e+13	1.500000000000000000e+00	2.446924853389499752e-03
3.160000000000000000e+13	1.500000000000000000e+00	3.091428987789909995e-03
3.980000000000000000e+13	1.500000000000000000e+00	3.905237659603757235e-03
5.010000000000000000e+13	1.500000000000000000e+00	4.911975309511444968e-03
6.310000000000000000e+13	1.500000000000000000e+00	6.138236909762779907e-03
7.940000000000000000e+13	1.500000000000000000e+00	7.601116049902111732e-03
1.000000000000000000e+14	1.500000000000000000e+00	9.391391367475977400e-03
1.260000000000000000e+14	1.500000000000000000e+00	1.169818867635248963e-02
1.580000000000000000e+14	1.500000000000000000e+00	1.471841133664247153e-02
2.000000000000000000e+14	1.500000000000000000e+00	1.895979018243939759e-02
2.510000000000000000e+14	1.500000000000000000e+00	2.414156681778853106e-02
3.160000000000000000e+14	1.500000000000000000e+00	2.987914246360717785e-02
3.980000000000000000e+14	1.500000000000000000e+00	3.506133111307696559e-02
5.010000000000000000e+14	1.500000000000000000e+00	3.870708727478208017e-02
6.310000000000000000e+14	1.500000000000000000e+00	3.965416690362810054e-02
7.940000000000000000e+14	1.500000000000000000e+00	3.745623549589635615e-02
1.000000000000000000e+15	1.500000000000000000e+00	3.262273869186808894e-02
1.260000000000000000e+15	1.500000000000000000e+00	2.546508985750262424e-02
1.580000000000000000e+15	1.500000000000000000e+00	1.725110187259788069e-02
2.000000000000000000e+15	1.500000000000000000e+00	8.786597913370776738e-03
2.510000000000000000e+15	1.500000000000000000e+00	7.061655256923762662e-04
3.160000000000000000e+15	1.500000000000000000e+00	-6.621875601326019517e-03
3.980000000000000000e+15	1.500000000000000000e+00	-1.276946826044266653e-02
5.010000000000000000e+15	1.500000000000000000e+00	-1.757049947147677066e-02
6.310000000000000000e+15	1.500000000000000000e+00	-2.105401451178523509e-02
7.940000000000000000e+15	1.500000000000000000e+00	-2.330955866430644077e-02
1.000000000000000000e+16	1.500000000000000000e+00	-2.451088090787996790e-02
1.260000000000000000e+16	1.500000000000000000e+00	-2.482877922187839981e-02
1.580000000000000000e+16	1.500000000000000000e+00	-2.447899178854782976e-02
2.000000000000000000e+16	1.500000000000000000e+00	-2.355501477382348011e-02
2.510000000000000000e+16	1.500000000000000000e+00	-2.231996068815962631e-02
3.160000000000000000e+16	1.500000000000000000e+00	-2.082152268594230152e-02
3.980000000000000000e+16	1.500000000000000000e+00	-1.918137465130257888e-02
5.010000000000000000e+16	1.500000000000000000e+00	-1.748890120154203767e-02
6.310000000000000000e+16	1.500000000000000000e+00	-1.579709869745057546e-02
7.940000000000000000e+16	1.500000000000000000e+00	-1.416440319895248198e-02
1.000000000000000000e+17	1.500000000000000000e+00	-1.260533813042695114e-02
1.000000000000000000e+11	2.500000000000000000e+00	1.331122934041234310e-05
1.258925411794166107e+11	2.500000000000000000e+00	1.677866672132879855e-05
1.584893192461110840e+11	2.500000000000000000e+00	2.116651714807929718e-05
1.995262314968882751e+11	2.500000000000000000e+00	2.673682997711012040e-05
2.511886431509582214e+11	2.500000000000000000e+00	3.384672065346662381e-05
3.162277660168379517e+11	2.500000000000000000e+00	4.300110792207871433e-05
3.981071705534969482e+11	2.500000000000000000e+00	5.494276190756594526e-05
5.011872336272714844e+11	2.500000000000000000e+00	7.080812357064170570e-05
6.309573444801943359e+11	2.500000000000000000e+00	9.215199295343409487e-05
7.943282347242821045e+11	2.500000000000000000e+00	1.190595130567240174e-04
1.000000000000000000e+12	2.500000000000000000e+00	1.351638752108220759e-04
1.260000000000000000e+12	2.500000000000000000e+00	1.449756093125711964e-04
1.580000000000000000e+12	2.500000000000000000e+00	1.682715085287562974e-04
2.000000000000000000e+12	2.500000000000000000e+00	2.027221833599498785e-04
2.510000000000000000e+12	2.500000000000000000e+00	2.471260562106262874e-04
3.160000000000000000e+12	2.500000000000000000e+00	3.054172338399246847e-04
3.980000000000000000e+12	2.500000000000000000e+00	3.798710263756214633e-04
5.010000000000000000e+12	2.500000000000000000e+00	4.744349652819644723e-04
6.310000000000000000e+12	2.500000000000000000e+00	5.950162215622803192e-04
7.940000000000000000e+12	2.500000000000000000e+00	7.466480949021886849e-04
1.000000000000000000e+13	2.500000000000000000e+00	9.377582509150577360e-04
1.260000000000000000e+13	2.500000000000000000e+00	1.176596532614320291e-03
1.580000000000000000e+13	2.500000000000000000e+00	1.468418906385844398e-03
2.000000000000000000e+13	2.500000000000000000e+00	1.854363752749590023e-03
2.510000000000000000e+13	2.500000000000000000e+00	2.328619608150252467e-03
3.160000000000000000e+13	2.500000000000000000e+00	2.938694161875754930e-03
3.980000000000000000e+13	2.500000000000000000e+00	3.713210410103147396e-03
5.010000000000000000e+13	2.500000000000000000e+00	4.675220823611631916e-03
6.310000000000000000e+13	2.500000000000000000e+00	5.858913297362880294e-03
7.940000000000000000e+13	2.500000000000000000e+00	7.311675234900349291e-03
1.000000000000000000e+14	2.500000000000000000e+00	9.134461520635099238e-03
1.260000000000000000e+14	2.500000000000000000e+00	1.148944604147124696e-02
1.580000000000000000e+14	2.500000000000000000e+00	1.457544242637916383e-02
2.000000000000000000e+14	2.500000000000000000e+00	1.892138283422841599e-02
2.510000000000000000e+14	2.500000000000000000e+00	2.415755827260637409e-02
3.160000000000000000e+14	2.500000000000000000e+00	2.992767745495296047e-02
3.980000000000000000e+14	2.500000000000000000e+00	3.528679093140039968e-02
5.010000000000000000e+14	2.500000000000000000e+00	3.879021533109627828e-02
6.310000000000000000e+14	2.500000000000000000e+00	3.951793638579613466e-02
7.940000000000000000e+14	2.500000000000000000e+00	3.746049964639450863e-02
1.000000000000000000e+15	2.500000000000000000e+00	3.268528812391850724e-02
1.260000000000000000e+15	2.500000000000000000e+00	2.566322532271623005e-02
1.580000000000000000e+15	2.500000000000000000e+00	1.767991989451900975e-02
2.000000000000000000e+15	2.500000000000000000e+00	9.248835425962472281e-03
2.510000000000000000e+15	2.500000000000000000e+00	9.563839134183374892e-04
3.160000000000000000e+15	2.500000000000000000e+00	-6.445362842303596282e-03
3.980000000000000000e+15	2.500000000000000000e+00	-1.263750027160822839e-02
5.010000000000000000e+15	2.500000000000000000e+00	-1.746915524380725920e-02
6.310000000000000000e+15	2.500000000000000000e+00	-2.097514522507469559e-02
7.940000000000000000e+15	2.500000000000000000e+00	-2.324761203326611639e-02
1.000000000000000000e+16	2.500000000000000000e+00	-2.446208341872720127e-02
1.260000000000000000e+16	2.500000000000000000e+00	-2.479023666429094191e-02
1.580000000000000000e+16	2.500000000000000000e+00	-2.444834678220563634e-02
2.000000000000000000e+16	2.500000000000000000e+00	-2.353084509894704315e-02
2.510000000000000000e+16	2.500000000000000000e+00	-2.230070441894408881e-02
3.160000000000000000e+16	2.500000000000000000e+00	-2.080625782239978530e-02
3.980000000000000000e+16	2.500000000000000000e+00	-1.916924273414234714e-02
5.010000000000000000e+16	2.500000000000000000e+00	-1.747927774031948073e-02
6.310000000000000000e+16	2.500000000000000000e+00	-1.578945739790200281e-02
7.940000000000000000e+16	2.500000000000000000e+00	-1.415833283357684561e-02
1.000000000000000000e+17	2.500000000000000000e+00	-1.260052616892250177e-02
1.000000000000000000e+11	3.500000000000000000e+00	1.247965302940615981e-05
1.258925411794166107e+11	3.500000000000000000e+00	1.573013172588671576e-05
1.584893192461110840e+11	3.500000000000000000e+00	1.984325147795885176e-05
1.995262314968882751e+11	3.500000000000000000e+00	2.506434472419829965e-05
2.511886431509582214e+11	3.500000000000000000e+00	3.172747386554181337e-05
3.162277660168379517e+11	3.500000000000000000e+00	4.030440005919510747e-05
3.981071705534969482e+11	3.500000000000000000e+00	5.148534362723061216e-05
5.011872336272714844e+11	3.500000000000000000e+00	6.631535103555181391e-05
6.309573444801943359e+11	3.500000000000000000e+00	8.610476599388937184e-05
7.943282347242821045e+11	3.500000000000000000e+00	1.094844803948090672e-04
1.000000000000000000e+12	3.500000000000000000e+00	1.246202541980918931e-04
1.260000000000000000e+12	3.500000000000000000e+00	1.365806133989050169e-04
1.580000000000000000e+12	3.500000000000000000e+00	1.599669945716222634e-04
2.000000000000000000e+12	3.500000000000000000e+00	1.940236987445784829e-04
2.510000000000000000e+12	3.500000000000000000e+00	2.372181665691014526e-04
3.160000000000000000e+12	3.500000000000000000e+00	2.937939615366411995e-04
3.980000000000000000e+12	3.500000000000000000e+00	3.663461569561284655e-04
5.010000000000000000e+12	3.500000000000000000e+00	4.583270861372545739e-04
6.310000000000000000e+12	3.500000000000000000e+00	5.748839385346986254e-04
7.940000000000000000e+12	3.500000000000000000e+00	7.218623919099330898e-04
1.000000000000000000e+13	3.500000000000000000e+00	9.075187947413905975e-04
1.260000000000000000e+13	3.500000000000000000e+00	1.139341334753812655e-03
1.580000000000000000e+13	3.500000000000000000e+00	1.422843109108021253e-03
2.000000000000000000e+13	3.500000000000000000e+00	1.796982604851150205e-03
2.510000000000000000e+13	3.500000000000000000e+00	2.255597790402787736e-03
3.160000000000000000e+13	3.500000000000000000e+00	2.844239500890726174e-03
3.980000000000000000e+13	3.500000000000000000e+00	3.588301807375819316e-03
5.010000000000000000e+13	3.500000000000000000e+00	4.516525671915436017e-03
6.310000000000000000e+13	3.500000000000000000e+00	5.676435700022648863e-03
7.940000000000000000e+13	3.500000000000000000e+00	7.116835719063146007e-03
1.000000000000000000e+14	3.500000000000000000e+00	8.940158497949178551e-03
1.260000000000000000e+14	3.500000000000000000e+00	1.132927272254420983e-02
1.580000000000000000e+14	3.500000000000000000e+00	1.446316512118979089e-02
2.000000000000000000e+14	3.500000000000000000e+00	1.885108960174807988e-02
2.510000000000000000e+14	3.500000000000000000e+00	2.417132345764595042e-02
3.160000000000000000e+14	3.500000000000000000e+00	3.007281477413068296e-02
3.980000000000000000e+14	3.500000000000000000e+00	3.519501237526730802e-02
5.010000000000000000e+14	3.500000000000000000e+00	3.853836578667071966e-02
6.310000000000000000e+14	3.500000000000000000e+00	3.965858084568717884e-02
7.940000000000000000e+14	3.500000000000000000e+00	3.760786576240343626e-02
1.000000000000000000e+15	3.500000000000000000e+00	3.248366107224143901e-02
1.260000000000000000e+15	3.500000000000000000e+00	2.552880561906713253e-02
1.580000000000000000e+15	3.500000000000000000e+00	1.755829469333042292e-02
2.000000000000000000e+15	3.500000000000000000e+00	8.954158462404928839e-03
2.510000000000000000e+15	3.500000000000000000e+00	8.630908205431451000e-04
3.160000000000000000e+15	3.500000000000000000e+00	-6.453888259886580644e-03
3.980000000000000000e+15	3.500000000000000000e+00	-1.258641791807968598e-02
5.010000000000000000e+15	3.500000000000000000e+00	-1.737375254544563236e-02
6.310000000000000000e+15	3.500000000000000000e+00	-2.084928382472916314e-02
7.940000000000000000e+15	3.500000000000000000e+00	-2.310115508156579747e-02
1.000000000000000000e+16	3.500000000000000000e+00	-2.430356228334313445e-02
1.260000000000000000e+16	3.500000000000000000e+00	-2.462672653257409403e-02
1.580000000000000000e+16	3.500000000000000000e+00	-2.428518276748670157e-02
2.000000000000000000e+16	3.500000000000000000e+00	-2.337242710925629269e-02
2.510000000000000000e+16	3.500000000000000000e+00	-2.214964798058246392e-02
3.160000000000000000e+16	3.500000000000000000e+00	-2.066462752146723883e-02
3.980000000000000000e+16	3.500000000000000000e+00	-1.903825419234093583e-02
5.010000000000000000e+16	3.500000000000000000e+00	-1.735948585788782764e-02
6.310000000000000000e+16	3.500000000000000000e+00	-1.568098495476264592e-02
7.940000000000000000e+16	3.500000000000000000e+00	-1.406085577183872372e-02
1.000000000000000000e+17	3.500000000000000000e+00	-1.251366401456428801e-02
1.000000000000000000e+11	4.500000000000000000e+00	1.191315211699729328e-05
1.258925411794166107e+11	4.500000000000000000e+00	1.501565791892077913e-05
1.584893192461110840e+11	4.500000000000000000e+00	1.894111045084414987e-05
1.995262314968882751e+11	4.500000000000000000e+00	2.392345319895409410e-05
2.511886431509582214e+11	4.500000000000000000e+00	3.027989743112230740e-05
3.162277660168379517e+11	4.500000000000000000e+00	3.845883391247207890e-05
3.981071705534969482e+11	4.500000000000000000e+00	4.911156111382904355e-05
5.011872336272714844e+11	4.500000000000000000e+00	6.321062823299728047e-05
6.309573444801943359e+11	4.500000000000000000e+00	8.188472085162799960e-05
7.943282347242821045e+11	4.500000000000000000e+00	1.026159620872205927e-04
1.000000000000000000e+12	4.500000000000000000e+00	1.170411465698447144e-04
1.260000000000000000e+12	4.500000000000000000e+00	1.310851356302908757e-04
1.580000000000000000e+12	4.500000000000000000e+00	1.551047518782485834e-04
2.000000000000000000e+12	4.500000000000000000e+00	1.891669837988333575e-04
2.510000000000000000e+12	4.500000000000000000e+00	2.318966461514012278e-04
3.160000000000000000e+12	4.500000000000000000e+00	2.878894626476219756e-04
3.980000000000000000e+12	4.500000000000000000e+00	3.597672842724688861e-04
5.010000000000000000e+12	4.500000000000000000e+00	4.504739050031211171e-04
6.310000000000000000e+12	4.500000000000000000e+00	5.655774847326920781e-04
7.940000000000000000e+12	4.500000000000000000e+00	7.103307172536601219e-04
1.000000000000000000e+13	4.500000000000000000e+00	8.928552689219007143e-04
1.260000000000000000e+13	4.500000000000000000e+00	1.121516167721853469e-03
1.580000000000000000e+13	4.500000000000000000e+00	1.401378592149090394e-03
2.000000000000000000e+13	4.500000000000000000e+00	1.770502263683850766e-03
2.510000000000000000e+13	4.500000000000000000e+00	2.220848654599271148e-03
3.160000000000000000e+13	4.500000000000000000e+00	2.798005263824731269e-03
3.980000000000000000e+13	4.500000000000000000e+00	3.531129637121041727e-03
5.010000000000000000e+13	4.500000000000000000e+00	4.447017123766471187e-03
6.310000000000000000e+13	4.500000000000000000e+00	5.591154737421970798e-03
7.940000000000000000e+13	4.500000000000000000e+00	7.018905604331205500e-03
1.000000000000000000e+14	4.500000000000000000e+00	8.865575493958522194e-03
1.260000000000000000e+14	4.500000000000000000e+00	1.128402335834573396e-02
1.580000000000000000e+14	4.500000000000000000e+00	1.444694390101846672e-02
2.000000000000000000e+14	4.500000000000000000e+00	1.889502257953579872e-02
2.510000000000000000e+14	4.500000000000000000e+00	2.419588453202069223e-02
3.160000000000000000e+14	4.500000000000000000e+00	3.012626932540513058e-02
3.980000000000000000e+14	4.500000000000000000e+00	3.560040929772066015e-02
5.010000000000000000e+14	4.500000000000000000e+00	3.921787368621657693e-02
6.310000000000000000e+14	4.500000000000000000e+00	4.001613442652400543e-02
7.940000000000000000e+14	4.500000000000000000e+00	3.776149264410317424e-02
1.000000000000000000e+15	4.500000000000000000e+00	3.294295153339169696e-02
1.260000000000000000e+15	4.500000000000000000e+00	2.601045034301044737e-02
1.580000000000000000e+15	4.500000000000000000e+00	1.780675538098417526e-02
2.000000000000000000e+15	4.500000000000000000e+00	9.103603876835345693e-03
2.510000000000000000e+15	4.500000000000000000e+00	9.370503899108697946e-04
3.160000000000000000e+15	4.500000000000000000e+00	-6.446802387573355962e-03
3.980000000000000000e+15	4.500000000000000000e+00	-1.263401299944908948e-02
5.010000000000000000e+15	4.500000000000000000e+00	-1.746440497577321505e-02
6.310000000000000000e+15	4.500000000000000000e+00	-2.097064089806746634e-02
7.940000000000000000e+15	4.500000000000000000e+00	-2.324330836643602807e-02
1.000000000000000000e+16	4.500000000000000000e+00	-2.445875371608029203e-02
1.260000000000000000e+16	4.500000000000000000e+00	-2.478749955410472841e-02
1.580000000000000000e+16	4.500000000000000000e+00	-2.444612142752691786e-02
2.000000000000000000e+16	4.500000000000000000e+00	-2.352906717422038538e-02
2.510000000000000000e+16	4.500000000000000000e+00	-2.229929542423228148e-02
3.160000000000000000e+16	4.500000000000000000e+00	-2.080511837618611443e-02
3.980000000000000000e+16	4.500000000000000000e+00	-1.916834036912009806e-02
5.010000000000000000e+16	4.500000000000000000e+00	-1.747855693015101797e-02
6.310000000000000000e+16	4.500000000000000000e+00	-1.578888835671677857e-02
7.940000000000000000e+16	4.500000000000000000e+00	-1.415787848220467077e-02
1.000000000000000000e+17	4.500000000000000000e+00	-1.260018988726693129e-02
1.000000000000000000e+11	5.500000000000000000e+00	1.141287878978997983e-05
1.258925411794166107e+11	5.500000000000000000e+00	1.438474943389217362e-05
1.584893192461110840e+11	5.500000000000000000e+00	1.814465932319312609e-05
1.995262314968882751e+11	5.500000000000000000e+00	2.291619788063038480e-05
2.511886431509582214e+11	5.500000000000000000e+00	2.900281327017895818e-05
3.162277660168379517e+11	5.500000000000000000e+00	3.683135555679321627e-05
3.981071705534969482e+11	5.500000000000000000e+00	4.702150226950241335e-05
5.011872336272714844e+11	5.500000000000000000e+00	6.047933591224841727e-05
6.309573444801943359e+11	5.500000000000000000e+00	7.819458893905513409e-05
7.943282347242821045e+11	5.500000000000000000e+00	9.669187672531635511e-05
1.000000000000000000e+12	5.500000000000000000e+00	1.104363292440904579e-04
1.260000000000000000e+12	5.500000000000000000e+00	1.260620210271990252e-04
1.580000000000000000e+12	5.500000000000000000e+00	1.504041009970697894e-04
2.000000000000000000e+12	5.500000000000000000e+00	1.844689509319879888e-04
2.510000000000000000e+12	5.500000000000000000e+00	2.272399845641708438e-04
3.160000000000000000e+12	5.500000000000000000e+00	2.826222165062303214e-04
3.980000000000000000e+12	5.500000000000000000e+00	3.531693844441421222e-04
5.010000000000000000e+12	5.500000000000000000e+00	4.424828271812755796e-04
6.310000000000000000e+12	5.500000000000000000e+00	5.557922311479636650e-04
7.940000000000000000e+12	5.500000000000000000e+00	6.985362894345400640e-04
1.000000000000000000e+13	5.500000000000000000e+00	8.787616969128598165e-04
1.260000000000000000e+13	5.500000000000000000e+00	1.104145429496374833e-03
1.580000000000000000e+13	5.500000000000000000e+00	1.380286627387811507e-03
2.000000000000000000e+13	5.500000000000000000e+00	1.743416517537670074e-03
2.510000000000000000e+13	5.500000000000000000e+00	2.187136080168745455e-03
3.160000000000000000e+13	5.500000000000000000e+00	2.756670760143829085e-03
3.980000000000000000e+13	5.500000000000000000e+00	3.475782305958329595e-03
5.010000000000000000e+13	5.500000000000000000e+00	4.374050231510314378e-03
6.310000000000000000e+13	5.500000000000000000e+00	5.501963886536022884e-03
7.940000000000000000e+13	5.500000000000000000e+00	6.922946225061310868e-03
1.000000000000000000e+14	5.500000000000000000e+00	8.743277957424513622e-03
1.260000000000000000e+14	5.500000000000000000e+00	1.116376434145787550e-02
1.580000000000000000e+14	5.500000000000000000e+00	1.438261015190137222e-02
2.000000000000000000e+14	5.500000000000000000e+00	1.882618711829856656e-02
2.510000000000000000e+14	5.500000000000000000e+00	2.423269223146228696e-02
3.160000000000000000e+14	5.500000000000000000e+00	2.991115809770474032e-02
3.980000000000000000e+14	5.500000000000000000e+00	3.527103961247868985e-02
5.010000000000000000e+14	5.500000000000000000e+00	3.903381070831356964e-02
6.310000000000000000e+14	5.500000000000000000e+00	3.981564334035366665e-02
7.940000000000000000e+14	5.500000000000000000e+00	3.756991396082395851e-02
1.000000000000000000e+15	5.500000000000000000e+00	3.257956949693282395e-02
1.260000000000000000e+15	5.500000000000000000e+00	2.584181606909605536e-02
1.580000000000000000e+15	5.500000000000000000e+00	1.770769530458266364e-02
2.000000000000000000e+15	5.500000000000000000e+00	9.056609571898797603e-03
2.510000000000000000e+15	5.500000000000000000e+00	9.395802656876605383e-04
3.160000000000000000e+15	5.500000000000000000e+00	-6.395295884652398705e-03
3.980000000000000000e+15	5.500000000000000000e+00	-1.254087446141848548e-02
5.010000000000000000e+15	5.500000000000000000e+00	-1.733871691518671862e-02
6.310000000000000000e+15	5.500000000000000000e+00	-2.082114012518307411e-02
7.940000000000000000e+15	5.500000000000000000e+00	-2.307852654958120198e-02
1.000000000000000000e+16	5.500000000000000000e+00	-2.428594923463482311e-02
1.260000000000000000e+16	5.500000000000000000e+00	-2.461277310582060673e-02
1.580000000000000000e+16	5.500000000000000000e+00	-2.427406457807645968e-02
2.000000000000000000e+16	5.500000000000000000e+00	-2.336365305510262544e-02
2.510000000000000000e+16	5.500000000000000000e+00	-2.214265072918973967e-02
3.160000000000000000e+16	5.500000000000000000e+00	-2.065907768936854280e-02
3.980000000000000000e+16	5.500000000000000000e+00	-1.903384959266118948e-02
5.010000000000000000e+16	5.500000000000000000e+00	-1.735599529302149849e-02
6.310000000000000000e+16	5.500000000000000000e+00	-1.567819456442699072e-02
7.940000000000000000e+16	5.500000000000000000e+00	-1.405865368567081955e-02
1.000000000000000000e+17	5.500000000000000000e+00	-1.251187557892173910e-02
1.000000000000000000e+11	7.000000000000000000e+00	1.074563260099851099e-05
1.258925411794166107e+11	7.000000000000000000e+00	1.354299294736632789e-05
1.584893192461110840e+11	7.000000000000000000e+00	1.708142086661447554e-05
1.995262314968882751e+11	7.000000000000000000e+00	2.157050152006072548e-05
2.511886431509582214e+11	7.000000000000000000e+00	2.729398828711865013e-05
3.162277660168379517e+11	7.000000000000000000e+00	3.464915730729402170e-05
3.981071705534969482e+11	7.000000000000000000e+00	4.421147174029826709e-05
5.011872336272714844e+11	7.000000000000000000e+00	5.678293464284763333e-05
6.309573444801943359e+11	7.000000000000000000e+00	7.312235371063082162e-05
7.943282347242821045e+11	7.000000000000000000e+00	8.820207002794202959e-05
1.000000000000000000e+12	7.000000000000000000e+00	1.012867328344542450e-04
1.260000000000000000e+12	7.000000000000000000e+00	1.199441397452223813e-04
1.580000000000000000e+12	7.000000000000000000e+00	1.452394158875432585e-04
2.000000000000000000e+12	7.000000000000000000e+00	1.797980788379433101e-04
2.510000000000000000e+12	7.000000000000000000e+00	2.225672822716395598e-04
3.160000000000000000e+12	7.000000000000000000e+00	2.778138797799845593e-04
3.980000000000000000e+12	7.000000000000000000e+00	3.480296126404410070e-04
5.010000000000000000e+12	7.000000000000000000e+00	4.364175176568260207e-04
6.310000000000000000e+12	7.000000000000000000e+00	5.484574897632534148e-04
7.940000000000000000e+12	7.000000000000000000e+00	6.891303910652013098e-04
1.000000000000000000e+13	7.000000000000000000e+00	8.665099252946521042e-04
1.260000000000000000e+13	7.000000000000000000e+00	1.089168135990895361e-03
1.580000000000000000e+13	7.000000000000000000e+00	1.362966120206770713e-03
2.000000000000000000e+13	7.000000000000000000e+00	1.722660263154693989e-03
2.510000000000000000e+13	7.000000000000000000e+00	2.161022592510530079e-03
3.160000000000000000e+13	7.000000000000000000e+00	2.722656128690666578e-03
3.980000000000000000e+13	7.000000000000000000e+00	3.431043408066179311e-03
5.010000000000000000e+13	7.000000000000000000e+00	4.316090229113432077e-03
6.310000000000000000e+13	7.000000000000000000e+00	5.427738131873490086e-03
7.940000000000000000e+13	7.000000000000000000e+00	6.833634496904079404e-03
1.000000000000000000e+14	7.000000000000000000e+00	8.647188508491599618e-03
1.260000000000000000e+14	7.000000000000000000e+00	1.107276508690446977e-02
1.580000000000000000e+14	7.000000000000000000e+00	1.427960210345148410e-02
2.000000000000000000e+14	7.000000000000000000e+00	1.872999134955936548e-02
2.510000000000000000e+14	7.000000000000000000e+00	2.410602052426135539e-02
3.160000000000000000e+14	7.000000000000000000e+00	3.002379465919999268e-02
3.980000000000000000e+14	7.000000000000000000e+00	3.537809379260877657e-02
5.010000000000000000e+14	7.000000000000000000e+00	3.886113006019259464e-02
6.310000000000000000e+14	7.000000000000000000e+00	3.967175897634652587e-02
7.940000000000000000e+14	7.000000000000000000e+00	3.782984066374862203e-02
1.000000000000000000e+15	7.000000000000000000e+00	3.290157967857879756e-02
1.260000000000000000e+15	7.000000000000000000e+00	2.596699405983444661e-02
1.580000000000000000e+15	7.000000000000000000e+00	1.756902719822165532e-02
2.000000000000000000e+15	7.000000000000000000e+00	8.655534743923236699e-03
2.510000000000000000e+15	7.000000000000000000e+00	7.951391962816428943e-04
3.160000000000000000e+15	7.000000000000000000e+00	-6.460418461883185234e-03
3.980000000000000000e+15	7.000000000000000000e+00	-1.255785137968638832e-02
5.010000000000000000e+15	7.000000000000000000e+00	-1.732275655505326542e-02
6.310000000000000000e+15	7.000000000000000000e+00	-2.078205545899616119e-02
7.940000000000000000e+15	7.000000000000000000e+00	-2.302331218711911251e-02
1.000000000000000000e+16	7.000000000000000000e+00	-2.422109985517402822e-02
1.260000000000000000e+16	7.000000000000000000e+00	-2.454233078959709019e-02
1.580000000000000000e+16	7.000000000000000000e+00	-2.420144973190427665e-02
2.000000000000000000e+16	7.000000000000000000e+00	-2.329150999612058723e-02
2.510000000000000000e+16	7.000000000000000000e+00	-2.207283826479028085e-02
3.160000000000000000e+16	7.000000000000000000e+00	-2.059270918742850398e-02
3.980000000000000000e+16	7.000000000000000000e+00	-1.897188598795077064e-02
5.010000000000000000e+16	7.000000000000000000e+00	-1.729887761315261965e-02
6.310000000000000000e+16	7.000000000000000000e+00	-1.562621281866219403e-02
7.940000000000000000e+16	7.000000000000000000e+00	-1.401168182409075549e-02
1.000000000000000000e+17	7.000000000000000000e+00	-1.246984574931392711e-02
1.000000000000000000e+11	9.000000000000000000e+00	1.030963173904450013e-05
1.258925411794166107e+11	9.000000000000000000e+00	1.299288270074973858e-05
1.584893192461110840e+11	9.000000000000000000e+00	1.638625948566493486e-05
1.995262314968882751e+11	9.000000000000000000e+00	2.069014982957256688e-05
2.511886431509582214e+11	9.000000000000000000e+00	2.617501492893089350e-05
3.162277660168379517e+11	9.000000000000000000e+00	3.321850822587941689e-05
3.981071705534969482e+11	9.000000000000000000e+00	4.235675216253697212e-05
5.011872336272714844e+11	9.000000000000000000e+00	5.433714968250984081e-05
6.309573444801943359e+11	9.000000000000000000e+00	6.974522360996561726e-05
7.943282347242821045e+11	9.000000000000000000e+00	8.241330353425527829e-05
1.000000000000000000e+12	9.000000000000000000e+00	9.520505840738665497e-05
1.260000000000000000e+12	9.000000000000000000e+00	1.161874465051303588e-04
1.580000000000000000e+12	9.000000000000000000e+00	1.422121190429093596e-04
2.000000000000000000e+12	9.000000000000000000e+00	1.774175362599699412e-04
2.510000000000000000e+12	9.000000000000000000e+00	2.203350209352851865e-04
3.160000000000000000e+12	9.000000000000000000e+00	2.756747731416138848e-04
3.980000000000000000e+12	9.000000000000000000e+00	3.458651543289554815e-04
5.010000000000000000e+12	9.000000000000000000e+00	4.344604406012577465e-04
6.310000000000000000e+12	9.000000000000000000e+00	5.462383071416733113e-04
7.940000000000000000e+12	9.000000000000000000e+00	6.864443615412616937e-04
1.000000000000000000e+13	9.000000000000000000e+00	8.639515896202112260e-04
1.260000000000000000e+13	9.000000000000000000e+00	1.086293120734766263e-03
1.580000000000000000e+13	9.000000000000000000e+00	1.357934202106657676e-03
2.000000000000000000e+13	9.000000000000000000e+00	1.717254446590075556e-03
2.510000000000000000e+13	9.000000000000000000e+00	2.154868642795368036e-03
3.160000000000000000e+13	9.000000000000000000e+00	2.715445437413233597e-03
3.980000000000000000e+13	9.000000000000000000e+00	3.421968762981263731e-03
5.010000000000000000e+13	9.000000000000000000e+00	4.302040987736650314e-03
6.310000000000000000e+13	9.000000000000000000e+00	5.405925268017548919e-03
7.940000000000000000e+13	9.000000000000000000e+00	6.808675172352397255e-03
1.000000000000000000e+14	9.000000000000000000e+00	8.645377641124482593e-03
1.260000000000000000e+14	9.000000000000000000e+00	1.107630009861186246e-02
1.580000000000000000e+14	9.000000000000000000e+00	1.429894886672115027e-02
2.000000000000000000e+14	9.000000000000000000e+00	1.881713118250405783e-02
2.510000000000000000e+14	9.000000000000000000e+00	2.420703907671918620e-02
3.160000000000000000e+14	9.000000000000000000e+00	3.024941103897029610e-02
3.980000000000000000e+14	9.000000000000000000e+00	3.567753765352729006e-02
5.010000000000000000e+14	9.000000000000000000e+00	3.930417444247000930e-02
6.310000000000000000e+14	9.000000000000000000e+00	4.035517353937146529e-02
7.940000000000000000e+14	9.000000000000000000e+00	3.821025061207959650e-02
1.000000000000000000e+15	9.000000000000000000e+00	3.350312118141830081e-02
1.260000000000000000e+15	9.000000000000000000e+00	2.596431759471462541e-02
1.580000000000000000e+15	9.000000000000000000e+00	1.854417897482220010e-02
2.000000000000000000e+15	9.000000000000000000e+00	1.094239303673841777e-02
2.510000000000000000e+15	9.000000000000000000e+00	1.709919410329945868e-03
3.160000000000000000e+15	9.000000000000000000e+00	-6.029525964250302857e-03
3.980000000000000000e+15	9.000000000000000000e+00	-1.244116462249998840e-02
5.010000000000000000e+15	9.000000000000000000e+00	-1.742120191338576360e-02
6.310000000000000000e+15	9.000000000000000000e+00	-2.104802334826556820e-02
7.940000000000000000e+15	9.000000000000000000e+00	-2.340009612558327165e-02
1.000000000000000000e+16	9.000000000000000000e+00	-2.466832063161909089e-02
1.260000000000000000e+16	9.000000000000000000e+00	-2.502970917263237782e-02
1.580000000000000000e+16	9.000000000000000000e+00	-2.470504279963806754e-02
2.000000000000000000e+16	9.000000000000000000e+00	-2.379276072099982195e-02
2.510000000000000000e+16	9.000000000000000000e+00	-2.255915858154929413e-02
3.160000000000000000e+16	9.000000000000000000e+00	-2.105482586967648631e-02
3.980000000000000000e+16	9.000000000000000000e+00	-1.940368117327682940e-02
5.010000000000000000e+16	9.000000000000000000e+00	-1.769698475827168396e-02
6.310000000000000000e+16	9.000000000000000000e+00	-1.598905988935434355e-02
7.940000000000000000e+16	9.000000000000000000e+00	-1.433951344468409675e-02
1.000000000000000000e+17	9.000000000000000000e+00	-1.276335561367496901e-02
1.000000000000000000e+11	1.100000000000000000e+01	9.905915010716014231e-06
1.258925411794166107e+11	1.100000000000000000e+01	1.248366457335731040e-05
1.584893192461110840e+11	1.100000000000000000e+01	1.574339899704119161e-05
1.995262314968882751e+11	1.100000000000000000e+01	1.987706684604483603e-05
2.511886431509582214e+11	1.100000000000000000e+01	2.514364185371779543e-05
3.162277660168379517e+11	1.100000000000000000e+01	3.190342377274151003e-05
3.981071705534969482e+11	1.100000000000000000e+01	4.066650443608276844e-05
5.011872336272714844e+11	1.100000000000000000e+01	5.213116421296483329e-05
6.309573444801943359e+11	1.100000000000000000e+01	6.674746565229300007e-05
7.943282347242821045e+11	1.100000000000000000e+01	7.755926750801544806e-05
1.000000000000000000e+12	1.100000000000000000e+01	8.978107735677128410e-05
1.260000000000000000e+12	1.100000000000000000e+01	1.120430367850056084e-04
1.580000000000000000e+12	1.100000000000000000e+01	1.386305612506589775e-04
2.000000000000000000e+12	1.100000000000000000e+01	1.739020653201019779e-04
2.510000000000000000e+12	1.100000000000000000e+01	2.167817360559249609e-04
3.160000000000000000e+12	1.100000000000000000e+01	2.717314802767239806e-04
3.980000000000000000e+12	1.100000000000000000e+01	3.412040918331987684e-04
5.010000000000000000e+12	1.100000000000000000e+01	4.284769114661132056e-04
6.310000000000000000e+12	1.100000000000000000e+01	5.390142555045180283e-04
7.940000000000000000e+12	1.100000000000000000e+01	6.775923750277228251e-04
1.000000000000000000e+13	1.100000000000000000e+01	8.528605089529530140e-04
1.260000000000000000e+13	1.100000000000000000e+01	1.073876847253858735e-03
1.580000000000000000e+13	1.100000000000000000e+01	1.344551215010877628e-03
2.000000000000000000e+13	1.100000000000000000e+01	1.700049595422029524e-03
2.510000000000000000e+13	1.100000000000000000e+01	2.134158008870960105e-03
3.160000000000000000e+13	1.100000000000000000e+01	2.689059785655145696e-03
3.980000000000000000e+13	1.100000000000000000e+01	3.387252947190341670e-03
5.010000000000000000e+13	1.100000000000000000e+01	4.256588983500569565e-03
6.310000000000000000e+13	1.100000000000000000e+01	5.350400216335630781e-03
7.940000000000000000e+13	1.100000000000000000e+01	6.740167457487116799e-03
1.000000000000000000e+14	1.100000000000000000e+01	8.542923954112331686e-03
1.260000000000000000e+14	1.100000000000000000e+01	1.096064977005923972e-02
1.580000000000000000e+14	1.100000000000000000e+01	1.417736892205743483e-02
2.000000000000000000e+14	1.100000000000000000e+01	1.868148199600985077e-02
2.510000000000000000e+14	1.100000000000000000e+01	2.402324893811741413e-02
3.160000000000000000e+14	1.100000000000000000e+01	2.992077951057953156e-02
3.980000000000000000e+14	1.100000000000000000e+01	3.538211117617871132e-02
5.010000000000000000e+14	1.100000000000000000e+01	3.900375899571724425e-02
6.310000000000000000e+14	1.100000000000000000e+01	4.005121260895299490e-02
7.940000000000000000e+14	1.100000000000000000e+01	3.789238459587732089e-02
1.000000000000000000e+15	1.100000000000000000e+01	3.196491483064505673e-02
1.260000000000000000e+15	1.100000000000000000e+01	2.540070647196073644e-02
1.580000000000000000e+15	1.100000000000000000e+01	1.748150195157602629e-02
2.000000000000000000e+15	1.100000000000000000e+01	7.924914658220764269e-03
2.510000000000000000e+15	1.100000000000000000e+01	5.122849641834542177e-04
3.160000000000000000e+15	1.100000000000000000e+01	-6.575013309611932658e-03
3.980000000000000000e+15	1.100000000000000000e+01	-1.255805437950192199e-02
5.010000000000000000e+15	1.100000000000000000e+01	-1.724007325841484320e-02
6.310000000000000000e+15	1.100000000000000000e+01	-2.063966075153240293e-02
7.940000000000000000e+15	1.100000000000000000e+01	-2.284089067263642830e-02
1.000000000000000000e+16	1.100000000000000000e+01	-2.401215818651298087e-02
1.260000000000000000e+16	1.100000000000000000e+01	-2.431986964586509842e-02
1.580000000000000000e+16	1.100000000000000000e+01	-2.397484335637183397e-02
2.000000000000000000e+16	1.100000000000000000e+01	-2.306819607174536574e-02
2.510000000000000000e+16	1.100000000000000000e+01	-2.185752748050006147e-02
3.160000000000000000e+16	1.100000000000000000e+01	-2.038971831257049491e-02
3.980000000000000000e+16	1.100000000000000000e+01	-1.878258734821850948e-02
5.010000000000000000e+16	1.100000000000000000e+01	-1.712504267138691486e-02
6.310000000000000000e+16	1.100000000000000000e+01	-1.546799243433133637e-02
7.940000000000000000e+16	1.100000000000000000e+01	-1.386906979520704380e-02
1.000000000000000000e+17	1.100000000000000000e+01	-1.234233505500465129e-02
1.000000000000000000e+11	1.300000000000000000e+01	9.662324099774853114e-06
1.258925411794166107e+11	1.300000000000000000e+01	1.217635336651635090e-05
1.584893192461110840e+11	1.300000000000000000e+01	1.535519645475541534e-05
1.995262314968882751e+11	1.300000000000000000e+01	1.938563709731764556e-05
2.511886431509582214e+11	1.300000000000000000e+01	2.451939263469569145e-05
3.162277660168379517e+11	1.300000000000000000e+01	3.110586411122411786e-05
3.981071705534969482e+11	1.300000000000000000e+01	3.963702210473990685e-05
5.011872336272714844e+11	1.300000000000000000e+01	5.077735761593874577e-05
6.309573444801943359e+11	1.300000000000000000e+01	6.488542379031630222e-05
7.943282347242821045e+11	1.300000000000000000e+01	7.443409527377534553e-05
1.000000000000000000e+12	1.300000000000000000e+01	8.632281983882328532e-05
1.260000000000000000e+12	1.300000000000000000e+01	1.099075952172751835e-04
1.580000000000000000e+12	1.300000000000000000e+01	1.369567743770950619e-04
2.000000000000000000e+12	1.300000000000000000e+01	1.721622764882252280e-04
2.510000000000000000e+12	1.300000000000000000e+01	2.152439214007645233e-04
3.160000000000000000e+12	1.300000000000000000e+01	2.702351902782123118e-04
3.980000000000000000e+12	1.300000000000000000e+01	3.396283516587911928e-04
5.010000000000000000e+12	1.300000000000000000e+01	4.268278784741773649e-04
6.310000000000000000e+12	1.300000000000000000e+01	5.371059868260529089e-04
7.940000000000000000e+12	1.300000000000000000e+01	6.755491654355741003e-04
1.000000000000000000e+13	1.300000000000000000e+01	8.494258625872797138e-04
1.260000000000000000e+13	1.300000000000000000e+01	1.068145208928009170e-03
1.580000000000000000e+13	1.300000000000000000e+01	1.338995174440639176e-03
2.000000000000000000e+13	1.300000000000000000e+01	1.693812046386963983e-03
2.510000000000000000e+13	1.300000000000000000e+01	2.125914869585591917e-03
3.160000000000000000e+13	1.300000000000000000e+01	2.678464946797208968e-03
3.980000000000000000e+13	1.300000000000000000e+01	3.372034111738770028e-03
5.010000000000000000e+13	1.300000000000000000e+01	4.238892329935642356e-03
6.310000000000000000e+13	1.300000000000000000e+01	5.331163364564016870e-03
7.940000000000000000e+13	1.300000000000000000e+01	6.708261233072096430e-03
1.000000000000000000e+14	1.300000000000000000e+01	8.508928704123898748e-03
1.260000000000000000e+14	1.300000000000000000e+01	1.091849907561606194e-02
1.580000000000000000e+14	1.300000000000000000e+01	1.410634456372956980e-02
2.000000000000000000e+14	1.300000000000000000e+01	1.856505924651638550e-02
2.510000000000000000e+14	1.300000000000000000e+01	2.402128026031412344e-02
3.160000000000000000e+14	1.300000000000000000e+01	3.004899231567152371e-02
3.980000000000000000e+14	1.300000000000000000e+01	3.544957328157104931e-02
5.010000000000000000e+14	1.300000000000000000e+01	3.925568130353130486e-02
6.310000000000000000e+14	1.300000000000000000e+01	3.978267626894815140e-02
7.940000000000000000e+14	1.300000000000000000e+01	3.654163588412952940e-02
1.000000000000000000e+15	1.300000000000000000e+01	3.237813239986709474e-02
1.260000000000000000e+15	1.300000000000000000e+01	2.544708602533379826e-02
1.580000000000000000e+15	1.300000000000000000e+01	1.657080302631073337e-02
2.000000000000000000e+15	1.300000000000000000e+01	8.854403906712203856e-03
2.510000000000000000e+15	1.300000000000000000e+01	8.144899742757279659e-04
3.160000000000000000e+15	1.300000000000000000e+01	-6.391950638464280986e-03
3.980000000000000000e+15	1.300000000000000000e+01	-1.243113397942382202e-02
5.010000000000000000e+15	1.300000000000000000e+01	-1.714654695243700636e-02
6.310000000000000000e+15	1.300000000000000000e+01	-2.056863615997113828e-02
7.940000000000000000e+15	1.300000000000000000e+01	-2.278594749045825818e-02
1.000000000000000000e+16	1.300000000000000000e+01	-2.396924492449255262e-02
1.260000000000000000e+16	1.300000000000000000e+01	-2.428614409959404738e-02
1.580000000000000000e+16	1.300000000000000000e+01	-2.394814662409482445e-02
2.000000000000000000e+16	1.300000000000000000e+01	-2.304718215643627652e-02
2.510000000000000000e+16	1.300000000000000000e+01	-2.184081157156432876e-02
3.160000000000000000e+16	1.300000000000000000e+01	-2.037589820510813526e-02
3.980000000000000000e+16	1.300000000000000000e+01	-1.877209550476799382e-02
5.010000000000000000e+16	1.300000000000000000e+01	-1.711656230140281773e-02
6.310000000000000000e+16	1.300000000000000000e+01	-1.546139565962479506e-02
7.940000000000000000e+16	1.300000000000000000e+01	-1.386380858046695926e-02
1.000000000000000000e+17	1.300000000000000000e+01	-1.233816144559316680e-02
1.000000000000000000e+11	1.500000000000000000e+01	9.503192247233698358e-06
1.258925411794166107e+11	1.500000000000000000e+01	1.197554490212376802e-05
1.584893192461110840e+11	1.500000000000000000e+01	1.510138752952667400e-05
1.995262314968882751e+11	1.500000000000000000e+01	1.906402406031167801e-05
2.511886431509582214e+11	1.500000000000000000e+01	2.411051971663245299e-05
3.162277660168379517e+11	1.500000000000000000e+01	3.058153326199799247e-05
3.981071705534969482e+11	1.500000000000000000e+01	3.895905101048200260e-05
5.011872336272714844e+11	1.500000000000000000e+01	4.987662747851398748e-05
6.309573444801943359e+11	1.500000000000000000e+01	6.363773723564045625e-05
7.943282347242821045e+11	1.500000000000000000e+01	7.225124414107031250e-05
1.000000000000000000e+12	1.500000000000000000e+01	8.417472873739272022e-05
1.260000000000000000e+12	1.500000000000000000e+01	1.085035210917755248e-04
1.580000000000000000e+12	1.500000000000000000e+01	1.357666794775866641e-04
2.000000000000000000e+12	1.500000000000000000e+01	1.714656272936005939e-04
2.510000000000000000e+12	1.500000000000000000e+01	2.146529663955938833e-04
3.160000000000000000e+12	1.500000000000000000e+01	2.697563277096638864e-04
3.980000000000000000e+12	1.500000000000000000e+01	3.392295687459900562e-04
5.010000000000000000e+12	1.500000000000000000e+01	4.264933430515548932e-04
6.310000000000000000e+12	1.500000000000000000e+01	5.369054412244299952e-04
7.940000000000000000e+12	1.500000000000000000e+01	6.750529683338214260e-04
1.000000000000000000e+13	1.500000000000000000e+01	8.486585456405801005e-04
1.260000000000000000e+13	1.500000000000000000e+01	1.067256154462223761e-03
1.580000000000000000e+13	1.500000000000000000e+01	1.337943085942127838e-03
2.000000000000000000e+13	1.500000000000000000e+01	1.694229993534600515e-03
2.510000000000000000e+13	1.500000000000000000e+01	2.127009681412661123e-03
3.160000000000000000e+13	1.500000000000000000e+01	2.678074284794917589e-03
3.980000000000000000e+13	1.500000000000000000e+01	3.373386391121474537e-03
5.010000000000000000e+13	1.500000000000000000e+01	4.239911174325017816e-03
6.310000000000000000e+13	1.500000000000000000e+01	5.331707767682531893e-03
7.940000000000000000e+13	1.500000000000000000e+01	6.708969370335566423e-03
1.000000000000000000e+14	1.500000000000000000e+01	8.504744873607991348e-03
1.260000000000000000e+14	1.500000000000000000e+01	1.091519622317582358e-02
1.580000000000000000e+14	1.500000000000000000e+01	1.412987455284622773e-02
2.000000000000000000e+14	1.500000000000000000e+01	1.864329998873272276e-02
2.510000000000000000e+14	1.500000000000000000e+01	2.396558256157093475e-02
3.160000000000000000e+14	1.500000000000000000e+01	2.974279017484052212e-02
3.980000000000000000e+14	1.500000000000000000e+01	3.513717232223249887e-02
5.010000000000000000e+14	1.500000000000000000e+01	3.857463738763493299e-02
6.310000000000000000e+14	1.500000000000000000e+01	3.960044118260990648e-02
7.940000000000000000e+14	1.500000000000000000e+01	3.907871087529273674e-02
1.000000000000000000e+15	1.500000000000000000e+01	3.420555068852014491e-02
1.260000000000000000e+15	1.500000000000000000e+01	2.718471415205121061e-02
1.580000000000000000e+15	1.500000000000000000e+01	2.005245271650209563e-02
2.000000000000000000e+15	1.500000000000000000e+01	1.040897546439563046e-02
2.510000000000000000e+15	1.500000000000000000e+01	1.696835018067877543e-03
3.160000000000000000e+15	1.500000000000000000e+01	-5.994112938473250725e-03
3.980000000000000000e+15	1.500000000000000000e+01	-1.239978973262262710e-02
5.010000000000000000e+15	1.500000000000000000e+01	-1.739124913111355503e-02
6.310000000000000000e+15	1.500000000000000000e+01	-2.101599299254718750e-02
7.940000000000000000e+15	1.500000000000000000e+01	-2.337371137823444911e-02
1.000000000000000000e+16	1.500000000000000000e+01	-2.464694815291019678e-02
1.260000000000000000e+16	1.500000000000000000e+01	-2.501252837250298247e-02
1.580000000000000000e+16	1.500000000000000000e+01	-2.469125489490056960e-02
2.000000000000000000e+16	1.500000000000000000e+01	-2.378182258527976323e-02
2.510000000000000000e+16	1.500000000000000000e+01	-2.255036102828856734e-02
3.160000000000000000e+16	1.500000000000000000e+01	-2.104829181451729411e-02
3.980000000000000000e+16	1.500000000000000000e+01	-1.939815336493076747e-02
5.010000000000000000e+16	1.500000000000000000e+01	-1.769277799423374722e-02
6.310000000000000000e+16	1.500000000000000000e+01	-1.598558779902016155e-02
7.940000000000000000e+16	1.500000000000000000e+01	-1.433671091321725606e-02
1.000000000000000000e+17	1.500000000000000000e+01	-1.276116134731200558e-02
1.000000000000000000e+11	1.700000000000000000e+01	9.381517673370265984e-06
1.258925411794166107e+11	1.700000000000000000e+01	1.182203670974388861e-05
1.584893192461110840e+11	1.700000000000000000e+01	1.490751009183686375e-05
1.995262314968882751e+11	1.700000000000000000e+01	1.881870710249378088e-05
2.511886431509582214e+11	1.700000000000000000e+01	2.379882978517785727e-05
3.162277660168379517e+11	1.700000000000000000e+01	3.018442473297661770e-05
3.981071705534969482e+11	1.700000000000000000e+01	3.844582468793941363e-05
5.011872336272714844e+11	1.700000000000000000e+01	4.920097616191823517e-05
6.309573444801943359e+11	1.700000000000000000e+01	6.271367047805841610e-05
7.943282347242821045e+11	1.700000000000000000e+01	7.072110639300423197e-05
1.000000000000000000e+12	1.700000000000000000e+01	8.240596831906228409e-05
1.260000000000000000e+12	1.700000000000000000e+01	1.074123545106202488e-04
1.580000000000000000e+12	1.700000000000000000e+01	1.349509707094722222e-04
2.000000000000000000e+12	1.700000000000000000e+01	1.705438482541511615e-04
2.510000000000000000e+12	1.700000000000000000e+01	2.137893434425608852e-04
3.160000000000000000e+12	1.700000000000000000e+01	2.687848740873364129e-04
3.980000000000000000e+12	1.700000000000000000e+01	3.381965515422197450e-04
5.010000000000000000e+12	1.700000000000000000e+01	4.255265391208758901e-04
6.310000000000000000e+12	1.700000000000000000e+01	5.353140153409360457e-04
7.940000000000000000e+12	1.700000000000000000e+01	6.725632124971366857e-04
1.000000000000000000e+13	1.700000000000000000e+01	8.476624223944604491e-04
1.260000000000000000e+13	1.700000000000000000e+01	1.068450997118111472e-03
1.580000000000000000e+13	1.700000000000000000e+01	1.336963660042986019e-03
2.000000000000000000e+13	1.700000000000000000e+01	1.691640553674864751e-03
2.510000000000000000e+13	1.700000000000000000e+01	2.124160623786246552e-03
3.160000000000000000e+13	1.700000000000000000e+01	2.675931274555109866e-03
3.980000000000000000e+13	1.700000000000000000e+01	3.371923111679904668e-03
5.010000000000000000e+13	1.700000000000000000e+01	4.237176958346404454e-03
6.310000000000000000e+13	1.700000000000000000e+01	5.320733564480542403e-03
7.940000000000000000e+13	1.700000000000000000e+01	6.706089346676232139e-03
1.000000000000000000e+14	1.700000000000000000e+01	8.507936544398971013e-03
1.260000000000000000e+14	1.700000000000000000e+01	1.093563208081491274e-02
1.580000000000000000e+14	1.700000000000000000e+01	1.411857131868088887e-02
2.000000000000000000e+14	1.700000000000000000e+01	1.860683418443317277e-02
2.510000000000000000e+14	1.700000000000000000e+01	2.407018442305014841e-02
3.160000000000000000e+14	1.700000000000000000e+01	3.008645387338905464e-02
3.980000000000000000e+14	1.700000000000000000e+01	3.549811118990274517e-02
5.010000000000000000e+14	1.700000000000000000e+01	3.936794089522305251e-02
6.310000000000000000e+14	1.700000000000000000e+01	3.979671869838063286e-02
7.940000000000000000e+14	1.700000000000000000e+01	3.643222686335833432e-02
1.000000000000000000e+15	1.700000000000000000e+01	3.234044750531913509e-02
1.260000000000000000e+15	1.700000000000000000e+01	2.542425148169670177e-02
1.580000000000000000e+15	1.700000000000000000e+01	1.655493737290229458e-02
2.000000000000000000e+15	1.700000000000000000e+01	8.842847759773654615e-03
2.510000000000000000e+15	1.700000000000000000e+01	8.057091736983566354e-04
3.160000000000000000e+15	1.700000000000000000e+01	-6.398722981995254126e-03
3.980000000000000000e+15	1.700000000000000000e+01	-1.243641864097805652e-02
5.010000000000000000e+15	1.700000000000000000e+01	-1.715058483504107098e-02
6.310000000000000000e+15	1.700000000000000000e+01	-2.057190931425011832e-02
7.940000000000000000e+15	1.700000000000000000e+01	-2.278853725029803337e-02
1.000000000000000000e+16	1.700000000000000000e+01	-2.397129432400081986e-02
1.260000000000000000e+16	1.700000000000000000e+01	-2.428777026293990268e-02
1.580000000000000000e+16	1.700000000000000000e+01	-2.394944040030977037e-02
2.000000000000000000e+16	1.700000000000000000e+01	-2.304820238665861512e-02
2.510000000000000000e+16	1.700000000000000000e+01	-2.184162915285248197e-02
3.160000000000000000e+16	1.700000000000000000e+01	-2.037671456825560640e-02
3.980000000000000000e+16	1.700000000000000000e+01	-1.877260826611709330e-02
5.010000000000000000e+16	1.700000000000000000e+01	-1.711696966937051659e-02
6.310000000000000000e+16	1.700000000000000000e+01	-1.546171962445101224e-02
7.940000000000000000e+16	1.700000000000000000e+01	-1.386406104943428003e-02
1.000000000000000000e+17	1.700000000000000000e+01	-1.233836552917397938e-02
1.000000000000000000e+11	1.900000000000000000e+01	9.370468658461473635e-06
1.258925411794166107e+11	1.900000000000000000e+01	1.180790393161897782e-05
1.584893192461110840e+11	1.900000000000000000e+01	1.488920999175450056e-05
1.995262314968882751e+11	1.900000000000000000e+01	1.879461158577038960e-05
2.511886431509582214e+11	1.900000000000000000e+01	2.376659890544735639e-05
3.162277660168379517e+11	1.900000000000000000e+01	3.013867456605497013e-05
3.981071705534969482e+11	1.900000000000000000e+01	3.838013505458805923e-05
5.011872336272714844e+11	1.900000000000000000e+01	4.909467278725415890e-05
6.309573444801943359e+11	1.900000000000000000e+01	6.252527992115407480e-05
7.943282347242821045e+11	1.900000000000000000e+01	7.020535639106932147e-05
1.000000000000000000e+12	1.900000000000000000e+01	8.196134818700762451e-05
1.260000000000000000e+12	1.900000000000000000e+01	1.075008059187358781e-04
1.580000000000000000e+12	1.900000000000000000e+01	1.354294685130810673e-04
2.000000000000000000e+12	1.900000000000000000e+01	1.715978880967120328e-04
2.510000000000000000e+12	1.900000000000000000e+01	2.151697195179526237e-04
3.160000000000000000e+12	1.900000000000000000e+01	2.707450351471618979e-04
3.980000000000000000e+12	1.900000000000000000e+01	3.409316803327223878e-04
5.010000000000000000e+12	1.900000000000000000e+01	4.286829846597887636e-04
6.310000000000000000e+12	1.900000000000000000e+01	5.392661538037103785e-04
7.940000000000000000e+12	1.900000000000000000e+01	6.792300374100251241e-04
1.000000000000000000e+13	1.900000000000000000e+01	8.544286623169645772e-04
1.260000000000000000e+13	1.900000000000000000e+01	1.074411710541660608e-03
1.580000000000000000e+13	1.900000000000000000e+01	1.348539521486457043e-03
2.000000000000000000e+13	1.900000000000000000e+01	1.707182276504680494e-03
2.510000000000000000e+13	1.900000000000000000e+01	2.142534264957993238e-03
3.160000000000000000e+13	1.900000000000000000e+01	2.699518048678403899e-03
3.980000000000000000e+13	1.900000000000000000e+01	3.399476356942170499e-03
5.010000000000000000e+13	1.900000000000000000e+01	4.270010188588020499e-03
6.310000000000000000e+13	1.900000000000000000e+01	5.375582853694067104e-03
7.940000000000000000e+13	1.900000000000000000e+01	6.768853625222954161e-03
1.000000000000000000e+14	1.900000000000000000e+01	8.559857775332080365e-03
1.260000000000000000e+14	1.900000000000000000e+01	1.099758575163600413e-02
1.580000000000000000e+14	1.900000000000000000e+01	1.423311489830777869e-02
2.000000000000000000e+14	1.900000000000000000e+01	1.872449850154708426e-02
2.510000000000000000e+14	1.900000000000000000e+01	2.421483817985856102e-02
3.160000000000000000e+14	1.900000000000000000e+01	3.024032614743666844e-02
3.980000000000000000e+14	1.900000000000000000e+01	3.556732689502478673e-02
5.010000000000000000e+14	1.900000000000000000e+01	3.906086829773199043e-02
6.310000000000000000e+14	1.900000000000000000e+01	4.088563285677684900e-02
7.940000000000000000e+14	1.900000000000000000e+01	3.955761678542016324e-02
1.000000000000000000e+15	1.900000000000000000e+01	3.412359042098278561e-02
1.260000000000000000e+15	1.900000000000000000e+01	2.685168222550540426e-02
1.580000000000000000e+15	1.900000000000000000e+01	1.865983406810133027e-02
2.000000000000000000e+15	1.900000000000000000e+01	9.830544811433463911e-03
2.510000000000000000e+15	1.900000000000000000e+01	1.314238649386103392e-03
3.160000000000000000e+15	1.900000000000000000e+01	-6.270074445967831721e-03
3.980000000000000000e+15	1.900000000000000000e+01	-1.260728443231643944e-02
5.010000000000000000e+15	1.900000000000000000e+01	-1.755068899349852482e-02
6.310000000000000000e+15	1.900000000000000000e+01	-2.114021535718502848e-02
7.940000000000000000e+15	1.900000000000000000e+01	-2.347125025568954498e-02
1.000000000000000000e+16	1.900000000000000000e+01	-2.472380142719060592e-02
1.260000000000000000e+16	1.900000000000000000e+01	-2.507322383303605198e-02
1.580000000000000000e+16	1.900000000000000000e+01	-2.474010784606866728e-02
2.000000000000000000e+16	1.900000000000000000e+01	-2.381987599032188430e-02
2.510000000000000000e+16	1.900000000000000000e+01	-2.258060897142941809e-02
3.160000000000000000e+16	1.900000000000000000e+01	-2.107262790260940044e-02
3.980000000000000000e+16	1.900000000000000000e+01	-1.941721387636135415e-02
5.010000000000000000e+16	1.900000000000000000e+01	-1.770796976539830772e-02
6.310000000000000000e+16	1.900000000000000000e+01	-1.599761933690666341e-02
7.940000000000000000e+16	1.900000000000000000e+01	-1.434629709960698156e-02
1.000000000000000000e+17	1.900000000000000000e+01	-1.276874533927252996e-02
1.000000000000000000e+11	2.100000000000000000e+01	9.158678688607571502e-06
1.258925411794166107e+11	2.100000000000000000e+01	1.154104781762735182e-05
1.584893192461110840e+11	2.100000000000000000e+01	1.455286822712945043e-05
1.995262314968882751e+11	2.100000000000000000e+01	1.837043478375256165e-05
2.511886431509582214e+11	2.100000000000000000e+01	2.323076458050993696e-05
3.162277660168379517e+11	2.100000000000000000e+01	2.946137444758239852e-05
3.981071705534969482e+11	2.100000000000000000e+01	3.752286694848879167e-05
5.011872336272714844e+11	2.100000000000000000e+01	4.799529069282738424e-05
6.309573444801943359e+11	2.100000000000000000e+01	6.108805810779065551e-05
7.943282347242821045e+11	2.100000000000000000e+01	6.812643683130285149e-05
1.000000000000000000e+12	2.100000000000000000e+01	7.960404512447185948e-05
1.260000000000000000e+12	2.100000000000000000e+01	1.052289219084922574e-04
1.580000000000000000e+12	2.100000000000000000e+01	1.327002495125370694e-04
2.000000000000000000e+12	2.100000000000000000e+01	1.682136880382334942e-04
2.510000000000000000e+12	2.100000000000000000e+01	2.111718319784941153e-04
3.160000000000000000e+12	2.100000000000000000e+01	2.656782765529035564e-04
3.980000000000000000e+12	2.100000000000000000e+01	3.342358229877246279e-04
5.010000000000000000e+12	2.100000000000000000e+01	4.206135424926218621e-04
6.310000000000000000e+12	2.100000000000000000e+01	5.305477413284062421e-04
7.940000000000000000e+12	2.100000000000000000e+01	6.679726763855168984e-04
1.000000000000000000e+13	2.100000000000000000e+01	8.401133003021963837e-04
1.260000000000000000e+13	2.100000000000000000e+01	1.057079114515901150e-03
1.580000000000000000e+13	2.100000000000000000e+01	1.324982444672699209e-03
2.000000000000000000e+13	2.100000000000000000e+01	1.678141862723482461e-03
2.510000000000000000e+13	2.100000000000000000e+01	2.106971820020195427e-03
3.160000000000000000e+13	2.100000000000000000e+01	2.653041566428935953e-03
3.980000000000000000e+13	2.100000000000000000e+01	3.342085768536829943e-03
5.010000000000000000e+13	2.100000000000000000e+01	4.203482103488006064e-03
6.310000000000000000e+13	2.100000000000000000e+01	5.271518373298894611e-03
7.940000000000000000e+13	2.100000000000000000e+01	6.629285393122696241e-03
1.000000000000000000e+14	2.100000000000000000e+01	8.427462125696184511e-03
1.260000000000000000e+14	2.100000000000000000e+01	1.081412236393409360e-02
1.580000000000000000e+14	2.100000000000000000e+01	1.398380400559210389e-02
2.000000000000000000e+14	2.100000000000000000e+01	1.843620816075782626e-02
2.510000000000000000e+14	2.100000000000000000e+01	2.384239451538078258e-02
3.160000000000000000e+14	2.100000000000000000e+01	2.968989694498520501e-02
3.980000000000000000e+14	2.100000000000000000e+01	3.492899993209049730e-02
5.010000000000000000e+14	2.100000000000000000e+01	3.848131490320946813e-02
6.310000000000000000e+14	2.100000000000000000e+01	4.012666666248401737e-02
7.940000000000000000e+14	2.100000000000000000e+01	3.833859619899902815e-02
1.000000000000000000e+15	2.100000000000000000e+01	3.185379776594259027e-02
1.260000000000000000e+15	2.100000000000000000e+01	2.451958845258607814e-02
1.580000000000000000e+15	2.100000000000000000e+01	1.749330273684933726e-02
2.000000000000000000e+15	2.100000000000000000e+01	9.149261566858520739e-03
2.510000000000000000e+15	2.100000000000000000e+01	9.999527827987647437e-04
3.160000000000000000e+15	2.100000000000000000e+01	-6.260536451232875423e-03
3.980000000000000000e+15	2.100000000000000000e+01	-1.233306134057900356e-02
5.010000000000000000e+15	2.100000000000000000e+01	-1.707124910109323809e-02
6.310000000000000000e+15	2.100000000000000000e+01	-2.051020975272411367e-02
7.940000000000000000e+15	2.100000000000000000e+01	-2.274011188726054664e-02
1.000000000000000000e+16	2.100000000000000000e+01	-2.393314640837300791e-02
1.260000000000000000e+16	2.100000000000000000e+01	-2.425765548996859297e-02
1.580000000000000000e+16	2.100000000000000000e+01	-2.392548297247336364e-02
2.000000000000000000e+16	2.100000000000000000e+01	-2.302930884298405589e-02
2.510000000000000000e+16	2.100000000000000000e+01	-2.182658864652737077e-02
3.160000000000000000e+16	2.100000000000000000e+01	-2.036478133875284022e-02
3.980000000000000000e+16	2.100000000000000000e+01	-1.876311832698366808e-02
5.010000000000000000e+16	2.100000000000000000e+01	-1.710965050981953783e-02
6.310000000000000000e+16	2.100000000000000000e+01	-1.545572839282580331e-02
7.940000000000000000e+16	2.100000000000000000e+01	-1.385931569628070896e-02
1.000000000000000000e+17	2.100000000000000000e+01	-1.233461807549937617e-02
1.000000000000000000e+11	2.300000000000000000e+01	9.240450786908299550e-06
1.258925411794166107e+11	2.300000000000000000e+01	1.164392447906543582e-05
1.584893192461110840e+11	2.300000000000000000e+01	1.468216045508853953e-05
1.995262314968882751e+11	2.300000000000000000e+01	1.853283520249654367e-05
2.511886431509582214e+11	2.300000000000000000e+01	2.343443487439878282e-05
3.162277660168379517e+11	2.300000000000000000e+01	2.971609295792945152e-05
3.981071705534969482e+11	2.300000000000000000e+01	3.783675286997392528e-05
5.011872336272714844e+11	2.300000000000000000e+01	4.838662875730970003e-05
6.309573444801943359e+11	2.300000000000000000e+01	6.155923524239501955e-05
7.943282347242821045e+11	2.300000000000000000e+01	6.863380229014746220e-05
1.000000000000000000e+12	2.300000000000000000e+01	8.024893533883406245e-05
1.260000000000000000e+12	2.300000000000000000e+01	1.061715647352270172e-04
1.580000000000000000e+12	2.300000000000000000e+01	1.342038455081872564e-04
2.000000000000000000e+12	2.300000000000000000e+01	1.705041967263855676e-04
2.510000000000000000e+12	2.300000000000000000e+01	2.141203340275419709e-04
3.160000000000000000e+12	2.300000000000000000e+01	2.695030035337629476e-04
3.980000000000000000e+12	2.300000000000000000e+01	3.393938702092628382e-04
5.010000000000000000e+12	2.300000000000000000e+01	4.274316918415931098e-04
6.310000000000000000e+12	2.300000000000000000e+01	5.374234611150631056e-04
7.940000000000000000e+12	2.300000000000000000e+01	6.746930957354357189e-04
1.000000000000000000e+13	2.300000000000000000e+01	8.506882229557807340e-04
1.260000000000000000e+13	2.300000000000000000e+01	1.071802352781106365e-03
1.580000000000000000e+13	2.300000000000000000e+01	1.342398676706743014e-03
2.000000000000000000e+13	2.300000000000000000e+01	1.699615750577684447e-03
2.510000000000000000e+13	2.300000000000000000e+01	2.133958212648424946e-03
3.160000000000000000e+13	2.300000000000000000e+01	2.695059814975373294e-03
3.980000000000000000e+13	2.300000000000000000e+01	3.386528042348042368e-03
5.010000000000000000e+13	2.300000000000000000e+01	4.254115270296734801e-03
6.310000000000000000e+13	2.300000000000000000e+01	5.349878377924405931e-03
7.940000000000000000e+13	2.300000000000000000e+01	6.745223508941124331e-03
1.000000000000000000e+14	2.300000000000000000e+01	8.551159073608425795e-03
1.260000000000000000e+14	2.300000000000000000e+01	1.095925388911696968e-02
1.580000000000000000e+14	2.300000000000000000e+01	1.418754854665380850e-02
2.000000000000000000e+14	2.300000000000000000e+01	1.873699984575082425e-02
2.510000000000000000e+14	2.300000000000000000e+01	2.404385737384856156e-02
3.160000000000000000e+14	2.300000000000000000e+01	3.002397221424562765e-02
3.980000000000000000e+14	2.300000000000000000e+01	3.550906531909184954e-02
5.010000000000000000e+14	2.300000000000000000e+01	3.948812718716711301e-02
6.310000000000000000e+14	2.300000000000000000e+01	3.963702254301092187e-02
7.940000000000000000e+14	2.300000000000000000e+01	3.731727046396372816e-02
1.000000000000000000e+15	2.300000000000000000e+01	3.478374041181463844e-02
1.260000000000000000e+15	2.300000000000000000e+01	2.815849074882736600e-02
1.580000000000000000e+15	2.300000000000000000e+01	1.916294361428683146e-02
2.000000000000000000e+15	2.300000000000000000e+01	1.013989337210742352e-02
2.510000000000000000e+15	2.300000000000000000e+01	1.531690569096411537e-03
3.160000000000000000e+15	2.300000000000000000e+01	-6.109524080291159863e-03
3.980000000000000000e+15	2.300000000000000000e+01	-1.248522465839234201e-02
5.010000000000000000e+15	2.300000000000000000e+01	-1.745624968340112396e-02
6.310000000000000000e+15	2.300000000000000000e+01	-2.106648673818102210e-02
7.940000000000000000e+15	2.300000000000000000e+01	-2.341325285175998097e-02
1.000000000000000000e+16	2.300000000000000000e+01	-2.467804664521054334e-02
1.260000000000000000e+16	2.300000000000000000e+01	-2.503707950638338342e-02
1.580000000000000000e+16	2.300000000000000000e+01	-2.471076524875748595e-02
2.000000000000000000e+16	2.300000000000000000e+01	-2.379717520219082338e-02
2.510000000000000000e+16	2.300000000000000000e+01	-2.256262986649285388e-02
3.160000000000000000e+16	2.300000000000000000e+01	-2.105758050205876197e-02
3.980000000000000000e+16	2.300000000000000000e+01	-1.940585416736727645e-02
5.010000000000000000e+16	2.300000000000000000e+01	-1.769873065167410983e-02
6.310000000000000000e+16	2.300000000000000000e+01	-1.599042209976954745e-02
7.940000000000000000e+16	2.300000000000000000e+01	-1.434056768807825608e-02
1.000000000000000000e+17	2.300000000000000000e+01	-1.276422594566472071e-02
