1.000000000000000000e+11	5.000000000000000000e-01	2.202221946662850515e-05
1.258925411794166107e+11	5.000000000000000000e-01	2.775363249737278529e-05
1.584893192461110840e+11	5.000000000000000000e-01	3.500045151308168057e-05
1.995262314968882751e+11	5.000000000000000000e-01	4.418772399803696670e-05
2.511886431509582214e+11	5.000000000000000000e-01	5.588798059056683038e-05
3.162277660168379517e+11	5.000000000000000000e-01	7.089998462573566770e-05
3.981071705534969482e+11	5.000000000000000000e-01	9.039156100779689458e-05
5.011872336272714844e+11	5.000000000000000000e-01	1.161758068735864777e-04
6.309573444801943359e+11	5.000000000000000000e-01	1.512814016684816147e-04
7.943282347242821045e+11	5.000000000000000000e-01	2.034764907237389755e-04
1.000000000000000000e+12	5.000000000000000000e-01	2.346627445162060481e-04
1.260000000000000000e+12	5.000000000000000000e-01	2.453517955571415834e-04
1.580000000000000000e+12	5.000000000000000000e-01	2.825617917645514040e-04
2.000000000000000000e+12	5.000000000000000000e-01	3.388564651097502028e-04
2.510000000000000000e+12	5.000000000000000000e-01	4.105807847139750764e-04
3.160000000000000000e+12	5.000000000000000000e-01	5.045073071657270574e-04
3.980000000000000000e+12	5.000000000000000000e-01	6.248938286815139886e-04
5.010000000000000000e+12	5.000000000000000000e-01	7.774784203266970175e-04
6.310000000000000000e+12	5.000000000000000000e-01	9.719845860236888411e-04
7.940000000000000000e+12	5.000000000000000000e-01	1.220598408779270238e-03
1.000000000000000000e+13	5.000000000000000000e-01	1.541237763815276858e-03
1.260000000000000000e+13	5.000000000000000000e-01	1.946669118859324556e-03
1.580000000000000000e+13	5.000000000000000000e-01	2.383800319867712333e-03
2.000000000000000000e+13	5.000000000000000000e-01	3.095562893991387482e-03
2.510000000000000000e+13	5.000000000000000000e-01	3.872940172835370645e-03
3.160000000000000000e+13	5.000000000000000000e-01	4.781959877682790717e-03
3.980000000000000000e+13	5.000000000000000000e-01	5.755923162981473398e-03
5.010000000000000000e+13	5.000000000000000000e-01	6.718148844276766729e-03
6.310000000000000000e+13	5.000000000000000000e-01	7.671535840593838619e-03
7.940000000000000000e+13	5.000000000000000000e-01	8.701559697831762197e-03
1.000000000000000000e+14	5.000000000000000000e-01	9.994216773013101657e-03
1.260000000000000000e+14	5.000000000000000000e-01	1.182205521654754177e-02
1.580000000000000000e+14	5.000000000000000000e-01	1.446484115136411480e-02
2.000000000000000000e+14	5.000000000000000000e-01	1.842950122509336153e-02
2.510000000000000000e+14	5.000000000000000000e-01	2.339853833330046706e-02
3.160000000000000000e+14	5.000000000000000000e-01	2.901779355400476573e-02
3.980000000000000000e+14	5.000000000000000000e-01	3.419728028806133524e-02
5.010000000000000000e+14	5.000000000000000000e-01	3.767157195293744515e-02
6.310000000000000000e+14	5.000000000000000000e-01	3.855311322705037153e-02
7.940000000000000000e+14	5.000000000000000000e-01	3.643241919621287295e-02
1.000000000000000000e+15	5.000000000000000000e-01	3.156506452945132685e-02
1.260000000000000000e+15	5.000000000000000000e-01	2.486530396177957097e-02
1.580000000000000000e+15	5.000000000000000000e-01	1.699980721323480701e-02
2.000000000000000000e+15	5.000000000000000000e-01	8.448636450552342650e-03
2.510000000000000000e+15	5.000000000000000000e-01	3.525811335607917439e-04
3.160000000000000000e+15	5.000000000000000000e-01	-7.002145843735572278e-03
3.980000000000000000e+15	5.000000000000000000e-01	-1.317570913193451612e-02
5.010000000000000000e+15	5.000000000000000000e-01	-1.799669500011032500e-02
6.310000000000000000e+15	5.000000000000000000e-01	-2.149155323670128709e-02
7.940000000000000000e+15	5.000000000000000000e-01	-2.374865817270476603e-02
1.000000000000000000e+16	5.000000000000000000e-01	-2.494383123363086777e-02
1.260000000000000000e+16	5.000000000000000000e-01	-2.524755443476774455e-02
1.580000000000000000e+16	5.000000000000000000e-01	-2.487837826885180154e-02
2.000000000000000000e+16	5.000000000000000000e-01	-2.392949425987540152e-02
2.510000000000000000e+16	5.000000000000000000e-01	-2.266800585376984450e-02
3.160000000000000000e+16	5.000000000000000000e-01	-2.114123840976605065e-02
3.980000000000000000e+16	5.000000000000000000e-01	-1.947225495846516274e-02
5.010000000000000000e+16	5.000000000000000000e-01	-1.775171997156291606e-02
6.310000000000000000e+16	5.000000000000000000e-01	-1.603232047166505345e-02
7.940000000000000000e+16	5.000000000000000000e-01	-1.437384848445934400e-02
1.000000000000000000e+17	5.000000000000000000e-01	-1.279064503222346501e-02
1.000000000000000000e+11	1.500000000000000000e+00	2.406404615372425334e-05
1.258925411794166107e+11	1.500000000000000000e+00	3.032778126976768725e-05
1.584893192461110840e+11	1.500000000000000000e+00	3.824859841091820655e-05
1.995262314968882751e+11	1.500000000000000000e+00	4.829192312971494451e-05
2.511886431509582214e+11	1.500000000000000000e+00	6.108568790973900782e-05
3.162277660168379517e+11	1.500000000000000000e+00	7.750812581849177824e-05
3.981071705534969482e+11	1.500000000000000000e+00	9.885080692666677895e-05
5.011872336272714844e+11	1.500000000000000000e+00	1.271507252719722273e-04
6.309573444801943359e+11	1.500000000000000000e+00	1.659654571270808318e-04
7.943282347242821045e+11	1.500000000000000000e+00	2.263249171603232981e-04
1.000000000000000000e+12	1.500000000000000000e+00	2.603366527380034144e-04
1.260000000000000000e+12	1.500000000000000000e+00	2.664476738692479513e-04
1.580000000000000000e+12	1.500000000000000000e+00	3.033476976627228752e-04
2.000000000000000000e+12	1.500000000000000000e+00	3.613418780442682020e-04
2.510000000000000000e+12	1.500000000000000000e+00	4.366596005541635225e-04
3.160000000000000000e+12	1.500000000000000000e+00	5.354087613371841812e-04
3.980000000000000000e+12	1.500000000000000000e+00	6.621096732320285285e-04
5.010000000000000000e+12	1.500000000000000000e+00	8.231729033453960434e-04
6.310000000000000000e+12	1.500000000000000000e+00	1.029318461956782709e-03
7.940000000000000000e+12	1.500000000000000000e+00	1.293738499050054976e-03
1.000000000000000000e+13	1.500000000000000000e+00	1.634877297270972887e-03
1.260000000000000000e+13	1.500000000000000000e+00	2.067035457837683617e-03
1.580000000000000000e+13	1.500000000000000000e+00	2.598284022079155094e-03
2.000000000000000000e+13	1.500000000000000000e+00	3.295327824643813110e-03
2.510000000000000000e+13	1.500000000000000000e+00	4.124827459719410290e-03
3.160000000000000000e+13	1.500000000000000000e+00	5.086594330262163809e-03
3.980000000000000000e+13	1.500000000000000000e+00	6.087677840536181127e-03
5.010000000000000000e+13	1.500000000000000000e+00	7.060801745676163407e-03
6.310000000000000000e+13	1.500000000000000000e+00	7.997880948453427521e-03
7.940000000000000000e+13	1.500000000000000000e+00	8.971387741875284233e-03
1.000000000000000000e+14	1.500000000000000000e+00	1.018521815907013316e-02
1.260000000000000000e+14	1.500000000000000000e+00	1.194185442189733132e-02
1.580000000000000000e+14	1.500000000000000000e+00	1.449533415936564949e-02
2.000000000000000000e+14	1.500000000000000000e+00	1.835901743605497863e-02
2.510000000000000000e+14	1.500000000000000000e+00	2.328534559062384393e-02
3.160000000000000000e+14	1.500000000000000000e+00	2.883840763811374580e-02
3.980000000000000000e+14	1.500000000000000000e+00	3.400761587070228603e-02
5.010000000000000000e+14	1.500000000000000000e+00	3.742564574783655007e-02
6.310000000000000000e+14	1.500000000000000000e+00	3.831701165617573679e-02
7.940000000000000000e+14	1.500000000000000000e+00	3.636639140742779081e-02
1.000000000000000000e+15	1.500000000000000000e+00	3.142338749611681137e-02
1.260000000000000000e+15	1.500000000000000000e+00	2.443564545388631284e-02
1.580000000000000000e+15	1.500000000000000000e+00	1.653053233362019106e-02
2.000000000000000000e+15	1.500000000000000000e+00	8.196880586995263299e-03
2.510000000000000000e+15	1.500000000000000000e+00	1.724960485080646812e-04
3.160000000000000000e+15	1.500000000000000000e+00	-7.137342439213113440e-03
3.980000000000000000e+15	1.500000000000000000e+00	-1.327976694335799082e-02
5.010000000000000000e+15	1.500000000000000000e+00	-1.807786052517355510e-02
6.310000000000000000e+15	1.500000000000000000e+00	-2.155527842278172346e-02
7.940000000000000000e+15	1.500000000000000000e+00	-2.379947063669080737e-02
1.000000000000000000e+16	1.500000000000000000e+00	-2.498360119309407656e-02
1.260000000000000000e+16	1.500000000000000000e+00	-2.527905340707695125e-02
1.580000000000000000e+16	1.500000000000000000e+00	-2.490344443626657175e-02
2.000000000000000000e+16	1.500000000000000000e+00	-2.394927062547230756e-02
2.510000000000000000e+16	1.500000000000000000e+00	-2.268375937980358567e-02
3.160000000000000000e+16	1.500000000000000000e+00	-2.115374311953903061e-02
3.980000000000000000e+16	1.500000000000000000e+00	-1.948217619842195283e-02
5.010000000000000000e+16	1.500000000000000000e+00	-1.775935915499312831e-02
6.310000000000000000e+16	1.500000000000000000e+00	-1.603858133735096281e-02
7.940000000000000000e+16	1.500000000000000000e+00	-1.437882201135862875e-02
1.000000000000000000e+17	1.500000000000000000e+00	-1.279459645359553970e-02
1.000000000000000000e+11	2.500000000000000000e+00	2.576269066375349548e-05
1.258925411794166107e+11	2.500000000000000000e+00	3.246914604110889726e-05
1.584893192461110840e+11	2.500000000000000000e+00	4.095026977939093078e-05
1.995262314968882751e+11	2.500000000000000000e+00	5.170497418543722602e-05
2.511886431509582214e+11	2.500000000000000000e+00	6.540692984290719699e-05
3.162277660168379517e+11	2.500000000000000000e+00	8.299986698132037668e-05
3.981071705534969482e+11	2.500000000000000000e+00	1.058765541577970436e-04
5.011872336272714844e+11	2.500000000000000000e+00	1.362544509743083665e-04
6.309573444801943359e+11	2.500000000000000000e+00	1.781192323179642029e-04
7.943282347242821045e+11	2.500000000000000000e+00	2.451332951136766863e-04
1.000000000000000000e+12	2.500000000000000000e+00	2.814194125668585352e-04
1.260000000000000000e+12	2.500000000000000000e+00	2.839447772764739286e-04
1.580000000000000000e+12	2.500000000000000000e+00	3.212320935896789383e-04
2.000000000000000000e+12	2.500000000000000000e+00	3.810272224630912793e-04
2.510000000000000000e+12	2.500000000000000000e+00	4.589484836288257189e-04
3.160000000000000000e+12	2.500000000000000000e+00	5.619561179376629566e-04
3.980000000000000000e+12	2.500000000000000000e+00	6.946227003590582823e-04
5.010000000000000000e+12	2.500000000000000000e+00	8.637276804299283363e-04
6.310000000000000000e+12	2.500000000000000000e+00	1.080344643630075895e-03
7.940000000000000000e+12	2.500000000000000000e+00	1.358659739231664505e-03
1.000000000000000000e+13	2.500000000000000000e+00	1.718824575959766298e-03
1.260000000000000000e+13	2.500000000000000000e+00	2.176985295874967526e-03
1.580000000000000000e+13	2.500000000000000000e+00	2.737444490787371149e-03
2.000000000000000000e+13	2.500000000000000000e+00	3.476398011169885231e-03
2.510000000000000000e+13	2.500000000000000000e+00	4.354216397317456008e-03
3.160000000000000000e+13	2.500000000000000000e+00	5.356576272563894243e-03
3.980000000000000000e+13	2.500000000000000000e+00	6.408176364979696442e-03
5.010000000000000000e+13	2.500000000000000000e+00	7.393864581486506507e-03
6.310000000000000000e+13	2.500000000000000000e+00	8.259850004807525042e-03
7.940000000000000000e+13	2.500000000000000000e+00	9.153918058658436219e-03
1.000000000000000000e+14	2.500000000000000000e+00	1.028671306061844024e-02
1.260000000000000000e+14	2.500000000000000000e+00	1.192035870829909888e-02
1.580000000000000000e+14	2.500000000000000000e+00	1.438349373566603397e-02
2.000000000000000000e+14	2.500000000000000000e+00	1.820440944851709625e-02
2.510000000000000000e+14	2.500000000000000000e+00	2.310159544378640600e-02
3.160000000000000000e+14	2.500000000000000000e+00	2.866845636008837420e-02
3.980000000000000000e+14	2.500000000000000000e+00	3.367907527578013066e-02
5.010000000000000000e+14	2.500000000000000000e+00	3.711927169902654033e-02
6.310000000000000000e+14	2.500000000000000000e+00	3.802479246318219569e-02
7.940000000000000000e+14	2.500000000000000000e+00	3.600692397961411523e-02
1.000000000000000000e+15	2.500000000000000000e+00	3.129663627376436108e-02
1.260000000000000000e+15	2.500000000000000000e+00	2.432014447293549472e-02
1.580000000000000000e+15	2.500000000000000000e+00	1.643891394117565075e-02
2.000000000000000000e+15	2.500000000000000000e+00	8.125745565709368429e-03
2.510000000000000000e+15	2.500000000000000000e+00	1.163929840519332753e-04
3.160000000000000000e+15	2.500000000000000000e+00	-7.181787427252755984e-03
3.980000000000000000e+15	2.500000000000000000e+00	-1.331493136831626498e-02
5.010000000000000000e+15	2.500000000000000000e+00	-1.810573446948370371e-02
6.310000000000000000e+15	2.500000000000000000e+00	-2.157738158328134648e-02
7.940000000000000000e+15	2.500000000000000000e+00	-2.381701792487801034e-02
1.000000000000000000e+16	2.500000000000000000e+00	-2.499752860979630176e-02
1.260000000000000000e+16	2.500000000000000000e+00	-2.529007963219000177e-02
1.580000000000000000e+16	2.500000000000000000e+00	-2.491226696001243648e-02
2.000000000000000000e+16	2.500000000000000000e+00	-2.395622911430623711e-02
2.510000000000000000e+16	2.500000000000000000e+00	-2.268928833763428007e-02
3.160000000000000000e+16	2.500000000000000000e+00	-2.115815448862528106e-02
3.980000000000000000e+16	2.500000000000000000e+00	-1.948569591531844336e-02
5.010000000000000000e+16	2.500000000000000000e+00	-1.776213042703793724e-02
6.310000000000000000e+16	2.500000000000000000e+00	-1.604079254310047248e-02
7.940000000000000000e+16	2.500000000000000000e+00	-1.438057350332020735e-02
1.000000000000000000e+17	2.500000000000000000e+00	-1.279598703351172290e-02
1.000000000000000000e+11	3.500000000000000000e+00	2.682060208269201919e-05
1.258925411794166107e+11	3.500000000000000000e+00	3.380254311459073501e-05
1.584893192461110840e+11	3.500000000000000000e+00	4.263201814524698413e-05
1.995262314968882751e+11	3.500000000000000000e+00	5.382877770620379842e-05
2.511886431509582214e+11	3.500000000000000000e+00	6.809339776262146495e-05
3.162277660168379517e+11	3.500000000000000000e+00	8.640947604995316599e-05
3.981071705534969482e+11	3.500000000000000000e+00	1.102286456548848243e-04
5.011872336272714844e+11	3.500000000000000000e+00	1.418721123251131860e-04
6.309573444801943359e+11	3.500000000000000000e+00	1.855599021697690559e-04
7.943282347242821045e+11	3.500000000000000000e+00	2.563467643963751510e-04
1.000000000000000000e+12	3.500000000000000000e+00	2.942749241131259962e-04
1.260000000000000000e+12	3.500000000000000000e+00	2.954842629811216801e-04
1.580000000000000000e+12	3.500000000000000000e+00	3.332705621926892515e-04
2.000000000000000000e+12	3.500000000000000000e+00	3.943591518878698994e-04
2.510000000000000000e+12	3.500000000000000000e+00	4.743838441035710452e-04
3.160000000000000000e+12	3.500000000000000000e+00	5.810257495709395936e-04
3.980000000000000000e+12	3.500000000000000000e+00	7.172255732189421933e-04
5.010000000000000000e+12	3.500000000000000000e+00	8.901408315352426657e-04
6.310000000000000000e+12	3.500000000000000000e+00	1.116194396879896392e-03
7.940000000000000000e+12	3.500000000000000000e+00	1.405813557481748379e-03
1.000000000000000000e+13	3.500000000000000000e+00	1.779246485897138883e-03
1.260000000000000000e+13	3.500000000000000000e+00	2.254491734896121782e-03
1.580000000000000000e+13	3.500000000000000000e+00	2.840019214345336235e-03
2.000000000000000000e+13	3.500000000000000000e+00	3.612858723930346700e-03
2.510000000000000000e+13	3.500000000000000000e+00	4.522689977194830138e-03
3.160000000000000000e+13	3.500000000000000000e+00	5.562473648342390262e-03
3.980000000000000000e+13	3.500000000000000000e+00	6.632415323855998454e-03
5.010000000000000000e+13	3.500000000000000000e+00	7.589395592658169584e-03
6.310000000000000000e+13	3.500000000000000000e+00	8.451220630046317808e-03
7.940000000000000000e+13	3.500000000000000000e+00	9.299086027860298947e-03
1.000000000000000000e+14	3.500000000000000000e+00	1.034872119318360276e-02
1.260000000000000000e+14	3.500000000000000000e+00	1.193292401984044800e-02
1.580000000000000000e+14	3.500000000000000000e+00	1.434442193622338137e-02
2.000000000000000000e+14	3.500000000000000000e+00	1.810723066461235667e-02
2.510000000000000000e+14	3.500000000000000000e+00	2.287164827707326500e-02
3.160000000000000000e+14	3.500000000000000000e+00	2.834010824744431431e-02
3.980000000000000000e+14	3.500000000000000000e+00	3.370430962477292958e-02
5.010000000000000000e+14	3.500000000000000000e+00	3.723332575116227589e-02
6.310000000000000000e+14	3.500000000000000000e+00	3.799595125061234341e-02
7.940000000000000000e+14	3.500000000000000000e+00	3.595203410280705530e-02
1.000000000000000000e+15	3.500000000000000000e+00	3.118624224197810019e-02
1.260000000000000000e+15	3.500000000000000000e+00	2.418293709659723525e-02
1.580000000000000000e+15	3.500000000000000000e+00	1.610572329055428090e-02
2.000000000000000000e+15	3.500000000000000000e+00	7.967909140885104380e-03
2.510000000000000000e+15	3.500000000000000000e+00	5.849367589027398461e-06
3.160000000000000000e+15	3.500000000000000000e+00	-7.263182495051822424e-03
3.980000000000000000e+15	3.500000000000000000e+00	-1.337858958456182058e-02
5.010000000000000000e+15	3.500000000000000000e+00	-1.815407892730282538e-02
6.310000000000000000e+15	3.500000000000000000e+00	-2.161524130082231529e-02
7.940000000000000000e+15	3.500000000000000000e+00	-2.384648078576754801e-02
1.000000000000000000e+16	3.500000000000000000e+00	-2.502110348304303900e-02
1.260000000000000000e+16	3.500000000000000000e+00	-2.530872206895931620e-02
1.580000000000000000e+16	3.500000000000000000e+00	-2.492707033526259108e-02
2.000000000000000000e+16	3.500000000000000000e+00	-2.396793845375681450e-02
2.510000000000000000e+16	3.500000000000000000e+00	-2.269860550521253517e-02
3.160000000000000000e+16	3.500000000000000000e+00	-2.116553589578903591e-02
3.980000000000000000e+16	3.500000000000000000e+00	-1.949155279820723174e-02
5.010000000000000000e+16	3.500000000000000000e+00	-1.776681408104734822e-02
6.310000000000000000e+16	3.500000000000000000e+00	-1.604446521974855003e-02
7.940000000000000000e+16	3.500000000000000000e+00	-1.438354725923076186e-02
1.000000000000000000e+17	3.500000000000000000e+00	-1.279833388331687478e-02
1.000000000000000000e+11	4.500000000000000000e+00	2.713978602769004809e-05
1.258925411794166107e+11	4.500000000000000000e+00	3.420463961150715682e-05
1.584893192461110840e+11	4.500000000000000000e+00	4.313876335577159149e-05
1.995262314968882751e+11	4.500000000000000000e+00	5.446779965432786051e-05
2.511886431509582214e+11	4.500000000000000000e+00	6.890030763290807408e-05
3.162277660168379517e+11	4.500000000000000000e+00	8.742989342015971806e-05
3.981071705534969482e+11	4.500000000000000000e+00	1.115244727702158369e-04
5.011872336272714844e+11	4.500000000000000000e+00	1.435305660216708073e-04
6.309573444801943359e+11	4.500000000000000000e+00	1.877336274871092695e-04
7.943282347242821045e+11	4.500000000000000000e+00	2.596380292625197314e-04
1.000000000000000000e+12	4.500000000000000000e+00	2.972727093574348885e-04
1.260000000000000000e+12	4.500000000000000000e+00	2.970259354765374029e-04
1.580000000000000000e+12	4.500000000000000000e+00	3.363206460075267475e-04
2.000000000000000000e+12	4.500000000000000000e+00	4.003373459530856359e-04
2.510000000000000000e+12	4.500000000000000000e+00	4.829922837820065876e-04
3.160000000000000000e+12	4.500000000000000000e+00	5.901349403260462744e-04
3.980000000000000000e+12	4.500000000000000000e+00	7.299878030413216746e-04
5.010000000000000000e+12	4.500000000000000000e+00	9.099178455863814012e-04
6.310000000000000000e+12	4.500000000000000000e+00	1.135068722823776455e-03
7.940000000000000000e+12	4.500000000000000000e+00	1.429001378436618036e-03
1.000000000000000000e+13	4.500000000000000000e+00	1.812339036719322512e-03
1.260000000000000000e+13	4.500000000000000000e+00	2.299715317730834617e-03
1.580000000000000000e+13	4.500000000000000000e+00	2.900782743343108608e-03
2.000000000000000000e+13	4.500000000000000000e+00	3.688500902117883371e-03
2.510000000000000000e+13	4.500000000000000000e+00	4.620537946284804937e-03
3.160000000000000000e+13	4.500000000000000000e+00	5.687073546033472732e-03
3.980000000000000000e+13	4.500000000000000000e+00	6.759158120291256476e-03
5.010000000000000000e+13	4.500000000000000000e+00	7.724439574496838601e-03
6.310000000000000000e+13	4.500000000000000000e+00	8.564227068467192630e-03
7.940000000000000000e+13	4.500000000000000000e+00	9.386351600809954981e-03
1.000000000000000000e+14	4.500000000000000000e+00	1.040307464343079996e-02
1.260000000000000000e+14	4.500000000000000000e+00	1.194770890378125429e-02
1.580000000000000000e+14	4.500000000000000000e+00	1.435927379480729689e-02
2.000000000000000000e+14	4.500000000000000000e+00	1.812915276992215288e-02
2.510000000000000000e+14	4.500000000000000000e+00	2.304437319801249176e-02
3.160000000000000000e+14	4.500000000000000000e+00	2.849189332109693801e-02
3.980000000000000000e+14	4.500000000000000000e+00	3.352057825624531889e-02
5.010000000000000000e+14	4.500000000000000000e+00	3.708487561547021277e-02
6.310000000000000000e+14	4.500000000000000000e+00	3.783387655140812988e-02
7.940000000000000000e+14	4.500000000000000000e+00	3.559988853097494771e-02
1.000000000000000000e+15	4.500000000000000000e+00	3.089134628693999268e-02
1.260000000000000000e+15	4.500000000000000000e+00	2.426909194124461308e-02
1.580000000000000000e+15	4.500000000000000000e+00	1.627381148672453828e-02
2.000000000000000000e+15	4.500000000000000000e+00	7.759503172734599254e-03
2.510000000000000000e+15	4.500000000000000000e+00	-7.519030078257197549e-05
3.160000000000000000e+15	4.500000000000000000e+00	-7.317823819293591513e-03
3.980000000000000000e+15	4.500000000000000000e+00	-1.341739673260872526e-02
5.010000000000000000e+15	4.500000000000000000e+00	-1.818481236076425339e-02
6.310000000000000000e+15	4.500000000000000000e+00	-2.163912052457533930e-02
7.940000000000000000e+15	4.500000000000000000e+00	-2.386520868509506288e-02
1.000000000000000000e+16	4.500000000000000000e+00	-2.503586499556002820e-02
1.260000000000000000e+16	4.500000000000000000e+00	-2.532037381675492083e-02
1.580000000000000000e+16	4.500000000000000000e+00	-2.493635043214657496e-02
2.000000000000000000e+16	4.500000000000000000e+00	-2.397525006728234639e-02
2.510000000000000000e+16	4.500000000000000000e+00	-2.270444035514690775e-02
3.160000000000000000e+16	4.500000000000000000e+00	-2.116998914431933096e-02
3.980000000000000000e+16	4.500000000000000000e+00	-1.949522795083957413e-02
5.010000000000000000e+16	4.500000000000000000e+00	-1.776971068076080296e-02
6.310000000000000000e+16	4.500000000000000000e+00	-1.604678549871078538e-02
7.940000000000000000e+16	4.500000000000000000e+00	-1.438535376487554661e-02
1.000000000000000000e+17	4.500000000000000000e+00	-1.279979970818576583e-02
1.000000000000000000e+11	5.500000000000000000e+00	2.647504476092949366e-05
1.258925411794166107e+11	5.500000000000000000e+00	3.336572061427754238e-05
1.584893192461110840e+11	5.500000000000000000e+00	4.207749279405524753e-05
1.995262314968882751e+11	5.500000000000000000e+00	5.312130170045119726e-05
2.511886431509582214e+11	5.500000000000000000e+00	6.718548746276094003e-05
3.162277660168379517e+11	5.500000000000000000e+00	8.522580967151708632e-05
3.981071705534969482e+11	5.500000000000000000e+00	1.086574936793058093e-04
5.011872336272714844e+11	5.500000000000000000e+00	1.396995395863843547e-04
6.309573444801943359e+11	5.500000000000000000e+00	1.823049294256301218e-04
7.943282347242821045e+11	5.500000000000000000e+00	2.495802442179143976e-04
1.000000000000000000e+12	5.500000000000000000e+00	2.875285372661759951e-04
1.260000000000000000e+12	5.500000000000000000e+00	2.957600467973765215e-04
1.580000000000000000e+12	5.500000000000000000e+00	3.354877039522689082e-04
2.000000000000000000e+12	5.500000000000000000e+00	3.963983228726929999e-04
2.510000000000000000e+12	5.500000000000000000e+00	4.785481174702038926e-04
3.160000000000000000e+12	5.500000000000000000e+00	5.883766232766241520e-04
3.980000000000000000e+12	5.500000000000000000e+00	7.285001304254802926e-04
5.010000000000000000e+12	5.500000000000000000e+00	9.066935182807076042e-04
6.310000000000000000e+12	5.500000000000000000e+00	1.139628526333362046e-03
7.940000000000000000e+12	5.500000000000000000e+00	1.432803185865254032e-03
1.000000000000000000e+13	5.500000000000000000e+00	1.816531817861900084e-03
1.260000000000000000e+13	5.500000000000000000e+00	2.307323834306280325e-03
1.580000000000000000e+13	5.500000000000000000e+00	2.907840461691026633e-03
2.000000000000000000e+13	5.500000000000000000e+00	3.705459494782729034e-03
2.510000000000000000e+13	5.500000000000000000e+00	4.648110921403022892e-03
3.160000000000000000e+13	5.500000000000000000e+00	5.708651360051088253e-03
3.980000000000000000e+13	5.500000000000000000e+00	6.756933961927098428e-03
5.010000000000000000e+13	5.500000000000000000e+00	7.698903955871781897e-03
6.310000000000000000e+13	5.500000000000000000e+00	8.526749041824117220e-03
7.940000000000000000e+13	5.500000000000000000e+00	9.289863428152878369e-03
1.000000000000000000e+14	5.500000000000000000e+00	1.025819495792235775e-02
1.260000000000000000e+14	5.500000000000000000e+00	1.180630288973596315e-02
1.580000000000000000e+14	5.500000000000000000e+00	1.417036167115297285e-02
2.000000000000000000e+14	5.500000000000000000e+00	1.783632000500571385e-02
2.510000000000000000e+14	5.500000000000000000e+00	2.273607436022204165e-02
3.160000000000000000e+14	5.500000000000000000e+00	2.846367012932042237e-02
3.980000000000000000e+14	5.500000000000000000e+00	3.348136552028442570e-02
5.010000000000000000e+14	5.500000000000000000e+00	3.693864466158096327e-02
6.310000000000000000e+14	5.500000000000000000e+00	3.807751369905102573e-02
7.940000000000000000e+14	5.500000000000000000e+00	3.590785851528684874e-02
1.000000000000000000e+15	5.500000000000000000e+00	3.098026583399693737e-02
1.260000000000000000e+15	5.500000000000000000e+00	2.416882358292898533e-02
1.580000000000000000e+15	5.500000000000000000e+00	1.633292459793970336e-02
2.000000000000000000e+15	5.500000000000000000e+00	8.047216491183992182e-03
2.510000000000000000e+15	5.500000000000000000e+00	5.567203641354422945e-05
3.160000000000000000e+15	5.500000000000000000e+00	-7.228903032831347081e-03
3.980000000000000000e+15	5.500000000000000000e+00	-1.335193722873077513e-02
5.010000000000000000e+15	5.500000000000000000e+00	-1.813488946332868917e-02
6.310000000000000000e+15	5.500000000000000000e+00	-2.160042951925182989e-02
7.940000000000000000e+15	5.500000000000000000e+00	-2.383490711961191999e-02
1.000000000000000000e+16	5.500000000000000000e+00	-2.501200512385822958e-02
1.260000000000000000e+16	5.500000000000000000e+00	-2.530155688769039624e-02
1.580000000000000000e+16	5.500000000000000000e+00	-2.492139618717574556e-02
2.000000000000000000e+16	5.500000000000000000e+00	-2.396345114304428148e-02
2.510000000000000000e+16	5.500000000000000000e+00	-2.269505474820563903e-02
3.160000000000000000e+16	5.500000000000000000e+00	-2.116314114249231298e-02
3.980000000000000000e+16	5.500000000000000000e+00	-1.948930563867952090e-02
5.010000000000000000e+16	5.500000000000000000e+00	-1.776503714645066845e-02
6.310000000000000000e+16	5.500000000000000000e+00	-1.604305391422874288e-02
7.940000000000000000e+16	5.500000000000000000e+00	-1.438239481959879308e-02
1.000000000000000000e+17	5.500000000000000000e+00	-1.279746219200884709e-02
1.000000000000000000e+11	6.500000000000000000e+00	2.541368158470323681e-05
1.258925411794166107e+11	6.500000000000000000e+00	3.202645023909163661e-05
1.584893192461110840e+11	6.500000000000000000e+00	4.038649243318854815e-05
1.995262314968882751e+11	6.500000000000000000e+00	5.098224741926033274e-05
2.511886431509582214e+11	6.500000000000000000e+00	6.446978917278560093e-05
3.162277660168379517e+11	6.500000000000000000e+00	8.176140588376869830e-05
3.981071705534969482e+11	6.500000000000000000e+00	1.041967658253845156e-04
5.011872336272714844e+11	6.500000000000000000e+00	1.338555055448954951e-04
6.309573444801943359e+11	6.500000000000000000e+00	1.743483546554747252e-04
7.943282347242821045e+11	6.500000000000000000e+00	2.366388391758194167e-04
1.000000000000000000e+12	6.500000000000000000e+00	2.730395964176852443e-04
1.260000000000000000e+12	6.500000000000000000e+00	2.823522541953469374e-04
1.580000000000000000e+12	6.500000000000000000e+00	3.264192562461265784e-04
2.000000000000000000e+12	6.500000000000000000e+00	3.908888489884664854e-04
2.510000000000000000e+12	6.500000000000000000e+00	4.711252154030492112e-04
3.160000000000000000e+12	6.500000000000000000e+00	5.792679104742284087e-04
3.980000000000000000e+12	6.500000000000000000e+00	7.200173737604621295e-04
5.010000000000000000e+12	6.500000000000000000e+00	8.992573832196771146e-04
6.310000000000000000e+12	6.500000000000000000e+00	1.126075361148963202e-03
7.940000000000000000e+12	6.500000000000000000e+00	1.421413401489449602e-03
1.000000000000000000e+13	6.500000000000000000e+00	1.800702130655559884e-03
1.260000000000000000e+13	6.500000000000000000e+00	2.287634179209007638e-03
1.580000000000000000e+13	6.500000000000000000e+00	2.887263486760841859e-03
2.000000000000000000e+13	6.500000000000000000e+00	3.671066821849140998e-03
2.510000000000000000e+13	6.500000000000000000e+00	4.604646795976876858e-03
3.160000000000000000e+13	6.500000000000000000e+00	5.660660387017494091e-03
3.980000000000000000e+13	6.500000000000000000e+00	6.728924279054970814e-03
5.010000000000000000e+13	6.500000000000000000e+00	7.680446315518485098e-03
6.310000000000000000e+13	6.500000000000000000e+00	8.485811716896472096e-03
7.940000000000000000e+13	6.500000000000000000e+00	9.283631074100868324e-03
1.000000000000000000e+14	6.500000000000000000e+00	1.029899879711797771e-02
1.260000000000000000e+14	6.500000000000000000e+00	1.186599613647775463e-02
1.580000000000000000e+14	6.500000000000000000e+00	1.431375084217247594e-02
2.000000000000000000e+14	6.500000000000000000e+00	1.819056059084872209e-02
2.510000000000000000e+14	6.500000000000000000e+00	2.302807770452205971e-02
3.160000000000000000e+14	6.500000000000000000e+00	2.848939328370254584e-02
3.980000000000000000e+14	6.500000000000000000e+00	3.379582595958349756e-02
5.010000000000000000e+14	6.500000000000000000e+00	3.757517761512053911e-02
6.310000000000000000e+14	6.500000000000000000e+00	3.867336036379666331e-02
7.940000000000000000e+14	6.500000000000000000e+00	3.661743898677623926e-02
1.000000000000000000e+15	6.500000000000000000e+00	3.188789108178022996e-02
1.260000000000000000e+15	6.500000000000000000e+00	2.542348184186639035e-02
1.580000000000000000e+15	6.500000000000000000e+00	1.856386951372284919e-02
2.000000000000000000e+15	6.500000000000000000e+00	1.029258641259718499e-02
2.510000000000000000e+15	6.500000000000000000e+00	1.061315616556789522e-03
3.160000000000000000e+15	6.500000000000000000e+00	-6.784410843572875015e-03
3.980000000000000000e+15	6.500000000000000000e+00	-1.329944644798292455e-02
5.010000000000000000e+15	6.500000000000000000e+00	-1.836888838313965530e-02
6.310000000000000000e+15	6.500000000000000000e+00	-2.204190764831220548e-02
7.940000000000000000e+15	6.500000000000000000e+00	-2.441958726880464822e-02
1.000000000000000000e+16	6.500000000000000000e+00	-2.568752777752588909e-02
1.260000000000000000e+16	6.500000000000000000e+00	-2.602647544262812543e-02
1.580000000000000000e+16	6.500000000000000000e+00	-2.566350078714821348e-02
2.000000000000000000e+16	6.500000000000000000e+00	-2.469735195795870475e-02
2.510000000000000000e+16	6.500000000000000000e+00	-2.340411088025756356e-02
3.160000000000000000e+16	6.500000000000000000e+00	-2.183393301806422701e-02
3.980000000000000000e+16	6.500000000000000000e+00	-2.011503621813306303e-02
5.010000000000000000e+16	6.500000000000000000e+00	-1.834082064303638876e-02
6.310000000000000000e+16	6.500000000000000000e+00	-1.656648418305890075e-02
7.940000000000000000e+16	6.500000000000000000e+00	-1.485513677992626215e-02
1.000000000000000000e+17	6.500000000000000000e+00	-1.322031591127373687e-02
1.000000000000000000e+11	7.500000000000000000e+00	2.380963631028633405e-05
1.258925411794166107e+11	7.500000000000000000e+00	3.000373135376081696e-05
1.584893192461110840e+11	7.500000000000000000e+00	3.783331789883188066e-05
1.995262314968882751e+11	7.500000000000000000e+00	4.775433559620485520e-05
2.511886431509582214e+11	7.500000000000000000e+00	6.037834973466379290e-05
3.162277660168379517e+11	7.500000000000000000e+00	7.655108955601086095e-05
3.981071705534969482e+11	7.500000000000000000e+00	9.751154729084458329e-05
5.011872336272714844e+11	7.500000000000000000e+00	1.251367602646120372e-04
6.309573444801943359e+11	7.500000000000000000e+00	1.625698505214505179e-04
7.943282347242821045e+11	7.500000000000000000e+00	2.176949204884402918e-04
1.000000000000000000e+12	7.500000000000000000e+00	2.525792966332989875e-04
1.260000000000000000e+12	7.500000000000000000e+00	2.683215740470729733e-04
1.580000000000000000e+12	7.500000000000000000e+00	3.098973969810085629e-04
2.000000000000000000e+12	7.500000000000000000e+00	3.732024500028353919e-04
2.510000000000000000e+12	7.500000000000000000e+00	4.557460391397577699e-04
3.160000000000000000e+12	7.500000000000000000e+00	5.611463412551326562e-04
3.980000000000000000e+12	7.500000000000000000e+00	6.956501139009559640e-04
5.010000000000000000e+12	7.500000000000000000e+00	8.667945380534130715e-04
6.310000000000000000e+12	7.500000000000000000e+00	1.087432078687261723e-03
7.940000000000000000e+12	7.500000000000000000e+00	1.371128813175885456e-03
1.000000000000000000e+13	7.500000000000000000e+00	1.741919860962901643e-03
1.260000000000000000e+13	7.500000000000000000e+00	2.212890641362158604e-03
1.580000000000000000e+13	7.500000000000000000e+00	2.794072096279773525e-03
2.000000000000000000e+13	7.500000000000000000e+00	3.558973359976480913e-03
2.510000000000000000e+13	7.500000000000000000e+00	4.467044861673672394e-03
3.160000000000000000e+13	7.500000000000000000e+00	5.493709920377401294e-03
3.980000000000000000e+13	7.500000000000000000e+00	6.498995433236078555e-03
5.010000000000000000e+13	7.500000000000000000e+00	7.398555297444549261e-03
6.310000000000000000e+13	7.500000000000000000e+00	8.188860313631193127e-03
7.940000000000000000e+13	7.500000000000000000e+00	8.998706113131599987e-03
1.000000000000000000e+14	7.500000000000000000e+00	1.003613314476783751e-02
1.260000000000000000e+14	7.500000000000000000e+00	1.159493862482308471e-02
1.580000000000000000e+14	7.500000000000000000e+00	1.409089179649265430e-02
2.000000000000000000e+14	7.500000000000000000e+00	1.789759703402236946e-02
2.510000000000000000e+14	7.500000000000000000e+00	2.268081033233003765e-02
3.160000000000000000e+14	7.500000000000000000e+00	2.835132464525868395e-02
3.980000000000000000e+14	7.500000000000000000e+00	3.356229000292935971e-02
5.010000000000000000e+14	7.500000000000000000e+00	3.683972325446067259e-02
6.310000000000000000e+14	7.500000000000000000e+00	3.775528785948135263e-02
7.940000000000000000e+14	7.500000000000000000e+00	3.578625577734247803e-02
1.000000000000000000e+15	7.500000000000000000e+00	3.146549285189887551e-02
1.260000000000000000e+15	7.500000000000000000e+00	2.368310239876650000e-02
1.580000000000000000e+15	7.500000000000000000e+00	1.349330515010979843e-02
2.000000000000000000e+15	7.500000000000000000e+00	5.452193064700385818e-03
2.510000000000000000e+15	7.500000000000000000e+00	-1.085261990079672018e-03
3.160000000000000000e+15	7.500000000000000000e+00	-7.750697950541994910e-03
3.980000000000000000e+15	7.500000000000000000e+00	-1.345486589865953903e-02
5.010000000000000000e+15	7.500000000000000000e+00	-1.793641025561572289e-02
6.310000000000000000e+15	7.500000000000000000e+00	-2.118502352333094876e-02
7.940000000000000000e+15	7.500000000000000000e+00	-2.327034943095498964e-02
1.000000000000000000e+16	7.500000000000000000e+00	-2.435167518690359995e-02
1.260000000000000000e+16	7.500000000000000000e+00	-2.458846990771954705e-02
1.580000000000000000e+16	7.500000000000000000e+00	-2.418863587024355777e-02
2.000000000000000000e+16	7.500000000000000000e+00	-2.323685298736124713e-02
2.510000000000000000e+16	7.500000000000000000e+00	-2.199181507919207787e-02
3.160000000000000000e+16	7.500000000000000000e+00	-2.049633921057688463e-02
3.980000000000000000e+16	7.500000000000000000e+00	-1.886720737627568811e-02
5.010000000000000000e+16	7.500000000000000000e+00	-1.719211126050842683e-02
6.310000000000000000e+16	7.500000000000000000e+00	-1.552135472411605120e-02
7.940000000000000000e+16	7.500000000000000000e+00	-1.391147170814565487e-02
1.000000000000000000e+17	7.500000000000000000e+00	-1.237599345903652066e-02
1.000000000000000000e+11	8.500000000000000000e+00	2.188916551900472852e-05
1.258925411794166107e+11	8.500000000000000000e+00	2.758254020071552082e-05
1.584893192461110840e+11	8.500000000000000000e+00	3.477803076885085091e-05
1.995262314968882751e+11	8.500000000000000000e+00	4.389301587423920074e-05
2.511886431509582214e+11	8.500000000000000000e+00	5.548633048855616248e-05
3.162277660168379517e+11	8.500000000000000000e+00	7.033099239380295709e-05
3.981071705534969482e+11	8.500000000000000000e+00	8.953731126618645728e-05
5.011872336272714844e+11	8.500000000000000000e+00	1.147822092692513823e-04
6.309573444801943359e+11	8.500000000000000000e+00	1.486841521381840239e-04
7.943282347242821045e+11	8.500000000000000000e+00	1.959468175935291580e-04
1.000000000000000000e+12	8.500000000000000000e+00	2.283039854840809358e-04
1.260000000000000000e+12	8.500000000000000000e+00	2.472961126973186388e-04
1.580000000000000000e+12	8.500000000000000000e+00	2.902776109898149207e-04
2.000000000000000000e+12	8.500000000000000000e+00	3.526939751034881406e-04
2.510000000000000000e+12	8.500000000000000000e+00	4.313315165107867448e-04
3.160000000000000000e+12	8.500000000000000000e+00	5.352790700735147490e-04
3.980000000000000000e+12	8.500000000000000000e+00	6.658546767400814114e-04
5.010000000000000000e+12	8.500000000000000000e+00	8.322974512341587252e-04
6.310000000000000000e+12	8.500000000000000000e+00	1.043849592909559896e-03
7.940000000000000000e+12	8.500000000000000000e+00	1.312669876712176630e-03
1.000000000000000000e+13	8.500000000000000000e+00	1.662536685531387781e-03
1.260000000000000000e+13	8.500000000000000000e+00	2.115020169950583128e-03
1.580000000000000000e+13	8.500000000000000000e+00	2.672041732391540643e-03
2.000000000000000000e+13	8.500000000000000000e+00	3.398011656816344195e-03
2.510000000000000000e+13	8.500000000000000000e+00	4.253375115067454908e-03
3.160000000000000000e+13	8.500000000000000000e+00	5.237977769614415163e-03
3.980000000000000000e+13	8.500000000000000000e+00	6.250139298229520114e-03
5.010000000000000000e+13	8.500000000000000000e+00	7.160346632750880930e-03
6.310000000000000000e+13	8.500000000000000000e+00	7.955523422752904666e-03
7.940000000000000000e+13	8.500000000000000000e+00	8.743432955545540897e-03
1.000000000000000000e+14	8.500000000000000000e+00	9.808308512650484520e-03
1.260000000000000000e+14	8.500000000000000000e+00	1.135010077449633004e-02
1.580000000000000000e+14	8.500000000000000000e+00	1.387975050927276778e-02
2.000000000000000000e+14	8.500000000000000000e+00	1.786375073003407601e-02
2.510000000000000000e+14	8.500000000000000000e+00	2.266755871246518492e-02
3.160000000000000000e+14	8.500000000000000000e+00	2.834911734760577756e-02
3.980000000000000000e+14	8.500000000000000000e+00	3.359639191991533463e-02
5.010000000000000000e+14	8.500000000000000000e+00	3.701193516320747806e-02
6.310000000000000000e+14	8.500000000000000000e+00	3.774223909605414762e-02
7.940000000000000000e+14	8.500000000000000000e+00	3.568711494440290899e-02
1.000000000000000000e+15	8.500000000000000000e+00	3.047229462444633885e-02
1.260000000000000000e+15	8.500000000000000000e+00	2.316139792229612512e-02
1.580000000000000000e+15	8.500000000000000000e+00	1.488547000356823732e-02
2.000000000000000000e+15	8.500000000000000000e+00	6.450981314218936190e-03
2.510000000000000000e+15	8.500000000000000000e+00	-5.639167720150531490e-04
3.160000000000000000e+15	8.500000000000000000e+00	-7.392844135378367348e-03
3.980000000000000000e+15	8.500000000000000000e+00	-1.319160842054816103e-02
5.010000000000000000e+15	8.500000000000000000e+00	-1.773617201954847886e-02
6.310000000000000000e+15	8.500000000000000000e+00	-2.103012639260485803e-02
7.940000000000000000e+15	8.500000000000000000e+00	-2.314956286686459253e-02
1.000000000000000000e+16	8.500000000000000000e+00	-2.425640898600778250e-02
1.260000000000000000e+16	8.500000000000000000e+00	-2.451330857316509973e-02
1.580000000000000000e+16	8.500000000000000000e+00	-2.413128825097370783e-02
2.000000000000000000e+16	8.500000000000000000e+00	-2.318980764975708819e-02
2.510000000000000000e+16	8.500000000000000000e+00	-2.195436830625249053e-02
3.160000000000000000e+16	8.500000000000000000e+00	-2.046621363612029926e-02
3.980000000000000000e+16	8.500000000000000000e+00	-1.884364890898695272e-02
5.010000000000000000e+16	8.500000000000000000e+00	-1.717336490226318776e-02
6.310000000000000000e+16	8.500000000000000000e+00	-1.550651763172964867e-02
7.940000000000000000e+16	8.500000000000000000e+00	-1.389965404684747642e-02
1.000000000000000000e+17	8.500000000000000000e+00	-1.236662418700138974e-02
1.000000000000000000e+11	9.500000000000000000e+00	2.072740244129929297e-05
1.258925411794166107e+11	9.500000000000000000e+00	2.611775951067666236e-05
1.584893192461110840e+11	9.500000000000000000e+00	3.293003967309276456e-05
1.995262314968882751e+11	9.500000000000000000e+00	4.155743553497497636e-05
2.511886431509582214e+11	9.500000000000000000e+00	5.252853363252503200e-05
3.162277660168379517e+11	9.500000000000000000e+00	6.656959913192201815e-05
3.981071705534969482e+11	9.500000000000000000e+00	8.472037224529113913e-05
5.011872336272714844e+11	9.500000000000000000e+00	1.085263099828441866e-04
6.309573444801943359e+11	9.500000000000000000e+00	1.402898932436037424e-04
7.943282347242821045e+11	9.500000000000000000e+00	1.826634286340502193e-04
1.000000000000000000e+12	9.500000000000000000e+00	2.139757466490376111e-04
1.260000000000000000e+12	9.500000000000000000e+00	2.376088113191590374e-04
1.580000000000000000e+12	9.500000000000000000e+00	2.789058950790358196e-04
2.000000000000000000e+12	9.500000000000000000e+00	3.389852485585789733e-04
2.510000000000000000e+12	9.500000000000000000e+00	4.150917932293420477e-04
3.160000000000000000e+12	9.500000000000000000e+00	5.137686791847155803e-04
3.980000000000000000e+12	9.500000000000000000e+00	6.414785316469820940e-04
5.010000000000000000e+12	9.500000000000000000e+00	8.013133480758550349e-04
6.310000000000000000e+12	9.500000000000000000e+00	1.005281054936192110e-03
7.940000000000000000e+12	9.500000000000000000e+00	1.269192562733937506e-03
1.000000000000000000e+13	9.500000000000000000e+00	1.613480878508472167e-03
1.260000000000000000e+13	9.500000000000000000e+00	2.049218344347343394e-03
1.580000000000000000e+13	9.500000000000000000e+00	2.586604243598867800e-03
2.000000000000000000e+13	9.500000000000000000e+00	3.299791074947049704e-03
2.510000000000000000e+13	9.500000000000000000e+00	4.131971793593747916e-03
3.160000000000000000e+13	9.500000000000000000e+00	5.063460821207170504e-03
3.980000000000000000e+13	9.500000000000000000e+00	6.022623657281507385e-03
5.010000000000000000e+13	9.500000000000000000e+00	6.929694123125764056e-03
6.310000000000000000e+13	9.500000000000000000e+00	7.769743091901820317e-03
7.940000000000000000e+13	9.500000000000000000e+00	8.702771565243724861e-03
1.000000000000000000e+14	9.500000000000000000e+00	9.850657724929072143e-03
1.260000000000000000e+14	9.500000000000000000e+00	1.157389631355081050e-02
1.580000000000000000e+14	9.500000000000000000e+00	1.399082768542953513e-02
2.000000000000000000e+14	9.500000000000000000e+00	1.804575142815534328e-02
2.510000000000000000e+14	9.500000000000000000e+00	2.349262256278816449e-02
3.160000000000000000e+14	9.500000000000000000e+00	2.902682630509658551e-02
3.980000000000000000e+14	9.500000000000000000e+00	3.421889928712737450e-02
5.010000000000000000e+14	9.500000000000000000e+00	3.805978633403803157e-02
6.310000000000000000e+14	9.500000000000000000e+00	3.931225564769550568e-02
7.940000000000000000e+14	9.500000000000000000e+00	3.785687558853214479e-02
1.000000000000000000e+15	9.500000000000000000e+00	3.467636352792698162e-02
1.260000000000000000e+15	9.500000000000000000e+00	2.531774497986748890e-02
1.580000000000000000e+15	9.500000000000000000e+00	1.925554077057612529e-02
2.000000000000000000e+15	9.500000000000000000e+00	1.089643521011012320e-02
2.510000000000000000e+15	9.500000000000000000e+00	1.420934223205463226e-03
3.160000000000000000e+15	9.500000000000000000e+00	-6.522541899520521193e-03
3.980000000000000000e+15	9.500000000000000000e+00	-1.310001755623664034e-02
5.010000000000000000e+15	9.500000000000000000e+00	-1.821409319912388469e-02
6.310000000000000000e+15	9.500000000000000000e+00	-2.192067525448979787e-02
7.940000000000000000e+15	9.500000000000000000e+00	-2.432349248374659351e-02
1.000000000000000000e+16	9.500000000000000000e+00	-2.561202651678554446e-02
1.260000000000000000e+16	9.500000000000000000e+00	-2.596674344467216761e-02
1.580000000000000000e+16	9.500000000000000000e+00	-2.561593332828225600e-02
2.000000000000000000e+16	9.500000000000000000e+00	-2.465984635670382188e-02
2.510000000000000000e+16	9.500000000000000000e+00	-2.337424297270697740e-02
3.160000000000000000e+16	9.500000000000000000e+00	-2.181081698184013720e-02
3.980000000000000000e+16	9.500000000000000000e+00	-2.009610015030879882e-02
5.010000000000000000e+16	9.500000000000000000e+00	-1.832586019062071650e-02
6.310000000000000000e+16	9.500000000000000000e+00	-1.655523917640714174e-02
7.940000000000000000e+16	9.500000000000000000e+00	-1.484570106253235190e-02
1.000000000000000000e+17	9.500000000000000000e+00	-1.321280133929574746e-02
1.000000000000000000e+11	1.050000000000000000e+01	1.908095154674584737e-05
1.258925411794166107e+11	1.050000000000000000e+01	2.404354022542531046e-05
1.584893192461110840e+11	1.050000000000000000e+01	3.031549936045999216e-05
1.995262314968882751e+11	1.050000000000000000e+01	3.826053299082252096e-05
2.511886431509582214e+11	1.050000000000000000e+01	4.836618413439406998e-05
3.162277660168379517e+11	1.050000000000000000e+01	6.130448673507053715e-05
3.981071705534969482e+11	1.050000000000000000e+01	7.803858547899941614e-05
5.011872336272714844e+11	1.050000000000000000e+01	9.999287401690088730e-05
6.309573444801943359e+11	1.050000000000000000e+01	1.292291288270563823e-04
7.943282347242821045e+11	1.050000000000000000e+01	1.672460653912885120e-04
1.000000000000000000e+12	1.050000000000000000e+01	1.953686119162825275e-04
1.260000000000000000e+12	1.050000000000000000e+01	2.163760244744062831e-04
1.580000000000000000e+12	1.050000000000000000e+01	2.548638190696723592e-04
2.000000000000000000e+12	1.050000000000000000e+01	3.132787739624541892e-04
2.510000000000000000e+12	1.050000000000000000e+01	3.850049759104235878e-04
3.160000000000000000e+12	1.050000000000000000e+01	4.773372443380032135e-04
3.980000000000000000e+12	1.050000000000000000e+01	5.965330768508415567e-04
5.010000000000000000e+12	1.050000000000000000e+01	7.442121465673694159e-04
6.310000000000000000e+12	1.050000000000000000e+01	9.358508264343533582e-04
7.940000000000000000e+12	1.050000000000000000e+01	1.182268054805835425e-03
1.000000000000000000e+13	1.050000000000000000e+01	1.499508655312733422e-03
1.260000000000000000e+13	1.050000000000000000e+01	1.908602575170032173e-03
1.580000000000000000e+13	1.050000000000000000e+01	2.410734423964575133e-03
2.000000000000000000e+13	1.050000000000000000e+01	3.060210367301809033e-03
2.510000000000000000e+13	1.050000000000000000e+01	3.835744775389564494e-03
3.160000000000000000e+13	1.050000000000000000e+01	4.733999730625543592e-03
3.980000000000000000e+13	1.050000000000000000e+01	5.655914202849496482e-03
5.010000000000000000e+13	1.050000000000000000e+01	6.511150244818021161e-03
6.310000000000000000e+13	1.050000000000000000e+01	7.316499944415516890e-03
7.940000000000000000e+13	1.050000000000000000e+01	8.123241644472853351e-03
1.000000000000000000e+14	1.050000000000000000e+01	9.376870769699700500e-03
1.260000000000000000e+14	1.050000000000000000e+01	1.120449447469931518e-02
1.580000000000000000e+14	1.050000000000000000e+01	1.381090583159674812e-02
2.000000000000000000e+14	1.050000000000000000e+01	1.782675918515630106e-02
2.510000000000000000e+14	1.050000000000000000e+01	2.268564178312711468e-02
3.160000000000000000e+14	1.050000000000000000e+01	2.843929776494380154e-02
3.980000000000000000e+14	1.050000000000000000e+01	3.386416891659078943e-02
5.010000000000000000e+14	1.050000000000000000e+01	3.714048839874639629e-02
6.310000000000000000e+14	1.050000000000000000e+01	3.782196709571491317e-02
7.940000000000000000e+14	1.050000000000000000e+01	3.489836976210632102e-02
1.000000000000000000e+15	1.050000000000000000e+01	3.081709367137002928e-02
1.260000000000000000e+15	1.050000000000000000e+01	2.532265681140355787e-02
1.580000000000000000e+15	1.050000000000000000e+01	1.580833510389420896e-02
2.000000000000000000e+15	1.050000000000000000e+01	7.057683917623579911e-03
2.510000000000000000e+15	1.050000000000000000e+01	-1.207663698247633853e-04
3.160000000000000000e+15	1.050000000000000000e+01	-7.058551592399348040e-03
3.980000000000000000e+15	1.050000000000000000e+01	-1.293337997871392246e-02
5.010000000000000000e+15	1.050000000000000000e+01	-1.753461812302055389e-02
6.310000000000000000e+15	1.050000000000000000e+01	-2.087178445088621812e-02
7.940000000000000000e+15	1.050000000000000000e+01	-2.302418251463226109e-02
1.000000000000000000e+16	1.050000000000000000e+01	-2.415757190268152943e-02
1.260000000000000000e+16	1.050000000000000000e+01	-2.443508155379202004e-02
1.580000000000000000e+16	1.050000000000000000e+01	-2.406650559011638130e-02
2.000000000000000000e+16	1.050000000000000000e+01	-2.314064427012059791e-02
2.510000000000000000e+16	1.050000000000000000e+01	-2.191522085284478005e-02
3.160000000000000000e+16	1.050000000000000000e+01	-2.043548547454930239e-02
3.980000000000000000e+16	1.050000000000000000e+01	-1.881895422991106473e-02
5.010000000000000000e+16	1.050000000000000000e+01	-1.715380979508046577e-02
6.310000000000000000e+16	1.050000000000000000e+01	-1.549093023737611007e-02
7.940000000000000000e+16	1.050000000000000000e+01	-1.388730170005617916e-02
1.000000000000000000e+17	1.050000000000000000e+01	-1.235680793758608259e-02
1.000000000000000000e+11	1.150000000000000000e+01	1.795935521043405981e-05
1.258925411794166107e+11	1.150000000000000000e+01	2.262944413007584874e-05
1.584893192461110840e+11	1.150000000000000000e+01	2.853065919682374723e-05
1.995262314968882751e+11	1.150000000000000000e+01	3.600421838910346217e-05
2.511886431509582214e+11	1.150000000000000000e+01	4.550595035707926577e-05
3.162277660168379517e+11	1.150000000000000000e+01	5.766112454125794446e-05
3.981071705534969482e+11	1.150000000000000000e+01	7.336562080896841395e-05
5.011872336272714844e+11	1.150000000000000000e+01	9.390459179786158435e-05
6.309573444801943359e+11	1.150000000000000000e+01	1.210180485461552675e-04
7.943282347242821045e+11	1.150000000000000000e+01	1.541128366797383544e-04
1.000000000000000000e+12	1.150000000000000000e+01	1.809939986902875928e-04
1.260000000000000000e+12	1.150000000000000000e+01	2.054286075525529572e-04
1.580000000000000000e+12	1.150000000000000000e+01	2.440484143877684757e-04
2.000000000000000000e+12	1.150000000000000000e+01	3.006135817287910366e-04
2.510000000000000000e+12	1.150000000000000000e+01	3.739001200018684493e-04
3.160000000000000000e+12	1.150000000000000000e+01	4.632877887232982593e-04
3.980000000000000000e+12	1.150000000000000000e+01	5.766176015083871245e-04
5.010000000000000000e+12	1.150000000000000000e+01	7.269575075682214744e-04
6.310000000000000000e+12	1.150000000000000000e+01	9.110499206065999969e-04
7.940000000000000000e+12	1.150000000000000000e+01	1.147062878170036814e-03
1.000000000000000000e+13	1.150000000000000000e+01	1.458529980456378054e-03
1.260000000000000000e+13	1.150000000000000000e+01	1.852142158409124991e-03
1.580000000000000000e+13	1.150000000000000000e+01	2.334743382801852517e-03
2.000000000000000000e+13	1.150000000000000000e+01	2.979993628249785753e-03
2.510000000000000000e+13	1.150000000000000000e+01	3.739378825028746509e-03
3.160000000000000000e+13	1.150000000000000000e+01	4.606443609126221680e-03
3.980000000000000000e+13	1.150000000000000000e+01	5.503583507764668245e-03
5.010000000000000000e+13	1.150000000000000000e+01	6.393724912206900229e-03
6.310000000000000000e+13	1.150000000000000000e+01	7.312390183505027355e-03
7.940000000000000000e+13	1.150000000000000000e+01	8.305264181392170084e-03
1.000000000000000000e+14	1.150000000000000000e+01	9.385691461294429563e-03
1.260000000000000000e+14	1.150000000000000000e+01	1.146820586581047234e-02
1.580000000000000000e+14	1.150000000000000000e+01	1.443118215820889984e-02
2.000000000000000000e+14	1.150000000000000000e+01	1.828497504370573193e-02
2.510000000000000000e+14	1.150000000000000000e+01	2.361926828517880300e-02
3.160000000000000000e+14	1.150000000000000000e+01	2.958080888616901327e-02
3.980000000000000000e+14	1.150000000000000000e+01	3.491725074188809647e-02
5.010000000000000000e+14	1.150000000000000000e+01	3.869587513392085815e-02
6.310000000000000000e+14	1.150000000000000000e+01	4.036838313768550957e-02
7.940000000000000000e+14	1.150000000000000000e+01	3.850872307178904858e-02
1.000000000000000000e+15	1.150000000000000000e+01	3.238467382513599696e-02
1.260000000000000000e+15	1.150000000000000000e+01	2.542038276720730294e-02
1.580000000000000000e+15	1.150000000000000000e+01	1.935592104127074192e-02
2.000000000000000000e+15	1.150000000000000000e+01	1.098150801912656238e-02
2.510000000000000000e+15	1.150000000000000000e+01	1.490651261270288996e-03
3.160000000000000000e+15	1.150000000000000000e+01	-6.466238122362178570e-03
3.980000000000000000e+15	1.150000000000000000e+01	-1.305491022270294406e-02
5.010000000000000000e+15	1.150000000000000000e+01	-1.817808566603494255e-02
6.310000000000000000e+15	1.150000000000000000e+01	-2.189201519160332773e-02
7.940000000000000000e+15	1.150000000000000000e+01	-2.430118729200429761e-02
1.000000000000000000e+16	1.150000000000000000e+01	-2.559387893833920541e-02
1.260000000000000000e+16	1.150000000000000000e+01	-2.595230904055642607e-02
1.580000000000000000e+16	1.150000000000000000e+01	-2.560446157187485500e-02
2.000000000000000000e+16	1.150000000000000000e+01	-2.465075658635852360e-02
2.510000000000000000e+16	1.150000000000000000e+01	-2.336698481102116032e-02
3.160000000000000000e+16	1.150000000000000000e+01	-2.180463584024381132e-02
3.980000000000000000e+16	1.150000000000000000e+01	-2.009164066628192635e-02
5.010000000000000000e+16	1.150000000000000000e+01	-1.832223520891490195e-02
6.310000000000000000e+16	1.150000000000000000e+01	-1.655233694455791882e-02
7.940000000000000000e+16	1.150000000000000000e+01	-1.484341218442896022e-02
1.000000000000000000e+17	1.150000000000000000e+01	-1.321106439524100465e-02
1.000000000000000000e+11	1.300000000000000000e+01	1.593481828031286996e-05
1.258925411794166107e+11	1.300000000000000000e+01	2.007848220741511778e-05
1.584893192461110840e+11	1.300000000000000000e+01	2.531473610936158108e-05
1.995262314968882751e+11	1.300000000000000000e+01	3.194686051128000482e-05
2.511886431509582214e+11	1.300000000000000000e+01	4.037954500959784382e-05
3.162277660168379517e+11	1.300000000000000000e+01	5.117108981470442231e-05
3.981071705534969482e+11	1.300000000000000000e+01	6.510926448557599426e-05
5.011872336272714844e+11	1.300000000000000000e+01	8.332091362914280787e-05
6.309573444801943359e+11	1.300000000000000000e+01	1.071938807172692030e-04
7.943282347242821045e+11	1.300000000000000000e+01	1.343923287742029816e-04
1.000000000000000000e+12	1.300000000000000000e+01	1.565234412876754470e-04
1.260000000000000000e+12	1.300000000000000000e+01	1.812635203551005094e-04
1.580000000000000000e+12	1.300000000000000000e+01	2.207908763807360530e-04
2.000000000000000000e+12	1.300000000000000000e+01	2.728380156174237147e-04
2.510000000000000000e+12	1.300000000000000000e+01	3.353383767461011879e-04
3.160000000000000000e+12	1.300000000000000000e+01	4.194107151302337824e-04
3.980000000000000000e+12	1.300000000000000000e+01	5.251766592329257634e-04
5.010000000000000000e+12	1.300000000000000000e+01	6.562168869619237682e-04
6.310000000000000000e+12	1.300000000000000000e+01	8.264928217228543258e-04
7.940000000000000000e+12	1.300000000000000000e+01	1.044239696048453007e-03
1.000000000000000000e+13	1.300000000000000000e+01	1.322404318558749372e-03
1.260000000000000000e+13	1.300000000000000000e+01	1.680334604020565460e-03
1.580000000000000000e+13	1.300000000000000000e+01	2.119597129122425833e-03
2.000000000000000000e+13	1.300000000000000000e+01	2.697890723628006571e-03
2.510000000000000000e+13	1.300000000000000000e+01	3.383208470701216681e-03
3.160000000000000000e+13	1.300000000000000000e+01	4.183172535558552126e-03
3.980000000000000000e+13	1.300000000000000000e+01	5.036170751901660261e-03
5.010000000000000000e+13	1.300000000000000000e+01	5.892452714746069901e-03
6.310000000000000000e+13	1.300000000000000000e+01	6.717679270713192152e-03
7.940000000000000000e+13	1.300000000000000000e+01	7.700523967031569321e-03
1.000000000000000000e+14	1.300000000000000000e+01	9.156119186335477320e-03
1.260000000000000000e+14	1.300000000000000000e+01	1.115142093783230010e-02
1.580000000000000000e+14	1.300000000000000000e+01	1.392206223435429532e-02
2.000000000000000000e+14	1.300000000000000000e+01	1.809797310537315448e-02
2.510000000000000000e+14	1.300000000000000000e+01	2.331388982179683281e-02
3.160000000000000000e+14	1.300000000000000000e+01	2.899304054561722271e-02
3.980000000000000000e+14	1.300000000000000000e+01	3.424787297006761516e-02
5.010000000000000000e+14	1.300000000000000000e+01	3.802435295870148363e-02
6.310000000000000000e+14	1.300000000000000000e+01	3.850586864008884863e-02
7.940000000000000000e+14	1.300000000000000000e+01	3.628363692218868758e-02
1.000000000000000000e+15	1.300000000000000000e+01	3.189942847796828351e-02
1.260000000000000000e+15	1.300000000000000000e+01	2.467382364663548919e-02
1.580000000000000000e+15	1.300000000000000000e+01	1.573533460197304445e-02
2.000000000000000000e+15	1.300000000000000000e+01	7.056575672608450533e-03
2.510000000000000000e+15	1.300000000000000000e+01	-1.050233840680313394e-04
3.160000000000000000e+15	1.300000000000000000e+01	-7.038638911878112789e-03
3.980000000000000000e+15	1.300000000000000000e+01	-1.291511639825848774e-02
5.010000000000000000e+15	1.300000000000000000e+01	-1.751875463505062069e-02
6.310000000000000000e+15	1.300000000000000000e+01	-2.085855121840388127e-02
7.940000000000000000e+15	1.300000000000000000e+01	-2.301339008097907229e-02
1.000000000000000000e+16	1.300000000000000000e+01	-2.414889191389174919e-02
1.260000000000000000e+16	1.300000000000000000e+01	-2.442806929012009826e-02
1.580000000000000000e+16	1.300000000000000000e+01	-2.406100179331345859e-02
2.000000000000000000e+16	1.300000000000000000e+01	-2.313621696112913573e-02
2.510000000000000000e+16	1.300000000000000000e+01	-2.191166507003790287e-02
3.160000000000000000e+16	1.300000000000000000e+01	-2.043229022644889661e-02
3.980000000000000000e+16	1.300000000000000000e+01	-1.881672272075288546e-02
5.010000000000000000e+16	1.300000000000000000e+01	-1.715198852134556390e-02
6.310000000000000000e+16	1.300000000000000000e+01	-1.548953827303103589e-02
7.940000000000000000e+16	1.300000000000000000e+01	-1.388616176880306217e-02
1.000000000000000000e+17	1.300000000000000000e+01	-1.235591506934086842e-02
1.000000000000000000e+11	1.500000000000000000e+01	1.413711944314198564e-05
1.258925411794166107e+11	1.500000000000000000e+01	1.781270795928636692e-05
1.584893192461110840e+11	1.500000000000000000e+01	2.245726363815219121e-05
1.995262314968882751e+11	1.500000000000000000e+01	2.833879730047679526e-05
2.511886431509582214e+11	1.500000000000000000e+01	3.581622101273061569e-05
3.162277660168379517e+11	1.500000000000000000e+01	4.538083746950488624e-05
3.981071705534969482e+11	1.500000000000000000e+01	5.772192980137813540e-05
5.011872336272714844e+11	1.500000000000000000e+01	7.378965814211420641e-05
6.309573444801943359e+11	1.500000000000000000e+01	9.456953028628606902e-05
7.943282347242821045e+11	1.500000000000000000e+01	1.151816870633272729e-04
1.000000000000000000e+12	1.500000000000000000e+01	1.358165248970173190e-04
1.260000000000000000e+12	1.500000000000000000e+01	1.640547728383518931e-04
1.580000000000000000e+12	1.500000000000000000e+01	1.994533075154825499e-04
2.000000000000000000e+12	1.500000000000000000e+01	2.475736945169354540e-04
2.510000000000000000e+12	1.500000000000000000e+01	3.069006457178670671e-04
3.160000000000000000e+12	1.500000000000000000e+01	3.824296729185272634e-04
3.980000000000000000e+12	1.500000000000000000e+01	4.804052749182374728e-04
5.010000000000000000e+12	1.500000000000000000e+01	6.047079583907261644e-04
6.310000000000000000e+12	1.500000000000000000e+01	7.597972739358801542e-04
7.940000000000000000e+12	1.500000000000000000e+01	9.581967424277749914e-04
1.000000000000000000e+13	1.500000000000000000e+01	1.217039386047417395e-03
1.260000000000000000e+13	1.500000000000000000e+01	1.543176905761648029e-03
1.580000000000000000e+13	1.500000000000000000e+01	1.944180651530518769e-03
2.000000000000000000e+13	1.500000000000000000e+01	2.470193662574988666e-03
2.510000000000000000e+13	1.500000000000000000e+01	3.092073573303103645e-03
3.160000000000000000e+13	1.500000000000000000e+01	3.831438305436996386e-03
3.980000000000000000e+13	1.500000000000000000e+01	4.649175347121810645e-03
5.010000000000000000e+13	1.500000000000000000e+01	5.489017840903207858e-03
6.310000000000000000e+13	1.500000000000000000e+01	6.488703569758721285e-03
7.940000000000000000e+13	1.500000000000000000e+01	7.662353285436330173e-03
1.000000000000000000e+14	1.500000000000000000e+01	9.088822298619826656e-03
1.260000000000000000e+14	1.500000000000000000e+01	1.104282622830831881e-02
1.580000000000000000e+14	1.500000000000000000e+01	1.392982177017905790e-02
2.000000000000000000e+14	1.500000000000000000e+01	1.821069164649709651e-02
2.510000000000000000e+14	1.500000000000000000e+01	2.342916979045840675e-02
3.160000000000000000e+14	1.500000000000000000e+01	2.938041403507648738e-02
3.980000000000000000e+14	1.500000000000000000e+01	3.476045480032154827e-02
5.010000000000000000e+14	1.500000000000000000e+01	3.851443963284517658e-02
6.310000000000000000e+14	1.500000000000000000e+01	3.934660181587771449e-02
7.940000000000000000e+14	1.500000000000000000e+01	3.732875816455359652e-02
1.000000000000000000e+15	1.500000000000000000e+01	3.270422657398913691e-02
1.260000000000000000e+15	1.500000000000000000e+01	2.506362639633867920e-02
1.580000000000000000e+15	1.500000000000000000e+01	1.799941655902345672e-02
2.000000000000000000e+15	1.500000000000000000e+01	1.054355800731611101e-02
2.510000000000000000e+15	1.500000000000000000e+01	1.403604994836074983e-03
3.160000000000000000e+15	1.500000000000000000e+01	-6.267792585462639635e-03
3.980000000000000000e+15	1.500000000000000000e+01	-1.262801967819739482e-02
5.010000000000000000e+15	1.500000000000000000e+01	-1.757634244089560649e-02
6.310000000000000000e+15	1.500000000000000000e+01	-2.116446443461059146e-02
7.940000000000000000e+15	1.500000000000000000e+01	-2.349198908844476671e-02
1.000000000000000000e+16	1.500000000000000000e+01	-2.474145089515056295e-02
1.260000000000000000e+16	1.500000000000000000e+01	-2.508765975953952329e-02
1.580000000000000000e+16	1.500000000000000000e+01	-2.475123381969340439e-02
2.000000000000000000e+16	1.500000000000000000e+01	-2.382924487845683795e-02
2.510000000000000000e+16	1.500000000000000000e+01	-2.258822211931268628e-02
3.160000000000000000e+16	1.500000000000000000e+01	-2.107790121369526593e-02
3.980000000000000000e+16	1.500000000000000000e+01	-1.942198249273112062e-02
5.010000000000000000e+16	1.500000000000000000e+01	-1.771152166567686870e-02
6.310000000000000000e+16	1.500000000000000000e+01	-1.600061690394389072e-02
7.940000000000000000e+16	1.500000000000000000e+01	-1.434865346559750961e-02
1.000000000000000000e+17	1.500000000000000000e+01	-1.277065873863026182e-02
1.000000000000000000e+11	1.700000000000000000e+01	1.254908452478036979e-05
1.258925411794166107e+11	1.700000000000000000e+01	1.581199624281962561e-05
1.584893192461110840e+11	1.700000000000000000e+01	1.993565396075188854e-05
1.995262314968882751e+11	1.700000000000000000e+01	2.515747932801580953e-05
2.511886431509582214e+11	1.700000000000000000e+01	3.179810207056343679e-05
3.162277660168379517e+11	1.700000000000000000e+01	4.029507605658687715e-05
3.981071705534969482e+11	1.700000000000000000e+01	5.126065659081280751e-05
5.011872336272714844e+11	1.700000000000000000e+01	6.552247780339489941e-05
6.309573444801943359e+11	1.700000000000000000e+01	8.381828500795689444e-05
7.943282347242821045e+11	1.700000000000000000e+01	1.000364135378360031e-04
1.000000000000000000e+12	1.700000000000000000e+01	1.170625501037155891e-04
1.260000000000000000e+12	1.700000000000000000e+01	1.438588711106927659e-04
1.580000000000000000e+12	1.700000000000000000e+01	1.779716732288306417e-04
2.000000000000000000e+12	1.700000000000000000e+01	2.240799803087265766e-04
2.510000000000000000e+12	1.700000000000000000e+01	2.794904764359799378e-04
3.160000000000000000e+12	1.700000000000000000e+01	3.498606767731605852e-04
3.980000000000000000e+12	1.700000000000000000e+01	4.390891193134740145e-04
5.010000000000000000e+12	1.700000000000000000e+01	5.515837505669462897e-04
6.310000000000000000e+12	1.700000000000000000e+01	6.958813364292279827e-04
7.940000000000000000e+12	1.700000000000000000e+01	8.772772813465541100e-04
1.000000000000000000e+13	1.700000000000000000e+01	1.109050583504889468e-03
1.260000000000000000e+13	1.700000000000000000e+01	1.405571748823405834e-03
1.580000000000000000e+13	1.700000000000000000e+01	1.771024966263174457e-03
2.000000000000000000e+13	1.700000000000000000e+01	2.252165522373926650e-03
2.510000000000000000e+13	1.700000000000000000e+01	2.823257906432725776e-03
3.160000000000000000e+13	1.700000000000000000e+01	3.503871129226645859e-03
3.980000000000000000e+13	1.700000000000000000e+01	4.271411900306439774e-03
5.010000000000000000e+13	1.700000000000000000e+01	5.110056879814721918e-03
6.310000000000000000e+13	1.700000000000000000e+01	6.029462481146795338e-03
7.940000000000000000e+13	1.700000000000000000e+01	7.089862921713365948e-03
1.000000000000000000e+14	1.700000000000000000e+01	8.585879927027991951e-03
1.260000000000000000e+14	1.700000000000000000e+01	1.087859240796749949e-02
1.580000000000000000e+14	1.700000000000000000e+01	1.389022594677480002e-02
2.000000000000000000e+14	1.700000000000000000e+01	1.814998421852564645e-02
2.510000000000000000e+14	1.700000000000000000e+01	2.334768031315247183e-02
3.160000000000000000e+14	1.700000000000000000e+01	2.909648969993482159e-02
3.980000000000000000e+14	1.700000000000000000e+01	3.444698681596473216e-02
5.010000000000000000e+14	1.700000000000000000e+01	3.717568316928338695e-02
6.310000000000000000e+14	1.700000000000000000e+01	3.841358473824507680e-02
7.940000000000000000e+14	1.700000000000000000e+01	3.674510859412008501e-02
1.000000000000000000e+15	1.700000000000000000e+01	3.161024724253506252e-02
1.260000000000000000e+15	1.700000000000000000e+01	2.631129906037489932e-02
1.580000000000000000e+15	1.700000000000000000e+01	1.771138684055425377e-02
2.000000000000000000e+15	1.700000000000000000e+01	8.032364068724418688e-03
2.510000000000000000e+15	1.700000000000000000e+01	5.738629339757095587e-04
3.160000000000000000e+15	1.700000000000000000e+01	-6.535845654060053710e-03
3.980000000000000000e+15	1.700000000000000000e+01	-1.253134885395980336e-02
5.010000000000000000e+15	1.700000000000000000e+01	-1.722084941364065633e-02
6.310000000000000000e+15	1.700000000000000000e+01	-2.062541290462185234e-02
7.940000000000000000e+15	1.700000000000000000e+01	-2.283006049409795277e-02
1.000000000000000000e+16	1.700000000000000000e+01	-2.400378293855553666e-02
1.260000000000000000e+16	1.700000000000000000e+01	-2.431334358287388919e-02
1.580000000000000000e+16	1.700000000000000000e+01	-2.396971124166889441e-02
2.000000000000000000e+16	1.700000000000000000e+01	-2.306415213183771531e-02
2.510000000000000000e+16	1.700000000000000000e+01	-2.185436474425978687e-02
3.160000000000000000e+16	1.700000000000000000e+01	-2.038677671350028892e-02
3.980000000000000000e+16	1.700000000000000000e+01	-1.878058875493596874e-02
5.010000000000000000e+16	1.700000000000000000e+01	-1.712330853885175863e-02
6.310000000000000000e+16	1.700000000000000000e+01	-1.546672363901466923e-02
7.940000000000000000e+16	1.700000000000000000e+01	-1.386806439549440745e-02
1.000000000000000000e+17	1.700000000000000000e+01	-1.234153775778399319e-02
1.000000000000000000e+11	1.900000000000000000e+01	1.180682987957755349e-05
1.258925411794166107e+11	1.900000000000000000e+01	1.487651196324640536e-05
1.584893192461110840e+11	1.900000000000000000e+01	1.875546233169976535e-05
1.995262314968882751e+11	1.900000000000000000e+01	2.366787931424430393e-05
2.511886431509582214e+11	1.900000000000000000e+01	2.991402225494250273e-05
3.162277660168379517e+11	1.900000000000000000e+01	3.790465563779639533e-05
3.981071705534969482e+11	1.900000000000000000e+01	4.821080529660487285e-05
5.011872336272714844e+11	1.900000000000000000e+01	6.158832648941079085e-05
6.309573444801943359e+11	1.900000000000000000e+01	7.860597851401417071e-05
7.943282347242821045e+11	1.900000000000000000e+01	9.215306742970083066e-05
1.000000000000000000e+12	1.900000000000000000e+01	1.083146933635687018e-04
1.260000000000000000e+12	1.900000000000000000e+01	1.370578918798086125e-04
1.580000000000000000e+12	1.900000000000000000e+01	1.702239375834487044e-04
2.000000000000000000e+12	1.900000000000000000e+01	2.122925007324649792e-04
2.510000000000000000e+12	1.900000000000000000e+01	2.669208295974964651e-04
3.160000000000000000e+12	1.900000000000000000e+01	3.358599439339289431e-04
3.980000000000000000e+12	1.900000000000000000e+01	4.198132015371482443e-04
5.010000000000000000e+12	1.900000000000000000e+01	5.276341835706945850e-04
6.310000000000000000e+12	1.900000000000000000e+01	6.658327165851586063e-04
7.940000000000000000e+12	1.900000000000000000e+01	8.415215900421502528e-04
1.000000000000000000e+13	1.900000000000000000e+01	1.065038370665633309e-03
1.260000000000000000e+13	1.900000000000000000e+01	1.348717112691382412e-03
1.580000000000000000e+13	1.900000000000000000e+01	1.697713815509246070e-03
2.000000000000000000e+13	1.900000000000000000e+01	2.149193959677764536e-03
2.510000000000000000e+13	1.900000000000000000e+01	2.705235649517884634e-03
3.160000000000000000e+13	1.900000000000000000e+01	3.362814078448492054e-03
3.980000000000000000e+13	1.900000000000000000e+01	4.110716768184597900e-03
5.010000000000000000e+13	1.900000000000000000e+01	5.000756929051499225e-03
6.310000000000000000e+13	1.900000000000000000e+01	5.931276562719108372e-03
7.940000000000000000e+13	1.900000000000000000e+01	7.145876513797702959e-03
1.000000000000000000e+14	1.900000000000000000e+01	8.863884411843176575e-03
1.260000000000000000e+14	1.900000000000000000e+01	1.096887750485151837e-02
1.580000000000000000e+14	1.900000000000000000e+01	1.398853841145879934e-02
2.000000000000000000e+14	1.900000000000000000e+01	1.845003786351730179e-02
2.510000000000000000e+14	1.900000000000000000e+01	2.376864910522854743e-02
3.160000000000000000e+14	1.900000000000000000e+01	2.968028671680079250e-02
3.980000000000000000e+14	1.900000000000000000e+01	3.498279597689941955e-02
5.010000000000000000e+14	1.900000000000000000e+01	3.936933534528301581e-02
6.310000000000000000e+14	1.900000000000000000e+01	4.063852788613950967e-02
7.940000000000000000e+14	1.900000000000000000e+01	3.813544202681651285e-02
1.000000000000000000e+15	1.900000000000000000e+01	3.349107268126581133e-02
1.260000000000000000e+15	1.900000000000000000e+01	2.642309939020642470e-02
1.580000000000000000e+15	1.900000000000000000e+01	1.834341399783051552e-02
2.000000000000000000e+15	1.900000000000000000e+01	9.591318584678565698e-03
2.510000000000000000e+15	1.900000000000000000e+01	1.127691013127017595e-03
3.160000000000000000e+15	1.900000000000000000e+01	-6.416058024005796140e-03
3.980000000000000000e+15	1.900000000000000000e+01	-1.272211557216833266e-02
5.010000000000000000e+15	1.900000000000000000e+01	-1.764153887810529162e-02
6.310000000000000000e+15	1.900000000000000000e+01	-2.121199991628744050e-02
7.940000000000000000e+15	1.900000000000000000e+01	-2.352780393667154926e-02
1.000000000000000000e+16	1.900000000000000000e+01	-2.476893483332490500e-02
1.260000000000000000e+16	1.900000000000000000e+01	-2.510902792544182291e-02
1.580000000000000000e+16	1.900000000000000000e+01	-2.476804042818845503e-02
2.000000000000000000e+16	1.900000000000000000e+01	-2.384240150665205629e-02
2.510000000000000000e+16	1.900000000000000000e+01	-2.259865697730313247e-02
3.160000000000000000e+16	1.900000000000000000e+01	-2.108615951805577898e-02
3.980000000000000000e+16	1.900000000000000000e+01	-1.942855459142051391e-02
5.010000000000000000e+16	1.900000000000000000e+01	-1.771693439767073677e-02
6.310000000000000000e+16	1.900000000000000000e+01	-1.600475387211524464e-02
7.940000000000000000e+16	1.900000000000000000e+01	-1.435194731984100122e-02
1.000000000000000000e+17	1.900000000000000000e+01	-1.277325224625370202e-02
1.000000000000000000e+11	2.100000000000000000e+01	1.102481348161203464e-05
1.258925411794166107e+11	2.100000000000000000e+01	1.389101076712488088e-05
1.584893192461110840e+11	2.100000000000000000e+01	1.751284225889009868e-05
1.995262314968882751e+11	2.100000000000000000e+01	2.209952397468149376e-05
2.511886431509582214e+11	2.100000000000000000e+01	2.793150816532720461e-05
3.162277660168379517e+11	2.100000000000000000e+01	3.539118608365763858e-05
3.981071705534969482e+11	2.100000000000000000e+01	4.500923440036016729e-05
5.011872336272714844e+11	2.100000000000000000e+01	5.746974215775398895e-05
6.309573444801943359e+11	2.100000000000000000e+01	7.318171344071666337e-05
7.943282347242821045e+11	2.100000000000000000e+01	8.402884405699442578e-05
1.000000000000000000e+12	2.100000000000000000e+01	9.977629242439122175e-05
1.260000000000000000e+12	2.100000000000000000e+01	1.286773763040211481e-04
1.580000000000000000e+12	2.100000000000000000e+01	1.601466908466543865e-04
2.000000000000000000e+12	2.100000000000000000e+01	2.027145403719973630e-04
2.510000000000000000e+12	2.100000000000000000e+01	2.529199537729585022e-04
3.160000000000000000e+12	2.100000000000000000e+01	3.177440772687735318e-04
3.980000000000000000e+12	2.100000000000000000e+01	4.013317630803477131e-04
5.010000000000000000e+12	2.100000000000000000e+01	5.036546009414376432e-04
6.310000000000000000e+12	2.100000000000000000e+01	6.332921142935450404e-04
7.940000000000000000e+12	2.100000000000000000e+01	7.994447284478312012e-04
1.000000000000000000e+13	2.100000000000000000e+01	1.010682646989197403e-03
1.260000000000000000e+13	2.100000000000000000e+01	1.278956333652348301e-03
1.580000000000000000e+13	2.100000000000000000e+01	1.610315000187018120e-03
2.000000000000000000e+13	2.100000000000000000e+01	2.047508677835356387e-03
2.510000000000000000e+13	2.100000000000000000e+01	2.551483887688175359e-03
3.160000000000000000e+13	2.100000000000000000e+01	3.170734753707476778e-03
3.980000000000000000e+13	2.100000000000000000e+01	3.908129056500231346e-03
5.010000000000000000e+13	2.100000000000000000e+01	4.700538082896086461e-03
6.310000000000000000e+13	2.100000000000000000e+01	5.752515802929041543e-03
7.940000000000000000e+13	2.100000000000000000e+01	7.138751562468236521e-03
1.000000000000000000e+14	2.100000000000000000e+01	8.750464696669055242e-03
1.260000000000000000e+14	2.100000000000000000e+01	1.096517915263517211e-02
1.580000000000000000e+14	2.100000000000000000e+01	1.412623384194218283e-02
2.000000000000000000e+14	2.100000000000000000e+01	1.855322485723540776e-02
2.510000000000000000e+14	2.100000000000000000e+01	2.391865491417405690e-02
3.160000000000000000e+14	2.100000000000000000e+01	3.001503361776011736e-02
3.980000000000000000e+14	2.100000000000000000e+01	3.590335059650128641e-02
5.010000000000000000e+14	2.100000000000000000e+01	3.909321008251196577e-02
6.310000000000000000e+14	2.100000000000000000e+01	3.894163252102977868e-02
7.940000000000000000e+14	2.100000000000000000e+01	3.691410909156168235e-02
1.000000000000000000e+15	2.100000000000000000e+01	3.203974919170055752e-02
1.260000000000000000e+15	2.100000000000000000e+01	2.400314786389990893e-02
1.580000000000000000e+15	2.100000000000000000e+01	1.592179541676130156e-02
2.000000000000000000e+15	2.100000000000000000e+01	8.420516865934512749e-03
2.510000000000000000e+15	2.100000000000000000e+01	4.943402428490846056e-04
3.160000000000000000e+15	2.100000000000000000e+01	-6.634980443488464226e-03
3.980000000000000000e+15	2.100000000000000000e+01	-1.261915494645205263e-02
5.010000000000000000e+15	2.100000000000000000e+01	-1.729362024884219251e-02
6.310000000000000000e+15	2.100000000000000000e+01	-2.068429969164503265e-02
7.940000000000000000e+15	2.100000000000000000e+01	-2.287695952512691991e-02
1.000000000000000000e+16	2.100000000000000000e+01	-2.404152938264444289e-02
1.260000000000000000e+16	2.100000000000000000e+01	-2.434339696958659829e-02
1.580000000000000000e+16	2.100000000000000000e+01	-2.399174801542392974e-02
2.000000000000000000e+16	2.100000000000000000e+01	-2.308314722591034429e-02
2.510000000000000000e+16	2.100000000000000000e+01	-2.186944455913594765e-02
3.160000000000000000e+16	2.100000000000000000e+01	-2.039880731387571505e-02
3.980000000000000000e+16	2.100000000000000000e+01	-1.879014417768141987e-02
5.010000000000000000e+16	2.100000000000000000e+01	-1.713087700536906205e-02
6.310000000000000000e+16	2.100000000000000000e+01	-1.547219647143103713e-02
7.940000000000000000e+16	2.100000000000000000e+01	-1.387284749056645616e-02
1.000000000000000000e+17	2.100000000000000000e+01	-1.234536072920700348e-02
1.000000000000000000e+11	2.300000000000000000e+01	1.046202896906891662e-05
1.258925411794166107e+11	2.300000000000000000e+01	1.318238760536826792e-05
1.584893192461110840e+11	2.300000000000000000e+01	1.661998420638628239e-05
1.995262314968882751e+11	2.300000000000000000e+01	2.097431148763100644e-05
2.511886431509582214e+11	2.300000000000000000e+01	2.651225161480245897e-05
3.162277660168379517e+11	2.300000000000000000e+01	3.359996770880904217e-05
3.981071705534969482e+11	2.300000000000000000e+01	4.274353426802902207e-05
5.011872336272714844e+11	2.300000000000000000e+01	5.459461827377667795e-05
6.309573444801943359e+11	2.300000000000000000e+01	6.951012226200682382e-05
7.943282347242821045e+11	2.300000000000000000e+01	7.926028470608663802e-05
1.000000000000000000e+12	2.300000000000000000e+01	9.302018807910910432e-05
1.260000000000000000e+12	2.300000000000000000e+01	1.207481047909031311e-04
1.580000000000000000e+12	2.300000000000000000e+01	1.519281487785051267e-04
2.000000000000000000e+12	2.300000000000000000e+01	1.925876012336546095e-04
2.510000000000000000e+12	2.300000000000000000e+01	2.424535659518027607e-04
3.160000000000000000e+12	2.300000000000000000e+01	3.048372980847568244e-04
3.980000000000000000e+12	2.300000000000000000e+01	3.825059795971746967e-04
5.010000000000000000e+12	2.300000000000000000e+01	4.818649784667297653e-04
6.310000000000000000e+12	2.300000000000000000e+01	6.069397860022180888e-04
7.940000000000000000e+12	2.300000000000000000e+01	7.648827605606703644e-04
1.000000000000000000e+13	2.300000000000000000e+01	9.671470299099034539e-04
1.260000000000000000e+13	2.300000000000000000e+01	1.222137907750764840e-03
1.580000000000000000e+13	2.300000000000000000e+01	1.536573455249773054e-03
2.000000000000000000e+13	2.300000000000000000e+01	1.947974211460797977e-03
2.510000000000000000e+13	2.300000000000000000e+01	2.452580649300203225e-03
3.160000000000000000e+13	2.300000000000000000e+01	3.067628774499914050e-03
3.980000000000000000e+13	2.300000000000000000e+01	3.782796080478826456e-03
5.010000000000000000e+13	2.300000000000000000e+01	4.631367250923926551e-03
6.310000000000000000e+13	2.300000000000000000e+01	5.674527954012149183e-03
7.940000000000000000e+13	2.300000000000000000e+01	6.893131481224462447e-03
1.000000000000000000e+14	2.300000000000000000e+01	8.468347143723145565e-03
1.260000000000000000e+14	2.300000000000000000e+01	1.077147852182251501e-02
1.580000000000000000e+14	2.300000000000000000e+01	1.394484204292744528e-02
2.000000000000000000e+14	2.300000000000000000e+01	1.836098353407874736e-02
2.510000000000000000e+14	2.300000000000000000e+01	2.372654705945253725e-02
3.160000000000000000e+14	2.300000000000000000e+01	2.956692974012881808e-02
3.980000000000000000e+14	2.300000000000000000e+01	3.464392829347108516e-02
5.010000000000000000e+14	2.300000000000000000e+01	3.822296467963695599e-02
6.310000000000000000e+14	2.300000000000000000e+01	4.010252556668245094e-02
7.940000000000000000e+14	2.300000000000000000e+01	3.795896059055735294e-02
1.000000000000000000e+15	2.300000000000000000e+01	3.286108549722138034e-02
1.260000000000000000e+15	2.300000000000000000e+01	2.781839375738494324e-02
1.580000000000000000e+15	2.300000000000000000e+01	2.013575141903193449e-02
2.000000000000000000e+15	2.300000000000000000e+01	1.042635986503213062e-02
2.510000000000000000e+15	2.300000000000000000e+01	1.696841101275518284e-03
3.160000000000000000e+15	2.300000000000000000e+01	-5.999463325518687544e-03
3.980000000000000000e+15	2.300000000000000000e+01	-1.240632353832107904e-02
5.010000000000000000e+15	2.300000000000000000e+01	-1.739848723386931695e-02
6.310000000000000000e+15	2.300000000000000000e+01	-2.102142166514022956e-02
7.940000000000000000e+15	2.300000000000000000e+01	-2.337826560520781666e-02
1.000000000000000000e+16	2.300000000000000000e+01	-2.465066991479095485e-02
1.260000000000000000e+16	2.300000000000000000e+01	-2.501554454105013245e-02
1.580000000000000000e+16	2.300000000000000000e+01	-2.469370182526228058e-02
2.000000000000000000e+16	2.300000000000000000e+01	-2.378375585604464854e-02
2.510000000000000000e+16	2.300000000000000000e+01	-2.255202072966224283e-02
3.160000000000000000e+16	2.300000000000000000e+01	-2.104894841397818989e-02
3.980000000000000000e+16	2.300000000000000000e+01	-1.939910649929468128e-02
5.010000000000000000e+16	2.300000000000000000e+01	-1.769339984239099578e-02
6.310000000000000000e+16	2.300000000000000000e+01	-1.598620094979707681e-02
7.940000000000000000e+16	2.300000000000000000e+01	-1.433720728516620080e-02
1.000000000000000000e+17	2.300000000000000000e+01	-1.276154943366165744e-02
1.000000000000000000e+11	2.500000000000000000e+01	1.026468561007851345e-05
1.258925411794166107e+11	2.500000000000000000e+01	1.293371044601277784e-05
1.584893192461110840e+11	2.500000000000000000e+01	1.630692831000394303e-05
1.995262314968882751e+11	2.500000000000000000e+01	2.057988729165597858e-05
2.511886431509582214e+11	2.500000000000000000e+01	2.601507052916259591e-05
3.162277660168379517e+11	2.500000000000000000e+01	3.297260495680650054e-05
3.981071705534969482e+11	2.500000000000000000e+01	4.195078159849256858e-05
5.011872336272714844e+11	2.500000000000000000e+01	5.359034149631606165e-05
6.309573444801943359e+11	2.500000000000000000e+01	6.823314853780551819e-05
7.943282347242821045e+11	2.500000000000000000e+01	7.761720861844830747e-05
1.000000000000000000e+12	2.500000000000000000e+01	9.090956398967747645e-05
1.260000000000000000e+12	2.500000000000000000e+01	1.174524791388974893e-04
1.580000000000000000e+12	2.500000000000000000e+01	1.489523043444231640e-04
2.000000000000000000e+12	2.500000000000000000e+01	1.899638565372027883e-04
2.510000000000000000e+12	2.500000000000000000e+01	2.375267750645096996e-04
3.160000000000000000e+12	2.500000000000000000e+01	2.990052092881650058e-04
3.980000000000000000e+12	2.500000000000000000e+01	3.773763691312784544e-04
5.010000000000000000e+12	2.500000000000000000e+01	4.749433450286764426e-04
6.310000000000000000e+12	2.500000000000000000e+01	5.979519243905900014e-04
7.940000000000000000e+12	2.500000000000000000e+01	7.535577474131119466e-04
1.000000000000000000e+13	2.500000000000000000e+01	9.520344989360585240e-04
1.260000000000000000e+13	2.500000000000000000e+01	1.204388739726423591e-03
1.580000000000000000e+13	2.500000000000000000e+01	1.514419143135312769e-03
2.000000000000000000e+13	2.500000000000000000e+01	1.917484531292142557e-03
2.510000000000000000e+13	2.500000000000000000e+01	2.403871833613234997e-03
3.160000000000000000e+13	2.500000000000000000e+01	3.002612597294202802e-03
3.980000000000000000e+13	2.500000000000000000e+01	3.716952604401547837e-03
5.010000000000000000e+13	2.500000000000000000e+01	4.588706235237891354e-03
6.310000000000000000e+13	2.500000000000000000e+01	5.569769704409303912e-03
7.940000000000000000e+13	2.500000000000000000e+01	6.790741280192249055e-03
1.000000000000000000e+14	2.500000000000000000e+01	8.575199149811446597e-03
1.260000000000000000e+14	2.500000000000000000e+01	1.091367613080974561e-02
1.580000000000000000e+14	2.500000000000000000e+01	1.393763393248015521e-02
2.000000000000000000e+14	2.500000000000000000e+01	1.839291721617846570e-02
2.510000000000000000e+14	2.500000000000000000e+01	2.387031829038914477e-02
3.160000000000000000e+14	2.500000000000000000e+01	2.978624840755941458e-02
3.980000000000000000e+14	2.500000000000000000e+01	3.510300791725182168e-02
5.010000000000000000e+14	2.500000000000000000e+01	3.926580013654566020e-02
6.310000000000000000e+14	2.500000000000000000e+01	4.022254896162993920e-02
7.940000000000000000e+14	2.500000000000000000e+01	3.742861816653361706e-02
1.000000000000000000e+15	2.500000000000000000e+01	3.237269046436917069e-02
1.260000000000000000e+15	2.500000000000000000e+01	2.424162598760010168e-02
1.580000000000000000e+15	2.500000000000000000e+01	1.610155106179829432e-02
2.000000000000000000e+15	2.500000000000000000e+01	8.558334579810049705e-03
2.510000000000000000e+15	2.500000000000000000e+01	6.018530720359806544e-04
3.160000000000000000e+15	2.500000000000000000e+01	-6.550972852178988358e-03
3.980000000000000000e+15	2.500000000000000000e+01	-1.255297547049196057e-02
5.010000000000000000e+15	2.500000000000000000e+01	-1.724130730838459996e-02
6.310000000000000000e+15	2.500000000000000000e+01	-2.064288886752184068e-02
7.940000000000000000e+15	2.500000000000000000e+01	-2.284411901740972251e-02
1.000000000000000000e+16	2.500000000000000000e+01	-2.401547459145724275e-02
1.260000000000000000e+16	2.500000000000000000e+01	-2.432273703117052155e-02
1.580000000000000000e+16	2.500000000000000000e+01	-2.397725989017362655e-02
2.000000000000000000e+16	2.500000000000000000e+01	-2.307013166425117556e-02
2.510000000000000000e+16	2.500000000000000000e+01	-2.185910752669805932e-02
3.160000000000000000e+16	2.500000000000000000e+01	-2.039058534808907419e-02
3.980000000000000000e+16	2.500000000000000000e+01	-1.878362183874193042e-02
5.010000000000000000e+16	2.500000000000000000e+01	-1.712586204309664295e-02
6.310000000000000000e+16	2.500000000000000000e+01	-1.546861811514364804e-02
7.940000000000000000e+16	2.500000000000000000e+01	-1.386957703203647169e-02
1.000000000000000000e+17	2.500000000000000000e+01	-1.234274281434100118e-02
1.000000000000000000e+11	2.700000000000000000e+01	9.946956547363372729e-06
1.258925411794166107e+11	2.700000000000000000e+01	1.253332396605934211e-05
1.584893192461110840e+11	2.700000000000000000e+01	1.580219616973816386e-05
1.995262314968882751e+11	2.700000000000000000e+01	1.994256395948274408e-05
2.511886431509582214e+11	2.700000000000000000e+01	2.520945005262716974e-05
3.162277660168379517e+11	2.700000000000000000e+01	3.195129450364372751e-05
3.981071705534969482e+11	2.700000000000000000e+01	4.064879880470617288e-05
5.011872336272714844e+11	2.700000000000000000e+01	5.191309514442567257e-05
6.309573444801943359e+11	2.700000000000000000e+01	6.601161116582022494e-05
7.943282347242821045e+11	2.700000000000000000e+01	7.420221988794681832e-05
1.000000000000000000e+12	2.700000000000000000e+01	8.734613009129655432e-05
1.260000000000000000e+12	2.700000000000000000e+01	1.159284217809365035e-04
1.580000000000000000e+12	2.700000000000000000e+01	1.454954851998398484e-04
2.000000000000000000e+12	2.700000000000000000e+01	1.842603492215750529e-04
2.510000000000000000e+12	2.700000000000000000e+01	2.321543388109931639e-04
3.160000000000000000e+12	2.700000000000000000e+01	2.911108118918182843e-04
3.980000000000000000e+12	2.700000000000000000e+01	3.665076567478401585e-04
5.010000000000000000e+12	2.700000000000000000e+01	4.621594561730810982e-04
6.310000000000000000e+12	2.700000000000000000e+01	5.822653062732076378e-04
7.940000000000000000e+12	2.700000000000000000e+01	7.334697630878506602e-04
1.000000000000000000e+13	2.700000000000000000e+01	9.257021565180420519e-04
1.260000000000000000e+13	2.700000000000000000e+01	1.169377830223305558e-03
1.580000000000000000e+13	2.700000000000000000e+01	1.469502894381620114e-03
2.000000000000000000e+13	2.700000000000000000e+01	1.871392261239239159e-03
2.510000000000000000e+13	2.700000000000000000e+01	2.339540746112292371e-03
3.160000000000000000e+13	2.700000000000000000e+01	2.918776382134634362e-03
3.980000000000000000e+13	2.700000000000000000e+01	3.640020820965575790e-03
5.010000000000000000e+13	2.700000000000000000e+01	4.440740543365652264e-03
6.310000000000000000e+13	2.700000000000000000e+01	5.433691863904047299e-03
7.940000000000000000e+13	2.700000000000000000e+01	6.837017769965278088e-03
1.000000000000000000e+14	2.700000000000000000e+01	8.584440212741590442e-03
1.260000000000000000e+14	2.700000000000000000e+01	1.086123166728188844e-02
1.580000000000000000e+14	2.700000000000000000e+01	1.407396362872651539e-02
2.000000000000000000e+14	2.700000000000000000e+01	1.859900766511680612e-02
2.510000000000000000e+14	2.700000000000000000e+01	2.395059139124360720e-02
3.160000000000000000e+14	2.700000000000000000e+01	2.996021569101786977e-02
3.980000000000000000e+14	2.700000000000000000e+01	3.480177120445800826e-02
5.010000000000000000e+14	2.700000000000000000e+01	3.784402243426877172e-02
6.310000000000000000e+14	2.700000000000000000e+01	3.939910153468487858e-02
7.940000000000000000e+14	2.700000000000000000e+01	3.890900378059727188e-02
1.000000000000000000e+15	2.700000000000000000e+01	3.407749931822342399e-02
1.260000000000000000e+15	2.700000000000000000e+01	2.708644449268711105e-02
1.580000000000000000e+15	2.700000000000000000e+01	1.997614999512893966e-02
2.000000000000000000e+15	2.700000000000000000e+01	1.034906922655036421e-02
2.510000000000000000e+15	2.700000000000000000e+01	1.649487226624205558e-03
3.160000000000000000e+15	2.700000000000000000e+01	-6.031519199650409863e-03
3.980000000000000000e+15	2.700000000000000000e+01	-1.242940003708646428e-02
5.010000000000000000e+15	2.700000000000000000e+01	-1.741460419263215001e-02
6.310000000000000000e+15	2.700000000000000000e+01	-2.103460496762656756e-02
7.940000000000000000e+15	2.700000000000000000e+01	-2.338849756236873606e-02
1.000000000000000000e+16	2.700000000000000000e+01	-2.465866034589454109e-02
1.260000000000000000e+16	2.700000000000000000e+01	-2.502183022738657323e-02
1.580000000000000000e+16	2.700000000000000000e+01	-2.469866720683880704e-02
2.000000000000000000e+16	2.700000000000000000e+01	-2.378767463045522099e-02
2.510000000000000000e+16	2.700000000000000000e+01	-2.255508228698316700e-02
3.160000000000000000e+16	2.700000000000000000e+01	-2.105157787291809732e-02
3.980000000000000000e+16	2.700000000000000000e+01	-1.940109116972299833e-02
5.010000000000000000e+16	2.700000000000000000e+01	-1.769496597514478436e-02
6.310000000000000000e+16	2.700000000000000000e+01	-1.598746722912066168e-02
7.940000000000000000e+16	2.700000000000000000e+01	-1.433818683568214257e-02
1.000000000000000000e+17	2.700000000000000000e+01	-1.276233607797513415e-02
