1.000000000000000000e+11	5.000000000000000000e-01	1.658257626494162338e-05
1.258925411794166107e+11	5.000000000000000000e-01	2.090143417964501464e-05
1.584893192461110840e+11	5.000000000000000000e-01	2.636562977462043918e-05
1.995262314968882751e+11	5.000000000000000000e-01	3.330004086529545778e-05
2.511886431509582214e+11	5.000000000000000000e-01	4.214639976720771947e-05
3.162277660168379517e+11	5.000000000000000000e-01	5.352746065163919314e-05
3.981071705534969482e+11	5.000000000000000000e-01	6.836277549868810023e-05
5.011872336272714844e+11	5.000000000000000000e-01	8.809765911886512590e-05
6.309573444801943359e+11	5.000000000000000000e-01	1.149414670140795446e-04
7.943282347242821045e+11	5.000000000000000000e-01	1.528847826311542418e-04
1.000000000000000000e+12	5.000000000000000000e-01	1.743289855217084459e-04
1.260000000000000000e+12	5.000000000000000000e-01	1.814424095857230330e-04
1.580000000000000000e+12	5.000000000000000000e-01	2.076773658803070602e-04
2.000000000000000000e+12	5.000000000000000000e-01	2.480960626489089058e-04
2.510000000000000000e+12	5.000000000000000000e-01	3.003051895118879588e-04
3.160000000000000000e+12	5.000000000000000000e-01	3.686601066034231214e-04
3.980000000000000000e+12	5.000000000000000000e-01	4.563757029072662672e-04
5.010000000000000000e+12	5.000000000000000000e-01	5.676423307065003084e-04
6.310000000000000000e+12	5.000000000000000000e-01	7.092643568693408592e-04
7.940000000000000000e+12	5.000000000000000000e-01	8.877675307978351825e-04
1.000000000000000000e+13	5.000000000000000000e-01	1.112852883494459344e-03
1.260000000000000000e+13	5.000000000000000000e-01	1.393145803262765261e-03
1.580000000000000000e+13	5.000000000000000000e-01	1.735979472350935400e-03
2.000000000000000000e+13	5.000000000000000000e-01	2.193074472803352177e-03
2.510000000000000000e+13	5.000000000000000000e-01	2.759331453638626079e-03
3.160000000000000000e+13	5.000000000000000000e-01	3.489495063854243951e-03
3.980000000000000000e+13	5.000000000000000000e-01	4.405459187514706478e-03
5.010000000000000000e+13	5.000000000000000000e-01	5.508533918453002373e-03
6.310000000000000000e+13	5.000000000000000000e-01	6.791951793807125999e-03
7.940000000000000000e+13	5.000000000000000000e-01	8.248479306429220073e-03
1.000000000000000000e+14	5.000000000000000000e-01	9.959327056137006959e-03
1.260000000000000000e+14	5.000000000000000000e-01	1.212672698350991500e-02
1.580000000000000000e+14	5.000000000000000000e-01	1.497944328499231648e-02
2.000000000000000000e+14	5.000000000000000000e-01	1.905493141909823593e-02
2.510000000000000000e+14	5.000000000000000000e-01	2.409999878491911676e-02
3.160000000000000000e+14	5.000000000000000000e-01	2.972149481040369662e-02
3.980000000000000000e+14	5.000000000000000000e-01	3.486195668319228697e-02
5.010000000000000000e+14	5.000000000000000000e-01	3.831243315091872881e-02
6.310000000000000000e+14	5.000000000000000000e-01	3.916718479451965912e-02
7.940000000000000000e+14	5.000000000000000000e-01	3.705152243406614754e-02
1.000000000000000000e+15	5.000000000000000000e-01	3.209039389663966707e-02
1.260000000000000000e+15	5.000000000000000000e-01	2.523172117316887023e-02
1.580000000000000000e+15	5.000000000000000000e-01	1.729615512804589736e-02
2.000000000000000000e+15	5.000000000000000000e-01	8.702047692236189458e-03
2.510000000000000000e+15	5.000000000000000000e-01	5.892748920872782712e-04
3.160000000000000000e+15	5.000000000000000000e-01	-6.766861786649975077e-03
3.980000000000000000e+15	5.000000000000000000e-01	-1.293778739868811992e-02
5.010000000000000000e+15	5.000000000000000000e-01	-1.775641306107955328e-02
6.310000000000000000e+15	5.000000000000000000e-01	-2.125141397365083729e-02
7.940000000000000000e+15	5.000000000000000000e-01	-2.351248475742622607e-02
1.000000000000000000e+16	5.000000000000000000e-01	-2.471400714016814756e-02
1.260000000000000000e+16	5.000000000000000000e-01	-2.502759775821954830e-02
1.580000000000000000e+16	5.000000000000000000e-01	-2.467026979790245059e-02
2.000000000000000000e+16	5.000000000000000000e-01	-2.373561154394108683e-02
2.510000000000000000e+16	5.000000000000000000e-01	-2.248869226341935687e-02
3.160000000000000000e+16	5.000000000000000000e-01	-2.097769132103528486e-02
3.980000000000000000e+16	5.000000000000000000e-01	-1.932347329286384849e-02
5.010000000000000000e+16	5.000000000000000000e-01	-1.761770480215271370e-02
6.310000000000000000e+16	5.000000000000000000e-01	-1.591261003400021301e-02
7.940000000000000000e+16	5.000000000000000000e-01	-1.426745532748887116e-02
1.000000000000000000e+17	5.000000000000000000e-01	-1.269666423677044860e-02
1.000000000000000000e+11	1.500000000000000000e+00	1.464090359926314085e-05
1.258925411794166107e+11	1.500000000000000000e+00	1.845507739628300163e-05
1.584893192461110840e+11	1.500000000000000000e+00	2.328208020482673974e-05
1.995262314968882751e+11	1.500000000000000000e+00	2.941029979381821336e-05
2.511886431509582214e+11	1.500000000000000000e+00	3.723327216893374669e-05
3.162277660168379517e+11	1.500000000000000000e+00	4.730851275202879231e-05
3.981071705534969482e+11	1.500000000000000000e+00	6.046065499676540368e-05
5.011872336272714844e+11	1.500000000000000000e+00	7.798171620370330202e-05
6.309573444801943359e+11	1.500000000000000000e+00	1.017637641338281474e-04
7.943282347242821045e+11	1.500000000000000000e+00	1.341196220693752672e-04
1.000000000000000000e+12	1.500000000000000000e+00	1.519928416449080821e-04
1.260000000000000000e+12	1.500000000000000000e+00	1.585747725344161885e-04
1.580000000000000000e+12	1.500000000000000000e+00	1.820777624677745172e-04
2.000000000000000000e+12	1.500000000000000000e+00	2.177519908397504672e-04
2.510000000000000000e+12	1.500000000000000000e+00	2.638034295157343483e-04
3.160000000000000000e+12	1.500000000000000000e+00	3.244624881746435837e-04
3.980000000000000000e+12	1.500000000000000000e+00	4.028253382015345332e-04
5.010000000000000000e+12	1.500000000000000000e+00	5.022871517026558869e-04
6.310000000000000000e+12	1.500000000000000000e+00	6.284981200284660199e-04
7.940000000000000000e+12	1.500000000000000000e+00	7.875047650648878128e-04
1.000000000000000000e+13	1.500000000000000000e+00	9.884693742275422502e-04
1.260000000000000000e+13	1.500000000000000000e+00	1.238751675019408166e-03
1.580000000000000000e+13	1.500000000000000000e+00	1.544457775863539162e-03
2.000000000000000000e+13	1.500000000000000000e+00	1.949733273875155128e-03
2.510000000000000000e+13	1.500000000000000000e+00	2.449434098508831634e-03
3.160000000000000000e+13	1.500000000000000000e+00	3.093013909042085455e-03
3.980000000000000000e+13	1.500000000000000000e+00	3.906684543217213076e-03
5.010000000000000000e+13	1.500000000000000000e+00	4.916672780016008784e-03
6.310000000000000000e+13	1.500000000000000000e+00	6.130558433658904287e-03
7.940000000000000000e+13	1.500000000000000000e+00	7.590343270613592562e-03
1.000000000000000000e+14	1.500000000000000000e+00	9.388345541756454998e-03
1.260000000000000000e+14	1.500000000000000000e+00	1.170304241995424703e-02
1.580000000000000000e+14	1.500000000000000000e+00	1.475040884503915108e-02
2.000000000000000000e+14	1.500000000000000000e+00	1.903145280497437961e-02
2.510000000000000000e+14	1.500000000000000000e+00	2.418594379661062263e-02
3.160000000000000000e+14	1.500000000000000000e+00	2.994167784392338244e-02
3.980000000000000000e+14	1.500000000000000000e+00	3.529356572870610137e-02
5.010000000000000000e+14	1.500000000000000000e+00	3.873271291271838945e-02
6.310000000000000000e+14	1.500000000000000000e+00	3.943356505422097175e-02
7.940000000000000000e+14	1.500000000000000000e+00	3.737790184841657815e-02
1.000000000000000000e+15	1.500000000000000000e+00	3.257464599285381235e-02
1.260000000000000000e+15	1.500000000000000000e+00	2.543162438443874809e-02
1.580000000000000000e+15	1.500000000000000000e+00	1.722630457305426160e-02
2.000000000000000000e+15	1.500000000000000000e+00	8.767874701363772769e-03
2.510000000000000000e+15	1.500000000000000000e+00	6.916422348085127106e-04
3.160000000000000000e+15	1.500000000000000000e+00	-6.633219586583853633e-03
3.980000000000000000e+15	1.500000000000000000e+00	-1.277838390241571066e-02
5.010000000000000000e+15	1.500000000000000000e+00	-1.757754100356483454e-02
6.310000000000000000e+15	1.500000000000000000e+00	-2.105958496947823999e-02
7.940000000000000000e+15	1.500000000000000000e+00	-2.331347175768640548e-02
1.000000000000000000e+16	1.500000000000000000e+00	-2.451437917167158947e-02
1.260000000000000000e+16	1.500000000000000000e+00	-2.483155650281179336e-02
1.580000000000000000e+16	1.500000000000000000e+00	-2.448120736348189871e-02
2.000000000000000000e+16	1.500000000000000000e+00	-2.355675911209794554e-02
2.510000000000000000e+16	1.500000000000000000e+00	-2.232134462823557111e-02
3.160000000000000000e+16	1.500000000000000000e+00	-2.082263123602751467e-02
3.980000000000000000e+16	1.500000000000000000e+00	-1.918224122969389503e-02
5.010000000000000000e+16	1.500000000000000000e+00	-1.748958861532812215e-02
6.310000000000000000e+16	1.500000000000000000e+00	-1.579764749768748297e-02
7.940000000000000000e+16	1.500000000000000000e+00	-1.416484269683479513e-02
1.000000000000000000e+17	1.500000000000000000e+00	-1.260568905474126686e-02
1.000000000000000000e+11	2.500000000000000000e+00	1.359075446720440648e-05
1.258925411794166107e+11	2.500000000000000000e+00	1.713141863683363315e-05
1.584893192461110840e+11	2.500000000000000000e+00	2.161233716446750742e-05
1.995262314968882751e+11	2.500000000000000000e+00	2.730160983435859430e-05
2.511886431509582214e+11	2.500000000000000000e+00	3.456488952662690724e-05
3.162277660168379517e+11	2.500000000000000000e+00	4.392027669234413933e-05
3.981071705534969482e+11	2.500000000000000000e+00	5.613248536951931313e-05
5.011872336272714844e+11	2.500000000000000000e+00	7.238583740621828066e-05
6.309573444801943359e+11	2.500000000000000000e+00	9.433319001074062782e-05
7.943282347242821045e+11	2.500000000000000000e+00	1.228046165704886606e-04
1.000000000000000000e+12	2.500000000000000000e+00	1.392492060297634347e-04
1.260000000000000000e+12	2.500000000000000000e+00	1.475003173465848632e-04
1.580000000000000000e+12	2.500000000000000000e+00	1.700060418915495537e-04
2.000000000000000000e+12	2.500000000000000000e+00	2.040068808923822428e-04
2.510000000000000000e+12	2.500000000000000000e+00	2.481013268947064826e-04
3.160000000000000000e+12	2.500000000000000000e+00	3.060626344742507104e-04
3.980000000000000000e+12	2.500000000000000000e+00	3.805694298619762906e-04
5.010000000000000000e+12	2.500000000000000000e+00	4.752719144518550423e-04
6.310000000000000000e+12	2.500000000000000000e+00	5.955618779048906962e-04
7.940000000000000000e+12	2.500000000000000000e+00	7.475323633846686806e-04
1.000000000000000000e+13	2.500000000000000000e+00	9.389060667798321920e-04
1.260000000000000000e+13	2.500000000000000000e+00	1.177569160727285702e-03
1.580000000000000000e+13	2.500000000000000000e+00	1.469553472649263656e-03
2.000000000000000000e+13	2.500000000000000000e+00	1.855236998921819735e-03
2.510000000000000000e+13	2.500000000000000000e+00	2.328950285600128820e-03
3.160000000000000000e+13	2.500000000000000000e+00	2.938593678180537530e-03
3.980000000000000000e+13	2.500000000000000000e+00	3.711032500846296687e-03
5.010000000000000000e+13	2.500000000000000000e+00	4.668681731801151841e-03
6.310000000000000000e+13	2.500000000000000000e+00	5.851504424670533541e-03
7.940000000000000000e+13	2.500000000000000000e+00	7.302768215614516972e-03
1.000000000000000000e+14	2.500000000000000000e+00	9.114169084021695941e-03
1.260000000000000000e+14	2.500000000000000000e+00	1.147294269085510389e-02
1.580000000000000000e+14	2.500000000000000000e+00	1.457450316154524673e-02
2.000000000000000000e+14	2.500000000000000000e+00	1.890518205621723180e-02
2.510000000000000000e+14	2.500000000000000000e+00	2.413283483266146640e-02
3.160000000000000000e+14	2.500000000000000000e+00	2.988209035241897946e-02
3.980000000000000000e+14	2.500000000000000000e+00	3.512331161958404807e-02
5.010000000000000000e+14	2.500000000000000000e+00	3.885051904069325435e-02
6.310000000000000000e+14	2.500000000000000000e+00	3.995624048623248187e-02
7.940000000000000000e+14	2.500000000000000000e+00	3.756083886059769644e-02
1.000000000000000000e+15	2.500000000000000000e+00	3.250931674435091762e-02
1.260000000000000000e+15	2.500000000000000000e+00	2.561710669799064158e-02
1.580000000000000000e+15	2.500000000000000000e+00	1.765441981171813474e-02
2.000000000000000000e+15	2.500000000000000000e+00	9.233284607906471278e-03
2.510000000000000000e+15	2.500000000000000000e+00	9.455494875260728529e-04
3.160000000000000000e+15	2.500000000000000000e+00	-6.453307014171307497e-03
3.980000000000000000e+15	2.500000000000000000e+00	-1.264349882292270175e-02
5.010000000000000000e+15	2.500000000000000000e+00	-1.747376795952343756e-02
6.310000000000000000e+15	2.500000000000000000e+00	-2.097873748457433976e-02
7.940000000000000000e+15	2.500000000000000000e+00	-2.325046546882133733e-02
1.000000000000000000e+16	2.500000000000000000e+00	-2.446430646095665989e-02
1.260000000000000000e+16	2.500000000000000000e+00	-2.479199054291526469e-02
1.580000000000000000e+16	2.500000000000000000e+00	-2.444973782066148238e-02
2.000000000000000000e+16	2.500000000000000000e+00	-2.353194500399865413e-02
2.510000000000000000e+16	2.500000000000000000e+00	-2.230158351698122154e-02
3.160000000000000000e+16	2.500000000000000000e+00	-2.080695194270862705e-02
3.980000000000000000e+16	2.500000000000000000e+00	-1.916978975802009072e-02
5.010000000000000000e+16	2.500000000000000000e+00	-1.747973447263893171e-02
6.310000000000000000e+16	2.500000000000000000e+00	-1.578980413007707168e-02
7.940000000000000000e+16	2.500000000000000000e+00	-1.415860909605185652e-02
1.000000000000000000e+17	2.500000000000000000e+00	-1.260073631524706583e-02
1.000000000000000000e+11	3.500000000000000000e+00	1.284331127159577104e-05
1.258925411794166107e+11	3.500000000000000000e+00	1.618888273262594947e-05
1.584893192461110840e+11	3.500000000000000000e+00	2.042262902704174293e-05
1.995262314968882751e+11	3.500000000000000000e+00	2.579760990296732672e-05
2.511886431509582214e+11	3.500000000000000000e+00	3.265838094249470986e-05
3.162277660168379517e+11	3.500000000000000000e+00	4.149230696463337422e-05
3.981071705534969482e+11	3.500000000000000000e+00	5.301692138112892020e-05
5.011872336272714844e+11	3.500000000000000000e+00	6.832914081943792725e-05
6.309573444801943359e+11	3.500000000000000000e+00	8.885810574923953343e-05
7.943282347242821045e+11	3.500000000000000000e+00	1.140722608624936628e-04
1.000000000000000000e+12	3.500000000000000000e+00	1.295346666785131729e-04
1.260000000000000000e+12	3.500000000000000000e+00	1.400116674663889882e-04
1.580000000000000000e+12	3.500000000000000000e+00	1.628288150196652349e-04
2.000000000000000000e+12	3.500000000000000000e+00	1.966653532674711045e-04
2.510000000000000000e+12	3.500000000000000000e+00	2.399144002864765798e-04
3.160000000000000000e+12	3.500000000000000000e+00	2.966488306867796671e-04
3.980000000000000000e+12	3.500000000000000000e+00	3.695714741543706765e-04
5.010000000000000000e+12	3.500000000000000000e+00	4.619781121444540293e-04
6.310000000000000000e+12	3.500000000000000000e+00	5.796807524399927520e-04
7.940000000000000000e+12	3.500000000000000000e+00	7.277206181410878546e-04
1.000000000000000000e+13	3.500000000000000000e+00	9.146059861977182993e-04
1.260000000000000000e+13	3.500000000000000000e+00	1.147992639939729269e-03
1.580000000000000000e+13	3.500000000000000000e+00	1.433298388359111096e-03
2.000000000000000000e+13	3.500000000000000000e+00	1.810428288085880015e-03
2.510000000000000000e+13	3.500000000000000000e+00	2.271917866324502620e-03
3.160000000000000000e+13	3.500000000000000000e+00	2.865559881936545657e-03
3.980000000000000000e+13	3.500000000000000000e+00	3.615253761463026443e-03
5.010000000000000000e+13	3.500000000000000000e+00	4.550167006316618162e-03
6.310000000000000000e+13	3.500000000000000000e+00	5.715639014819453613e-03
7.940000000000000000e+13	3.500000000000000000e+00	7.160776517448155278e-03
1.000000000000000000e+14	3.500000000000000000e+00	8.997385192440424811e-03
1.260000000000000000e+14	3.500000000000000000e+00	1.138983749859617811e-02
1.580000000000000000e+14	3.500000000000000000e+00	1.451803984735968410e-02
2.000000000000000000e+14	3.500000000000000000e+00	1.891010510748655088e-02
2.510000000000000000e+14	3.500000000000000000e+00	2.423829380098703815e-02
3.160000000000000000e+14	3.500000000000000000e+00	3.014429264604838454e-02
3.980000000000000000e+14	3.500000000000000000e+00	3.531008151738501688e-02
5.010000000000000000e+14	3.500000000000000000e+00	3.882152102992481035e-02
6.310000000000000000e+14	3.500000000000000000e+00	3.979292813416738378e-02
7.940000000000000000e+14	3.500000000000000000e+00	3.756374738374609890e-02
1.000000000000000000e+15	3.500000000000000000e+00	3.264477238267719794e-02
1.260000000000000000e+15	3.500000000000000000e+00	2.592999604188139795e-02
1.580000000000000000e+15	3.500000000000000000e+00	1.798237763486510571e-02
2.000000000000000000e+15	3.500000000000000000e+00	9.143606551220834905e-03
2.510000000000000000e+15	3.500000000000000000e+00	9.554259864518600646e-04
3.160000000000000000e+15	3.500000000000000000e+00	-6.436714248137574354e-03
3.980000000000000000e+15	3.500000000000000000e+00	-1.262784984320159884e-02
5.010000000000000000e+15	3.500000000000000000e+00	-1.746031869454630833e-02
6.310000000000000000e+15	3.500000000000000000e+00	-2.096778309508258442e-02
7.940000000000000000e+15	3.500000000000000000e+00	-2.324158374244003969e-02
1.000000000000000000e+16	3.500000000000000000e+00	-2.445718000660188074e-02
1.260000000000000000e+16	3.500000000000000000e+00	-2.478630032631790395e-02
1.580000000000000000e+16	3.500000000000000000e+00	-2.444518160484940653e-02
2.000000000000000000e+16	3.500000000000000000e+00	-2.352834443044655652e-02
2.510000000000000000e+16	3.500000000000000000e+00	-2.229872061961447535e-02
3.160000000000000000e+16	3.500000000000000000e+00	-2.080466221470113342e-02
3.980000000000000000e+16	3.500000000000000000e+00	-1.916798453323865364e-02
5.010000000000000000e+16	3.500000000000000000e+00	-1.747843957889145053e-02
6.310000000000000000e+16	3.500000000000000000e+00	-1.578869705080160682e-02
7.940000000000000000e+16	3.500000000000000000e+00	-1.415769881632348952e-02
1.000000000000000000e+17	3.500000000000000000e+00	-1.260001664809103951e-02
1.000000000000000000e+11	4.500000000000000000e+00	1.219847702599498944e-05
1.258925411794166107e+11	4.500000000000000000e+00	1.537580694562897736e-05
1.584893192461110840e+11	4.500000000000000000e+00	1.939644996683823958e-05
1.995262314968882751e+11	4.500000000000000000e+00	2.450044061996043557e-05
2.511886431509582214e+11	4.500000000000000000e+00	3.101460806341117821e-05
3.162277660168379517e+11	4.500000000000000000e+00	3.940077726996457337e-05
3.981071705534969482e+11	4.500000000000000000e+00	5.033437398825146934e-05
5.011872336272714844e+11	4.500000000000000000e+00	6.483534342411831092e-05
6.309573444801943359e+11	4.500000000000000000e+00	8.415753527354430732e-05
7.943282347242821045e+11	4.500000000000000000e+00	1.066154135864182275e-04
1.000000000000000000e+12	4.500000000000000000e+00	1.213322447692087634e-04
1.260000000000000000e+12	4.500000000000000000e+00	1.334987499562569687e-04
1.580000000000000000e+12	4.500000000000000000e+00	1.565379225249130101e-04
2.000000000000000000e+12	4.500000000000000000e+00	1.898537933102028479e-04
2.510000000000000000e+12	4.500000000000000000e+00	2.322987840337894204e-04
3.160000000000000000e+12	4.500000000000000000e+00	2.880911264623032251e-04
3.980000000000000000e+12	4.500000000000000000e+00	3.592762249600870783e-04
5.010000000000000000e+12	4.500000000000000000e+00	4.495969933969447513e-04
6.310000000000000000e+12	4.500000000000000000e+00	5.645742230310739481e-04
7.940000000000000000e+12	4.500000000000000000e+00	7.090327700739348059e-04
1.000000000000000000e+13	4.500000000000000000e+00	8.912987415882101146e-04
1.260000000000000000e+13	4.500000000000000000e+00	1.119404910685007281e-03
1.580000000000000000e+13	4.500000000000000000e+00	1.398492783927405940e-03
2.000000000000000000e+13	4.500000000000000000e+00	1.765307873144395141e-03
2.510000000000000000e+13	4.500000000000000000e+00	2.216487841416685516e-03
3.160000000000000000e+13	4.500000000000000000e+00	2.796648006461368435e-03
3.980000000000000000e+13	4.500000000000000000e+00	3.527685913004977632e-03
5.010000000000000000e+13	4.500000000000000000e+00	4.437672833378634475e-03
6.310000000000000000e+13	4.500000000000000000e+00	5.575555430836968800e-03
7.940000000000000000e+13	4.500000000000000000e+00	6.997216594096966613e-03
1.000000000000000000e+14	4.500000000000000000e+00	8.824195601374309680e-03
1.260000000000000000e+14	4.500000000000000000e+00	1.124191773770132942e-02
1.580000000000000000e+14	4.500000000000000000e+00	1.439502018384590867e-02
2.000000000000000000e+14	4.500000000000000000e+00	1.878235884161714650e-02
2.510000000000000000e+14	4.500000000000000000e+00	2.404994970309936447e-02
3.160000000000000000e+14	4.500000000000000000e+00	2.996212345787182749e-02
3.980000000000000000e+14	4.500000000000000000e+00	3.537970389381511066e-02
5.010000000000000000e+14	4.500000000000000000e+00	3.881538100861293972e-02
6.310000000000000000e+14	4.500000000000000000e+00	3.964730109082440640e-02
7.940000000000000000e+14	4.500000000000000000e+00	3.778602690147905840e-02
1.000000000000000000e+15	4.500000000000000000e+00	3.299490507199460271e-02
1.260000000000000000e+15	4.500000000000000000e+00	2.568114091521735490e-02
1.580000000000000000e+15	4.500000000000000000e+00	1.742529972344080899e-02
2.000000000000000000e+15	4.500000000000000000e+00	8.942930996888366971e-03
2.510000000000000000e+15	4.500000000000000000e+00	8.657297242468059515e-04
3.160000000000000000e+15	4.500000000000000000e+00	-6.448065611776339009e-03
3.980000000000000000e+15	4.500000000000000000e+00	-1.258035015363321435e-02
5.010000000000000000e+15	4.500000000000000000e+00	-1.736899619023382635e-02
6.310000000000000000e+15	4.500000000000000000e+00	-2.084467262305858548e-02
7.940000000000000000e+15	4.500000000000000000e+00	-2.309685117484274255e-02
1.000000000000000000e+16	4.500000000000000000e+00	-2.430048201144877074e-02
1.260000000000000000e+16	4.500000000000000000e+00	-2.462424690292769336e-02
1.580000000000000000e+16	4.500000000000000000e+00	-2.428318713774973298e-02
2.000000000000000000e+16	4.500000000000000000e+00	-2.337084624089549520e-02
2.510000000000000000e+16	4.500000000000000000e+00	-2.214838013111705348e-02
3.160000000000000000e+16	4.500000000000000000e+00	-2.066362006956251954e-02
3.980000000000000000e+16	4.500000000000000000e+00	-1.903745256193925192e-02
5.010000000000000000e+16	4.500000000000000000e+00	-1.735884125464348671e-02
6.310000000000000000e+16	4.500000000000000000e+00	-1.568048151689605679e-02
7.940000000000000000e+16	4.500000000000000000e+00	-1.406045626448505434e-02
1.000000000000000000e+17	4.500000000000000000e+00	-1.251333971320506624e-02
1.000000000000000000e+11	5.500000000000000000e+00	1.175661639506911163e-05
1.258925411794166107e+11	5.500000000000000000e+00	1.481842316822660466e-05
1.584893192461110840e+11	5.500000000000000000e+00	1.869240520617352274e-05
1.995262314968882751e+11	5.500000000000000000e+00	2.360939663300343940e-05
2.511886431509582214e+11	5.500000000000000000e+00	2.988328006870831854e-05
3.162277660168379517e+11	5.500000000000000000e+00	3.795633342382229120e-05
3.981071705534969482e+11	5.500000000000000000e+00	4.847223169745590527e-05
5.011872336272714844e+11	5.500000000000000000e+00	6.238572213792278973e-05
6.309573444801943359e+11	5.500000000000000000e+00	8.081269936955034800e-05
7.943282347242821045e+11	5.500000000000000000e+00	1.010965867111291794e-04
1.000000000000000000e+12	5.500000000000000000e+00	1.151147083931730695e-04
1.260000000000000000e+12	5.500000000000000000e+00	1.290707446700614365e-04
1.580000000000000000e+12	5.500000000000000000e+00	1.529526450865957218e-04
2.000000000000000000e+12	5.500000000000000000e+00	1.868382574729180834e-04
2.510000000000000000e+12	5.500000000000000000e+00	2.296033459862964878e-04
3.160000000000000000e+12	5.500000000000000000e+00	2.850324211901037949e-04
3.980000000000000000e+12	5.500000000000000000e+00	3.561027688685021366e-04
5.010000000000000000e+12	5.500000000000000000e+00	4.461485288884508280e-04
6.310000000000000000e+12	5.500000000000000000e+00	5.599846724359894019e-04
7.940000000000000000e+12	5.500000000000000000e+00	7.035858815855941919e-04
1.000000000000000000e+13	5.500000000000000000e+00	8.850046185200213323e-04
1.260000000000000000e+13	5.500000000000000000e+00	1.111165199448873979e-03
1.580000000000000000e+13	5.500000000000000000e+00	1.389522843097350854e-03
2.000000000000000000e+13	5.500000000000000000e+00	1.757405813582884084e-03
2.510000000000000000e+13	5.500000000000000000e+00	2.204634376082848044e-03
3.160000000000000000e+13	5.500000000000000000e+00	2.777787754334834925e-03
3.980000000000000000e+13	5.500000000000000000e+00	3.504021580648735649e-03
5.010000000000000000e+13	5.500000000000000000e+00	4.411660029127248764e-03
6.310000000000000000e+13	5.500000000000000000e+00	5.545969655184217195e-03
7.940000000000000000e+13	5.500000000000000000e+00	6.975205805638345045e-03
1.000000000000000000e+14	5.500000000000000000e+00	8.795359940643945537e-03
1.260000000000000000e+14	5.500000000000000000e+00	1.120586579160097636e-02
1.580000000000000000e+14	5.500000000000000000e+00	1.441506456965860154e-02
2.000000000000000000e+14	5.500000000000000000e+00	1.888797237094718556e-02
2.510000000000000000e+14	5.500000000000000000e+00	2.433221157242430530e-02
3.160000000000000000e+14	5.500000000000000000e+00	3.013398999589063029e-02
3.980000000000000000e+14	5.500000000000000000e+00	3.533100524093409772e-02
5.010000000000000000e+14	5.500000000000000000e+00	3.887162297609084161e-02
6.310000000000000000e+14	5.500000000000000000e+00	3.982362283246672352e-02
7.940000000000000000e+14	5.500000000000000000e+00	3.764068430380324709e-02
1.000000000000000000e+15	5.500000000000000000e+00	3.271042925933636408e-02
1.260000000000000000e+15	5.500000000000000000e+00	2.605493028366515432e-02
1.580000000000000000e+15	5.500000000000000000e+00	1.812486773009725632e-02
2.000000000000000000e+15	5.500000000000000000e+00	9.483180346699605565e-03
2.510000000000000000e+15	5.500000000000000000e+00	1.123147378388533301e-03
3.160000000000000000e+15	5.500000000000000000e+00	-6.320325023792541623e-03
3.980000000000000000e+15	5.500000000000000000e+00	-1.254137898299541656e-02
5.010000000000000000e+15	5.500000000000000000e+00	-1.739422743588057985e-02
6.310000000000000000e+15	5.500000000000000000e+00	-2.091633878400976990e-02
7.940000000000000000e+15	5.500000000000000000e+00	-2.320086453006413307e-02
1.000000000000000000e+16	5.500000000000000000e+00	-2.442540043469046754e-02
1.260000000000000000e+16	5.500000000000000000e+00	-2.476120452110692691e-02
1.580000000000000000e+16	5.500000000000000000e+00	-2.442521995345288757e-02
2.000000000000000000e+16	5.500000000000000000e+00	-2.351260675666081573e-02
2.510000000000000000e+16	5.500000000000000000e+00	-2.228619385126580019e-02
3.160000000000000000e+16	5.500000000000000000e+00	-2.079472075042948856e-02
3.980000000000000000e+16	5.500000000000000000e+00	-1.916008447030502840e-02
5.010000000000000000e+16	5.500000000000000000e+00	-1.747202401925872575e-02
6.310000000000000000e+16	5.500000000000000000e+00	-1.578368331343745976e-02
7.940000000000000000e+16	5.500000000000000000e+00	-1.415375858500281941e-02
1.000000000000000000e+17	5.500000000000000000e+00	-1.259687482121386697e-02
1.000000000000000000e+11	6.500000000000000000e+00	1.132401795251739930e-05
1.258925411794166107e+11	6.500000000000000000e+00	1.427278919293303276e-05
1.584893192461110840e+11	6.500000000000000000e+00	1.800349815691810088e-05
1.995262314968882751e+11	6.500000000000000000e+00	2.273796001713770463e-05
2.511886431509582214e+11	6.500000000000000000e+00	2.877762376693253796e-05
3.162277660168379517e+11	6.500000000000000000e+00	3.654632550441608334e-05
3.981071705534969482e+11	6.500000000000000000e+00	4.665796128143216465e-05
5.011872336272714844e+11	6.500000000000000000e+00	5.998094537691910755e-05
6.309573444801943359e+11	6.500000000000000000e+00	7.757869013623792010e-05
7.943282347242821045e+11	6.500000000000000000e+00	9.577610489059871504e-05
1.000000000000000000e+12	6.500000000000000000e+00	1.093781564405718230e-04
1.260000000000000000e+12	6.500000000000000000e+00	1.251370665171370588e-04
1.580000000000000000e+12	6.500000000000000000e+00	1.495025289692494309e-04
2.000000000000000000e+12	6.500000000000000000e+00	1.831709097359981184e-04
2.510000000000000000e+12	6.500000000000000000e+00	2.254184454050086272e-04
3.160000000000000000e+12	6.500000000000000000e+00	2.804669516679393799e-04
3.980000000000000000e+12	6.500000000000000000e+00	3.507745251963310723e-04
5.010000000000000000e+12	6.500000000000000000e+00	4.396192604195140580e-04
6.310000000000000000e+12	6.500000000000000000e+00	5.521108144865235524e-04
7.940000000000000000e+12	6.500000000000000000e+00	6.941411998900385563e-04
1.000000000000000000e+13	6.500000000000000000e+00	8.728104797910000209e-04
1.260000000000000000e+13	6.500000000000000000e+00	1.097922408338099102e-03
1.580000000000000000e+13	6.500000000000000000e+00	1.373488338933805250e-03
2.000000000000000000e+13	6.500000000000000000e+00	1.734768044834981461e-03
2.510000000000000000e+13	6.500000000000000000e+00	2.176374849472518386e-03
3.160000000000000000e+13	6.500000000000000000e+00	2.741153923411260730e-03
3.980000000000000000e+13	6.500000000000000000e+00	3.453672462449503683e-03
5.010000000000000000e+13	6.500000000000000000e+00	4.344681435348434796e-03
6.310000000000000000e+13	6.500000000000000000e+00	5.466385157273733787e-03
7.940000000000000000e+13	6.500000000000000000e+00	6.875710081291615088e-03
1.000000000000000000e+14	6.500000000000000000e+00	8.707289848708145430e-03
1.260000000000000000e+14	6.500000000000000000e+00	1.111687791337157699e-02
1.580000000000000000e+14	6.500000000000000000e+00	1.429758835388869262e-02
2.000000000000000000e+14	6.500000000000000000e+00	1.875894311269910020e-02
2.510000000000000000e+14	6.500000000000000000e+00	2.408625074456453158e-02
3.160000000000000000e+14	6.500000000000000000e+00	2.994966193888754652e-02
3.980000000000000000e+14	6.500000000000000000e+00	3.553255623443896810e-02
5.010000000000000000e+14	6.500000000000000000e+00	3.913704706973403225e-02
6.310000000000000000e+14	6.500000000000000000e+00	3.979602876181007054e-02
7.940000000000000000e+14	6.500000000000000000e+00	3.788695332629795492e-02
1.000000000000000000e+15	6.500000000000000000e+00	3.306891521991090627e-02
1.260000000000000000e+15	6.500000000000000000e+00	2.573731053916757452e-02
1.580000000000000000e+15	6.500000000000000000e+00	1.746894765664385590e-02
2.000000000000000000e+15	6.500000000000000000e+00	8.976842840435116100e-03
2.510000000000000000e+15	6.500000000000000000e+00	8.924972572306739526e-04
3.160000000000000000e+15	6.500000000000000000e+00	-6.426935256294009392e-03
3.980000000000000000e+15	6.500000000000000000e+00	-1.256363619768070643e-02
5.010000000000000000e+15	6.500000000000000000e+00	-1.735574978415825587e-02
6.310000000000000000e+15	6.500000000000000000e+00	-2.083417168261492494e-02
7.940000000000000000e+15	6.500000000000000000e+00	-2.308864380927087845e-02
1.000000000000000000e+16	6.500000000000000000e+00	-2.429386700870495713e-02
1.260000000000000000e+16	6.500000000000000000e+00	-2.461899856264269590e-02
1.580000000000000000e+16	6.500000000000000000e+00	-2.427897911878590387e-02
2.000000000000000000e+16	6.500000000000000000e+00	-2.336754119353334769e-02
2.510000000000000000e+16	6.500000000000000000e+00	-2.214574505662690249e-02
3.160000000000000000e+16	6.500000000000000000e+00	-2.066151625607658832e-02
3.980000000000000000e+16	6.500000000000000000e+00	-1.903579315271049233e-02
5.010000000000000000e+16	6.500000000000000000e+00	-1.735752087326282792e-02
6.310000000000000000e+16	6.500000000000000000e+00	-1.567942854125075822e-02
7.940000000000000000e+16	6.500000000000000000e+00	-1.405962502148856014e-02
1.000000000000000000e+17	6.500000000000000000e+00	-1.251268171515737201e-02
1.000000000000000000e+11	8.000000000000000000e+00	1.074658775834386870e-05
1.258925411794166107e+11	8.000000000000000000e+00	1.354426874841910237e-05
1.584893192461110840e+11	8.000000000000000000e+00	1.708332763355529803e-05
1.995262314968882751e+11	8.000000000000000000e+00	2.157298748329387170e-05
2.511886431509582214e+11	8.000000000000000000e+00	2.729794190229812399e-05
3.162277660168379517e+11	8.000000000000000000e+00	3.465538214180944731e-05
3.981071705534969482e+11	8.000000000000000000e+00	4.422201105378307650e-05
5.011872336272714844e+11	8.000000000000000000e+00	5.679970731366208405e-05
6.309573444801943359e+11	8.000000000000000000e+00	7.316246898360798611e-05
7.943282347242821045e+11	8.000000000000000000e+00	8.833094749881207849e-05
1.000000000000000000e+12	8.000000000000000000e+00	1.014490828802903829e-04
1.260000000000000000e+12	8.000000000000000000e+00	1.198411047498982017e-04
1.580000000000000000e+12	8.000000000000000000e+00	1.449216284538983003e-04
2.000000000000000000e+12	8.000000000000000000e+00	1.794216528553443045e-04
2.510000000000000000e+12	8.000000000000000000e+00	2.220660068251749852e-04
3.160000000000000000e+12	8.000000000000000000e+00	2.770874105667098328e-04
3.980000000000000000e+12	8.000000000000000000e+00	3.470867231973573364e-04
5.010000000000000000e+12	8.000000000000000000e+00	4.354524015599616784e-04
6.310000000000000000e+12	8.000000000000000000e+00	5.474557169688949211e-04
7.940000000000000000e+12	8.000000000000000000e+00	6.882746527912843564e-04
1.000000000000000000e+13	8.000000000000000000e+00	8.656802144981767810e-04
1.260000000000000000e+13	8.000000000000000000e+00	1.086914571068524306e-03
1.580000000000000000e+13	8.000000000000000000e+00	1.359233238176611519e-03
2.000000000000000000e+13	8.000000000000000000e+00	1.719817340771807477e-03
2.510000000000000000e+13	8.000000000000000000e+00	2.157905643076501231e-03
3.160000000000000000e+13	8.000000000000000000e+00	2.718329641673348368e-03
3.980000000000000000e+13	8.000000000000000000e+00	3.427588580138757855e-03
5.010000000000000000e+13	8.000000000000000000e+00	4.310887661413824110e-03
6.310000000000000000e+13	8.000000000000000000e+00	5.420107456665390795e-03
7.940000000000000000e+13	8.000000000000000000e+00	6.818776685720526719e-03
1.000000000000000000e+14	8.000000000000000000e+00	8.638382820917570037e-03
1.260000000000000000e+14	8.000000000000000000e+00	1.106677924676554604e-02
1.580000000000000000e+14	8.000000000000000000e+00	1.426761841041270483e-02
2.000000000000000000e+14	8.000000000000000000e+00	1.873169466237585568e-02
2.510000000000000000e+14	8.000000000000000000e+00	2.412069651609146173e-02
3.160000000000000000e+14	8.000000000000000000e+00	3.003839746969530489e-02
3.980000000000000000e+14	8.000000000000000000e+00	3.534033925126211367e-02
5.010000000000000000e+14	8.000000000000000000e+00	3.900686500207373869e-02
6.310000000000000000e+14	8.000000000000000000e+00	4.003726722866782217e-02
7.940000000000000000e+14	8.000000000000000000e+00	3.798569820811611986e-02
1.000000000000000000e+15	8.000000000000000000e+00	3.273725208173647316e-02
1.260000000000000000e+15	8.000000000000000000e+00	2.543763607157208118e-02
1.580000000000000000e+15	8.000000000000000000e+00	1.664065254917303227e-02
2.000000000000000000e+15	8.000000000000000000e+00	7.629042839258460412e-03
2.510000000000000000e+15	8.000000000000000000e+00	3.239950959691505856e-04
3.160000000000000000e+15	8.000000000000000000e+00	-6.708018265239925129e-03
3.980000000000000000e+15	8.000000000000000000e+00	-1.265699620514249869e-02
5.010000000000000000e+15	8.000000000000000000e+00	-1.731571393093916250e-02
6.310000000000000000e+15	8.000000000000000000e+00	-2.069833751730581345e-02
7.940000000000000000e+15	8.000000000000000000e+00	-2.288686060296475297e-02
1.000000000000000000e+16	8.000000000000000000e+00	-2.404833487665402822e-02
1.260000000000000000e+16	8.000000000000000000e+00	-2.434841978367017004e-02
1.580000000000000000e+16	8.000000000000000000e+00	-2.399752918215221006e-02
2.000000000000000000e+16	8.000000000000000000e+00	-2.308608320676585127e-02
2.510000000000000000e+16	8.000000000000000000e+00	-2.187174931723818994e-02
3.160000000000000000e+16	8.000000000000000000e+00	-2.040059926156403969e-02
3.980000000000000000e+16	8.000000000000000000e+00	-1.879156300175623823e-02
5.010000000000000000e+16	8.000000000000000000e+00	-1.713186911021430739e-02
6.310000000000000000e+16	8.000000000000000000e+00	-1.547364135043084211e-02
7.940000000000000000e+16	8.000000000000000000e+00	-1.387355416421414724e-02
1.000000000000000000e+17	8.000000000000000000e+00	-1.234590427201600824e-02
1.000000000000000000e+11	1.000000000000000000e+01	1.027186159241418162e-05
1.258925411794166107e+11	1.000000000000000000e+01	1.294538452815044614e-05
1.584893192461110840e+11	1.000000000000000000e+01	1.632670165716811685e-05
1.995262314968882751e+11	1.000000000000000000e+01	2.061546169898896517e-05
2.511886431509582214e+11	1.000000000000000000e+01	2.608165234500369890e-05
3.162277660168379517e+11	1.000000000000000000e+01	3.310209188834831227e-05
3.981071705534969482e+11	1.000000000000000000e+01	4.221411376796465963e-05
5.011872336272714844e+11	1.000000000000000000e+01	5.416661489014807187e-05
6.309573444801943359e+11	1.000000000000000000e+01	6.955101398954401895e-05
7.943282347242821045e+11	1.000000000000000000e+01	8.229404336194693563e-05
1.000000000000000000e+12	1.000000000000000000e+01	9.487372090892065134e-05
1.260000000000000000e+12	1.000000000000000000e+01	1.154595324631155440e-04
1.580000000000000000e+12	1.000000000000000000e+01	1.413286493768167501e-04
2.000000000000000000e+12	1.000000000000000000e+01	1.760834179475675879e-04
2.510000000000000000e+12	1.000000000000000000e+01	2.188123819177449116e-04
3.160000000000000000e+12	1.000000000000000000e+01	2.739099016624167910e-04
3.980000000000000000e+12	1.000000000000000000e+01	3.435952430137070640e-04
5.010000000000000000e+12	1.000000000000000000e+01	4.312403507358571306e-04
6.310000000000000000e+12	1.000000000000000000e+01	5.425423330154020623e-04
7.940000000000000000e+12	1.000000000000000000e+01	6.811029392998932354e-04
1.000000000000000000e+13	1.000000000000000000e+01	8.570467243705967965e-04
1.260000000000000000e+13	1.000000000000000000e+01	1.079937049500665500e-03
1.580000000000000000e+13	1.000000000000000000e+01	1.352138286617842432e-03
2.000000000000000000e+13	1.000000000000000000e+01	1.708298131607969552e-03
2.510000000000000000e+13	1.000000000000000000e+01	2.143833948065563492e-03
3.160000000000000000e+13	1.000000000000000000e+01	2.701141376610614875e-03
3.980000000000000000e+13	1.000000000000000000e+01	3.402162111111974897e-03
5.010000000000000000e+13	1.000000000000000000e+01	4.279391852367754080e-03
6.310000000000000000e+13	1.000000000000000000e+01	5.381659339116911210e-03
7.940000000000000000e+13	1.000000000000000000e+01	6.773645858761119520e-03
1.000000000000000000e+14	1.000000000000000000e+01	8.578724979984343052e-03
1.260000000000000000e+14	1.000000000000000000e+01	1.099385373417899499e-02
1.580000000000000000e+14	1.000000000000000000e+01	1.419492213435509693e-02
2.000000000000000000e+14	1.000000000000000000e+01	1.868227846812576740e-02
2.510000000000000000e+14	1.000000000000000000e+01	2.401123133288370071e-02
3.160000000000000000e+14	1.000000000000000000e+01	2.991384420544977024e-02
3.980000000000000000e+14	1.000000000000000000e+01	3.537175104797386782e-02
5.010000000000000000e+14	1.000000000000000000e+01	3.893058871642707947e-02
6.310000000000000000e+14	1.000000000000000000e+01	3.956969728816810833e-02
7.940000000000000000e+14	1.000000000000000000e+01	3.755476831019504552e-02
1.000000000000000000e+15	1.000000000000000000e+01	3.405850135244223309e-02
1.260000000000000000e+15	1.000000000000000000e+01	2.699408574931792468e-02
1.580000000000000000e+15	1.000000000000000000e+01	1.898527705567789811e-02
2.000000000000000000e+15	1.000000000000000000e+01	1.122592679940944034e-02
2.510000000000000000e+15	1.000000000000000000e+01	1.914095929287275158e-03
3.160000000000000000e+15	1.000000000000000000e+01	-5.876592142148188980e-03
3.980000000000000000e+15	1.000000000000000000e+01	-1.232390493261155580e-02
5.010000000000000000e+15	1.000000000000000000e+01	-1.733781684160956224e-02
6.310000000000000000e+15	1.000000000000000000e+01	-2.097656184474763069e-02
7.940000000000000000e+15	1.000000000000000000e+01	-2.334375763069163057e-02
1.000000000000000000e+16	1.000000000000000000e+01	-2.462382210502709820e-02
1.260000000000000000e+16	1.000000000000000000e+01	-2.499450736864782321e-02
1.580000000000000000e+16	1.000000000000000000e+01	-2.467701864070898782e-02
2.000000000000000000e+16	1.000000000000000000e+01	-2.377065665689086574e-02
2.510000000000000000e+16	1.000000000000000000e+01	-2.254157074776665798e-02
3.160000000000000000e+16	1.000000000000000000e+01	-2.104085013944918120e-02
3.980000000000000000e+16	1.000000000000000000e+01	-1.939258933176013500e-02
5.010000000000000000e+16	1.000000000000000000e+01	-1.768803795574981977e-02
6.310000000000000000e+16	1.000000000000000000e+01	-1.598211952162151631e-02
7.940000000000000000e+16	1.000000000000000000e+01	-1.433393154562641325e-02
1.000000000000000000e+17	1.000000000000000000e+01	-1.275894648307031656e-02
1.000000000000000000e+11	1.200000000000000000e+01	9.934980472604288611e-06
1.258925411794166107e+11	1.200000000000000000e+01	1.252035128067550443e-05
1.584893192461110840e+11	1.200000000000000000e+01	1.578968995947874503e-05
1.995262314968882751e+11	1.200000000000000000e+01	1.993560448923263745e-05
2.511886431509582214e+11	1.200000000000000000e+01	2.521790530851151873e-05
3.162277660168379517e+11	1.200000000000000000e+01	3.199800391213381500e-05
3.981071705534969482e+11	1.200000000000000000e+01	4.078798505728309886e-05
5.011872336272714844e+11	1.200000000000000000e+01	5.228966083001797884e-05
6.309573444801943359e+11	1.200000000000000000e+01	6.696062329876237133e-05
7.943282347242821045e+11	1.200000000000000000e+01	7.790752441766165117e-05
1.000000000000000000e+12	1.200000000000000000e+01	9.016495472405212084e-05
1.260000000000000000e+12	1.200000000000000000e+01	1.124051431861848246e-04
1.580000000000000000e+12	1.200000000000000000e+01	1.388847103180853367e-04
2.000000000000000000e+12	1.200000000000000000e+01	1.740474053982800048e-04
2.510000000000000000e+12	1.200000000000000000e+01	2.170616017318565902e-04
3.160000000000000000e+12	1.200000000000000000e+01	2.718836708846400496e-04
3.980000000000000000e+12	1.200000000000000000e+01	3.413052261578261083e-04
5.010000000000000000e+12	1.200000000000000000e+01	4.288206113046494827e-04
6.310000000000000000e+12	1.200000000000000000e+01	5.391366170273677403e-04
7.940000000000000000e+12	1.200000000000000000e+01	6.790979379872401052e-04
1.000000000000000000e+13	1.200000000000000000e+01	8.551911095626941409e-04
1.260000000000000000e+13	1.200000000000000000e+01	1.075428253680567022e-03
1.580000000000000000e+13	1.200000000000000000e+01	1.346897670960755600e-03
2.000000000000000000e+13	1.200000000000000000e+01	1.703627284544166967e-03
2.510000000000000000e+13	1.200000000000000000e+01	2.137439321216073364e-03
3.160000000000000000e+13	1.200000000000000000e+01	2.692015546389885019e-03
3.980000000000000000e+13	1.200000000000000000e+01	3.392113622064420794e-03
5.010000000000000000e+13	1.200000000000000000e+01	4.263602233004246990e-03
6.310000000000000000e+13	1.200000000000000000e+01	5.358253283877473065e-03
7.940000000000000000e+13	1.200000000000000000e+01	6.749215507067403072e-03
1.000000000000000000e+14	1.200000000000000000e+01	8.556118815014383816e-03
1.260000000000000000e+14	1.200000000000000000e+01	1.097932476302313637e-02
1.580000000000000000e+14	1.200000000000000000e+01	1.420845478705215145e-02
2.000000000000000000e+14	1.200000000000000000e+01	1.871141689853298221e-02
2.510000000000000000e+14	1.200000000000000000e+01	2.411683214381869084e-02
3.160000000000000000e+14	1.200000000000000000e+01	2.993781465033315548e-02
3.980000000000000000e+14	1.200000000000000000e+01	3.527033454584386357e-02
5.010000000000000000e+14	1.200000000000000000e+01	3.896371239081984628e-02
6.310000000000000000e+14	1.200000000000000000e+01	4.002637856564122965e-02
7.940000000000000000e+14	1.200000000000000000e+01	3.787438937041855136e-02
1.000000000000000000e+15	1.200000000000000000e+01	3.195202891959352670e-02
1.260000000000000000e+15	1.200000000000000000e+01	2.539090680999344513e-02
1.580000000000000000e+15	1.200000000000000000e+01	1.747387532918322217e-02
2.000000000000000000e+15	1.200000000000000000e+01	7.918991390992079216e-03
2.510000000000000000e+15	1.200000000000000000e+01	5.074857399917604784e-04
3.160000000000000000e+15	1.200000000000000000e+01	-6.578709584735522448e-03
3.980000000000000000e+15	1.200000000000000000e+01	-1.256097329308131401e-02
5.010000000000000000e+15	1.200000000000000000e+01	-1.724238625559556051e-02
6.310000000000000000e+15	1.200000000000000000e+01	-2.064146850502150340e-02
7.940000000000000000e+15	1.200000000000000000e+01	-2.284185773759247334e-02
1.000000000000000000e+16	1.200000000000000000e+01	-2.401294272085055526e-02
1.260000000000000000e+16	1.200000000000000000e+01	-2.432078671674900786e-02
1.580000000000000000e+16	1.200000000000000000e+01	-2.397557465352712081e-02
2.000000000000000000e+16	1.200000000000000000e+01	-2.306858742572795440e-02
2.510000000000000000e+16	1.200000000000000000e+01	-2.185798742988335000e-02
3.160000000000000000e+16	1.200000000000000000e+01	-2.039008273513532102e-02
3.980000000000000000e+16	1.200000000000000000e+01	-1.878287782783074830e-02
5.010000000000000000e+16	1.200000000000000000e+01	-1.712497821712511900e-02
6.310000000000000000e+16	1.200000000000000000e+01	-1.546813527167538449e-02
7.940000000000000000e+16	1.200000000000000000e+01	-1.386921343689172768e-02
1.000000000000000000e+17	1.200000000000000000e+01	-1.234245507475735699e-02
1.000000000000000000e+11	1.400000000000000000e+01	9.768188376029136345e-06
1.258925411794166107e+11	1.400000000000000000e+01	1.230963632166017726e-05
1.584893192461110840e+11	1.400000000000000000e+01	1.552303334479780944e-05
1.995262314968882751e+11	1.400000000000000000e+01	1.959701855595226178e-05
2.511886431509582214e+11	1.400000000000000000e+01	2.478564173073738103e-05
3.162277660168379517e+11	1.400000000000000000e+01	3.144137772388764222e-05
3.981071705534969482e+11	1.400000000000000000e+01	4.006442931220565969e-05
5.011872336272714844e+11	1.400000000000000000e+01	5.131046008808112660e-05
6.309573444801943359e+11	1.400000000000000000e+01	6.556158640731972063e-05
7.943282347242821045e+11	1.400000000000000000e+01	7.529526867064533218e-05
1.000000000000000000e+12	1.400000000000000000e+01	8.746728174500207904e-05
1.260000000000000000e+12	1.400000000000000000e+01	1.112328233775827032e-04
1.580000000000000000e+12	1.400000000000000000e+01	1.385619048435517196e-04
2.000000000000000000e+12	1.400000000000000000e+01	1.742269813406195330e-04
2.510000000000000000e+12	1.400000000000000000e+01	2.176133338788341040e-04
3.160000000000000000e+12	1.400000000000000000e+01	2.732064785747961248e-04
3.980000000000000000e+12	1.400000000000000000e+01	3.434585898737769843e-04
5.010000000000000000e+12	1.400000000000000000e+01	4.318498479622044596e-04
6.310000000000000000e+12	1.400000000000000000e+01	5.437617022313868910e-04
7.940000000000000000e+12	1.400000000000000000e+01	6.834794221550497071e-04
1.000000000000000000e+13	1.400000000000000000e+01	8.590854538188395957e-04
1.260000000000000000e+13	1.400000000000000000e+01	1.081103217964001590e-03
1.580000000000000000e+13	1.400000000000000000e+01	1.353623829135779328e-03
2.000000000000000000e+13	1.400000000000000000e+01	1.712678398182527996e-03
2.510000000000000000e+13	1.400000000000000000e+01	2.150683001262128878e-03
3.160000000000000000e+13	1.400000000000000000e+01	2.710009364814661321e-03
3.980000000000000000e+13	1.400000000000000000e+01	3.413986123101901866e-03
5.010000000000000000e+13	1.400000000000000000e+01	4.289712660265320929e-03
6.310000000000000000e+13	1.400000000000000000e+01	5.394578857184488888e-03
7.940000000000000000e+13	1.400000000000000000e+01	6.794333962562803392e-03
1.000000000000000000e+14	1.400000000000000000e+01	8.605590450309417994e-03
1.260000000000000000e+14	1.400000000000000000e+01	1.102886886342754023e-02
1.580000000000000000e+14	1.400000000000000000e+01	1.426027377915283466e-02
2.000000000000000000e+14	1.400000000000000000e+01	1.874986012651198158e-02
2.510000000000000000e+14	1.400000000000000000e+01	2.424905473501503053e-02
3.160000000000000000e+14	1.400000000000000000e+01	3.033567862830518352e-02
3.980000000000000000e+14	1.400000000000000000e+01	3.580246474062967477e-02
5.010000000000000000e+14	1.400000000000000000e+01	3.957387773927135283e-02
6.310000000000000000e+14	1.400000000000000000e+01	4.064733121880598904e-02
7.940000000000000000e+14	1.400000000000000000e+01	3.858267421791412854e-02
1.000000000000000000e+15	1.400000000000000000e+01	3.345052778753639100e-02
1.260000000000000000e+15	1.400000000000000000e+01	2.560863166305164459e-02
1.580000000000000000e+15	1.400000000000000000e+01	1.841487380936351892e-02
2.000000000000000000e+15	1.400000000000000000e+01	1.086399745799029350e-02
2.510000000000000000e+15	1.400000000000000000e+01	1.655342483010017367e-03
3.160000000000000000e+15	1.400000000000000000e+01	-6.069581977905773827e-03
3.980000000000000000e+15	1.400000000000000000e+01	-1.247152291975912874e-02
5.010000000000000000e+15	1.400000000000000000e+01	-1.745241657624233000e-02
6.310000000000000000e+15	1.400000000000000000e+01	-2.106627666266559090e-02
7.940000000000000000e+15	1.400000000000000000e+01	-2.341443626571378459e-02
1.000000000000000000e+16	1.400000000000000000e+01	-2.467963089595658424e-02
1.260000000000000000e+16	1.400000000000000000e+01	-2.503862186898653253e-02
1.580000000000000000e+16	1.400000000000000000e+01	-2.471215089565074671e-02
2.000000000000000000e+16	1.400000000000000000e+01	-2.379836698357101765e-02
2.510000000000000000e+16	1.400000000000000000e+01	-2.256361695715220286e-02
3.160000000000000000e+16	1.400000000000000000e+01	-2.105836625107352506e-02
3.980000000000000000e+16	1.400000000000000000e+01	-1.940648452567576843e-02
5.010000000000000000e+16	1.400000000000000000e+01	-1.769906891841438804e-02
6.310000000000000000e+16	1.400000000000000000e+01	-1.599082996295388137e-02
7.940000000000000000e+16	1.400000000000000000e+01	-1.434089529681514992e-02
1.000000000000000000e+17	1.400000000000000000e+01	-1.276448447937694047e-02
1.000000000000000000e+11	1.600000000000000000e+01	9.462112463551104627e-06
1.258925411794166107e+11	1.600000000000000000e+01	1.192385943742594282e-05
1.584893192461110840e+11	1.600000000000000000e+01	1.503637332180218238e-05
1.995262314968882751e+11	1.600000000000000000e+01	1.898240991854785871e-05
2.511886431509582214e+11	1.600000000000000000e+01	2.400797533135677104e-05
3.162277660168379517e+11	1.600000000000000000e+01	3.045437685454054790e-05
3.981071705534969482e+11	1.600000000000000000e+01	3.879876113206896912e-05
5.011872336272714844e+11	1.600000000000000000e+01	4.968355775097478506e-05
6.309573444801943359e+11	1.600000000000000000e+01	6.339753165352888934e-05
7.943282347242821045e+11	1.600000000000000000e+01	7.201096173570646392e-05
1.000000000000000000e+12	1.600000000000000000e+01	8.375233670608562761e-05
1.260000000000000000e+12	1.600000000000000000e+01	1.079049943170764039e-04
1.580000000000000000e+12	1.600000000000000000e+01	1.349931417295406741e-04
2.000000000000000000e+12	1.600000000000000000e+01	1.710202325813071857e-04
2.510000000000000000e+12	1.600000000000000000e+01	2.131416446177296082e-04
3.160000000000000000e+12	1.600000000000000000e+01	2.684357584296869739e-04
3.980000000000000000e+12	1.600000000000000000e+01	3.378777583917138400e-04
5.010000000000000000e+12	1.600000000000000000e+01	4.237391625587341227e-04
6.310000000000000000e+12	1.600000000000000000e+01	5.334456082879045430e-04
7.940000000000000000e+12	1.600000000000000000e+01	6.704940360276064569e-04
1.000000000000000000e+13	1.600000000000000000e+01	8.441109217867009181e-04
1.260000000000000000e+13	1.600000000000000000e+01	1.063051802266369843e-03
1.580000000000000000e+13	1.600000000000000000e+01	1.331167884663042329e-03
2.000000000000000000e+13	1.600000000000000000e+01	1.684967502984117569e-03
2.510000000000000000e+13	1.600000000000000000e+01	2.116542095105043535e-03
3.160000000000000000e+13	1.600000000000000000e+01	2.666112365885676787e-03
3.980000000000000000e+13	1.600000000000000000e+01	3.357437925146338886e-03
5.010000000000000000e+13	1.600000000000000000e+01	4.220330581288354692e-03
6.310000000000000000e+13	1.600000000000000000e+01	5.306281386470605016e-03
7.940000000000000000e+13	1.600000000000000000e+01	6.677051903516280709e-03
1.000000000000000000e+14	1.600000000000000000e+01	8.468384458746345406e-03
1.260000000000000000e+14	1.600000000000000000e+01	1.086833812270565809e-02
1.580000000000000000e+14	1.600000000000000000e+01	1.404881466388267081e-02
2.000000000000000000e+14	1.600000000000000000e+01	1.854357847836427681e-02
2.510000000000000000e+14	1.600000000000000000e+01	2.386652614412082887e-02
3.160000000000000000e+14	1.600000000000000000e+01	2.969101629157671826e-02
3.980000000000000000e+14	1.600000000000000000e+01	3.502179357478919092e-02
5.010000000000000000e+14	1.600000000000000000e+01	3.823373965111356160e-02
6.310000000000000000e+14	1.600000000000000000e+01	3.961102973911247854e-02
7.940000000000000000e+14	1.600000000000000000e+01	3.740242189139660750e-02
1.000000000000000000e+15	1.600000000000000000e+01	3.207890814998708845e-02
1.260000000000000000e+15	1.600000000000000000e+01	2.666360975369489947e-02
1.580000000000000000e+15	1.600000000000000000e+01	1.798408029720222762e-02
2.000000000000000000e+15	1.600000000000000000e+01	8.243854324815566917e-03
2.510000000000000000e+15	1.600000000000000000e+01	7.405552449484242286e-04
3.160000000000000000e+15	1.600000000000000000e+01	-6.404290693404083266e-03
3.980000000000000000e+15	1.600000000000000000e+01	-1.242733961837434904e-02
5.010000000000000000e+15	1.600000000000000000e+01	-1.713094905906614382e-02
6.310000000000000000e+15	1.600000000000000000e+01	-2.056009134893601112e-02
7.940000000000000000e+15	1.600000000000000000e+01	-2.277819365393137299e-02
1.000000000000000000e+16	1.600000000000000000e+01	-2.396263418258035710e-02
1.260000000000000000e+16	1.600000000000000000e+01	-2.428069698194870035e-02
1.580000000000000000e+16	1.600000000000000000e+01	-2.394368154426292777e-02
2.000000000000000000e+16	1.600000000000000000e+01	-2.304360063042390494e-02
2.510000000000000000e+16	1.600000000000000000e+01	-2.183798899698795315e-02
3.160000000000000000e+16	1.600000000000000000e+01	-2.037417607597882818e-02
3.980000000000000000e+16	1.600000000000000000e+01	-1.877023253226301619e-02
5.010000000000000000e+16	1.600000000000000000e+01	-1.711524584612513639e-02
6.310000000000000000e+16	1.600000000000000000e+01	-1.546020948491046501e-02
7.940000000000000000e+16	1.600000000000000000e+01	-1.386288748374394676e-02
1.000000000000000000e+17	1.600000000000000000e+01	-1.233741744100284518e-02
1.000000000000000000e+11	1.800000000000000000e+01	9.501391929934652620e-06
1.258925411794166107e+11	1.800000000000000000e+01	1.197295252692331030e-05
1.584893192461110840e+11	1.800000000000000000e+01	1.509745215939670923e-05
1.995262314968882751e+11	1.800000000000000000e+01	1.905771067911705738e-05
2.511886431509582214e+11	1.800000000000000000e+01	2.409970383650736066e-05
3.162277660168379517e+11	1.800000000000000000e+01	3.056335743617276049e-05
3.981071705534969482e+11	1.800000000000000000e+01	3.892178612132731104e-05
5.011872336272714844e+11	1.800000000000000000e+01	4.979861512712143308e-05
6.309573444801943359e+11	1.800000000000000000e+01	6.345956387785397254e-05
7.943282347242821045e+11	1.800000000000000000e+01	7.161738264766781266e-05
1.000000000000000000e+12	1.800000000000000000e+01	8.371248643534538725e-05
1.260000000000000000e+12	1.800000000000000000e+01	1.090567824081897444e-04
1.580000000000000000e+12	1.800000000000000000e+01	1.367966435070766822e-04
2.000000000000000000e+12	1.800000000000000000e+01	1.729298140073200966e-04
2.510000000000000000e+12	1.800000000000000000e+01	2.171028691587694479e-04
3.160000000000000000e+12	1.800000000000000000e+01	2.728357894413642481e-04
3.980000000000000000e+12	1.800000000000000000e+01	3.425776836245641803e-04
5.010000000000000000e+12	1.800000000000000000e+01	4.314359697527188060e-04
6.310000000000000000e+12	1.800000000000000000e+01	5.427251678942899204e-04
7.940000000000000000e+12	1.800000000000000000e+01	6.819231885093713849e-04
1.000000000000000000e+13	1.800000000000000000e+01	8.585571879802623508e-04
1.260000000000000000e+13	1.800000000000000000e+01	1.080736797620833424e-03
1.580000000000000000e+13	1.800000000000000000e+01	1.354374549658561924e-03
2.000000000000000000e+13	1.800000000000000000e+01	1.715352592131507738e-03
2.510000000000000000e+13	1.800000000000000000e+01	2.153609748116214716e-03
3.160000000000000000e+13	1.800000000000000000e+01	2.711563724655551878e-03
3.980000000000000000e+13	1.800000000000000000e+01	3.415135697686450846e-03
5.010000000000000000e+13	1.800000000000000000e+01	4.290136965187934734e-03
6.310000000000000000e+13	1.800000000000000000e+01	5.394002845023918198e-03
7.940000000000000000e+13	1.800000000000000000e+01	6.802986866839267482e-03
1.000000000000000000e+14	1.800000000000000000e+01	8.627261467228627967e-03
1.260000000000000000e+14	1.800000000000000000e+01	1.106233466294572788e-02
1.580000000000000000e+14	1.800000000000000000e+01	1.430802352404955333e-02
2.000000000000000000e+14	1.800000000000000000e+01	1.882228609687854742e-02
2.510000000000000000e+14	1.800000000000000000e+01	2.434115583561997226e-02
3.160000000000000000e+14	1.800000000000000000e+01	3.044668747949140844e-02
3.980000000000000000e+14	1.800000000000000000e+01	3.596986544894279630e-02
5.010000000000000000e+14	1.800000000000000000e+01	3.999766485602989502e-02
6.310000000000000000e+14	1.800000000000000000e+01	4.068693439841674503e-02
7.940000000000000000e+14	1.800000000000000000e+01	3.813357413778828420e-02
1.000000000000000000e+15	1.800000000000000000e+01	3.329074759405813155e-02
1.260000000000000000e+15	1.800000000000000000e+01	2.551017855195553477e-02
1.580000000000000000e+15	1.800000000000000000e+01	1.834575609407014182e-02
2.000000000000000000e+15	1.800000000000000000e+01	1.081335133677360782e-02
2.510000000000000000e+15	1.800000000000000000e+01	1.616682808125398125e-03
3.160000000000000000e+15	1.800000000000000000e+01	-6.099493420667242462e-03
3.980000000000000000e+15	1.800000000000000000e+01	-1.249485147477533142e-02
5.010000000000000000e+15	1.800000000000000000e+01	-1.747008861109957192e-02
6.310000000000000000e+15	1.800000000000000000e+01	-2.108077056987793865e-02
7.940000000000000000e+15	1.800000000000000000e+01	-2.342553108438555007e-02
1.000000000000000000e+16	1.800000000000000000e+01	-2.468871296893903472e-02
1.260000000000000000e+16	1.800000000000000000e+01	-2.504581992252443573e-02
1.580000000000000000e+16	1.800000000000000000e+01	-2.471788319361105379e-02
2.000000000000000000e+16	1.800000000000000000e+01	-2.380290089979475790e-02
2.510000000000000000e+16	1.800000000000000000e+01	-2.256722744933183783e-02
3.160000000000000000e+16	1.800000000000000000e+01	-2.106123920662368240e-02
3.980000000000000000e+16	1.800000000000000000e+01	-1.940877370664943063e-02
5.010000000000000000e+16	1.800000000000000000e+01	-1.770087511615493769e-02
6.310000000000000000e+16	1.800000000000000000e+01	-1.599226711214036048e-02
7.940000000000000000e+16	1.800000000000000000e+01	-1.434202860409816357e-02
1.000000000000000000e+17	1.800000000000000000e+01	-1.276538768984999093e-02
1.000000000000000000e+11	2.000000000000000000e+01	9.173203932194722685e-06
1.258925411794166107e+11	2.000000000000000000e+01	1.155954841902100686e-05
1.584893192461110840e+11	2.000000000000000000e+01	1.457649794431745129e-05
1.995262314968882751e+11	2.000000000000000000e+01	1.840086162443806765e-05
2.511886431509582214e+11	2.000000000000000000e+01	2.327073856417074103e-05
3.162277660168379517e+11	2.000000000000000000e+01	2.951550301217427624e-05
3.981071705534969482e+11	2.000000000000000000e+01	3.759330814668507964e-05
5.011872336272714844e+11	2.000000000000000000e+01	4.811161757804771621e-05
6.309573444801943359e+11	2.000000000000000000e+01	6.127309868718747166e-05
7.943282347242821045e+11	2.000000000000000000e+01	6.861111808781940053e-05
1.000000000000000000e+12	2.000000000000000000e+01	7.990580950241770906e-05
1.260000000000000000e+12	2.000000000000000000e+01	1.050357276827004733e-04
1.580000000000000000e+12	2.000000000000000000e+01	1.324426989221014314e-04
2.000000000000000000e+12	2.000000000000000000e+01	1.676415786487526420e-04
2.510000000000000000e+12	2.000000000000000000e+01	2.102229005515162600e-04
3.160000000000000000e+12	2.000000000000000000e+01	2.645562844772803750e-04
3.980000000000000000e+12	2.000000000000000000e+01	3.338407357895211238e-04
5.010000000000000000e+12	2.000000000000000000e+01	4.197595445072426434e-04
6.310000000000000000e+12	2.000000000000000000e+01	5.272342881929820797e-04
7.940000000000000000e+12	2.000000000000000000e+01	6.643746828355952695e-04
1.000000000000000000e+13	2.000000000000000000e+01	8.363665005963789737e-04
1.260000000000000000e+13	2.000000000000000000e+01	1.050963722119694363e-03
1.580000000000000000e+13	2.000000000000000000e+01	1.316694279907873770e-03
2.000000000000000000e+13	2.000000000000000000e+01	1.666680928023325098e-03
2.510000000000000000e+13	2.000000000000000000e+01	2.093043955824659599e-03
3.160000000000000000e+13	2.000000000000000000e+01	2.637755691568780415e-03
3.980000000000000000e+13	2.000000000000000000e+01	3.322671843526246380e-03
5.010000000000000000e+13	2.000000000000000000e+01	4.178632895885917367e-03
6.310000000000000000e+13	2.000000000000000000e+01	5.247721853245040924e-03
7.940000000000000000e+13	2.000000000000000000e+01	6.587944461424692817e-03
1.000000000000000000e+14	2.000000000000000000e+01	8.363178318365813504e-03
1.260000000000000000e+14	2.000000000000000000e+01	1.075026822880312954e-02
1.580000000000000000e+14	2.000000000000000000e+01	1.389884167455696443e-02
2.000000000000000000e+14	2.000000000000000000e+01	1.830299403833610117e-02
2.510000000000000000e+14	2.000000000000000000e+01	2.367260233393517904e-02
3.160000000000000000e+14	2.000000000000000000e+01	2.952096617277760390e-02
3.980000000000000000e+14	2.000000000000000000e+01	3.450068179621484932e-02
5.010000000000000000e+14	2.000000000000000000e+01	3.783783676575395299e-02
6.310000000000000000e+14	2.000000000000000000e+01	3.891383341613706415e-02
7.940000000000000000e+14	2.000000000000000000e+01	3.744594363601084358e-02
1.000000000000000000e+15	2.000000000000000000e+01	3.329762672032355458e-02
1.260000000000000000e+15	2.000000000000000000e+01	2.713184449497771031e-02
1.580000000000000000e+15	2.000000000000000000e+01	1.828437174304792245e-02
2.000000000000000000e+15	2.000000000000000000e+01	8.455343901261564224e-03
2.510000000000000000e+15	2.000000000000000000e+01	8.989019621055028154e-04
3.160000000000000000e+15	2.000000000000000000e+01	-6.283130481313307404e-03
3.980000000000000000e+15	2.000000000000000000e+01	-1.233330674315101863e-02
5.010000000000000000e+15	2.000000000000000000e+01	-1.706481938236525595e-02
6.310000000000000000e+15	2.000000000000000000e+01	-2.050211644289631416e-02
7.940000000000000000e+15	2.000000000000000000e+01	-2.273236314130742952e-02
1.000000000000000000e+16	2.000000000000000000e+01	-2.392637023763267631e-02
1.260000000000000000e+16	2.000000000000000000e+01	-2.425195659182000432e-02
1.580000000000000000e+16	2.000000000000000000e+01	-2.392079145980761934e-02
2.000000000000000000e+16	2.000000000000000000e+01	-2.302554823881380539e-02
2.510000000000000000e+16	2.000000000000000000e+01	-2.182357283255625946e-02
3.160000000000000000e+16	2.000000000000000000e+01	-2.036234200482250553e-02
3.980000000000000000e+16	2.000000000000000000e+01	-1.876119917360666994e-02
5.010000000000000000e+16	2.000000000000000000e+01	-1.710775642958100792e-02
6.310000000000000000e+16	2.000000000000000000e+01	-1.545449732617861296e-02
7.940000000000000000e+16	2.000000000000000000e+01	-1.385830159589561926e-02
1.000000000000000000e+17	2.000000000000000000e+01	-1.233382396453114489e-02
1.000000000000000000e+11	2.200000000000000000e+01	9.251082532836113831e-06
1.258925411794166107e+11	2.200000000000000000e+01	1.165741824510285816e-05
1.584893192461110840e+11	2.200000000000000000e+01	1.469937183159147995e-05
1.995262314968882751e+11	2.200000000000000000e+01	1.855493408975540971e-05
2.511886431509582214e+11	2.200000000000000000e+01	2.346311185310546787e-05
3.162277660168379517e+11	2.200000000000000000e+01	2.975453950786394116e-05
3.981071705534969482e+11	2.200000000000000000e+01	3.788756977701303791e-05
5.011872336272714844e+11	2.200000000000000000e+01	4.845708831492002722e-05
6.309573444801943359e+11	2.200000000000000000e+01	6.167564397437733114e-05
7.943282347242821045e+11	2.200000000000000000e+01	6.886941573494696387e-05
1.000000000000000000e+12	2.200000000000000000e+01	8.057821881998441680e-05
1.260000000000000000e+12	2.200000000000000000e+01	1.064027101277825884e-04
1.580000000000000000e+12	2.200000000000000000e+01	1.345410649725629589e-04
2.000000000000000000e+12	2.200000000000000000e+01	1.703444744955777922e-04
2.510000000000000000e+12	2.200000000000000000e+01	2.129349771372242067e-04
3.160000000000000000e+12	2.200000000000000000e+01	2.677779187719061247e-04
3.980000000000000000e+12	2.200000000000000000e+01	3.371301326174482114e-04
5.010000000000000000e+12	2.200000000000000000e+01	4.244432704678033070e-04
6.310000000000000000e+12	2.200000000000000000e+01	5.353549414408196542e-04
7.940000000000000000e+12	2.200000000000000000e+01	6.739419947626942593e-04
1.000000000000000000e+13	2.200000000000000000e+01	8.477039150332746267e-04
1.260000000000000000e+13	2.200000000000000000e+01	1.069175882967822455e-03
1.580000000000000000e+13	2.200000000000000000e+01	1.340354484913093168e-03
2.000000000000000000e+13	2.200000000000000000e+01	1.696191297202499912e-03
2.510000000000000000e+13	2.200000000000000000e+01	2.128028789866051162e-03
3.160000000000000000e+13	2.200000000000000000e+01	2.681073860835051208e-03
3.980000000000000000e+13	2.200000000000000000e+01	3.377850773049133771e-03
5.010000000000000000e+13	2.200000000000000000e+01	4.242205864297203879e-03
6.310000000000000000e+13	2.200000000000000000e+01	5.333801829854040513e-03
7.940000000000000000e+13	2.200000000000000000e+01	6.726095951514918583e-03
1.000000000000000000e+14	2.200000000000000000e+01	8.527461260636666832e-03
1.260000000000000000e+14	2.200000000000000000e+01	1.092975823977142269e-02
1.580000000000000000e+14	2.200000000000000000e+01	1.415102203036286595e-02
2.000000000000000000e+14	2.200000000000000000e+01	1.869096143023434714e-02
2.510000000000000000e+14	2.200000000000000000e+01	2.398421970095982250e-02
3.160000000000000000e+14	2.200000000000000000e+01	2.990809286444361809e-02
3.980000000000000000e+14	2.200000000000000000e+01	3.552442167116888483e-02
5.010000000000000000e+14	2.200000000000000000e+01	3.972794759358186378e-02
6.310000000000000000e+14	2.200000000000000000e+01	4.048184816625032684e-02
7.940000000000000000e+14	2.200000000000000000e+01	3.760498774555708079e-02
1.000000000000000000e+15	2.200000000000000000e+01	3.250488986531044344e-02
1.260000000000000000e+15	2.200000000000000000e+01	2.434424589180470347e-02
1.580000000000000000e+15	2.200000000000000000e+01	1.618138050217730536e-02
2.000000000000000000e+15	2.200000000000000000e+01	8.620418674563192982e-03
2.510000000000000000e+15	2.200000000000000000e+01	6.509606362450221775e-04
3.160000000000000000e+15	2.200000000000000000e+01	-6.512138790020315440e-03
3.980000000000000000e+15	2.200000000000000000e+01	-1.252222964764220826e-02
5.010000000000000000e+15	2.200000000000000000e+01	-1.721687604232086111e-02
6.310000000000000000e+15	2.200000000000000000e+01	-2.062355461510405677e-02
7.940000000000000000e+15	2.200000000000000000e+01	-2.282912419481816085e-02
1.000000000000000000e+16	2.200000000000000000e+01	-2.400329223725602978e-02
1.260000000000000000e+16	2.200000000000000000e+01	-2.431315373075349298e-02
1.580000000000000000e+16	2.200000000000000000e+01	-2.396954940428356121e-02
2.000000000000000000e+16	2.200000000000000000e+01	-2.306404629991416419e-02
2.510000000000000000e+16	2.200000000000000000e+01	-2.185425122953074673e-02
3.160000000000000000e+16	2.200000000000000000e+01	-2.038673135447320942e-02
3.980000000000000000e+16	2.200000000000000000e+01	-1.878056148841173584e-02
5.010000000000000000e+16	2.200000000000000000e+01	-1.712326562018712597e-02
6.310000000000000000e+16	2.200000000000000000e+01	-1.546668962252836788e-02
7.940000000000000000e+16	2.200000000000000000e+01	-1.386804112111169641e-02
1.000000000000000000e+17	2.200000000000000000e+01	-1.234152972291130759e-02
