1.000000000000000000e+11	5.000000000000000000e-01	2.270750972390674080e-05
1.258925411794166107e+11	5.000000000000000000e-01	2.861191905083819404e-05
1.584893192461110840e+11	5.000000000000000000e-01	3.607245529710193676e-05
1.995262314968882751e+11	5.000000000000000000e-01	4.551980090503463027e-05
2.511886431509582214e+11	5.000000000000000000e-01	5.752835809638779719e-05
3.162277660168379517e+11	5.000000000000000000e-01	7.288948053810779951e-05
3.981071705534969482e+11	5.000000000000000000e-01	9.273108350851405883e-05
5.011872336272714844e+11	5.000000000000000000e-01	1.187389324945380213e-04
6.309573444801943359e+11	5.000000000000000000e-01	1.534961902646820296e-04
7.943282347242821045e+11	5.000000000000000000e-01	2.011499766871111189e-04
1.000000000000000000e+12	5.000000000000000000e-01	2.353248815144158774e-04
1.260000000000000000e+12	5.000000000000000000e-01	2.590102939626053448e-04
1.580000000000000000e+12	5.000000000000000000e-01	3.057647074809301041e-04
2.000000000000000000e+12	5.000000000000000000e-01	3.729851167636282199e-04
2.510000000000000000e+12	5.000000000000000000e-01	4.572134870515103303e-04
3.160000000000000000e+12	5.000000000000000000e-01	5.666015698048271470e-04
3.980000000000000000e+12	5.000000000000000000e-01	7.060669325632745264e-04
5.010000000000000000e+12	5.000000000000000000e-01	8.829908323711918843e-04
6.310000000000000000e+12	5.000000000000000000e-01	1.109541449811739201e-03
7.940000000000000000e+12	5.000000000000000000e-01	1.401867833288560549e-03
1.000000000000000000e+13	5.000000000000000000e-01	1.783674964112915221e-03
1.260000000000000000e+13	5.000000000000000000e-01	2.272881372013717607e-03
1.580000000000000000e+13	5.000000000000000000e-01	2.874488323410644315e-03
2.000000000000000000e+13	5.000000000000000000e-01	3.661933689596046093e-03
2.510000000000000000e+13	5.000000000000000000e-01	4.578065583884891911e-03
3.160000000000000000e+13	5.000000000000000000e-01	5.581997540204639702e-03
3.980000000000000000e+13	5.000000000000000000e-01	6.540712747850606704e-03
5.010000000000000000e+13	5.000000000000000000e-01	7.343593782970611779e-03
6.310000000000000000e+13	5.000000000000000000e-01	8.006996082379841395e-03
7.940000000000000000e+13	5.000000000000000000e-01	8.703176595321495193e-03
1.000000000000000000e+14	5.000000000000000000e-01	9.682078636253758225e-03
1.260000000000000000e+14	5.000000000000000000e-01	1.126959804072997021e-02
1.580000000000000000e+14	5.000000000000000000e-01	1.379288003841643885e-02
2.000000000000000000e+14	5.000000000000000000e-01	1.768553742853967714e-02
2.510000000000000000e+14	5.000000000000000000e-01	2.265278323414739517e-02
3.160000000000000000e+14	5.000000000000000000e-01	2.833084600334713141e-02
3.980000000000000000e+14	5.000000000000000000e-01	3.357649448179744062e-02
5.010000000000000000e+14	5.000000000000000000e-01	3.711406915409362628e-02
6.310000000000000000e+14	5.000000000000000000e-01	3.810210026909909703e-02
7.940000000000000000e+14	5.000000000000000000e-01	3.606545649966745593e-02
1.000000000000000000e+15	5.000000000000000000e-01	3.120133546709976530e-02
1.260000000000000000e+15	5.000000000000000000e-01	2.430280362653691739e-02
1.580000000000000000e+15	5.000000000000000000e-01	1.644869644415668589e-02
2.000000000000000000e+15	5.000000000000000000e-01	8.160065023852120999e-03
2.510000000000000000e+15	5.000000000000000000e-01	1.816427113526696468e-04
3.160000000000000000e+15	5.000000000000000000e-01	-7.081263704094268967e-03
3.980000000000000000e+15	5.000000000000000000e-01	-1.318333137643269530e-02
5.010000000000000000e+15	5.000000000000000000e-01	-1.794958907754952773e-02
6.310000000000000000e+15	5.000000000000000000e-01	-2.140388865855973738e-02
7.940000000000000000e+15	5.000000000000000000e-01	-2.363285205163287786e-02
1.000000000000000000e+16	5.000000000000000000e-01	-2.480967071012578698e-02
1.260000000000000000e+16	5.000000000000000000e-01	-2.510340147528056232e-02
1.580000000000000000e+16	5.000000000000000000e-01	-2.473066278224163306e-02
2.000000000000000000e+16	5.000000000000000000e-01	-2.378330582332926005e-02
2.510000000000000000e+16	5.000000000000000000e-01	-2.252667649637618563e-02
3.160000000000000000e+16	5.000000000000000000e-01	-2.100734669954570921e-02
3.980000000000000000e+16	5.000000000000000000e-01	-1.934742129598512189e-02
5.010000000000000000e+16	5.000000000000000000e-01	-1.763655412858950583e-02
6.310000000000000000e+16	5.000000000000000000e-01	-1.592770142568208577e-02
7.940000000000000000e+16	5.000000000000000000e-01	-1.427942796379179889e-02
1.000000000000000000e+17	5.000000000000000000e-01	-1.270619869501639701e-02
1.000000000000000000e+11	1.500000000000000000e+00	1.892902706924857727e-05
1.258925411794166107e+11	1.500000000000000000e+00	2.385164434378466344e-05
1.584893192461110840e+11	1.500000000000000000e+00	3.007233117176360586e-05
1.995262314968882751e+11	1.500000000000000000e+00	3.795105587867600444e-05
2.511886431509582214e+11	1.500000000000000000e+00	4.796985990352197171e-05
3.162277660168379517e+11	1.500000000000000000e+00	6.079179576525412789e-05
3.981071705534969482e+11	1.500000000000000000e+00	7.736313597445855137e-05
5.011872336272714844e+11	1.500000000000000000e+00	9.907245983792212370e-05
6.309573444801943359e+11	1.500000000000000000e+00	1.278845171951555830e-04
7.943282347242821045e+11	1.500000000000000000e+00	1.646550520077812347e-04
1.000000000000000000e+12	1.500000000000000000e+00	1.923446117195323963e-04
1.260000000000000000e+12	1.500000000000000000e+00	2.157207584310900136e-04
1.580000000000000000e+12	1.500000000000000000e+00	2.562221950470711194e-04
2.000000000000000000e+12	1.500000000000000000e+00	3.136381828101733930e-04
2.510000000000000000e+12	1.500000000000000000e+00	3.857201116968098824e-04
3.160000000000000000e+12	1.500000000000000000e+00	4.790440471465133403e-04
3.980000000000000000e+12	1.500000000000000000e+00	5.982138643728757924e-04
5.010000000000000000e+12	1.500000000000000000e+00	7.494149062852096437e-04
6.310000000000000000e+12	1.500000000000000000e+00	9.426771635110389649e-04
7.940000000000000000e+12	1.500000000000000000e+00	1.190981353108809147e-03
1.000000000000000000e+13	1.500000000000000000e+00	1.513931897139487309e-03
1.260000000000000000e+13	1.500000000000000000e+00	1.924744022030219813e-03
1.580000000000000000e+13	1.500000000000000000e+00	2.436773264554522103e-03
2.000000000000000000e+13	1.500000000000000000e+00	3.103841608288002846e-03
2.510000000000000000e+13	1.500000000000000000e+00	3.884541294177751205e-03
3.160000000000000000e+13	1.500000000000000000e+00	4.761544200867651871e-03
3.980000000000000000e+13	1.500000000000000000e+00	5.647797314955356474e-03
5.010000000000000000e+13	1.500000000000000000e+00	6.468343917318686818e-03
6.310000000000000000e+13	1.500000000000000000e+00	7.248274399601701418e-03
7.940000000000000000e+13	1.500000000000000000e+00	8.120786014620318474e-03
1.000000000000000000e+14	1.500000000000000000e+00	9.329442720797815822e-03
1.260000000000000000e+14	1.500000000000000000e+00	1.116248559688305317e-02
1.580000000000000000e+14	1.500000000000000000e+00	1.385713966372521984e-02
2.000000000000000000e+14	1.500000000000000000e+00	1.793610289189567081e-02
2.510000000000000000e+14	1.500000000000000000e+00	2.308255534269432890e-02
3.160000000000000000e+14	1.500000000000000000e+00	2.884947694353783010e-02
3.980000000000000000e+14	1.500000000000000000e+00	3.416334385185239991e-02
5.010000000000000000e+14	1.500000000000000000e+00	3.784759329587698146e-02
6.310000000000000000e+14	1.500000000000000000e+00	3.887488569219461204e-02
7.940000000000000000e+14	1.500000000000000000e+00	3.672828083119353271e-02
1.000000000000000000e+15	1.500000000000000000e+00	3.179179701400116492e-02
1.260000000000000000e+15	1.500000000000000000e+00	2.502266560075338403e-02
1.580000000000000000e+15	1.500000000000000000e+00	1.713538281901355945e-02
2.000000000000000000e+15	1.500000000000000000e+00	8.577211959998685964e-03
2.510000000000000000e+15	1.500000000000000000e+00	4.902286990021221310e-04
3.160000000000000000e+15	1.500000000000000000e+00	-6.844635120606089307e-03
3.980000000000000000e+15	1.500000000000000000e+00	-1.299933166506833486e-02
5.010000000000000000e+15	1.500000000000000000e+00	-1.780520602375423866e-02
6.310000000000000000e+15	1.500000000000000000e+00	-2.129010557313011295e-02
7.940000000000000000e+15	1.500000000000000000e+00	-2.354283890315692074e-02
1.000000000000000000e+16	1.500000000000000000e+00	-2.473838646395001839e-02
1.260000000000000000e+16	1.500000000000000000e+00	-2.504694318356799274e-02
1.580000000000000000e+16	1.500000000000000000e+00	-2.468569370851711117e-02
2.000000000000000000e+16	1.500000000000000000e+00	-2.374779733450144842e-02
2.510000000000000000e+16	1.500000000000000000e+00	-2.249840424883092077e-02
3.160000000000000000e+16	1.500000000000000000e+00	-2.098489084763822954e-02
3.980000000000000000e+16	1.500000000000000000e+00	-1.932959445297745271e-02
5.010000000000000000e+16	1.500000000000000000e+00	-1.762227487108574547e-02
6.310000000000000000e+16	1.500000000000000000e+00	-1.591647314733216426e-02
7.940000000000000000e+16	1.500000000000000000e+00	-1.427049783459007765e-02
1.000000000000000000e+17	1.500000000000000000e+00	-1.269912443711899812e-02
1.000000000000000000e+11	2.500000000000000000e+00	1.652011618166788099e-05
1.258925411794166107e+11	2.500000000000000000e+00	2.081580089111842853e-05
1.584893192461110840e+11	2.500000000000000000e+00	2.624528016148992769e-05
1.995262314968882751e+11	2.500000000000000000e+00	3.312300148075434953e-05
2.511886431509582214e+11	2.500000000000000000e+00	4.187268175551932920e-05
3.162277660168379517e+11	2.500000000000000000e+00	5.306700955868966739e-05
3.981071705534969482e+11	2.500000000000000000e+00	6.754005941278338901e-05
5.011872336272714844e+11	2.500000000000000000e+00	8.648013251996825067e-05
6.309573444801943359e+11	2.500000000000000000e+00	1.114310154664960149e-04
7.943282347242821045e+11	2.500000000000000000e+00	1.409495146640670014e-04
1.000000000000000000e+12	2.500000000000000000e+00	1.644728813563280144e-04
1.260000000000000000e+12	2.500000000000000000e+00	1.882102477787800940e-04
1.580000000000000000e+12	2.500000000000000000e+00	2.256554642270343976e-04
2.000000000000000000e+12	2.500000000000000000e+00	2.774855002928644314e-04
2.510000000000000000e+12	2.500000000000000000e+00	3.422069535351589362e-04
3.160000000000000000e+12	2.500000000000000000e+00	4.260842632819012397e-04
3.980000000000000000e+12	2.500000000000000000e+00	5.330127622798785676e-04
5.010000000000000000e+12	2.500000000000000000e+00	6.682947503186078587e-04
6.310000000000000000e+12	2.500000000000000000e+00	8.412047874020115584e-04
7.940000000000000000e+12	2.500000000000000000e+00	1.062951940076140543e-03
1.000000000000000000e+13	2.500000000000000000e+00	1.349762339320069882e-03
1.260000000000000000e+13	2.500000000000000000e+00	1.716028606882759626e-03
1.580000000000000000e+13	2.500000000000000000e+00	2.167815689711818494e-03
2.000000000000000000e+13	2.500000000000000000e+00	2.760191916321798333e-03
2.510000000000000000e+13	2.500000000000000000e+00	3.457171353353159435e-03
3.160000000000000000e+13	2.500000000000000000e+00	4.254097160387147226e-03
3.980000000000000000e+13	2.500000000000000000e+00	5.084811777511005076e-03
5.010000000000000000e+13	2.500000000000000000e+00	5.910735144835141570e-03
6.310000000000000000e+13	2.500000000000000000e+00	6.778072290838990481e-03
7.940000000000000000e+13	2.500000000000000000e+00	7.772441472101206811e-03
1.000000000000000000e+14	2.500000000000000000e+00	9.088954829381545863e-03
1.260000000000000000e+14	2.500000000000000000e+00	1.103905853748283171e-02
1.580000000000000000e+14	2.500000000000000000e+00	1.387598070247856100e-02
2.000000000000000000e+14	2.500000000000000000e+00	1.806714851640205469e-02
2.510000000000000000e+14	2.500000000000000000e+00	2.323899266824617366e-02
3.160000000000000000e+14	2.500000000000000000e+00	2.897390248513868199e-02
3.980000000000000000e+14	2.500000000000000000e+00	3.437438312402400081e-02
5.010000000000000000e+14	2.500000000000000000e+00	3.806179732254178633e-02
6.310000000000000000e+14	2.500000000000000000e+00	3.897461786446135973e-02
7.940000000000000000e+14	2.500000000000000000e+00	3.699049952688251292e-02
1.000000000000000000e+15	2.500000000000000000e+00	3.223880040193212448e-02
1.260000000000000000e+15	2.500000000000000000e+00	2.519039213535147551e-02
1.580000000000000000e+15	2.500000000000000000e+00	1.703914606110225674e-02
2.000000000000000000e+15	2.500000000000000000e+00	8.622101371324044500e-03
2.510000000000000000e+15	2.500000000000000000e+00	5.758648523054674551e-04
3.160000000000000000e+15	2.500000000000000000e+00	-6.724289726208698692e-03
3.980000000000000000e+15	2.500000000000000000e+00	-1.285051076689579068e-02
5.010000000000000000e+15	2.500000000000000000e+00	-1.763471199502652728e-02
6.310000000000000000e+15	2.500000000000000000e+00	-2.110491673945334018e-02
7.940000000000000000e+15	2.500000000000000000e+00	-2.334999441749474949e-02
1.000000000000000000e+16	2.500000000000000000e+00	-2.454295627206290464e-02
1.260000000000000000e+16	2.500000000000000000e+00	-2.485423031675418337e-02
1.580000000000000000e+16	2.500000000000000000e+00	-2.449928782937840430e-02
2.000000000000000000e+16	2.500000000000000000e+00	-2.357104053971056587e-02
2.510000000000000000e+16	2.500000000000000000e+00	-2.233274360941181480e-02
3.160000000000000000e+16	2.500000000000000000e+00	-2.083166888831339963e-02
3.980000000000000000e+16	2.500000000000000000e+00	-1.918941180438594324e-02
5.010000000000000000e+16	2.500000000000000000e+00	-1.749529761790159094e-02
6.310000000000000000e+16	2.500000000000000000e+00	-1.580160486707753512e-02
7.940000000000000000e+16	2.500000000000000000e+00	-1.416843912309381434e-02
1.000000000000000000e+17	2.500000000000000000e+00	-1.260854903608028300e-02
1.000000000000000000e+11	4.000000000000000000e+00	1.435545374796703471e-05
1.258925411794166107e+11	4.000000000000000000e+00	1.808830868005507857e-05
1.584893192461110840e+11	4.000000000000000000e+00	2.280563872244158145e-05
1.995262314968882751e+11	4.000000000000000000e+00	2.878037483194573732e-05
2.511886431509582214e+11	4.000000000000000000e+00	3.637881098391300270e-05
3.162277660168379517e+11	4.000000000000000000e+00	4.610176460560652884e-05
3.981071705534969482e+11	4.000000000000000000e+00	5.865842352093494948e-05
5.011872336272714844e+11	4.000000000000000000e+00	7.503743927499914059e-05
6.309573444801943359e+11	4.000000000000000000e+00	9.633135467873487809e-05
7.943282347242821045e+11	4.000000000000000000e+00	1.184290164736796801e-04
1.000000000000000000e+12	4.000000000000000000e+00	1.387057003138611900e-04
1.260000000000000000e+12	4.000000000000000000e+00	1.645499836458257342e-04
1.580000000000000000e+12	4.000000000000000000e+00	1.998900036339186178e-04
2.000000000000000000e+12	4.000000000000000000e+00	2.482988992234101298e-04
2.510000000000000000e+12	4.000000000000000000e+00	3.080126560595974135e-04
3.160000000000000000e+12	4.000000000000000000e+00	3.847765822008444771e-04
3.980000000000000000e+12	4.000000000000000000e+00	4.823355720783415899e-04
5.010000000000000000e+12	4.000000000000000000e+00	6.057623606796594569e-04
6.310000000000000000e+12	4.000000000000000000e+00	7.629130464086239516e-04
7.940000000000000000e+12	4.000000000000000000e+00	9.634651161530261541e-04
1.000000000000000000e+13	4.000000000000000000e+00	1.222300202190068239e-03
1.260000000000000000e+13	4.000000000000000000e+00	1.552931400529866234e-03
1.580000000000000000e+13	4.000000000000000000e+00	1.959995934785819897e-03
2.000000000000000000e+13	4.000000000000000000e+00	2.492034480905241586e-03
2.510000000000000000e+13	4.000000000000000000e+00	3.121597442204417875e-03
3.160000000000000000e+13	4.000000000000000000e+00	3.853784242270539857e-03
3.980000000000000000e+13	4.000000000000000000e+00	4.649887857770185727e-03
5.010000000000000000e+13	4.000000000000000000e+00	5.465573068759741436e-03
6.310000000000000000e+13	4.000000000000000000e+00	6.348518211613293771e-03
7.940000000000000000e+13	4.000000000000000000e+00	7.433321147556147535e-03
1.000000000000000000e+14	4.000000000000000000e+00	8.899805938513933451e-03
1.260000000000000000e+14	4.000000000000000000e+00	1.097975210357950669e-02
1.580000000000000000e+14	4.000000000000000000e+00	1.389639859699509997e-02
2.000000000000000000e+14	4.000000000000000000e+00	1.815259201669575106e-02
2.510000000000000000e+14	4.000000000000000000e+00	2.340561348937926847e-02
3.160000000000000000e+14	4.000000000000000000e+00	2.928724236395247732e-02
3.980000000000000000e+14	4.000000000000000000e+00	3.464947569603010064e-02
5.010000000000000000e+14	4.000000000000000000e+00	3.822334278112587969e-02
6.310000000000000000e+14	4.000000000000000000e+00	3.925154380144555560e-02
7.940000000000000000e+14	4.000000000000000000e+00	3.720598206093959220e-02
1.000000000000000000e+15	4.000000000000000000e+00	3.239045084529293406e-02
1.260000000000000000e+15	4.000000000000000000e+00	2.555715990545181018e-02
1.580000000000000000e+15	4.000000000000000000e+00	1.753037232012220545e-02
2.000000000000000000e+15	4.000000000000000000e+00	9.012142949446799722e-03
2.510000000000000000e+15	4.000000000000000000e+00	8.170897916595783964e-04
3.160000000000000000e+15	4.000000000000000000e+00	-6.547757447803798786e-03
3.980000000000000000e+15	4.000000000000000000e+00	-1.271610227104822202e-02
5.010000000000000000e+15	4.000000000000000000e+00	-1.753047559910432887e-02
6.310000000000000000e+15	4.000000000000000000e+00	-2.102333211999844048e-02
7.940000000000000000e+15	4.000000000000000000e+00	-2.328532618375344157e-02
1.000000000000000000e+16	4.000000000000000000e+00	-2.449218779186484313e-02
1.260000000000000000e+16	4.000000000000000000e+00	-2.481407173225102375e-02
1.580000000000000000e+16	4.000000000000000000e+00	-2.446733191984020589e-02
2.000000000000000000e+16	4.000000000000000000e+00	-2.354582529817322856e-02
2.510000000000000000e+16	4.000000000000000000e+00	-2.231263403654586835e-02
3.160000000000000000e+16	4.000000000000000000e+00	-2.081573394886110373e-02
3.980000000000000000e+16	4.000000000000000000e+00	-1.917675907685499267e-02
5.010000000000000000e+16	4.000000000000000000e+00	-1.748526137583317902e-02
6.310000000000000000e+16	4.000000000000000000e+00	-1.579420109047120074e-02
7.940000000000000000e+16	4.000000000000000000e+00	-1.416209877659388959e-02
1.000000000000000000e+17	4.000000000000000000e+00	-1.260353343835596968e-02
1.000000000000000000e+11	6.000000000000000000e+00	1.251081845822063977e-05
1.258925411794166107e+11	6.000000000000000000e+00	1.576381956759603093e-05
1.584893192461110840e+11	6.000000000000000000e+00	1.987469179228752399e-05
1.995262314968882751e+11	6.000000000000000000e+00	2.508142605818483909e-05
2.511886431509582214e+11	6.000000000000000000e+00	3.170274980108324413e-05
3.162277660168379517e+11	6.000000000000000000e+00	4.017607486689276497e-05
3.981071705534969482e+11	6.000000000000000000e+00	5.111284759315101473e-05
5.011872336272714844e+11	6.000000000000000000e+00	6.534003592653469085e-05
6.309573444801943359e+11	6.000000000000000000e+00	8.359493548389613029e-05
7.943282347242821045e+11	6.000000000000000000e+00	9.975550563719920753e-05
1.000000000000000000e+12	6.000000000000000000e+00	1.169822661828169845e-04
1.260000000000000000e+12	6.000000000000000000e+00	1.439714288804756022e-04
1.580000000000000000e+12	6.000000000000000000e+00	1.776691375259878403e-04
2.000000000000000000e+12	6.000000000000000000e+00	2.225580979364115636e-04
2.510000000000000000e+12	6.000000000000000000e+00	2.769841612043858078e-04
3.160000000000000000e+12	6.000000000000000000e+00	3.470140880728732487e-04
3.980000000000000000e+12	6.000000000000000000e+00	4.357249114384214987e-04
5.010000000000000000e+12	6.000000000000000000e+00	5.476577354435986037e-04
6.310000000000000000e+12	6.000000000000000000e+00	6.896851839172045938e-04
7.940000000000000000e+12	6.000000000000000000e+00	8.704173719790485406e-04
1.000000000000000000e+13	6.000000000000000000e+00	1.102701522715567430e-03
1.260000000000000000e+13	6.000000000000000000e+00	1.397591067480272349e-03
1.580000000000000000e+13	6.000000000000000000e+00	1.761052789883849013e-03
2.000000000000000000e+13	6.000000000000000000e+00	2.238805081723147742e-03
2.510000000000000000e+13	6.000000000000000000e+00	2.807752018803557834e-03
3.160000000000000000e+13	6.000000000000000000e+00	3.482312504757159241e-03
3.980000000000000000e+13	6.000000000000000000e+00	4.232794918179628475e-03
5.010000000000000000e+13	6.000000000000000000e+00	5.071673088241074670e-03
6.310000000000000000e+13	6.000000000000000000e+00	6.034797392656248392e-03
7.940000000000000000e+13	6.000000000000000000e+00	7.198465153582676336e-03
1.000000000000000000e+14	6.000000000000000000e+00	8.745617217266183144e-03
1.260000000000000000e+14	6.000000000000000000e+00	1.091718202898176587e-02
1.580000000000000000e+14	6.000000000000000000e+00	1.394284416293437544e-02
2.000000000000000000e+14	6.000000000000000000e+00	1.828974522211121098e-02
2.510000000000000000e+14	6.000000000000000000e+00	2.359436324862894743e-02
3.160000000000000000e+14	6.000000000000000000e+00	2.944434349428891318e-02
3.980000000000000000e+14	6.000000000000000000e+00	3.484867940699482025e-02
5.010000000000000000e+14	6.000000000000000000e+00	3.843815902781282101e-02
6.310000000000000000e+14	6.000000000000000000e+00	3.934851803775839263e-02
7.940000000000000000e+14	6.000000000000000000e+00	3.730082903090292668e-02
1.000000000000000000e+15	6.000000000000000000e+00	3.232260731143515864e-02
1.260000000000000000e+15	6.000000000000000000e+00	2.528099251713925716e-02
1.580000000000000000e+15	6.000000000000000000e+00	1.712137823182729307e-02
2.000000000000000000e+15	6.000000000000000000e+00	8.611871698512825815e-03
2.510000000000000000e+15	6.000000000000000000e+00	6.763064312206528263e-04
3.160000000000000000e+15	6.000000000000000000e+00	-6.564176242079622532e-03
3.980000000000000000e+15	6.000000000000000000e+00	-1.264283038888529623e-02
5.010000000000000000e+15	6.000000000000000000e+00	-1.739118038617415776e-02
6.310000000000000000e+15	6.000000000000000000e+00	-2.083676418769373970e-02
7.940000000000000000e+15	6.000000000000000000e+00	-2.306724742849399629e-02
1.000000000000000000e+16	6.000000000000000000e+00	-2.425583043395364638e-02
1.260000000000000000e+16	6.000000000000000000e+00	-2.456992908959390251e-02
1.580000000000000000e+16	6.000000000000000000e+00	-2.422347716981809382e-02
2.000000000000000000e+16	6.000000000000000000e+00	-2.330891536760990035e-02
2.510000000000000000e+16	6.000000000000000000e+00	-2.208660515187186105e-02
3.160000000000000000e+16	6.000000000000000000e+00	-2.060373179114592668e-02
3.980000000000000000e+16	6.000000000000000000e+00	-1.898064096040934581e-02
5.010000000000000000e+16	6.000000000000000000e+00	-1.730583420749723378e-02
6.310000000000000000e+16	6.000000000000000000e+00	-1.563169896221683342e-02
7.940000000000000000e+16	6.000000000000000000e+00	-1.401606700827597030e-02
1.000000000000000000e+17	6.000000000000000000e+00	-1.247333034656055752e-02
1.000000000000000000e+11	8.000000000000000000e+00	1.156511197934666345e-05
1.258925411794166107e+11	8.000000000000000000e+00	1.457182633802337600e-05
1.584893192461110840e+11	8.000000000000000000e+00	1.837145174902582220e-05
1.995262314968882751e+11	8.000000000000000000e+00	2.318302666154464710e-05
2.511886431509582214e+11	8.000000000000000000e+00	2.930150804835851276e-05
3.162277660168379517e+11	8.000000000000000000e+00	3.712944375115718792e-05
3.981071705534969482e+11	8.000000000000000000e+00	4.722570624543305544e-05
5.011872336272714844e+11	8.000000000000000000e+00	6.033745032440723501e-05
6.309573444801943359e+11	8.000000000000000000e+00	7.696292917276738646e-05
7.943282347242821045e+11	8.000000000000000000e+00	8.980091090833580833e-05
1.000000000000000000e+12	8.000000000000000000e+00	1.056462284281168196e-04
1.260000000000000000e+12	8.000000000000000000e+00	1.338495847951832107e-04
1.580000000000000000e+12	8.000000000000000000e+00	1.667027205630520874e-04
2.000000000000000000e+12	8.000000000000000000e+00	2.098239887457351753e-04
2.510000000000000000e+12	8.000000000000000000e+00	2.623923279691585224e-04
3.160000000000000000e+12	8.000000000000000000e+00	3.295057986215225478e-04
3.980000000000000000e+12	8.000000000000000000e+00	4.142689321248448921e-04
5.010000000000000000e+12	8.000000000000000000e+00	5.207718346018395212e-04
6.310000000000000000e+12	8.000000000000000000e+00	6.561682362506287029e-04
7.940000000000000000e+12	8.000000000000000000e+00	8.277809121111384281e-04
1.000000000000000000e+13	8.000000000000000000e+00	1.047515570322160756e-03
1.260000000000000000e+13	8.000000000000000000e+00	1.327046236671519750e-03
1.580000000000000000e+13	8.000000000000000000e+00	1.671394316522908019e-03
2.000000000000000000e+13	8.000000000000000000e+00	2.122201467952465181e-03
2.510000000000000000e+13	8.000000000000000000e+00	2.659625662987939818e-03
3.160000000000000000e+13	8.000000000000000000e+00	3.304180846699080951e-03
3.980000000000000000e+13	8.000000000000000000e+00	4.040418951116322467e-03
5.010000000000000000e+13	8.000000000000000000e+00	4.873283916239963195e-03
6.310000000000000000e+13	8.000000000000000000e+00	5.865081977111737295e-03
7.940000000000000000e+13	8.000000000000000000e+00	7.082135734307771525e-03
1.000000000000000000e+14	8.000000000000000000e+00	8.706330164224720600e-03
1.260000000000000000e+14	8.000000000000000000e+00	1.096130369525172288e-02
1.580000000000000000e+14	8.000000000000000000e+00	1.402485486162610186e-02
2.000000000000000000e+14	8.000000000000000000e+00	1.839416678064235283e-02
2.510000000000000000e+14	8.000000000000000000e+00	2.381907217683249325e-02
3.160000000000000000e+14	8.000000000000000000e+00	2.983392605532307965e-02
3.980000000000000000e+14	8.000000000000000000e+00	3.507084684141278247e-02
5.010000000000000000e+14	8.000000000000000000e+00	3.874579190790982536e-02
6.310000000000000000e+14	8.000000000000000000e+00	3.981781446246274864e-02
7.940000000000000000e+14	8.000000000000000000e+00	3.763452396802274835e-02
1.000000000000000000e+15	8.000000000000000000e+00	3.290377368741661396e-02
1.260000000000000000e+15	8.000000000000000000e+00	2.668393183021007531e-02
1.580000000000000000e+15	8.000000000000000000e+00	1.920666403259810653e-02
2.000000000000000000e+15	8.000000000000000000e+00	1.018589039090736503e-02
2.510000000000000000e+15	8.000000000000000000e+00	1.452767551399215557e-03
3.160000000000000000e+15	8.000000000000000000e+00	-6.190983689372119882e-03
3.980000000000000000e+15	8.000000000000000000e+00	-1.255606112260657797e-02
5.010000000000000000e+15	8.000000000000000000e+00	-1.751498706709506484e-02
6.310000000000000000e+15	8.000000000000000000e+00	-2.111414284665429769e-02
7.940000000000000000e+15	8.000000000000000000e+00	-2.345160483508116830e-02
1.000000000000000000e+16	8.000000000000000000e+00	-2.470873330171670379e-02
1.260000000000000000e+16	8.000000000000000000e+00	-2.506160260475183074e-02
1.580000000000000000e+16	8.000000000000000000e+00	-2.473031426702461746e-02
2.000000000000000000e+16	8.000000000000000000e+00	-2.381267475279906162e-02
2.510000000000000000e+16	8.000000000000000000e+00	-2.257499163423500391e-02
3.160000000000000000e+16	8.000000000000000000e+00	-2.106722713621131046e-02
3.980000000000000000e+16	8.000000000000000000e+00	-1.941365195854664188e-02
5.010000000000000000e+16	8.000000000000000000e+00	-1.770491747866942758e-02
6.310000000000000000e+16	8.000000000000000000e+00	-1.599538849790371406e-02
7.940000000000000000e+16	8.000000000000000000e+00	-1.434447901269080873e-02
1.000000000000000000e+17	8.000000000000000000e+00	-1.276734793051224892e-02
1.000000000000000000e+11	1.000000000000000000e+01	1.078240064373442520e-05
1.258925411794166107e+11	1.000000000000000000e+01	1.358586844499479711e-05
1.584893192461110840e+11	1.000000000000000000e+01	1.712842247551327199e-05
1.995262314968882751e+11	1.000000000000000000e+01	2.161543519928031885e-05
2.511886431509582214e+11	1.000000000000000000e+01	2.732156518106355889e-05
3.162277660168379517e+11	1.000000000000000000e+01	3.462328660704977630e-05
3.981071705534969482e+11	1.000000000000000000e+01	4.404123491903451615e-05
5.011872336272714844e+11	1.000000000000000000e+01	5.626899216563921484e-05
6.309573444801943359e+11	1.000000000000000000e+01	7.164909582026286175e-05
7.943282347242821045e+11	1.000000000000000000e+01	8.218998719978107769e-05
1.000000000000000000e+12	1.000000000000000000e+01	9.675410377254612759e-05
1.260000000000000000e+12	1.000000000000000000e+01	1.248567272900623338e-04
1.580000000000000000e+12	1.000000000000000000e+01	1.565781187496156001e-04
2.000000000000000000e+12	1.000000000000000000e+01	1.979299748917346768e-04
2.510000000000000000e+12	1.000000000000000000e+01	2.479994560535195964e-04
3.160000000000000000e+12	1.000000000000000000e+01	3.117302141014510037e-04
3.980000000000000000e+12	1.000000000000000000e+01	3.921044357264716123e-04
5.010000000000000000e+12	1.000000000000000000e+01	4.932457450354780929e-04
6.310000000000000000e+12	1.000000000000000000e+01	6.213048009854863114e-04
7.940000000000000000e+12	1.000000000000000000e+01	7.831096220817611439e-04
1.000000000000000000e+13	1.000000000000000000e+01	9.900058688114585052e-04
1.260000000000000000e+13	1.000000000000000000e+01	1.253672217790146757e-03
1.580000000000000000e+13	1.000000000000000000e+01	1.577890784770265894e-03
2.000000000000000000e+13	1.000000000000000000e+01	2.001923343181122045e-03
2.510000000000000000e+13	1.000000000000000000e+01	2.506089882867292701e-03
3.160000000000000000e+13	1.000000000000000000e+01	3.126467378125388167e-03
3.980000000000000000e+13	1.000000000000000000e+01	3.865897238462357149e-03
5.010000000000000000e+13	1.000000000000000000e+01	4.707644888976081528e-03
6.310000000000000000e+13	1.000000000000000000e+01	5.691536342654022855e-03
7.940000000000000000e+13	1.000000000000000000e+01	6.933189259679082249e-03
1.000000000000000000e+14	1.000000000000000000e+01	8.585297709273595132e-03
1.260000000000000000e+14	1.000000000000000000e+01	1.085705865652066351e-02
1.580000000000000000e+14	1.000000000000000000e+01	1.395547788058787431e-02
2.000000000000000000e+14	1.000000000000000000e+01	1.837483598996911965e-02
2.510000000000000000e+14	1.000000000000000000e+01	2.370322617228372633e-02
3.160000000000000000e+14	1.000000000000000000e+01	2.953863403862289072e-02
3.980000000000000000e+14	1.000000000000000000e+01	3.497087812797322615e-02
5.010000000000000000e+14	1.000000000000000000e+01	3.865818707283076583e-02
6.310000000000000000e+14	1.000000000000000000e+01	3.954074148692895974e-02
7.940000000000000000e+14	1.000000000000000000e+01	3.767062482508953120e-02
1.000000000000000000e+15	1.000000000000000000e+01	3.263215422558474882e-02
1.260000000000000000e+15	1.000000000000000000e+01	2.432886770032281071e-02
1.580000000000000000e+15	1.000000000000000000e+01	1.615094881689158393e-02
2.000000000000000000e+15	1.000000000000000000e+01	8.589397810920100518e-03
2.510000000000000000e+15	1.000000000000000000e+01	6.236498210950439450e-04
3.160000000000000000e+15	1.000000000000000000e+01	-6.534544623744866290e-03
3.980000000000000000e+15	1.000000000000000000e+01	-1.254055764816681094e-02
5.010000000000000000e+15	1.000000000000000000e+01	-1.723174404422797915e-02
6.310000000000000000e+15	1.000000000000000000e+01	-2.063544220262652704e-02
7.940000000000000000e+15	1.000000000000000000e+01	-2.283826848148218583e-02
1.000000000000000000e+16	1.000000000000000000e+01	-2.401087646297229983e-02
1.260000000000000000e+16	1.000000000000000000e+01	-2.431910502456694628e-02
1.580000000000000000e+16	1.000000000000000000e+01	-2.397435292133390933e-02
2.000000000000000000e+16	1.000000000000000000e+01	-2.306786501375668666e-02
2.510000000000000000e+16	1.000000000000000000e+01	-2.185728442112544120e-02
3.160000000000000000e+16	1.000000000000000000e+01	-2.038913864012343105e-02
3.980000000000000000e+16	1.000000000000000000e+01	-1.878247082966712223e-02
5.010000000000000000e+16	1.000000000000000000e+01	-1.712477744880867847e-02
6.310000000000000000e+16	1.000000000000000000e+01	-1.546789640708920270e-02
7.940000000000000000e+16	1.000000000000000000e+01	-1.386900339347606897e-02
1.000000000000000000e+17	1.000000000000000000e+01	-1.234229331977703022e-02
1.000000000000000000e+11	1.200000000000000000e+01	1.044927170122352416e-05
1.258925411794166107e+11	1.200000000000000000e+01	1.316607641687413465e-05
1.584893192461110840e+11	1.200000000000000000e+01	1.659907844172675180e-05
1.995262314968882751e+11	1.200000000000000000e+01	2.094735429004238676e-05
2.511886431509582214e+11	1.200000000000000000e+01	2.647704660410422995e-05
3.162277660168379517e+11	1.200000000000000000e+01	3.355291843417381961e-05
3.981071705534969482e+11	1.200000000000000000e+01	4.267807085961356693e-05
5.011872336272714844e+11	1.200000000000000000e+01	5.449751315133026953e-05
6.309573444801943359e+11	1.200000000000000000e+01	6.934693132944179936e-05
7.943282347242821045e+11	1.200000000000000000e+01	7.880952429233773187e-05
1.000000000000000000e+12	1.200000000000000000e+01	9.288328656700842948e-05
1.260000000000000000e+12	1.200000000000000000e+01	1.211971674726688015e-04
1.580000000000000000e+12	1.200000000000000000e+01	1.524503905952025770e-04
2.000000000000000000e+12	1.200000000000000000e+01	1.931159858389528675e-04
2.510000000000000000e+12	1.200000000000000000e+01	2.423091169591354245e-04
3.160000000000000000e+12	1.200000000000000000e+01	3.048680384894677663e-04
3.980000000000000000e+12	1.200000000000000000e+01	3.837487814656148199e-04
5.010000000000000000e+12	1.200000000000000000e+01	4.829607254071705273e-04
6.310000000000000000e+12	1.200000000000000000e+01	6.085404152946861977e-04
7.940000000000000000e+12	1.200000000000000000e+01	7.672372448772292117e-04
1.000000000000000000e+13	1.200000000000000000e+01	9.694234698396337431e-04
1.260000000000000000e+13	1.200000000000000000e+01	1.225209945267992460e-03
1.580000000000000000e+13	1.200000000000000000e+01	1.541009068254449920e-03
2.000000000000000000e+13	1.200000000000000000e+01	1.955208770267276557e-03
2.510000000000000000e+13	1.200000000000000000e+01	2.452155531872835838e-03
3.160000000000000000e+13	1.200000000000000000e+01	3.057794180231369289e-03
3.980000000000000000e+13	1.200000000000000000e+01	3.767442522498322139e-03
5.010000000000000000e+13	1.200000000000000000e+01	4.608293744284619464e-03
6.310000000000000000e+13	1.200000000000000000e+01	5.642016211589172096e-03
7.940000000000000000e+13	1.200000000000000000e+01	6.937713839272724968e-03
1.000000000000000000e+14	1.200000000000000000e+01	8.628838419996166104e-03
1.260000000000000000e+14	1.200000000000000000e+01	1.094460069633102633e-02
1.580000000000000000e+14	1.200000000000000000e+01	1.408083145180203180e-02
2.000000000000000000e+14	1.200000000000000000e+01	1.849382475147070756e-02
2.510000000000000000e+14	1.200000000000000000e+01	2.387787772356397137e-02
3.160000000000000000e+14	1.200000000000000000e+01	2.991062735464929470e-02
3.980000000000000000e+14	1.200000000000000000e+01	3.541232281373316720e-02
5.010000000000000000e+14	1.200000000000000000e+01	3.900157889150110413e-02
6.310000000000000000e+14	1.200000000000000000e+01	4.008707583727761509e-02
7.940000000000000000e+14	1.200000000000000000e+01	3.768737224299179012e-02
1.000000000000000000e+15	1.200000000000000000e+01	3.365395368410253885e-02
1.260000000000000000e+15	1.200000000000000000e+01	2.772749174733175545e-02
1.580000000000000000e+15	1.200000000000000000e+01	1.888161562411640876e-02
2.000000000000000000e+15	1.200000000000000000e+01	9.938924050113425585e-03
2.510000000000000000e+15	1.200000000000000000e+01	1.379839705619730073e-03
3.160000000000000000e+15	1.200000000000000000e+01	-6.226394684511711748e-03
3.980000000000000000e+15	1.200000000000000000e+01	-1.257627247341641663e-02
5.010000000000000000e+15	1.200000000000000000e+01	-1.752791243920539394e-02
6.310000000000000000e+15	1.200000000000000000e+01	-2.112284531294943146e-02
7.940000000000000000e+15	1.200000000000000000e+01	-2.345784221951640464e-02
1.000000000000000000e+16	1.200000000000000000e+01	-2.471335315915414166e-02
1.260000000000000000e+16	1.200000000000000000e+01	-2.506504186547462570e-02
1.580000000000000000e+16	1.200000000000000000e+01	-2.473304038632078913e-02
2.000000000000000000e+16	1.200000000000000000e+01	-2.381477478362252140e-02
2.510000000000000000e+16	1.200000000000000000e+01	-2.257664659747268127e-02
3.160000000000000000e+16	1.200000000000000000e+01	-2.106870027226164996e-02
3.980000000000000000e+16	1.200000000000000000e+01	-1.941466476074741807e-02
5.010000000000000000e+16	1.200000000000000000e+01	-1.770574502880363152e-02
6.310000000000000000e+16	1.200000000000000000e+01	-1.599600496666708782e-02
7.940000000000000000e+16	1.200000000000000000e+01	-1.434499225838061637e-02
1.000000000000000000e+17	1.200000000000000000e+01	-1.276773118600118238e-02
1.000000000000000000e+11	1.400000000000000000e+01	1.008511459211808635e-05
1.258925411794166107e+11	1.400000000000000000e+01	1.270736080991696326e-05
1.584893192461110840e+11	1.400000000000000000e+01	1.602094788942322570e-05
1.995262314968882751e+11	1.400000000000000000e+01	2.021829048397334031e-05
2.511886431509582214e+11	1.400000000000000000e+01	2.555661200013569271e-05
3.162277660168379517e+11	1.400000000000000000e+01	3.238873636986535482e-05
3.981071705534969482e+11	1.400000000000000000e+01	4.120071627121382789e-05
5.011872336272714844e+11	1.400000000000000000e+01	5.261041192416468601e-05
6.309573444801943359e+11	1.400000000000000000e+01	6.689874403821672124e-05
7.943282347242821045e+11	1.400000000000000000e+01	7.536784667143902553e-05
1.000000000000000000e+12	1.400000000000000000e+01	8.874443420068545954e-05
1.260000000000000000e+12	1.400000000000000000e+01	1.169674460045950793e-04
1.580000000000000000e+12	1.400000000000000000e+01	1.477681015944704111e-04
2.000000000000000000e+12	1.400000000000000000e+01	1.874666575021724827e-04
2.510000000000000000e+12	1.400000000000000000e+01	2.352578179094858002e-04
3.160000000000000000e+12	1.400000000000000000e+01	2.960120454281023176e-04
3.980000000000000000e+12	1.400000000000000000e+01	3.727426047198386739e-04
5.010000000000000000e+12	1.400000000000000000e+01	4.690693994609014951e-04
6.310000000000000000e+12	1.400000000000000000e+01	5.909167020095470969e-04
7.940000000000000000e+12	1.400000000000000000e+01	7.448766017919831095e-04
1.000000000000000000e+13	1.400000000000000000e+01	9.404240612730774664e-04
1.260000000000000000e+13	1.400000000000000000e+01	1.188378782384432114e-03
1.580000000000000000e+13	1.400000000000000000e+01	1.494718024024783379e-03
2.000000000000000000e+13	1.400000000000000000e+01	1.895631978387054151e-03
2.510000000000000000e+13	1.400000000000000000e+01	2.375239874970287973e-03
3.160000000000000000e+13	1.400000000000000000e+01	2.970019098364045599e-03
3.980000000000000000e+13	1.400000000000000000e+01	3.685985520312335013e-03
5.010000000000000000e+13	1.400000000000000000e+01	4.533735259173199937e-03
6.310000000000000000e+13	1.400000000000000000e+01	5.556246491947343900e-03
7.940000000000000000e+13	1.400000000000000000e+01	6.839853184245903162e-03
1.000000000000000000e+14	1.400000000000000000e+01	8.537937312558530056e-03
1.260000000000000000e+14	1.400000000000000000e+01	1.085944726129432075e-02
1.580000000000000000e+14	1.400000000000000000e+01	1.401115346838065039e-02
2.000000000000000000e+14	1.400000000000000000e+01	1.846886856151672140e-02
2.510000000000000000e+14	1.400000000000000000e+01	2.382259149896550493e-02
3.160000000000000000e+14	1.400000000000000000e+01	2.976481614204790072e-02
3.980000000000000000e+14	1.400000000000000000e+01	3.522158198037626115e-02
5.010000000000000000e+14	1.400000000000000000e+01	3.891404054938966267e-02
6.310000000000000000e+14	1.400000000000000000e+01	3.962198163069807766e-02
7.940000000000000000e+14	1.400000000000000000e+01	3.714113775810180818e-02
1.000000000000000000e+15	1.400000000000000000e+01	3.132592103873200334e-02
1.260000000000000000e+15	1.400000000000000000e+01	2.416691157209765670e-02
1.580000000000000000e+15	1.400000000000000000e+01	1.723571678767263013e-02
2.000000000000000000e+15	1.400000000000000000e+01	8.955682133658869962e-03
2.510000000000000000e+15	1.400000000000000000e+01	8.501380517409436264e-04
3.160000000000000000e+15	1.400000000000000000e+01	-6.377548575656582543e-03
3.980000000000000000e+15	1.400000000000000000e+01	-1.242494610484162591e-02
5.010000000000000000e+15	1.400000000000000000e+01	-1.714321846516609835e-02
6.310000000000000000e+15	1.400000000000000000e+01	-2.056754976445407737e-02
7.940000000000000000e+15	1.400000000000000000e+01	-2.278556184271260387e-02
1.000000000000000000e+16	1.400000000000000000e+01	-2.396917421465122322e-02
1.260000000000000000e+16	1.400000000000000000e+01	-2.428621550250391337e-02
1.580000000000000000e+16	1.400000000000000000e+01	-2.394822491700739422e-02
2.000000000000000000e+16	1.400000000000000000e+01	-2.304729157790866637e-02
2.510000000000000000e+16	1.400000000000000000e+01	-2.184091308406579598e-02
3.160000000000000000e+16	1.400000000000000000e+01	-2.037598926364659821e-02
3.980000000000000000e+16	1.400000000000000000e+01	-1.877216070790899138e-02
5.010000000000000000e+16	1.400000000000000000e+01	-1.711678925751716068e-02
6.310000000000000000e+16	1.400000000000000000e+01	-1.546144580406928586e-02
7.940000000000000000e+16	1.400000000000000000e+01	-1.386384109077762328e-02
1.000000000000000000e+17	1.400000000000000000e+01	-1.233819077821692207e-02
1.000000000000000000e+11	1.600000000000000000e+01	9.896048792681949358e-06
1.258925411794166107e+11	1.600000000000000000e+01	1.246916812563516743e-05
1.584893192461110840e+11	1.600000000000000000e+01	1.572089496397506892e-05
1.995262314968882751e+11	1.600000000000000000e+01	1.984006243093688819e-05
2.511886431509582214e+11	1.600000000000000000e+01	2.507950878230162003e-05
3.162277660168379517e+11	1.600000000000000000e+01	3.178446884098667648e-05
3.981071705534969482e+11	1.600000000000000000e+01	4.044147765166489900e-05
5.011872336272714844e+11	1.600000000000000000e+01	5.165544971403074375e-05
6.309573444801943359e+11	1.600000000000000000e+01	6.564557862798475892e-05
7.943282347242821045e+11	1.600000000000000000e+01	7.364589097700304985e-05
1.000000000000000000e+12	1.600000000000000000e+01	8.668231203297921557e-05
1.260000000000000000e+12	1.600000000000000000e+01	1.147089179366712951e-04
1.580000000000000000e+12	1.600000000000000000e+01	1.450068211221667755e-04
2.000000000000000000e+12	1.600000000000000000e+01	1.840641410019067158e-04
2.510000000000000000e+12	1.600000000000000000e+01	2.312954452761678125e-04
3.160000000000000000e+12	1.600000000000000000e+01	2.913709577245842059e-04
3.980000000000000000e+12	1.600000000000000000e+01	3.668649501490151336e-04
5.010000000000000000e+12	1.600000000000000000e+01	4.617953905157233074e-04
6.310000000000000000e+12	1.600000000000000000e+01	5.818150113557155880e-04
7.940000000000000000e+12	1.600000000000000000e+01	7.327481531538694408e-04
1.000000000000000000e+13	1.600000000000000000e+01	9.253369282308124364e-04
1.260000000000000000e+13	1.600000000000000000e+01	1.169869731342491372e-03
1.580000000000000000e+13	1.600000000000000000e+01	1.469259879395608086e-03
2.000000000000000000e+13	1.600000000000000000e+01	1.863028981925253210e-03
2.510000000000000000e+13	1.600000000000000000e+01	2.337360855224558838e-03
3.160000000000000000e+13	1.600000000000000000e+01	2.928167435187126535e-03
3.980000000000000000e+13	1.600000000000000000e+01	3.634121176437120262e-03
5.010000000000000000e+13	1.600000000000000000e+01	4.465286968971741120e-03
6.310000000000000000e+13	1.600000000000000000e+01	5.502717758103920637e-03
7.940000000000000000e+13	1.600000000000000000e+01	6.815170959206611444e-03
1.000000000000000000e+14	1.600000000000000000e+01	8.550349894234914039e-03
1.260000000000000000e+14	1.600000000000000000e+01	1.089979147134922423e-02
1.580000000000000000e+14	1.600000000000000000e+01	1.406955161946957591e-02
2.000000000000000000e+14	1.600000000000000000e+01	1.850831799986648804e-02
2.510000000000000000e+14	1.600000000000000000e+01	2.378352295610264983e-02
3.160000000000000000e+14	1.600000000000000000e+01	2.959902327136302788e-02
3.980000000000000000e+14	1.600000000000000000e+01	3.503408791932079158e-02
5.010000000000000000e+14	1.600000000000000000e+01	3.848788659106802679e-02
6.310000000000000000e+14	1.600000000000000000e+01	3.980097586128414355e-02
7.940000000000000000e+14	1.600000000000000000e+01	3.876708397367040204e-02
1.000000000000000000e+15	1.600000000000000000e+01	3.315658578026794284e-02
1.260000000000000000e+15	1.600000000000000000e+01	2.555148222110136674e-02
1.580000000000000000e+15	1.600000000000000000e+01	1.639277219135790165e-02
2.000000000000000000e+15	1.600000000000000000e+01	7.557417749426486447e-03
2.510000000000000000e+15	1.600000000000000000e+01	2.859122481099993793e-04
3.160000000000000000e+15	1.600000000000000000e+01	-6.732027174750720641e-03
3.980000000000000000e+15	1.600000000000000000e+01	-1.267357160373388560e-02
5.010000000000000000e+15	1.600000000000000000e+01	-1.732779167215757823e-02
6.310000000000000000e+15	1.600000000000000000e+01	-2.070742443669377347e-02
7.940000000000000000e+15	1.600000000000000000e+01	-2.289337030478048179e-02
1.000000000000000000e+16	1.600000000000000000e+01	-2.405376429632578167e-02
1.260000000000000000e+16	1.600000000000000000e+01	-2.435267412785837096e-02
1.580000000000000000e+16	1.600000000000000000e+01	-2.400091499335446285e-02
2.000000000000000000e+16	1.600000000000000000e+01	-2.308871897939560394e-02
2.510000000000000000e+16	1.600000000000000000e+01	-2.187384056337086241e-02
3.160000000000000000e+16	1.600000000000000000e+01	-2.040227455629010228e-02
3.980000000000000000e+16	1.600000000000000000e+01	-1.879286327793944222e-02
5.010000000000000000e+16	1.600000000000000000e+01	-1.713330414921537120e-02
6.310000000000000000e+16	1.600000000000000000e+01	-1.547447592733837765e-02
7.940000000000000000e+16	1.600000000000000000e+01	-1.387421459971250465e-02
1.000000000000000000e+17	1.600000000000000000e+01	-1.234644582525802267e-02
