1.000000000000000000e+11	5.000000000000000000e-01	2.044466644436309754e-05
1.258925411794166107e+11	5.000000000000000000e-01	2.576738771880921600e-05
1.584893192461110840e+11	5.000000000000000000e-01	3.249971669279402804e-05
1.995262314968882751e+11	5.000000000000000000e-01	4.103880314644135687e-05
2.511886431509582214e+11	5.000000000000000000e-01	5.192259016073943242e-05
3.162277660168379517e+11	5.000000000000000000e-01	6.590488128001788562e-05
3.981071705534969482e+11	5.000000000000000000e-01	8.409662686063745676e-05
5.011872336272714844e+11	5.000000000000000000e-01	1.082376757626350998e-04
6.309573444801943359e+11	5.000000000000000000e-01	1.412559480939953903e-04
7.943282347242821045e+11	5.000000000000000000e-01	1.906876944519745351e-04
1.000000000000000000e+12	5.000000000000000000e-01	2.186526753682012305e-04
1.260000000000000000e+12	5.000000000000000000e-01	2.254565308693812144e-04
1.580000000000000000e+12	5.000000000000000000e-01	2.574333266057126355e-04
2.000000000000000000e+12	5.000000000000000000e-01	3.071584056683254586e-04
2.510000000000000000e+12	5.000000000000000000e-01	3.714216820646904600e-04
3.160000000000000000e+12	5.000000000000000000e-01	4.556982021214832194e-04
3.980000000000000000e+12	5.000000000000000000e-01	5.636755775362381525e-04
5.010000000000000000e+12	5.000000000000000000e-01	7.004700483848573392e-04
6.310000000000000000e+12	5.000000000000000000e-01	8.750329620925001569e-04
7.940000000000000000e+12	5.000000000000000000e-01	1.097720574904360391e-03
1.000000000000000000e+13	5.000000000000000000e-01	1.383171849351351283e-03
1.260000000000000000e+13	5.000000000000000000e-01	1.742746760385122801e-03
1.580000000000000000e+13	5.000000000000000000e-01	2.182175180269590661e-03
2.000000000000000000e+13	5.000000000000000000e-01	2.762242178809657875e-03
2.510000000000000000e+13	5.000000000000000000e-01	3.458492544444216350e-03
3.160000000000000000e+13	5.000000000000000000e-01	4.294054181079720069e-03
3.980000000000000000e+13	5.000000000000000000e-01	5.228981685855011406e-03
5.010000000000000000e+13	5.000000000000000000e-01	6.206498181462436620e-03
6.310000000000000000e+13	5.000000000000000000e-01	7.231494518584261240e-03
7.940000000000000000e+13	5.000000000000000000e-01	8.375029091058548703e-03
1.000000000000000000e+14	5.000000000000000000e-01	9.801724131366019999e-03
1.260000000000000000e+14	5.000000000000000000e-01	1.176947195146447675e-02
1.580000000000000000e+14	5.000000000000000000e-01	1.452669488035847507e-02
2.000000000000000000e+14	5.000000000000000000e-01	1.857489701081730879e-02
2.510000000000000000e+14	5.000000000000000000e-01	2.361620072989632779e-02
3.160000000000000000e+14	5.000000000000000000e-01	2.928120795135460974e-02
3.980000000000000000e+14	5.000000000000000000e-01	3.448879810888434705e-02
5.010000000000000000e+14	5.000000000000000000e-01	3.799267875005270939e-02
6.310000000000000000e+14	5.000000000000000000e-01	3.886366966022881952e-02
7.940000000000000000e+14	5.000000000000000000e-01	3.677745565858215465e-02
1.000000000000000000e+15	5.000000000000000000e-01	3.178907802534543248e-02
1.260000000000000000e+15	5.000000000000000000e-01	2.469913141832030465e-02
1.580000000000000000e+15	5.000000000000000000e-01	1.675009399907586780e-02
2.000000000000000000e+15	5.000000000000000000e-01	8.391591944411474699e-03
2.510000000000000000e+15	5.000000000000000000e-01	3.634962211267763854e-04
3.160000000000000000e+15	5.000000000000000000e-01	-6.938082869167833122e-03
3.980000000000000000e+15	5.000000000000000000e-01	-1.307024135914863251e-02
5.010000000000000000e+15	5.000000000000000000e-01	-1.786004331351176769e-02
6.310000000000000000e+15	5.000000000000000000e-01	-2.133294390346229460e-02
7.940000000000000000e+15	5.000000000000000000e-01	-2.357640373358264180e-02
1.000000000000000000e+16	5.000000000000000000e-01	-2.476497712810379545e-02
1.260000000000000000e+16	5.000000000000000000e-01	-2.506796349254391057e-02
1.580000000000000000e+16	5.000000000000000000e-01	-2.470241501239128779e-02
2.000000000000000000e+16	5.000000000000000000e-01	-2.376098154438275115e-02
2.510000000000000000e+16	5.000000000000000000e-01	-2.250889638996613970e-02
3.160000000000000000e+16	5.000000000000000000e-01	-2.099322572537152057e-02
3.980000000000000000e+16	5.000000000000000000e-01	-1.933620799021866510e-02
5.010000000000000000e+16	5.000000000000000000e-01	-1.762764687179175713e-02
6.310000000000000000e+16	5.000000000000000000e-01	-1.592064147770648475e-02
7.940000000000000000e+16	5.000000000000000000e-01	-1.427383719995868432e-02
1.000000000000000000e+17	5.000000000000000000e-01	-1.270175440752818047e-02
1.000000000000000000e+11	1.500000000000000000e+00	2.081769810490127320e-05
1.258925411794166107e+11	1.500000000000000000e+00	2.624123781543084253e-05
1.584893192461110840e+11	1.500000000000000000e+00	3.310470390967519083e-05
1.995262314968882751e+11	1.500000000000000000e+00	4.181772315915667835e-05
2.511886431509582214e+11	1.500000000000000000e+00	5.293826733866358346e-05
3.162277660168379517e+11	1.500000000000000000e+00	6.725865611698575994e-05
3.981071705534969482e+11	1.500000000000000000e+00	8.596308556672317117e-05
5.011872336272714844e+11	1.500000000000000000e+00	1.109644938669345610e-04
6.309573444801943359e+11	1.500000000000000000e+00	1.456997659352152381e-04
7.943282347242821045e+11	1.500000000000000000e+00	2.014411836759788434e-04
1.000000000000000000e+12	1.500000000000000000e+00	2.282401066520425544e-04
1.260000000000000000e+12	1.500000000000000000e+00	2.240524879593182989e-04
1.580000000000000000e+12	1.500000000000000000e+00	2.495277973216391979e-04
2.000000000000000000e+12	1.500000000000000000e+00	2.925469287167396077e-04
2.510000000000000000e+12	1.500000000000000000e+00	3.496540549979115222e-04
3.160000000000000000e+12	1.500000000000000000e+00	4.262622046631951429e-04
3.980000000000000000e+12	1.500000000000000000e+00	5.260494839858348122e-04
5.010000000000000000e+12	1.500000000000000000e+00	6.540091160774692434e-04
6.310000000000000000e+12	1.500000000000000000e+00	8.178181537131907174e-04
7.940000000000000000e+12	1.500000000000000000e+00	1.026384702934927907e-03
1.000000000000000000e+13	1.500000000000000000e+00	1.293763456576470282e-03
1.260000000000000000e+13	1.500000000000000000e+00	1.630320053612935045e-03
1.580000000000000000e+13	1.500000000000000000e+00	2.042246504052046795e-03
2.000000000000000000e+13	1.500000000000000000e+00	2.585251266350308778e-03
2.510000000000000000e+13	1.500000000000000000e+00	3.244506171259774023e-03
3.160000000000000000e+13	1.500000000000000000e+00	4.047811069961420455e-03
3.980000000000000000e+13	1.500000000000000000e+00	4.962653356821346805e-03
5.010000000000000000e+13	1.500000000000000000e+00	5.954220264957252838e-03
6.310000000000000000e+13	1.500000000000000000e+00	7.024855195908151669e-03
7.940000000000000000e+13	1.500000000000000000e+00	8.236186383967551705e-03
1.000000000000000000e+14	1.500000000000000000e+00	9.739510914667903752e-03
1.260000000000000000e+14	1.500000000000000000e+00	1.177713966863096207e-02
1.580000000000000000e+14	1.500000000000000000e+00	1.460400663335549055e-02
2.000000000000000000e+14	1.500000000000000000e+00	1.871572660302485772e-02
2.510000000000000000e+14	1.500000000000000000e+00	2.380236163160608445e-02
3.160000000000000000e+14	1.500000000000000000e+00	2.950450702725015625e-02
3.980000000000000000e+14	1.500000000000000000e+00	3.478408883502599053e-02
5.010000000000000000e+14	1.500000000000000000e+00	3.824357443381149607e-02
6.310000000000000000e+14	1.500000000000000000e+00	3.896485132902027804e-02
7.940000000000000000e+14	1.500000000000000000e+00	3.669514533412628066e-02
1.000000000000000000e+15	1.500000000000000000e+00	3.186896076148908186e-02
1.260000000000000000e+15	1.500000000000000000e+00	2.500160600099656308e-02
1.580000000000000000e+15	1.500000000000000000e+00	1.689156228991977107e-02
2.000000000000000000e+15	1.500000000000000000e+00	8.488692386132846990e-03
2.510000000000000000e+15	1.500000000000000000e+00	4.360034288703091860e-04
3.160000000000000000e+15	1.500000000000000000e+00	-6.882609800581572859e-03
3.980000000000000000e+15	1.500000000000000000e+00	-1.302712965236004806e-02
5.010000000000000000e+15	1.500000000000000000e+00	-1.782622815885128928e-02
6.310000000000000000e+15	1.500000000000000000e+00	-2.130630034550494781e-02
7.940000000000000000e+15	1.500000000000000000e+00	-2.355533112138314192e-02
1.000000000000000000e+16	1.500000000000000000e+00	-2.474829296485667879e-02
1.260000000000000000e+16	1.500000000000000000e+00	-2.505474910745441111e-02
1.580000000000000000e+16	1.500000000000000000e+00	-2.469188922931298685e-02
2.000000000000000000e+16	1.500000000000000000e+00	-2.375267283432096893e-02
2.510000000000000000e+16	1.500000000000000000e+00	-2.250227744897925417e-02
3.160000000000000000e+16	1.500000000000000000e+00	-2.098797065384054583e-02
3.980000000000000000e+16	1.500000000000000000e+00	-1.933203543916648184e-02
5.010000000000000000e+16	1.500000000000000000e+00	-1.762434917267162796e-02
6.310000000000000000e+16	1.500000000000000000e+00	-1.591799713157318608e-02
7.940000000000000000e+16	1.500000000000000000e+00	-1.427177554775714736e-02
1.000000000000000000e+17	1.500000000000000000e+00	-1.270012560806602075e-02
1.000000000000000000e+11	2.500000000000000000e+00	2.164591101371983207e-05
1.258925411794166107e+11	2.500000000000000000e+00	2.728799285854158568e-05
1.584893192461110840e+11	2.500000000000000000e+00	3.443072798340363500e-05
1.995262314968882751e+11	2.500000000000000000e+00	4.350377865758450280e-05
2.511886431509582214e+11	2.500000000000000000e+00	5.509549025906529857e-05
3.162277660168379517e+11	2.500000000000000000e+00	7.004623003581976536e-05
3.981071705534969482e+11	2.500000000000000000e+00	8.962985624375809817e-05
5.011872336272714844e+11	2.500000000000000000e+00	1.159647080678313265e-04
6.309573444801943359e+11	2.500000000000000000e+00	1.529451282116355698e-04
7.943282347242821045e+11	2.500000000000000000e+00	2.154928587807647248e-04
1.000000000000000000e+12	2.500000000000000000e+00	2.424655108796675668e-04
1.260000000000000000e+12	2.500000000000000000e+00	2.289750698621590493e-04
1.580000000000000000e+12	2.500000000000000000e+00	2.489844514890601681e-04
2.000000000000000000e+12	2.500000000000000000e+00	2.870720400404481489e-04
2.510000000000000000e+12	2.500000000000000000e+00	3.402128088676174182e-04
3.160000000000000000e+12	2.500000000000000000e+00	4.132610513661119926e-04
3.980000000000000000e+12	2.500000000000000000e+00	5.093156576549636751e-04
5.010000000000000000e+12	2.500000000000000000e+00	6.329814626822748884e-04
6.310000000000000000e+12	2.500000000000000000e+00	7.920586741729475008e-04
7.940000000000000000e+12	2.500000000000000000e+00	9.954216545838346416e-04
1.000000000000000000e+13	2.500000000000000000e+00	1.256078172255193064e-03
1.260000000000000000e+13	2.500000000000000000e+00	1.583773362274971865e-03
1.580000000000000000e+13	2.500000000000000000e+00	1.983968661066450295e-03
2.000000000000000000e+13	2.500000000000000000e+00	2.515910595574283141e-03
2.510000000000000000e+13	2.500000000000000000e+00	3.162678133284941608e-03
3.160000000000000000e+13	2.500000000000000000e+00	3.953747996882215308e-03
3.980000000000000000e+13	2.500000000000000000e+00	4.866016487927174276e-03
5.010000000000000000e+13	2.500000000000000000e+00	5.859342322769430129e-03
6.310000000000000000e+13	2.500000000000000000e+00	6.948558168486231555e-03
7.940000000000000000e+13	2.500000000000000000e+00	8.187584587807441097e-03
1.000000000000000000e+14	2.500000000000000000e+00	9.700792236913191938e-03
1.260000000000000000e+14	2.500000000000000000e+00	1.174388170205780020e-02
1.580000000000000000e+14	2.500000000000000000e+00	1.455827945834923219e-02
2.000000000000000000e+14	2.500000000000000000e+00	1.867494760100944437e-02
2.510000000000000000e+14	2.500000000000000000e+00	2.377179576354974608e-02
3.160000000000000000e+14	2.500000000000000000e+00	2.946932488421167076e-02
3.980000000000000000e+14	2.500000000000000000e+00	3.452620052583219024e-02
5.010000000000000000e+14	2.500000000000000000e+00	3.791353809205996045e-02
6.310000000000000000e+14	2.500000000000000000e+00	3.893682308015421895e-02
7.940000000000000000e+14	2.500000000000000000e+00	3.692752429994061031e-02
1.000000000000000000e+15	2.500000000000000000e+00	3.203376569099675858e-02
1.260000000000000000e+15	2.500000000000000000e+00	2.516744837341707355e-02
1.580000000000000000e+15	2.500000000000000000e+00	1.724239228799645876e-02
2.000000000000000000e+15	2.500000000000000000e+00	8.658741654725011366e-03
2.510000000000000000e+15	2.500000000000000000e+00	5.545196122807160991e-04
3.160000000000000000e+15	2.500000000000000000e+00	-6.794584608419822550e-03
3.980000000000000000e+15	2.500000000000000000e+00	-1.295985875934183365e-02
5.010000000000000000e+15	2.500000000000000000e+00	-1.777385047473991828e-02
6.310000000000000000e+15	2.500000000000000000e+00	-2.126537384638899075e-02
7.940000000000000000e+15	2.500000000000000000e+00	-2.352358383554548418e-02
1.000000000000000000e+16	2.500000000000000000e+00	-2.472281779997616974e-02
1.260000000000000000e+16	2.500000000000000000e+00	-2.503459054149976756e-02
1.580000000000000000e+16	2.500000000000000000e+00	-2.467585160885719248e-02
2.000000000000000000e+16	2.500000000000000000e+00	-2.374001654093294000e-02
2.510000000000000000e+16	2.500000000000000000e+00	-2.249220572187334011e-02
3.160000000000000000e+16	2.500000000000000000e+00	-2.097997182159848720e-02
3.980000000000000000e+16	2.500000000000000000e+00	-1.932568244911779878e-02
5.010000000000000000e+16	2.500000000000000000e+00	-1.761929346734928195e-02
6.310000000000000000e+16	2.500000000000000000e+00	-1.591400762759622584e-02
7.940000000000000000e+16	2.500000000000000000e+00	-1.426856531931640186e-02
1.000000000000000000e+17	2.500000000000000000e+00	-1.269755011346875018e-02
1.000000000000000000e+11	3.500000000000000000e+00	2.238924364242988573e-05
1.258925411794166107e+11	3.500000000000000000e+00	2.822692993310954503e-05
1.584893192461110840e+11	3.500000000000000000e+00	3.561915960538158341e-05
1.995262314968882751e+11	3.500000000000000000e+00	4.501297123707339345e-05
2.511886431509582214e+11	3.500000000000000000e+00	5.702232757717147412e-05
3.162277660168379517e+11	3.500000000000000000e+00	7.252835886036531374e-05
3.981071705534969482e+11	3.500000000000000000e+00	9.287758191086661864e-05
5.011872336272714844e+11	3.500000000000000000e+00	1.203182298531290387e-04
6.309573444801943359e+11	3.500000000000000000e+00	1.592135485721483002e-04
7.943282347242821045e+11	3.500000000000000000e+00	2.272831479566057606e-04
1.000000000000000000e+12	3.500000000000000000e+00	2.542730604159871102e-04
1.260000000000000000e+12	3.500000000000000000e+00	2.339492704039902477e-04
1.580000000000000000e+12	3.500000000000000000e+00	2.503887422821772816e-04
2.000000000000000000e+12	3.500000000000000000e+00	2.851789872360283593e-04
2.510000000000000000e+12	3.500000000000000000e+00	3.354673625568306864e-04
3.160000000000000000e+12	3.500000000000000000e+00	4.056983581646213515e-04
3.980000000000000000e+12	3.500000000000000000e+00	4.991213968900813950e-04
5.010000000000000000e+12	3.500000000000000000e+00	6.208181150025829549e-04
6.310000000000000000e+12	3.500000000000000000e+00	7.784792144025888885e-04
7.940000000000000000e+12	3.500000000000000000e+00	9.805076388631705185e-04
1.000000000000000000e+13	3.500000000000000000e+00	1.237144133551273907e-03
1.260000000000000000e+13	3.500000000000000000e+00	1.561227214061829344e-03
1.580000000000000000e+13	3.500000000000000000e+00	1.962739677528585122e-03
2.000000000000000000e+13	3.500000000000000000e+00	2.493571598109639489e-03
2.510000000000000000e+13	3.500000000000000000e+00	3.137485206636898318e-03
3.160000000000000000e+13	3.500000000000000000e+00	3.929557129829025323e-03
3.980000000000000000e+13	3.500000000000000000e+00	4.845070392669256418e-03
5.010000000000000000e+13	3.500000000000000000e+00	5.863480090628614763e-03
6.310000000000000000e+13	3.500000000000000000e+00	6.953178129362458208e-03
7.940000000000000000e+13	3.500000000000000000e+00	8.149047314469838599e-03
1.000000000000000000e+14	3.500000000000000000e+00	9.674656613519959023e-03
1.260000000000000000e+14	3.500000000000000000e+00	1.172946963365865264e-02
1.580000000000000000e+14	3.500000000000000000e+00	1.451202044759146437e-02
2.000000000000000000e+14	3.500000000000000000e+00	1.858870663232808917e-02
2.510000000000000000e+14	3.500000000000000000e+00	2.365096245624933105e-02
3.160000000000000000e+14	3.500000000000000000e+00	2.921959822725397893e-02
3.980000000000000000e+14	3.500000000000000000e+00	3.453805722893728974e-02
5.010000000000000000e+14	3.500000000000000000e+00	3.822377135239554691e-02
6.310000000000000000e+14	3.500000000000000000e+00	3.905479839954829890e-02
7.940000000000000000e+14	3.500000000000000000e+00	3.700096403188628952e-02
1.000000000000000000e+15	3.500000000000000000e+00	3.208566754400404147e-02
1.260000000000000000e+15	3.500000000000000000e+00	2.520593289885371055e-02
1.580000000000000000e+15	3.500000000000000000e+00	1.727191941455603896e-02
2.000000000000000000e+15	3.500000000000000000e+00	8.681464475468223668e-03
2.510000000000000000e+15	3.500000000000000000e+00	5.723978142320850643e-04
3.160000000000000000e+15	3.500000000000000000e+00	-6.780517361655836149e-03
3.980000000000000000e+15	3.500000000000000000e+00	-1.294875350494827972e-02
5.010000000000000000e+15	3.500000000000000000e+00	-1.776518000596031058e-02
6.310000000000000000e+15	3.500000000000000000e+00	-2.125837804690892258e-02
7.940000000000000000e+15	3.500000000000000000e+00	-2.351768497883243228e-02
1.000000000000000000e+16	3.500000000000000000e+00	-2.471843719073707132e-02
1.260000000000000000e+16	3.500000000000000000e+00	-2.503100422910650713e-02
1.580000000000000000e+16	3.500000000000000000e+00	-2.467305899286228663e-02
2.000000000000000000e+16	3.500000000000000000e+00	-2.373783034796478342e-02
2.510000000000000000e+16	3.500000000000000000e+00	-2.249045675128076571e-02
3.160000000000000000e+16	3.500000000000000000e+00	-2.097858652187897799e-02
3.980000000000000000e+16	3.500000000000000000e+00	-1.932459022594102890e-02
5.010000000000000000e+16	3.500000000000000000e+00	-1.761829635544275019e-02
6.310000000000000000e+16	3.500000000000000000e+00	-1.591330886894379293e-02
7.940000000000000000e+16	3.500000000000000000e+00	-1.426801458315204822e-02
1.000000000000000000e+17	3.500000000000000000e+00	-1.269711605593601238e-02
1.000000000000000000e+11	4.500000000000000000e+00	2.288479899075441729e-05
1.258925411794166107e+11	4.500000000000000000e+00	2.885253586053498215e-05
1.584893192461110840e+11	4.500000000000000000e+00	3.641030386597938790e-05
1.995262314968882751e+11	4.500000000000000000e+00	4.601611997924185451e-05
2.511886431509582214e+11	4.500000000000000000e+00	5.829982658248600259e-05
3.162277660168379517e+11	4.500000000000000000e+00	7.416738506203852574e-05
3.981071705534969482e+11	4.500000000000000000e+00	9.500793508632948746e-05
5.011872336272714844e+11	4.500000000000000000e+00	1.231563687992101900e-04
6.309573444801943359e+11	4.500000000000000000e+00	1.632063172581448268e-04
7.943282347242821045e+11	4.500000000000000000e+00	2.344898500636235746e-04
1.000000000000000000e+12	4.500000000000000000e+00	2.612805047910249172e-04
1.260000000000000000e+12	4.500000000000000000e+00	2.380514619063559391e-04
1.580000000000000000e+12	4.500000000000000000e+00	2.529556100506043454e-04
2.000000000000000000e+12	4.500000000000000000e+00	2.845842714087105539e-04
2.510000000000000000e+12	4.500000000000000000e+00	3.344266160575352529e-04
3.160000000000000000e+12	4.500000000000000000e+00	4.048535149210921963e-04
3.980000000000000000e+12	4.500000000000000000e+00	4.990469572277837513e-04
5.010000000000000000e+12	4.500000000000000000e+00	6.211437933000879454e-04
6.310000000000000000e+12	4.500000000000000000e+00	7.771983041431852410e-04
7.940000000000000000e+12	4.500000000000000000e+00	9.778856770435832586e-04
1.000000000000000000e+13	4.500000000000000000e+00	1.239421013727417089e-03
1.260000000000000000e+13	4.500000000000000000e+00	1.569677303649628670e-03
1.580000000000000000e+13	4.500000000000000000e+00	1.970795186480265703e-03
2.000000000000000000e+13	4.500000000000000000e+00	2.505964631917033305e-03
2.510000000000000000e+13	4.500000000000000000e+00	3.160436933987135436e-03
3.160000000000000000e+13	4.500000000000000000e+00	3.959636762395771399e-03
3.980000000000000000e+13	4.500000000000000000e+00	4.895917172697016040e-03
5.010000000000000000e+13	4.500000000000000000e+00	5.894495268713874532e-03
6.310000000000000000e+13	4.500000000000000000e+00	6.969937418418125502e-03
7.940000000000000000e+13	4.500000000000000000e+00	8.198540353918218337e-03
1.000000000000000000e+14	4.500000000000000000e+00	9.670960979029551152e-03
1.260000000000000000e+14	4.500000000000000000e+00	1.170157010005547227e-02
1.580000000000000000e+14	4.500000000000000000e+00	1.453706192822005680e-02
2.000000000000000000e+14	4.500000000000000000e+00	1.861108393355051169e-02
2.510000000000000000e+14	4.500000000000000000e+00	2.364720086331416338e-02
3.160000000000000000e+14	4.500000000000000000e+00	2.942740440338759839e-02
3.980000000000000000e+14	4.500000000000000000e+00	3.463669169742965986e-02
5.010000000000000000e+14	4.500000000000000000e+00	3.804741379936754653e-02
6.310000000000000000e+14	4.500000000000000000e+00	3.903111846205952612e-02
7.940000000000000000e+14	4.500000000000000000e+00	3.703478572561867688e-02
1.000000000000000000e+15	4.500000000000000000e+00	3.226505276194157473e-02
1.260000000000000000e+15	4.500000000000000000e+00	2.519767087337236242e-02
1.580000000000000000e+15	4.500000000000000000e+00	1.702685106496466122e-02
2.000000000000000000e+15	4.500000000000000000e+00	8.587602999453637642e-03
2.510000000000000000e+15	4.500000000000000000e+00	5.115013961565385977e-04
3.160000000000000000e+15	4.500000000000000000e+00	-6.824084055253103534e-03
3.980000000000000000e+15	4.500000000000000000e+00	-1.298137756217285915e-02
5.010000000000000000e+15	4.500000000000000000e+00	-1.779022718623549798e-02
6.310000000000000000e+15	4.500000000000000000e+00	-2.127788227945554694e-02
7.940000000000000000e+15	4.500000000000000000e+00	-2.353296864864998922e-02
1.000000000000000000e+16	4.500000000000000000e+00	-2.473047425143095127e-02
1.260000000000000000e+16	4.500000000000000000e+00	-2.504061362638179689e-02
1.580000000000000000e+16	4.500000000000000000e+00	-2.468052958078246692e-02
2.000000000000000000e+16	4.500000000000000000e+00	-2.374378789146329785e-02
2.510000000000000000e+16	4.500000000000000000e+00	-2.249520320898391879e-02
3.160000000000000000e+16	4.500000000000000000e+00	-2.098271709596413043e-02
3.980000000000000000e+16	4.500000000000000000e+00	-1.932757712604828149e-02
5.010000000000000000e+16	4.500000000000000000e+00	-1.762080019138924022e-02
6.310000000000000000e+16	4.500000000000000000e+00	-1.591515754490417656e-02
7.940000000000000000e+16	4.500000000000000000e+00	-1.426951088303238073e-02
1.000000000000000000e+17	4.500000000000000000e+00	-1.269830003860655636e-02
1.000000000000000000e+11	5.500000000000000000e+00	2.269302814842303988e-05
1.258925411794166107e+11	5.500000000000000000e+00	2.861075981486487047e-05
1.584893192461110840e+11	5.500000000000000000e+00	3.610482628453777227e-05
1.995262314968882751e+11	5.500000000000000000e+00	4.562981356156438920e-05
2.511886431509582214e+11	5.500000000000000000e+00	5.780965705859407894e-05
3.162277660168379517e+11	5.500000000000000000e+00	7.354298653913331197e-05
3.981071705534969482e+11	5.500000000000000000e+00	9.420581083446796485e-05
5.011872336272714844e+11	5.500000000000000000e+00	1.221088251168452683e-04
6.309573444801943359e+11	5.500000000000000000e+00	1.617847437902490313e-04
7.943282347242821045e+11	5.500000000000000000e+00	2.321234937106267837e-04
1.000000000000000000e+12	5.500000000000000000e+00	2.597329514045664976e-04
1.260000000000000000e+12	5.500000000000000000e+00	2.349906585284794393e-04
1.580000000000000000e+12	5.500000000000000000e+00	2.483250282257034908e-04
2.000000000000000000e+12	5.500000000000000000e+00	2.835928543914605126e-04
2.510000000000000000e+12	5.500000000000000000e+00	3.346323431298368445e-04
3.160000000000000000e+12	5.500000000000000000e+00	4.048980366175392942e-04
3.980000000000000000e+12	5.500000000000000000e+00	4.964099726695515207e-04
5.010000000000000000e+12	5.500000000000000000e+00	6.171187537808683942e-04
6.310000000000000000e+12	5.500000000000000000e+00	7.753364501644989439e-04
7.940000000000000000e+12	5.500000000000000000e+00	9.775584571589238971e-04
1.000000000000000000e+13	5.500000000000000000e+00	1.235871433069363938e-03
1.260000000000000000e+13	5.500000000000000000e+00	1.563443319331522243e-03
1.580000000000000000e+13	5.500000000000000000e+00	1.973089046034761859e-03
2.000000000000000000e+13	5.500000000000000000e+00	2.514229068457264800e-03
2.510000000000000000e+13	5.500000000000000000e+00	3.165798867563558369e-03
3.160000000000000000e+13	5.500000000000000000e+00	3.964636608576035601e-03
3.980000000000000000e+13	5.500000000000000000e+00	4.879208953983975479e-03
5.010000000000000000e+13	5.500000000000000000e+00	5.887323885835339839e-03
6.310000000000000000e+13	5.500000000000000000e+00	6.993412047909261693e-03
7.940000000000000000e+13	5.500000000000000000e+00	8.210726923818970763e-03
1.000000000000000000e+14	5.500000000000000000e+00	9.692570508441692573e-03
1.260000000000000000e+14	5.500000000000000000e+00	1.170013018513418705e-02
1.580000000000000000e+14	5.500000000000000000e+00	1.449761834845142774e-02
2.000000000000000000e+14	5.500000000000000000e+00	1.860561777303621975e-02
2.510000000000000000e+14	5.500000000000000000e+00	2.322210879475717846e-02
3.160000000000000000e+14	5.500000000000000000e+00	2.943987983721894561e-02
3.980000000000000000e+14	5.500000000000000000e+00	3.450489730654152792e-02
5.010000000000000000e+14	5.500000000000000000e+00	3.798861443249521713e-02
6.310000000000000000e+14	5.500000000000000000e+00	3.905852936941089926e-02
7.940000000000000000e+14	5.500000000000000000e+00	3.669846858885290192e-02
1.000000000000000000e+15	5.500000000000000000e+00	3.171901575176946930e-02
1.260000000000000000e+15	5.500000000000000000e+00	2.510584768413686579e-02
1.580000000000000000e+15	5.500000000000000000e+00	1.725461295746971366e-02
2.000000000000000000e+15	5.500000000000000000e+00	8.902957611121210466e-03
2.510000000000000000e+15	5.500000000000000000e+00	6.492463215436156511e-04
3.160000000000000000e+15	5.500000000000000000e+00	-6.734813423879644143e-03
3.980000000000000000e+15	5.500000000000000000e+00	-1.291769357377476647e-02
5.010000000000000000e+15	5.500000000000000000e+00	-1.774264442797833866e-02
6.310000000000000000e+15	5.500000000000000000e+00	-2.124146221157349745e-02
7.940000000000000000e+15	5.500000000000000000e+00	-2.350453912484061839e-02
1.000000000000000000e+16	5.500000000000000000e+00	-2.470831687276960065e-02
1.260000000000000000e+16	5.500000000000000000e+00	-2.502316453623246173e-02
1.580000000000000000e+16	5.500000000000000000e+00	-2.466681177258903124e-02
2.000000000000000000e+16	5.500000000000000000e+00	-2.373290376961406656e-02
2.510000000000000000e+16	5.500000000000000000e+00	-2.248654616681136989e-02
3.160000000000000000e+16	5.500000000000000000e+00	-2.097548729354566793e-02
3.980000000000000000e+16	5.500000000000000000e+00	-1.932212514912315382e-02
5.010000000000000000e+16	5.500000000000000000e+00	-1.761649298544891787e-02
6.310000000000000000e+16	5.500000000000000000e+00	-1.591175391997334126e-02
7.940000000000000000e+16	5.500000000000000000e+00	-1.426678473667517162e-02
1.000000000000000000e+17	5.500000000000000000e+00	-1.269612957978006815e-02
1.000000000000000000e+11	6.500000000000000000e+00	2.178611038070326313e-05
1.258925411794166107e+11	6.500000000000000000e+00	2.746579926084508812e-05
1.584893192461110840e+11	6.500000000000000000e+00	3.465730944954205795e-05
1.995262314968882751e+11	6.500000000000000000e+00	4.379458568975093115e-05
2.511886431509582214e+11	6.500000000000000000e+00	5.547306416806368042e-05
3.162277660168379517e+11	6.500000000000000000e+00	7.054533752761139322e-05
3.981071705534969482e+11	6.500000000000000000e+00	9.030995178764208726e-05
5.011872336272714844e+11	6.500000000000000000e+00	1.169190692876334885e-04
6.309573444801943359e+11	6.500000000000000000e+00	1.544755789785144651e-04
7.943282347242821045e+11	6.500000000000000000e+00	2.188440254869838280e-04
1.000000000000000000e+12	6.500000000000000000e+00	2.465624160589070823e-04
1.260000000000000000e+12	6.500000000000000000e+00	2.306132554143308351e-04
1.580000000000000000e+12	6.500000000000000000e+00	2.463020907048203917e-04
2.000000000000000000e+12	6.500000000000000000e+00	2.804676321126464158e-04
2.510000000000000000e+12	6.500000000000000000e+00	3.312209665697561081e-04
3.160000000000000000e+12	6.500000000000000000e+00	4.000728217059471145e-04
3.980000000000000000e+12	6.500000000000000000e+00	4.932197211390146416e-04
5.010000000000000000e+12	6.500000000000000000e+00	6.149027601976572808e-04
6.310000000000000000e+12	6.500000000000000000e+00	7.731834157462789698e-04
7.940000000000000000e+12	6.500000000000000000e+00	9.758974081298998687e-04
1.000000000000000000e+13	6.500000000000000000e+00	1.234093316681035687e-03
1.260000000000000000e+13	6.500000000000000000e+00	1.563112823024911642e-03
1.580000000000000000e+13	6.500000000000000000e+00	1.969005467798435639e-03
2.000000000000000000e+13	6.500000000000000000e+00	2.508933094471196574e-03
2.510000000000000000e+13	6.500000000000000000e+00	3.165865391335767956e-03
3.160000000000000000e+13	6.500000000000000000e+00	3.975179364783672578e-03
3.980000000000000000e+13	6.500000000000000000e+00	4.900269712584989779e-03
5.010000000000000000e+13	6.500000000000000000e+00	5.887367027019223785e-03
6.310000000000000000e+13	6.500000000000000000e+00	6.936627532564299849e-03
7.940000000000000000e+13	6.500000000000000000e+00	8.116343180839686797e-03
1.000000000000000000e+14	6.500000000000000000e+00	9.604202255512065550e-03
1.260000000000000000e+14	6.500000000000000000e+00	1.161431660312395829e-02
1.580000000000000000e+14	6.500000000000000000e+00	1.441437464054561544e-02
2.000000000000000000e+14	6.500000000000000000e+00	1.853009936073498828e-02
2.510000000000000000e+14	6.500000000000000000e+00	2.315822331538511247e-02
3.160000000000000000e+14	6.500000000000000000e+00	2.935112746787416071e-02
3.980000000000000000e+14	6.500000000000000000e+00	3.484249135674154230e-02
5.010000000000000000e+14	6.500000000000000000e+00	3.838594826334790211e-02
6.310000000000000000e+14	6.500000000000000000e+00	3.909523216489867170e-02
7.940000000000000000e+14	6.500000000000000000e+00	3.727918447990335310e-02
1.000000000000000000e+15	6.500000000000000000e+00	3.268552631883088477e-02
1.260000000000000000e+15	6.500000000000000000e+00	2.579846560605940017e-02
1.580000000000000000e+15	6.500000000000000000e+00	1.822141788323965519e-02
2.000000000000000000e+15	6.500000000000000000e+00	9.619986182545541692e-03
2.510000000000000000e+15	6.500000000000000000e+00	1.005126459618589999e-03
3.160000000000000000e+15	6.500000000000000000e+00	-6.579578742921045852e-03
3.980000000000000000e+15	6.500000000000000000e+00	-1.290979014775923799e-02
5.010000000000000000e+15	6.500000000000000000e+00	-1.784469360408332678e-02
6.310000000000000000e+15	6.500000000000000000e+00	-2.142391024482065073e-02
7.940000000000000000e+15	6.500000000000000000e+00	-2.374264188227058828e-02
1.000000000000000000e+16	6.500000000000000000e+00	-2.498170950455034720e-02
1.260000000000000000e+16	6.500000000000000000e+00	-2.531558709726739603e-02
1.580000000000000000e+16	6.500000000000000000e+00	-2.496554368264506524e-02
2.000000000000000000e+16	6.500000000000000000e+00	-2.402793621844988292e-02
2.510000000000000000e+16	6.500000000000000000e+00	-2.277132711104353988e-02
3.160000000000000000e+16	6.500000000000000000e+00	-2.124495581064751726e-02
3.980000000000000000e+16	6.500000000000000000e+00	-1.957316092974608832e-02
5.010000000000000000e+16	6.500000000000000000e+00	-1.784722970905361708e-02
6.310000000000000000e+16	6.500000000000000000e+00	-1.612126894599078333e-02
7.940000000000000000e+16	6.500000000000000000e+00	-1.445623658417982335e-02
1.000000000000000000e+17	6.500000000000000000e+00	-1.286556858530592783e-02
1.000000000000000000e+11	7.500000000000000000e+00	2.047917043273855158e-05
1.258925411794166107e+11	7.500000000000000000e+00	2.581750979539961045e-05
1.584893192461110840e+11	7.500000000000000000e+00	3.257617730925178867e-05
1.995262314968882751e+11	7.500000000000000000e+00	4.116249417428949174e-05
2.511886431509582214e+11	7.500000000000000000e+00	5.213396347161855114e-05
3.162277660168379517e+11	7.500000000000000000e+00	6.628928256209592898e-05
3.981071705534969482e+11	7.500000000000000000e+00	8.483850981012258760e-05
5.011872336272714844e+11	7.500000000000000000e+00	1.097708962155508018e-04
6.309573444801943359e+11	7.500000000000000000e+00	1.448062098213461250e-04
7.943282347242821045e+11	7.500000000000000000e+00	2.035502740335667405e-04
1.000000000000000000e+12	7.500000000000000000e+00	2.279311241295655776e-04
1.260000000000000000e+12	7.500000000000000000e+00	2.142529732195049658e-04
1.580000000000000000e+12	7.500000000000000000e+00	2.347679052389464488e-04
2.000000000000000000e+12	7.500000000000000000e+00	2.719545108840845811e-04
2.510000000000000000e+12	7.500000000000000000e+00	3.198399287009007263e-04
3.160000000000000000e+12	7.500000000000000000e+00	3.893980544201994134e-04
3.980000000000000000e+12	7.500000000000000000e+00	4.821750975110576567e-04
5.010000000000000000e+12	7.500000000000000000e+00	6.020864336001836934e-04
6.310000000000000000e+12	7.500000000000000000e+00	7.583807681211709572e-04
7.940000000000000000e+12	7.500000000000000000e+00	9.567010791551363441e-04
1.000000000000000000e+13	7.500000000000000000e+00	1.213242734132270609e-03
1.260000000000000000e+13	7.500000000000000000e+00	1.538175088573545115e-03
1.580000000000000000e+13	7.500000000000000000e+00	1.938827645208084397e-03
2.000000000000000000e+13	7.500000000000000000e+00	2.472155773832212036e-03
2.510000000000000000e+13	7.500000000000000000e+00	3.117530659472669483e-03
3.160000000000000000e+13	7.500000000000000000e+00	3.900631459930970803e-03
3.980000000000000000e+13	7.500000000000000000e+00	4.811974898963723886e-03
5.010000000000000000e+13	7.500000000000000000e+00	5.798842213430890381e-03
6.310000000000000000e+13	7.500000000000000000e+00	6.822083243713822180e-03
7.940000000000000000e+13	7.500000000000000000e+00	7.999494924771021268e-03
1.000000000000000000e+14	7.500000000000000000e+00	9.462356843824773836e-03
1.260000000000000000e+14	7.500000000000000000e+00	1.145545065677336730e-02
1.580000000000000000e+14	7.500000000000000000e+00	1.426824083908806787e-02
2.000000000000000000e+14	7.500000000000000000e+00	1.840125544953997647e-02
2.510000000000000000e+14	7.500000000000000000e+00	2.339172445394103669e-02
3.160000000000000000e+14	7.500000000000000000e+00	2.898663700972875859e-02
3.980000000000000000e+14	7.500000000000000000e+00	3.424061792139653643e-02
5.010000000000000000e+14	7.500000000000000000e+00	3.787572192435095797e-02
6.310000000000000000e+14	7.500000000000000000e+00	3.876764964608794828e-02
7.940000000000000000e+14	7.500000000000000000e+00	3.622426535909153283e-02
1.000000000000000000e+15	7.500000000000000000e+00	3.091906217205972127e-02
1.260000000000000000e+15	7.500000000000000000e+00	2.469469771862280519e-02
1.580000000000000000e+15	7.500000000000000000e+00	1.634993260387275146e-02
2.000000000000000000e+15	7.500000000000000000e+00	7.008408919340263464e-03
2.510000000000000000e+15	7.500000000000000000e+00	-8.447666533423336802e-05
3.160000000000000000e+15	7.500000000000000000e+00	-7.020189867741553555e-03
3.980000000000000000e+15	7.500000000000000000e+00	-1.290068283840913391e-02
5.010000000000000000e+15	7.500000000000000000e+00	-1.750754040902134656e-02
6.310000000000000000e+15	7.500000000000000000e+00	-2.084982944359832849e-02
7.940000000000000000e+15	7.500000000000000000e+00	-2.300688564993425694e-02
1.000000000000000000e+16	7.500000000000000000e+00	-2.414341140663929519e-02
1.260000000000000000e+16	7.500000000000000000e+00	-2.442381461112404228e-02
1.580000000000000000e+16	7.500000000000000000e+00	-2.405760492056232755e-02
2.000000000000000000e+16	7.500000000000000000e+00	-2.313350531474786531e-02
2.510000000000000000e+16	7.500000000000000000e+00	-2.190953423009351850e-02
3.160000000000000000e+16	7.500000000000000000e+00	-2.043102001211546601e-02
3.980000000000000000e+16	7.500000000000000000e+00	-1.881538622399441668e-02
5.010000000000000000e+16	7.500000000000000000e+00	-1.715079860199727330e-02
6.310000000000000000e+16	7.500000000000000000e+00	-1.548867130898200391e-02
7.940000000000000000e+16	7.500000000000000000e+00	-1.388549884643767302e-02
1.000000000000000000e+17	7.500000000000000000e+00	-1.235538026359710162e-02
1.000000000000000000e+11	8.500000000000000000e+00	1.879045879603965719e-05
1.258925411794166107e+11	8.500000000000000000e+00	2.368605264320891427e-05
1.584893192461110840e+11	8.500000000000000000e+00	2.988176187552947586e-05
1.995262314968882751e+11	8.500000000000000000e+00	3.774767886020577082e-05
2.511886431509582214e+11	8.500000000000000000e+00	4.778883699290639058e-05
3.162277660168379517e+11	8.500000000000000000e+00	6.072113024548630186e-05
3.981071705534969482e+11	8.500000000000000000e+00	7.761609751450410457e-05
5.011872336272714844e+11	8.500000000000000000e+00	1.001837690021081394e-04
6.309573444801943359e+11	8.500000000000000000e+00	1.314046165861949746e-04
7.943282347242821045e+11	8.500000000000000000e+00	1.797929518624826763e-04
1.000000000000000000e+12	8.500000000000000000e+00	2.036997549377804505e-04
1.260000000000000000e+12	8.500000000000000000e+00	2.028918713821490196e-04
1.580000000000000000e+12	8.500000000000000000e+00	2.258105277463329436e-04
2.000000000000000000e+12	8.500000000000000000e+00	2.636256527747928491e-04
2.510000000000000000e+12	8.500000000000000000e+00	3.164054312596545240e-04
3.160000000000000000e+12	8.500000000000000000e+00	3.864848645112635558e-04
3.980000000000000000e+12	8.500000000000000000e+00	4.813080428838792347e-04
5.010000000000000000e+12	8.500000000000000000e+00	6.027247451041998138e-04
6.310000000000000000e+12	8.500000000000000000e+00	7.538855574540303476e-04
7.940000000000000000e+12	8.500000000000000000e+00	9.491717876643175145e-04
1.000000000000000000e+13	8.500000000000000000e+00	1.201679050182274770e-03
1.260000000000000000e+13	8.500000000000000000e+00	1.525419908543031687e-03
1.580000000000000000e+13	8.500000000000000000e+00	1.924654303701207663e-03
2.000000000000000000e+13	8.500000000000000000e+00	2.451471966359716412e-03
2.510000000000000000e+13	8.500000000000000000e+00	3.090319591258625185e-03
3.160000000000000000e+13	8.500000000000000000e+00	3.866583754971879543e-03
3.980000000000000000e+13	8.500000000000000000e+00	4.749599494278862813e-03
5.010000000000000000e+13	8.500000000000000000e+00	5.708786911719141571e-03
6.310000000000000000e+13	8.500000000000000000e+00	6.770590084746988015e-03
7.940000000000000000e+13	8.500000000000000000e+00	7.920230517583367116e-03
1.000000000000000000e+14	8.500000000000000000e+00	9.355314209697247405e-03
1.260000000000000000e+14	8.500000000000000000e+00	1.137428459336332215e-02
1.580000000000000000e+14	8.500000000000000000e+00	1.418842709894733295e-02
2.000000000000000000e+14	8.500000000000000000e+00	1.836205705815908279e-02
2.510000000000000000e+14	8.500000000000000000e+00	2.351215940193581919e-02
3.160000000000000000e+14	8.500000000000000000e+00	2.920509434826784947e-02
3.980000000000000000e+14	8.500000000000000000e+00	3.441763373426136308e-02
5.010000000000000000e+14	8.500000000000000000e+00	3.765974681689782111e-02
6.310000000000000000e+14	8.500000000000000000e+00	3.831640935585952507e-02
7.940000000000000000e+14	8.500000000000000000e+00	3.615288999292825406e-02
1.000000000000000000e+15	8.500000000000000000e+00	3.172260908514226707e-02
1.260000000000000000e+15	8.500000000000000000e+00	2.509862436101511704e-02
1.580000000000000000e+15	8.500000000000000000e+00	1.588785860717728537e-02
2.000000000000000000e+15	8.500000000000000000e+00	7.149973782261963978e-03
2.510000000000000000e+15	8.500000000000000000e+00	-3.892085601875778345e-05
3.160000000000000000e+15	8.500000000000000000e+00	-6.989542326323027258e-03
3.980000000000000000e+15	8.500000000000000000e+00	-1.288017958199109622e-02
5.010000000000000000e+15	8.500000000000000000e+00	-1.748969059084047595e-02
6.310000000000000000e+15	8.500000000000000000e+00	-2.083583763230725805e-02
7.940000000000000000e+15	8.500000000000000000e+00	-2.299534737168642748e-02
1.000000000000000000e+16	8.500000000000000000e+00	-2.413471138240321986e-02
1.260000000000000000e+16	8.500000000000000000e+00	-2.441690428810907101e-02
1.580000000000000000e+16	8.500000000000000000e+00	-2.405210386858198240e-02
2.000000000000000000e+16	8.500000000000000000e+00	-2.312917697001245013e-02
2.510000000000000000e+16	8.500000000000000000e+00	-2.190606908431133940e-02
3.160000000000000000e+16	8.500000000000000000e+00	-2.042770854268433425e-02
3.980000000000000000e+16	8.500000000000000000e+00	-1.881319205606208494e-02
5.010000000000000000e+16	8.500000000000000000e+00	-1.714907621208869651e-02
6.310000000000000000e+16	8.500000000000000000e+00	-1.548727338721311159e-02
7.940000000000000000e+16	8.500000000000000000e+00	-1.388440365499601925e-02
1.000000000000000000e+17	8.500000000000000000e+00	-1.235451737348007388e-02
1.000000000000000000e+11	9.500000000000000000e+00	1.736065384228459516e-05
1.258925411794166107e+11	9.500000000000000000e+00	2.188190573929628391e-05
1.584893192461110840e+11	9.500000000000000000e+00	2.760235074954027674e-05
1.995262314968882751e+11	9.500000000000000000e+00	3.486123090550401069e-05
2.511886431509582214e+11	9.500000000000000000e+00	4.412013769366840204e-05
3.162277660168379517e+11	9.500000000000000000e+00	5.603023204042030910e-05
3.981071705534969482e+11	9.500000000000000000e+00	7.155420305279064570e-05
5.011872336272714844e+11	9.500000000000000000e+00	9.219263421122342891e-05
6.309573444801943359e+11	9.500000000000000000e+00	1.203975332138857438e-04
7.943282347242821045e+11	9.500000000000000000e+00	1.614303917855209138e-04
1.000000000000000000e+12	9.500000000000000000e+00	1.823178886052708911e-04
1.260000000000000000e+12	9.500000000000000000e+00	1.866989203266252188e-04
1.580000000000000000e+12	9.500000000000000000e+00	2.160322411455574962e-04
2.000000000000000000e+12	9.500000000000000000e+00	2.585031173995479704e-04
2.510000000000000000e+12	9.500000000000000000e+00	3.102801651587070949e-04
3.160000000000000000e+12	9.500000000000000000e+00	3.843734313482247990e-04
3.980000000000000000e+12	9.500000000000000000e+00	4.802914544660731046e-04
5.010000000000000000e+12	9.500000000000000000e+00	5.984392278169907301e-04
6.310000000000000000e+12	9.500000000000000000e+00	7.523612051670186844e-04
7.940000000000000000e+12	9.500000000000000000e+00	9.469834932726378879e-04
1.000000000000000000e+13	9.500000000000000000e+00	1.195593661501357600e-03
1.260000000000000000e+13	9.500000000000000000e+00	1.514792536029689000e-03
1.580000000000000000e+13	9.500000000000000000e+00	1.910908029767850735e-03
2.000000000000000000e+13	9.500000000000000000e+00	2.433099769748390227e-03
2.510000000000000000e+13	9.500000000000000000e+00	3.064129769501779208e-03
3.160000000000000000e+13	9.500000000000000000e+00	3.845265100367068010e-03
3.980000000000000000e+13	9.500000000000000000e+00	4.737848129884085491e-03
5.010000000000000000e+13	9.500000000000000000e+00	5.695025233124399386e-03
6.310000000000000000e+13	9.500000000000000000e+00	6.718528609025971668e-03
7.940000000000000000e+13	9.500000000000000000e+00	7.901856648454887513e-03
1.000000000000000000e+14	9.500000000000000000e+00	9.417059246089692220e-03
1.260000000000000000e+14	9.500000000000000000e+00	1.147037824762590572e-02
1.580000000000000000e+14	9.500000000000000000e+00	1.434705646811728665e-02
2.000000000000000000e+14	9.500000000000000000e+00	1.850910694794924427e-02
2.510000000000000000e+14	9.500000000000000000e+00	2.378580654662382915e-02
3.160000000000000000e+14	9.500000000000000000e+00	2.978505452200942011e-02
3.980000000000000000e+14	9.500000000000000000e+00	3.519030553718150572e-02
5.010000000000000000e+14	9.500000000000000000e+00	3.914189897154525533e-02
6.310000000000000000e+14	9.500000000000000000e+00	4.056033839984093947e-02
7.940000000000000000e+14	9.500000000000000000e+00	3.922409054551368596e-02
1.000000000000000000e+15	9.500000000000000000e+00	3.377344909996999461e-02
1.260000000000000000e+15	9.500000000000000000e+00	2.609837514641395739e-02
1.580000000000000000e+15	9.500000000000000000e+00	1.982899802204847114e-02
2.000000000000000000e+15	9.500000000000000000e+00	1.133010430259737654e-02
2.510000000000000000e+15	9.500000000000000000e+00	1.758353685888278724e-03
3.160000000000000000e+15	9.500000000000000000e+00	-6.258188221679323801e-03
3.980000000000000000e+15	9.500000000000000000e+00	-1.289192145094668514e-02
5.010000000000000000e+15	9.500000000000000000e+00	-1.804967469484945741e-02
6.310000000000000000e+15	9.500000000000000000e+00	-2.179054270340062202e-02
7.940000000000000000e+15	9.500000000000000000e+00	-2.422080838694417454e-02
1.000000000000000000e+16	9.500000000000000000e+00	-2.553019889729814598e-02
1.260000000000000000e+16	9.500000000000000000e+00	-2.590182771061156838e-02
1.580000000000000000e+16	9.500000000000000000e+00	-2.556421750195385367e-02
2.000000000000000000e+16	9.500000000000000000e+00	-2.461899674455723941e-02
2.510000000000000000e+16	9.500000000000000000e+00	-2.334168397100655490e-02
3.160000000000000000e+16	9.500000000000000000e+00	-2.178436829625938348e-02
3.980000000000000000e+16	9.500000000000000000e+00	-2.007570625612987644e-02
5.010000000000000000e+16	9.500000000000000000e+00	-1.830955369127653873e-02
6.310000000000000000e+16	9.500000000000000000e+00	-1.654230683506941260e-02
7.940000000000000000e+16	9.500000000000000000e+00	-1.483541748727464082e-02
1.000000000000000000e+17	9.500000000000000000e+00	-1.320463565848367139e-02
1.000000000000000000e+11	1.050000000000000000e+01	1.578599841094824161e-05
1.258925411794166107e+11	1.050000000000000000e+01	1.989548707376677524e-05
1.584893192461110840e+11	1.050000000000000000e+01	2.509317799827804509e-05
1.995262314968882751e+11	1.050000000000000000e+01	3.168571577266332057e-05
2.511886431509582214e+11	1.050000000000000000e+01	4.008816737754465138e-05
3.162277660168379517e+11	1.050000000000000000e+01	5.088184540369641872e-05
3.981071705534969482e+11	1.050000000000000000e+01	6.491449882092565488e-05
5.011872336272714844e+11	1.050000000000000000e+01	8.346519239058692924e-05
6.309573444801943359e+11	1.050000000000000000e+01	1.084128499004884653e-04
7.943282347242821045e+11	1.050000000000000000e+01	1.410136018970737943e-04
1.000000000000000000e+12	1.050000000000000000e+01	1.622938832982981784e-04
1.260000000000000000e+12	1.050000000000000000e+01	1.745911585154879360e-04
1.580000000000000000e+12	1.050000000000000000e+01	2.010690780609498572e-04
2.000000000000000000e+12	1.050000000000000000e+01	2.451690281870504010e-04
2.510000000000000000e+12	1.050000000000000000e+01	3.014060733339996197e-04
3.160000000000000000e+12	1.050000000000000000e+01	3.725389551307491261e-04
3.980000000000000000e+12	1.050000000000000000e+01	4.603657651036785611e-04
5.010000000000000000e+12	1.050000000000000000e+01	5.777837202623812120e-04
6.310000000000000000e+12	1.050000000000000000e+01	7.284963534182361091e-04
7.940000000000000000e+12	1.050000000000000000e+01	9.179617699776835161e-04
1.000000000000000000e+13	1.050000000000000000e+01	1.161295685009117911e-03
1.260000000000000000e+13	1.050000000000000000e+01	1.469346537606180123e-03
1.580000000000000000e+13	1.050000000000000000e+01	1.852015953713707442e-03
2.000000000000000000e+13	1.050000000000000000e+01	2.360340017097106551e-03
2.510000000000000000e+13	1.050000000000000000e+01	2.976463393525474732e-03
3.160000000000000000e+13	1.050000000000000000e+01	3.713750550090662295e-03
3.980000000000000000e+13	1.050000000000000000e+01	4.568417410310316937e-03
5.010000000000000000e+13	1.050000000000000000e+01	5.497180654196202367e-03
6.310000000000000000e+13	1.050000000000000000e+01	6.488521774632899190e-03
7.940000000000000000e+13	1.050000000000000000e+01	7.638436642760630495e-03
1.000000000000000000e+14	1.050000000000000000e+01	9.092254121167786876e-03
1.260000000000000000e+14	1.050000000000000000e+01	1.115095801471616306e-02
1.580000000000000000e+14	1.050000000000000000e+01	1.403293215720522076e-02
2.000000000000000000e+14	1.050000000000000000e+01	1.820761498395880376e-02
2.510000000000000000e+14	1.050000000000000000e+01	2.340755944504781250e-02
3.160000000000000000e+14	1.050000000000000000e+01	2.916491464874167161e-02
3.980000000000000000e+14	1.050000000000000000e+01	3.443894715593445732e-02
5.010000000000000000e+14	1.050000000000000000e+01	3.779118199930775468e-02
6.310000000000000000e+14	1.050000000000000000e+01	3.902150179576457240e-02
7.940000000000000000e+14	1.050000000000000000e+01	3.556833003851114089e-02
1.000000000000000000e+15	1.050000000000000000e+01	3.021863442911719780e-02
1.260000000000000000e+15	1.050000000000000000e+01	2.348991787346886573e-02
1.580000000000000000e+15	1.050000000000000000e+01	1.582060642726814889e-02
2.000000000000000000e+15	1.050000000000000000e+01	9.511052994679948525e-03
2.510000000000000000e+15	1.050000000000000000e+01	8.636018371658717553e-04
3.160000000000000000e+15	1.050000000000000000e+01	-6.419477975016309700e-03
3.980000000000000000e+15	1.050000000000000000e+01	-1.247406731871122249e-02
5.010000000000000000e+15	1.050000000000000000e+01	-1.718921865181538902e-02
6.310000000000000000e+15	1.050000000000000000e+01	-2.060626183846409054e-02
7.940000000000000000e+15	1.050000000000000000e+01	-2.281722267367795876e-02
1.000000000000000000e+16	1.050000000000000000e+01	-2.399518044455089053e-02
1.260000000000000000e+16	1.050000000000000000e+01	-2.430715064858613231e-02
1.580000000000000000e+16	1.050000000000000000e+01	-2.396508140357820130e-02
2.000000000000000000e+16	1.050000000000000000e+01	-2.306065552469226468e-02
2.510000000000000000e+16	1.050000000000000000e+01	-2.185159494201368083e-02
3.160000000000000000e+16	1.050000000000000000e+01	-2.038497635852365431e-02
3.980000000000000000e+16	1.050000000000000000e+01	-1.877880568677364748e-02
5.010000000000000000e+16	1.050000000000000000e+01	-1.712159964307525400e-02
6.310000000000000000e+16	1.050000000000000000e+01	-1.546569871098233198e-02
7.940000000000000000e+16	1.050000000000000000e+01	-1.386720691495296927e-02
1.000000000000000000e+17	1.050000000000000000e+01	-1.234090806495130588e-02
1.000000000000000000e+11	1.150000000000000000e+01	1.487297050206883973e-05
1.258925411794166107e+11	1.150000000000000000e+01	1.874391460155183873e-05
1.584893192461110840e+11	1.150000000000000000e+01	2.363869547730741022e-05
1.995262314968882751e+11	1.150000000000000000e+01	2.984519510653514522e-05
2.511886431509582214e+11	1.150000000000000000e+01	3.775175632115342246e-05
3.162277660168379517e+11	1.150000000000000000e+01	4.789985473070617152e-05
3.981071705534969482e+11	1.150000000000000000e+01	6.107222738667441816e-05
5.011872336272714844e+11	1.150000000000000000e+01	7.842343669859085402e-05
6.309573444801943359e+11	1.150000000000000000e+01	1.015174677842865640e-04
7.943282347242821045e+11	1.150000000000000000e+01	1.295499844290969580e-04
1.000000000000000000e+12	1.150000000000000000e+01	1.500488191351382564e-04
1.260000000000000000e+12	1.150000000000000000e+01	1.663103839843752191e-04
1.580000000000000000e+12	1.150000000000000000e+01	1.947984292232864849e-04
2.000000000000000000e+12	1.150000000000000000e+01	2.377300240338928931e-04
2.510000000000000000e+12	1.150000000000000000e+01	2.923587717308542919e-04
3.160000000000000000e+12	1.150000000000000000e+01	3.637864037261412799e-04
3.980000000000000000e+12	1.150000000000000000e+01	4.563504841054126103e-04
5.010000000000000000e+12	1.150000000000000000e+01	5.715126355457712153e-04
6.310000000000000000e+12	1.150000000000000000e+01	7.169116522319668753e-04
7.940000000000000000e+12	1.150000000000000000e+01	9.012242127283144047e-04
1.000000000000000000e+13	1.150000000000000000e+01	1.140161348644743279e-03
1.260000000000000000e+13	1.150000000000000000e+01	1.445905551391436566e-03
1.580000000000000000e+13	1.150000000000000000e+01	1.822638838334443004e-03
2.000000000000000000e+13	1.150000000000000000e+01	2.321127100063654063e-03
2.510000000000000000e+13	1.150000000000000000e+01	2.912346620388360594e-03
3.160000000000000000e+13	1.150000000000000000e+01	3.661746357583401269e-03
3.980000000000000000e+13	1.150000000000000000e+01	4.489125630856063628e-03
5.010000000000000000e+13	1.150000000000000000e+01	5.391038141970408426e-03
6.310000000000000000e+13	1.150000000000000000e+01	6.402568528686210236e-03
7.940000000000000000e+13	1.150000000000000000e+01	7.555214446239123978e-03
1.000000000000000000e+14	1.150000000000000000e+01	9.063985677927630796e-03
1.260000000000000000e+14	1.150000000000000000e+01	1.115245633103796770e-02
1.580000000000000000e+14	1.150000000000000000e+01	1.402908306241174019e-02
2.000000000000000000e+14	1.150000000000000000e+01	1.834752934094200164e-02
2.510000000000000000e+14	1.150000000000000000e+01	2.358731146107471630e-02
3.160000000000000000e+14	1.150000000000000000e+01	2.909003715133390636e-02
3.980000000000000000e+14	1.150000000000000000e+01	3.441385960353143120e-02
5.010000000000000000e+14	1.150000000000000000e+01	3.822421317441616895e-02
6.310000000000000000e+14	1.150000000000000000e+01	3.841382505213609272e-02
7.940000000000000000e+14	1.150000000000000000e+01	3.793797407526252469e-02
1.000000000000000000e+15	1.150000000000000000e+01	3.349493942875383934e-02
1.260000000000000000e+15	1.150000000000000000e+01	2.421177815822722623e-02
1.580000000000000000e+15	1.150000000000000000e+01	1.577670841670330767e-02
2.000000000000000000e+15	1.150000000000000000e+01	7.133111562795078908e-03
2.510000000000000000e+15	1.150000000000000000e+01	-3.262005398222326240e-05
3.160000000000000000e+15	1.150000000000000000e+01	-6.976391170066424674e-03
3.980000000000000000e+15	1.150000000000000000e+01	-1.286389879703350725e-02
5.010000000000000000e+15	1.150000000000000000e+01	-1.747726467936708619e-02
6.310000000000000000e+15	1.150000000000000000e+01	-2.082524397823445200e-02
7.940000000000000000e+15	1.150000000000000000e+01	-2.298673018256034914e-02
1.000000000000000000e+16	1.150000000000000000e+01	-2.412756657060408094e-02
1.260000000000000000e+16	1.150000000000000000e+01	-2.441117039125647800e-02
1.580000000000000000e+16	1.150000000000000000e+01	-2.404751073028407390e-02
2.000000000000000000e+16	1.150000000000000000e+01	-2.312549864382099085e-02
2.510000000000000000e+16	1.150000000000000000e+01	-2.190314824945668176e-02
3.160000000000000000e+16	1.150000000000000000e+01	-2.042551932046383217e-02
3.980000000000000000e+16	1.150000000000000000e+01	-1.881135889002489431e-02
5.010000000000000000e+16	1.150000000000000000e+01	-1.714773730132812535e-02
6.310000000000000000e+16	1.150000000000000000e+01	-1.548614861978966396e-02
7.940000000000000000e+16	1.150000000000000000e+01	-1.388347433566883456e-02
1.000000000000000000e+17	1.150000000000000000e+01	-1.235379431257224887e-02
1.000000000000000000e+11	1.250000000000000000e+01	1.434246685149291350e-05
1.258925411794166107e+11	1.250000000000000000e+01	1.807395161071008349e-05
1.584893192461110840e+11	1.250000000000000000e+01	2.279237158054615617e-05
1.995262314968882751e+11	1.250000000000000000e+01	2.877407303260442824e-05
2.511886431509582214e+11	1.250000000000000000e+01	3.639118782262742345e-05
3.162277660168379517e+11	1.250000000000000000e+01	4.616163665246474990e-05
3.981071705534969482e+11	1.250000000000000000e+01	5.882936491573359858e-05
5.011872336272714844e+11	1.250000000000000000e+01	7.547413912192971815e-05
6.309573444801943359e+11	1.250000000000000000e+01	9.747209254920734321e-05
7.943282347242821045e+11	1.250000000000000000e+01	1.228961427395962899e-04
1.000000000000000000e+12	1.250000000000000000e+01	1.416510251862886452e-04
1.260000000000000000e+12	1.250000000000000000e+01	1.618250360003474953e-04
1.580000000000000000e+12	1.250000000000000000e+01	1.931341204592031569e-04
2.000000000000000000e+12	1.250000000000000000e+01	2.345905908470530482e-04
2.510000000000000000e+12	1.250000000000000000e+01	2.885104079768452466e-04
3.160000000000000000e+12	1.250000000000000000e+01	3.589379213031344590e-04
3.980000000000000000e+12	1.250000000000000000e+01	4.490490337620227758e-04
5.010000000000000000e+12	1.250000000000000000e+01	5.634525764096541501e-04
6.310000000000000000e+12	1.250000000000000000e+01	7.094876772471519870e-04
7.940000000000000000e+12	1.250000000000000000e+01	8.969317705360219323e-04
1.000000000000000000e+13	1.250000000000000000e+01	1.134619798056706562e-03
1.260000000000000000e+13	1.250000000000000000e+01	1.437123807649328712e-03
1.580000000000000000e+13	1.250000000000000000e+01	1.814249909072550293e-03
2.000000000000000000e+13	1.250000000000000000e+01	2.307829657812489332e-03
2.510000000000000000e+13	1.250000000000000000e+01	2.906736175831212479e-03
3.160000000000000000e+13	1.250000000000000000e+01	3.618279683042617979e-03
3.980000000000000000e+13	1.250000000000000000e+01	4.453077891020295470e-03
5.010000000000000000e+13	1.250000000000000000e+01	5.374773815719247581e-03
6.310000000000000000e+13	1.250000000000000000e+01	6.396233513762379294e-03
7.940000000000000000e+13	1.250000000000000000e+01	7.620354592512528814e-03
1.000000000000000000e+14	1.250000000000000000e+01	9.168223003012818811e-03
1.260000000000000000e+14	1.250000000000000000e+01	1.132512523747903656e-02
1.580000000000000000e+14	1.250000000000000000e+01	1.434421836751032832e-02
2.000000000000000000e+14	1.250000000000000000e+01	1.857935325804441207e-02
2.510000000000000000e+14	1.250000000000000000e+01	2.389479046986381014e-02
3.160000000000000000e+14	1.250000000000000000e+01	3.007099013546883984e-02
3.980000000000000000e+14	1.250000000000000000e+01	3.543924160738395890e-02
5.010000000000000000e+14	1.250000000000000000e+01	3.901090546281173882e-02
6.310000000000000000e+14	1.250000000000000000e+01	4.073214444652393379e-02
7.940000000000000000e+14	1.250000000000000000e+01	3.754182087791175376e-02
1.000000000000000000e+15	1.250000000000000000e+01	3.286998276297956045e-02
1.260000000000000000e+15	1.250000000000000000e+01	2.816989394662995291e-02
1.580000000000000000e+15	1.250000000000000000e+01	2.054941391345060583e-02
2.000000000000000000e+15	1.250000000000000000e+01	1.177032401535785949e-02
2.510000000000000000e+15	1.250000000000000000e+01	2.068712443223258771e-03
3.160000000000000000e+15	1.250000000000000000e+01	-6.028252454624122639e-03
3.980000000000000000e+15	1.250000000000000000e+01	-1.271667509169479952e-02
5.010000000000000000e+15	1.250000000000000000e+01	-1.791382368701562033e-02
6.310000000000000000e+15	1.250000000000000000e+01	-2.168431369780508475e-02
7.940000000000000000e+15	1.250000000000000000e+01	-2.413680205429828696e-02
1.000000000000000000e+16	1.250000000000000000e+01	-2.546417553063604067e-02
1.260000000000000000e+16	1.250000000000000000e+01	-2.584965616065591776e-02
1.580000000000000000e+16	1.250000000000000000e+01	-2.552271111624427463e-02
2.000000000000000000e+16	1.250000000000000000e+01	-2.458622081897542111e-02
2.510000000000000000e+16	1.250000000000000000e+01	-2.331558777578731853e-02
3.160000000000000000e+16	1.250000000000000000e+01	-2.176384080254174444e-02
3.980000000000000000e+16	1.250000000000000000e+01	-2.005909534882916248e-02
5.010000000000000000e+16	1.250000000000000000e+01	-1.829653440177173712e-02
6.310000000000000000e+16	1.250000000000000000e+01	-1.653192702342685602e-02
7.940000000000000000e+16	1.250000000000000000e+01	-1.482712785659157442e-02
1.000000000000000000e+17	1.250000000000000000e+01	-1.319809957678814809e-02
1.000000000000000000e+11	1.400000000000000000e+01	1.300838051191469306e-05
1.258925411794166107e+11	1.400000000000000000e+01	1.639247825145684399e-05
1.584893192461110840e+11	1.400000000000000000e+01	2.067065473231115654e-05
1.995262314968882751e+11	1.400000000000000000e+01	2.609249900390979760e-05
2.511886431509582214e+11	1.400000000000000000e+01	3.299433904360889180e-05
3.162277660168379517e+11	1.400000000000000000e+01	4.184130405195027856e-05
3.981071705534969482e+11	1.400000000000000000e+01	5.329477154845662252e-05
5.011872336272714844e+11	1.400000000000000000e+01	6.828608660981386061e-05
6.309573444801943359e+11	1.400000000000000000e+01	8.784168917112151218e-05
7.943282347242821045e+11	1.400000000000000000e+01	1.079079624200177942e-04
1.000000000000000000e+12	1.400000000000000000e+01	1.246908699265265126e-04
1.260000000000000000e+12	1.400000000000000000e+01	1.463390261643694680e-04
1.580000000000000000e+12	1.400000000000000000e+01	1.779877315227293292e-04
2.000000000000000000e+12	1.400000000000000000e+01	2.219954983038983660e-04
2.510000000000000000e+12	1.400000000000000000e+01	2.753552747002273771e-04
3.160000000000000000e+12	1.400000000000000000e+01	3.434439731509748134e-04
3.980000000000000000e+12	1.400000000000000000e+01	4.299762227055865479e-04
5.010000000000000000e+12	1.400000000000000000e+01	5.390648386562244508e-04
6.310000000000000000e+12	1.400000000000000000e+01	6.783785658015447110e-04
7.940000000000000000e+12	1.400000000000000000e+01	8.538393775868269395e-04
1.000000000000000000e+13	1.400000000000000000e+01	1.078798650218179382e-03
1.260000000000000000e+13	1.400000000000000000e+01	1.366051283162491138e-03
1.580000000000000000e+13	1.400000000000000000e+01	1.721420257054320085e-03
2.000000000000000000e+13	1.400000000000000000e+01	2.190710970795400024e-03
2.510000000000000000e+13	1.400000000000000000e+01	2.753519392001571239e-03
3.160000000000000000e+13	1.400000000000000000e+01	3.447316484220493311e-03
3.980000000000000000e+13	1.400000000000000000e+01	4.245635765199404048e-03
5.010000000000000000e+13	1.400000000000000000e+01	5.117191830676482561e-03
6.310000000000000000e+13	1.400000000000000000e+01	6.111161122907468428e-03
7.940000000000000000e+13	1.400000000000000000e+01	7.307396837493557000e-03
1.000000000000000000e+14	1.400000000000000000e+01	8.861449727584744598e-03
1.260000000000000000e+14	1.400000000000000000e+01	1.100254171085905154e-02
1.580000000000000000e+14	1.400000000000000000e+01	1.394562716419076726e-02
2.000000000000000000e+14	1.400000000000000000e+01	1.823830360038932938e-02
2.510000000000000000e+14	1.400000000000000000e+01	2.356071806603548396e-02
3.160000000000000000e+14	1.400000000000000000e+01	2.943861921003721252e-02
3.980000000000000000e+14	1.400000000000000000e+01	3.485816336708250085e-02
5.010000000000000000e+14	1.400000000000000000e+01	3.846733809460359255e-02
6.310000000000000000e+14	1.400000000000000000e+01	3.941768497447058206e-02
7.940000000000000000e+14	1.400000000000000000e+01	3.753321937805818159e-02
1.000000000000000000e+15	1.400000000000000000e+01	3.255614917575767181e-02
1.260000000000000000e+15	1.400000000000000000e+01	2.513730345561209986e-02
1.580000000000000000e+15	1.400000000000000000e+01	1.608433642588907517e-02
2.000000000000000000e+15	1.400000000000000000e+01	7.323195529479169935e-03
2.510000000000000000e+15	1.400000000000000000e+01	1.036779939040789695e-04
3.160000000000000000e+15	1.400000000000000000e+01	-6.874951769213699486e-03
3.980000000000000000e+15	1.400000000000000000e+01	-1.278608870977162963e-02
5.010000000000000000e+15	1.400000000000000000e+01	-1.741670547462260271e-02
6.310000000000000000e+15	1.400000000000000000e+01	-2.077778739094304425e-02
7.940000000000000000e+15	1.400000000000000000e+01	-2.294916217935994568e-02
1.000000000000000000e+16	1.400000000000000000e+01	-2.409801097106805193e-02
1.260000000000000000e+16	1.400000000000000000e+01	-2.438776585959490095e-02
1.580000000000000000e+16	1.400000000000000000e+01	-2.402886907222869656e-02
2.000000000000000000e+16	1.400000000000000000e+01	-2.311080542025555074e-02
2.510000000000000000e+16	1.400000000000000000e+01	-2.189145329465531919e-02
3.160000000000000000e+16	1.400000000000000000e+01	-2.041624129575157071e-02
3.980000000000000000e+16	1.400000000000000000e+01	-1.880396633551429525e-02
5.010000000000000000e+16	1.400000000000000000e+01	-1.714185974551594299e-02
6.310000000000000000e+16	1.400000000000000000e+01	-1.548149202186215045e-02
7.940000000000000000e+16	1.400000000000000000e+01	-1.387977366669373123e-02
1.000000000000000000e+17	1.400000000000000000e+01	-1.235085900818917205e-02
1.000000000000000000e+11	1.600000000000000000e+01	1.213036465070901595e-05
1.258925411794166107e+11	1.600000000000000000e+01	1.528519710403718673e-05
1.584893192461110840e+11	1.600000000000000000e+01	1.927199001359055261e-05
1.995262314968882751e+11	1.600000000000000000e+01	2.432373146234199435e-05
2.511886431509582214e+11	1.600000000000000000e+01	3.075073435941760419e-05
3.162277660168379517e+11	1.600000000000000000e+01	3.898158112512212909e-05
3.981071705534969482e+11	1.600000000000000000e+01	4.961750744589218693e-05
5.011872336272714844e+11	1.600000000000000000e+01	6.347624864617916712e-05
6.309573444801943359e+11	1.600000000000000000e+01	8.129481344975941293e-05
7.943282347242821045e+11	1.600000000000000000e+01	9.702575783048659672e-05
1.000000000000000000e+12	1.600000000000000000e+01	1.139476029937291115e-04
1.260000000000000000e+12	1.600000000000000000e+01	1.394288052515493944e-04
1.580000000000000000e+12	1.600000000000000000e+01	1.710769836361552068e-04
2.000000000000000000e+12	1.600000000000000000e+01	2.126610846767316662e-04
2.510000000000000000e+12	1.600000000000000000e+01	2.644804845161274030e-04
3.160000000000000000e+12	1.600000000000000000e+01	3.322614805887706387e-04
3.980000000000000000e+12	1.600000000000000000e+01	4.167588108878016585e-04
5.010000000000000000e+12	1.600000000000000000e+01	5.232572381619198269e-04
6.310000000000000000e+12	1.600000000000000000e+01	6.581585618333553886e-04
7.940000000000000000e+12	1.600000000000000000e+01	8.298468549996457048e-04
1.000000000000000000e+13	1.600000000000000000e+01	1.048761275172160282e-03
1.260000000000000000e+13	1.600000000000000000e+01	1.326712887746376050e-03
1.580000000000000000e+13	1.600000000000000000e+01	1.668967074080412094e-03
2.000000000000000000e+13	1.600000000000000000e+01	2.119080073002221204e-03
2.510000000000000000e+13	1.600000000000000000e+01	2.669693083007896022e-03
3.160000000000000000e+13	1.600000000000000000e+01	3.346416897163019284e-03
3.980000000000000000e+13	1.600000000000000000e+01	4.126363628076652398e-03
5.010000000000000000e+13	1.600000000000000000e+01	5.011711518957422465e-03
6.310000000000000000e+13	1.600000000000000000e+01	6.024997834029868424e-03
7.940000000000000000e+13	1.600000000000000000e+01	7.244655183669496297e-03
1.000000000000000000e+14	1.600000000000000000e+01	8.855250492003943069e-03
1.260000000000000000e+14	1.600000000000000000e+01	1.107229077143385629e-02
1.580000000000000000e+14	1.600000000000000000e+01	1.420993314165313465e-02
2.000000000000000000e+14	1.600000000000000000e+01	1.858327854466248347e-02
2.510000000000000000e+14	1.600000000000000000e+01	2.377929929409554333e-02
3.160000000000000000e+14	1.600000000000000000e+01	2.963151100746066330e-02
3.980000000000000000e+14	1.600000000000000000e+01	3.501566392596036636e-02
5.010000000000000000e+14	1.600000000000000000e+01	3.891001901190624390e-02
6.310000000000000000e+14	1.600000000000000000e+01	3.966921542113500954e-02
7.940000000000000000e+14	1.600000000000000000e+01	3.726391159747658582e-02
1.000000000000000000e+15	1.600000000000000000e+01	3.188812452647275114e-02
1.260000000000000000e+15	1.600000000000000000e+01	2.517108231963047921e-02
1.580000000000000000e+15	1.600000000000000000e+01	1.927515183005094196e-02
2.000000000000000000e+15	1.600000000000000000e+01	1.105332843560730312e-02
2.510000000000000000e+15	1.600000000000000000e+01	1.740310280803081429e-03
3.160000000000000000e+15	1.600000000000000000e+01	-6.024340990327812367e-03
3.980000000000000000e+15	1.600000000000000000e+01	-1.244453550671506190e-02
5.010000000000000000e+15	1.600000000000000000e+01	-1.743424838955116157e-02
6.310000000000000000e+15	1.600000000000000000e+01	-2.105424227924749744e-02
7.940000000000000000e+15	1.600000000000000000e+01	-2.340584974384079739e-02
1.000000000000000000e+16	1.600000000000000000e+01	-2.467315961303570560e-02
1.260000000000000000e+16	1.600000000000000000e+01	-2.503371757214930410e-02
1.580000000000000000e+16	1.600000000000000000e+01	-2.470833978126384806e-02
2.000000000000000000e+16	1.600000000000000000e+01	-2.379541030828357176e-02
2.510000000000000000e+16	1.600000000000000000e+01	-2.256128287271368799e-02
3.160000000000000000e+16	1.600000000000000000e+01	-2.105635308972728451e-02
3.980000000000000000e+16	1.600000000000000000e+01	-1.940504072690981199e-02
5.010000000000000000e+16	1.600000000000000000e+01	-1.769806972947681953e-02
6.310000000000000000e+16	1.600000000000000000e+01	-1.598996055468074329e-02
7.940000000000000000e+16	1.600000000000000000e+01	-1.434016278344176117e-02
1.000000000000000000e+17	1.600000000000000000e+01	-1.276390964818858477e-02
1.000000000000000000e+11	1.800000000000000000e+01	1.119546616911841202e-05
1.258925411794166107e+11	1.800000000000000000e+01	1.410680795320004433e-05
1.584893192461110840e+11	1.800000000000000000e+01	1.778641559649889807e-05
1.995262314968882751e+11	1.800000000000000000e+01	2.244777269543267310e-05
2.511886431509582214e+11	1.800000000000000000e+01	2.837769714700462409e-05
3.162277660168379517e+11	1.800000000000000000e+01	3.596996575510421121e-05
3.981071705534969482e+11	1.800000000000000000e+01	4.577402124876716282e-05
5.011872336272714844e+11	1.800000000000000000e+01	5.851827900885281668e-05
6.309573444801943359e+11	1.800000000000000000e+01	7.473860886390673618e-05
7.943282347242821045e+11	1.800000000000000000e+01	8.727112142889715499e-05
1.000000000000000000e+12	1.800000000000000000e+01	1.021429221213387311e-04
1.260000000000000000e+12	1.800000000000000000e+01	1.292043882579979141e-04
1.580000000000000000e+12	1.800000000000000000e+01	1.598691093800479711e-04
2.000000000000000000e+12	1.800000000000000000e+01	2.008929279209197493e-04
2.510000000000000000e+12	1.800000000000000000e+01	2.519864287766225477e-04
3.160000000000000000e+12	1.800000000000000000e+01	3.153857230961917054e-04
3.980000000000000000e+12	1.800000000000000000e+01	3.972253128495173077e-04
5.010000000000000000e+12	1.800000000000000000e+01	4.999400817528139784e-04
6.310000000000000000e+12	1.800000000000000000e+01	6.279656702988281299e-04
7.940000000000000000e+12	1.800000000000000000e+01	7.907903057990169505e-04
1.000000000000000000e+13	1.800000000000000000e+01	9.997405826645403611e-04
1.260000000000000000e+13	1.800000000000000000e+01	1.264294043952838989e-03
1.580000000000000000e+13	1.800000000000000000e+01	1.593374112507397545e-03
2.000000000000000000e+13	1.800000000000000000e+01	2.029094567798638785e-03
2.510000000000000000e+13	1.800000000000000000e+01	2.542538661257069069e-03
3.160000000000000000e+13	1.800000000000000000e+01	3.166263181251032302e-03
3.980000000000000000e+13	1.800000000000000000e+01	3.906090579082921021e-03
5.010000000000000000e+13	1.800000000000000000e+01	4.763980083184372709e-03
6.310000000000000000e+13	1.800000000000000000e+01	5.775986872402117007e-03
7.940000000000000000e+13	1.800000000000000000e+01	7.011731617903337217e-03
1.000000000000000000e+14	1.800000000000000000e+01	8.629409916438885927e-03
1.260000000000000000e+14	1.800000000000000000e+01	1.086944703766888794e-02
1.580000000000000000e+14	1.800000000000000000e+01	1.383667481187132037e-02
2.000000000000000000e+14	1.800000000000000000e+01	1.810236477002968511e-02
2.510000000000000000e+14	1.800000000000000000e+01	2.344174621314257592e-02
3.160000000000000000e+14	1.800000000000000000e+01	2.939572504155040303e-02
3.980000000000000000e+14	1.800000000000000000e+01	3.454851148631481184e-02
5.010000000000000000e+14	1.800000000000000000e+01	3.781620096477270737e-02
6.310000000000000000e+14	1.800000000000000000e+01	3.951271809788081679e-02
7.940000000000000000e+14	1.800000000000000000e+01	3.754713177865248025e-02
1.000000000000000000e+15	1.800000000000000000e+01	3.294430799493479334e-02
1.260000000000000000e+15	1.800000000000000000e+01	2.659197840688528117e-02
1.580000000000000000e+15	1.800000000000000000e+01	1.673285080700585500e-02
2.000000000000000000e+15	1.800000000000000000e+01	7.753294255678266737e-03
2.510000000000000000e+15	1.800000000000000000e+01	4.187713565680863288e-04
3.160000000000000000e+15	1.800000000000000000e+01	-6.636098182368049478e-03
3.980000000000000000e+15	1.800000000000000000e+01	-1.260166896179197062e-02
5.010000000000000000e+15	1.800000000000000000e+01	-1.727266117834551709e-02
6.310000000000000000e+15	1.800000000000000000e+01	-2.066459982049295707e-02
7.940000000000000000e+15	1.800000000000000000e+01	-2.286028770399482421e-02
1.000000000000000000e+16	1.800000000000000000e+01	-2.402733332267555089e-02
1.260000000000000000e+16	1.800000000000000000e+01	-2.433181933683764564e-02
1.580000000000000000e+16	1.800000000000000000e+01	-2.398433488882848949e-02
2.000000000000000000e+16	1.800000000000000000e+01	-2.307565601665509045e-02
2.510000000000000000e+16	1.800000000000000000e+01	-2.186344276751805635e-02
3.160000000000000000e+16	1.800000000000000000e+01	-2.039402180597960773e-02
3.980000000000000000e+16	1.800000000000000000e+01	-1.878630452017004265e-02
5.010000000000000000e+16	1.800000000000000000e+01	-1.712785466869541987e-02
6.310000000000000000e+16	1.800000000000000000e+01	-1.547034554759083372e-02
7.940000000000000000e+16	1.800000000000000000e+01	-1.387093242465948714e-02
1.000000000000000000e+17	1.800000000000000000e+01	-1.234381990309804840e-02
1.000000000000000000e+11	2.000000000000000000e+01	1.092935763756720829e-05
1.258925411794166107e+11	2.000000000000000000e+01	1.377119386611658302e-05
1.584893192461110840e+11	2.000000000000000000e+01	1.736264842487403711e-05
1.995262314968882751e+11	2.000000000000000000e+01	2.191183114843250595e-05
2.511886431509582214e+11	2.000000000000000000e+01	2.769780105769122471e-05
3.162277660168379517e+11	2.000000000000000000e+01	3.510336889745841696e-05
3.981071705534969482e+11	2.000000000000000000e+01	4.465980909861580429e-05
5.011872336272714844e+11	2.000000000000000000e+01	5.706147690591212182e-05
6.309573444801943359e+11	2.000000000000000000e+01	7.275958500201887193e-05
7.943282347242821045e+11	2.000000000000000000e+01	8.406813044991943019e-05
1.000000000000000000e+12	2.000000000000000000e+01	9.860467086670011646e-05
1.260000000000000000e+12	2.000000000000000000e+01	1.260450920126904122e-04
1.580000000000000000e+12	2.000000000000000000e+01	1.584306451052385823e-04
2.000000000000000000e+12	2.000000000000000000e+01	1.995952405777394543e-04
2.510000000000000000e+12	2.000000000000000000e+01	2.484267924445716013e-04
3.160000000000000000e+12	2.000000000000000000e+01	3.118231834558845704e-04
3.980000000000000000e+12	2.000000000000000000e+01	3.922925693248036950e-04
5.010000000000000000e+12	2.000000000000000000e+01	4.939841527573766728e-04
6.310000000000000000e+12	2.000000000000000000e+01	6.241744161396318860e-04
7.940000000000000000e+12	2.000000000000000000e+01	7.866345663684089088e-04
1.000000000000000000e+13	2.000000000000000000e+01	9.924821514238754347e-04
1.260000000000000000e+13	2.000000000000000000e+01	1.255439187860999447e-03
1.580000000000000000e+13	2.000000000000000000e+01	1.579776388158308413e-03
2.000000000000000000e+13	2.000000000000000000e+01	2.006943242008864085e-03
2.510000000000000000e+13	2.000000000000000000e+01	2.514815559102222525e-03
3.160000000000000000e+13	2.000000000000000000e+01	3.139423854612897937e-03
3.980000000000000000e+13	2.000000000000000000e+01	3.899313012456609700e-03
5.010000000000000000e+13	2.000000000000000000e+01	4.775714058702073064e-03
6.310000000000000000e+13	2.000000000000000000e+01	5.798810588753321865e-03
7.940000000000000000e+13	2.000000000000000000e+01	7.082148506690325897e-03
1.000000000000000000e+14	2.000000000000000000e+01	8.784281631934799314e-03
1.260000000000000000e+14	2.000000000000000000e+01	1.103161581890912957e-02
1.580000000000000000e+14	2.000000000000000000e+01	1.405843226047924152e-02
2.000000000000000000e+14	2.000000000000000000e+01	1.857904820520974234e-02
2.510000000000000000e+14	2.000000000000000000e+01	2.404311909305638720e-02
3.160000000000000000e+14	2.000000000000000000e+01	2.998067451033607778e-02
3.980000000000000000e+14	2.000000000000000000e+01	3.527328051193245190e-02
5.010000000000000000e+14	2.000000000000000000e+01	3.953683144472500133e-02
6.310000000000000000e+14	2.000000000000000000e+01	4.075904075176823432e-02
7.940000000000000000e+14	2.000000000000000000e+01	3.822650901088801151e-02
1.000000000000000000e+15	2.000000000000000000e+01	3.356132701416365827e-02
1.260000000000000000e+15	2.000000000000000000e+01	2.647791790442521540e-02
1.580000000000000000e+15	2.000000000000000000e+01	1.838612310590978863e-02
2.000000000000000000e+15	2.000000000000000000e+01	9.625272193279363689e-03
2.510000000000000000e+15	2.000000000000000000e+01	1.154056539081240460e-03
3.160000000000000000e+15	2.000000000000000000e+01	-6.394712605315594836e-03
3.980000000000000000e+15	2.000000000000000000e+01	-1.270519119025366635e-02
5.010000000000000000e+15	2.000000000000000000e+01	-1.762810594894731464e-02
6.310000000000000000e+15	2.000000000000000000e+01	-2.120134269701687627e-02
7.940000000000000000e+15	2.000000000000000000e+01	-2.351933621203044361e-02
1.000000000000000000e+16	2.000000000000000000e+01	-2.476220912010106134e-02
1.260000000000000000e+16	2.000000000000000000e+01	-2.510369448769200762e-02
1.580000000000000000e+16	2.000000000000000000e+01	-2.446409937173554469e-02
2.000000000000000000e+16	2.000000000000000000e+01	-2.383903692056654061e-02
2.510000000000000000e+16	2.000000000000000000e+01	-2.259598228905961362e-02
3.160000000000000000e+16	2.000000000000000000e+01	-2.108404771715203033e-02
3.980000000000000000e+16	2.000000000000000000e+01	-1.942686236146002471e-02
5.010000000000000000e+16	2.000000000000000000e+01	-1.771540435015657097e-02
6.310000000000000000e+16	2.000000000000000000e+01	-1.600367902864358385e-02
7.940000000000000000e+16	2.000000000000000000e+01	-1.435112994453901884e-02
1.000000000000000000e+17	2.000000000000000000e+01	-1.277261454527798060e-02
1.000000000000000000e+11	2.200000000000000000e+01	1.034456489383003940e-05
1.258925411794166107e+11	2.200000000000000000e+01	1.303407010226278142e-05
1.584893192461110840e+11	2.200000000000000000e+01	1.643286260651529156e-05
1.995262314968882751e+11	2.200000000000000000e+01	2.073759623695390456e-05
2.511886431509582214e+11	2.200000000000000000e+01	2.621188555574213632e-05
3.162277660168379517e+11	2.200000000000000000e+01	3.321649586492819457e-05
3.981071705534969482e+11	2.200000000000000000e+01	4.224882586500736874e-05
5.011872336272714844e+11	2.200000000000000000e+01	5.394294477570243441e-05
6.309573444801943359e+11	2.200000000000000000e+01	6.860587286350871043e-05
7.943282347242821045e+11	2.200000000000000000e+01	7.756748076081853649e-05
1.000000000000000000e+12	2.200000000000000000e+01	9.216780288542918880e-05
1.260000000000000000e+12	2.200000000000000000e+01	1.208711120936913731e-04
1.580000000000000000e+12	2.200000000000000000e+01	1.510823003060676663e-04
2.000000000000000000e+12	2.200000000000000000e+01	1.912576404989633984e-04
2.510000000000000000e+12	2.200000000000000000e+01	2.406693428602040366e-04
3.160000000000000000e+12	2.200000000000000000e+01	3.025830907450853687e-04
3.980000000000000000e+12	2.200000000000000000e+01	3.801540920978316459e-04
5.010000000000000000e+12	2.200000000000000000e+01	4.776546348639442298e-04
6.310000000000000000e+12	2.200000000000000000e+01	6.007636400954552989e-04
7.940000000000000000e+12	2.200000000000000000e+01	7.564787571293286233e-04
1.000000000000000000e+13	2.200000000000000000e+01	9.544261061793095661e-04
1.260000000000000000e+13	2.200000000000000000e+01	1.206567651511578597e-03
1.580000000000000000e+13	2.200000000000000000e+01	1.516829778367647383e-03
2.000000000000000000e+13	2.200000000000000000e+01	1.921499076817836504e-03
2.510000000000000000e+13	2.200000000000000000e+01	2.421257186732377834e-03
3.160000000000000000e+13	2.200000000000000000e+01	3.052152790467751835e-03
3.980000000000000000e+13	2.200000000000000000e+01	3.774082234171375217e-03
5.010000000000000000e+13	2.200000000000000000e+01	4.616278257786493242e-03
6.310000000000000000e+13	2.200000000000000000e+01	5.646851021761105545e-03
7.940000000000000000e+13	2.200000000000000000e+01	6.927123891936241319e-03
1.000000000000000000e+14	2.200000000000000000e+01	8.609366622933689248e-03
1.260000000000000000e+14	2.200000000000000000e+01	1.089083589520317870e-02
1.580000000000000000e+14	2.200000000000000000e+01	1.407961957894328896e-02
2.000000000000000000e+14	2.200000000000000000e+01	1.857730258607093871e-02
2.510000000000000000e+14	2.200000000000000000e+01	2.390161974137382586e-02
3.160000000000000000e+14	2.200000000000000000e+01	2.975716271078957323e-02
3.980000000000000000e+14	2.200000000000000000e+01	3.561082680130964184e-02
5.010000000000000000e+14	2.200000000000000000e+01	3.869779799032973394e-02
6.310000000000000000e+14	2.200000000000000000e+01	3.772129214728204422e-02
7.940000000000000000e+14	2.200000000000000000e+01	3.648814392413163993e-02
1.000000000000000000e+15	2.200000000000000000e+01	3.216216685013541937e-02
1.260000000000000000e+15	2.200000000000000000e+01	2.437124666372102524e-02
1.580000000000000000e+15	2.200000000000000000e+01	1.733972224182420488e-02
2.000000000000000000e+15	2.200000000000000000e+01	9.018724258648868480e-03
2.510000000000000000e+15	2.200000000000000000e+01	8.926549092515582637e-04
3.160000000000000000e+15	2.200000000000000000e+01	-6.346588700603742784e-03
3.980000000000000000e+15	2.200000000000000000e+01	-1.240182847991658580e-02
5.010000000000000000e+15	2.200000000000000000e+01	-1.712623114988107154e-02
6.310000000000000000e+15	2.200000000000000000e+01	-2.055386604258794062e-02
7.940000000000000000e+15	2.200000000000000000e+01	-2.277485701773428184e-02
1.000000000000000000e+16	2.200000000000000000e+01	-2.396075958204450448e-02
1.260000000000000000e+16	2.200000000000000000e+01	-2.427957404289073085e-02
1.580000000000000000e+16	2.200000000000000000e+01	-2.394294237217672872e-02
2.000000000000000000e+16	2.200000000000000000e+01	-2.304312951575085422e-02
2.510000000000000000e+16	2.200000000000000000e+01	-2.183759578449210453e-02
3.160000000000000000e+16	2.200000000000000000e+01	-2.037351459083323532e-02
3.980000000000000000e+16	2.200000000000000000e+01	-1.877008025655248907e-02
5.010000000000000000e+16	2.200000000000000000e+01	-1.711516357457649323e-02
6.310000000000000000e+16	2.200000000000000000e+01	-1.546013747381557064e-02
7.940000000000000000e+16	2.200000000000000000e+01	-1.386280066982081144e-02
1.000000000000000000e+17	2.200000000000000000e+01	-1.233737983754751820e-02
1.000000000000000000e+11	2.400000000000000000e+01	1.009030862794678361e-05
1.258925411794166107e+11	2.400000000000000000e+01	1.271419743387456964e-05
1.584893192461110840e+11	2.400000000000000000e+01	1.603058606444889415e-05
1.995262314968882751e+11	2.400000000000000000e+01	2.023194119185413894e-05
2.511886431509582214e+11	2.400000000000000000e+01	2.557711391958136156e-05
3.162277660168379517e+11	2.400000000000000000e+01	3.242113111439601280e-05
3.981071705534969482e+11	2.400000000000000000e+01	4.125668249915268553e-05
5.011872336272714844e+11	2.400000000000000000e+01	5.271648824340412264e-05
6.309573444801943359e+11	2.400000000000000000e+01	6.713208192202282920e-05
7.943282347242821045e+11	2.400000000000000000e+01	7.623361741676692332e-05
1.000000000000000000e+12	2.400000000000000000e+01	8.916924397855795085e-05
1.260000000000000000e+12	2.400000000000000000e+01	1.152619751124017873e-04
1.580000000000000000e+12	2.400000000000000000e+01	1.462114601595375222e-04
2.000000000000000000e+12	2.400000000000000000e+01	1.865132949129025242e-04
2.510000000000000000e+12	2.400000000000000000e+01	2.332498692724751708e-04
3.160000000000000000e+12	2.400000000000000000e+01	2.941092853447192876e-04
3.980000000000000000e+12	2.400000000000000000e+01	3.694164210808971623e-04
5.010000000000000000e+12	2.400000000000000000e+01	4.653138642631670231e-04
6.310000000000000000e+12	2.400000000000000000e+01	5.861776481325524108e-04
7.940000000000000000e+12	2.400000000000000000e+01	7.377663793955571226e-04
1.000000000000000000e+13	2.400000000000000000e+01	9.331895879070161055e-04
1.260000000000000000e+13	2.400000000000000000e+01	1.179058028145047680e-03
1.580000000000000000e+13	2.400000000000000000e+01	1.482108196267521759e-03
2.000000000000000000e+13	2.400000000000000000e+01	1.883500225974628307e-03
2.510000000000000000e+13	2.400000000000000000e+01	2.357611643758080605e-03
3.160000000000000000e+13	2.400000000000000000e+01	2.935227203559952203e-03
3.980000000000000000e+13	2.400000000000000000e+01	3.650588234789425932e-03
5.010000000000000000e+13	2.400000000000000000e+01	4.508768385473311061e-03
6.310000000000000000e+13	2.400000000000000000e+01	5.538889716879005776e-03
7.940000000000000000e+13	2.400000000000000000e+01	6.815100399714038061e-03
1.000000000000000000e+14	2.400000000000000000e+01	8.468648790824860953e-03
1.260000000000000000e+14	2.400000000000000000e+01	1.085673742173728917e-02
1.580000000000000000e+14	2.400000000000000000e+01	1.404701150799233210e-02
2.000000000000000000e+14	2.400000000000000000e+01	1.825218301554069195e-02
2.510000000000000000e+14	2.400000000000000000e+01	2.357558832491455855e-02
3.160000000000000000e+14	2.400000000000000000e+01	2.946751685920711433e-02
3.980000000000000000e+14	2.400000000000000000e+01	3.462113631860558316e-02
5.010000000000000000e+14	2.400000000000000000e+01	3.808235248122964628e-02
6.310000000000000000e+14	2.400000000000000000e+01	3.990436176253379236e-02
7.940000000000000000e+14	2.400000000000000000e+01	3.774797887156228909e-02
1.000000000000000000e+15	2.400000000000000000e+01	3.308516964308919756e-02
1.260000000000000000e+15	2.400000000000000000e+01	2.669710982021501755e-02
1.580000000000000000e+15	2.400000000000000000e+01	1.681391703435957188e-02
2.000000000000000000e+15	2.400000000000000000e+01	7.816034220310052669e-03
2.510000000000000000e+15	2.400000000000000000e+01	4.681429540777329464e-04
3.160000000000000000e+15	2.400000000000000000e+01	-6.597156050725391623e-03
3.980000000000000000e+15	2.400000000000000000e+01	-1.257089263278152701e-02
5.010000000000000000e+15	2.400000000000000000e+01	-1.724827755305509067e-02
6.310000000000000000e+15	2.400000000000000000e+01	-2.064528188761382763e-02
7.940000000000000000e+15	2.400000000000000000e+01	-2.284494632174967343e-02
1.000000000000000000e+16	2.400000000000000000e+01	-2.401516428717875504e-02
1.260000000000000000e+16	2.400000000000000000e+01	-2.432216855812944709e-02
1.580000000000000000e+16	2.400000000000000000e+01	-2.397663766436346558e-02
2.000000000000000000e+16	2.400000000000000000e+01	-2.306956881017652519e-02
2.510000000000000000e+16	2.400000000000000000e+01	-2.185859077540222226e-02
3.160000000000000000e+16	2.400000000000000000e+01	-2.039017372184930704e-02
3.980000000000000000e+16	2.400000000000000000e+01	-1.878325060898894394e-02
5.010000000000000000e+16	2.400000000000000000e+01	-1.712530360003492250e-02
6.310000000000000000e+16	2.400000000000000000e+01	-1.546842032572873921e-02
7.940000000000000000e+16	2.400000000000000000e+01	-1.386940283970732567e-02
1.000000000000000000e+17	2.400000000000000000e+01	-1.234260687164156003e-02
1.000000000000000000e+11	2.600000000000000000e+01	1.002064006511205420e-05
1.258925411794166107e+11	2.600000000000000000e+01	1.262611050659529974e-05
1.584893192461110840e+11	2.600000000000000000e+01	1.591883708158348807e-05
1.995262314968882751e+11	2.600000000000000000e+01	2.008965900314719458e-05
2.511886431509582214e+11	2.600000000000000000e+01	2.539456841079046925e-05
3.162277660168379517e+11	2.600000000000000000e+01	3.218426158594361609e-05
3.981071705534969482e+11	2.600000000000000000e+01	4.094231852026527336e-05
5.011872336272714844e+11	2.600000000000000000e+01	5.228291901931797459e-05
6.309573444801943359e+11	2.600000000000000000e+01	6.647891722882432906e-05
7.943282347242821045e+11	2.600000000000000000e+01	7.478134858225251441e-05
1.000000000000000000e+12	2.600000000000000000e+01	8.808499095540266144e-05
1.260000000000000000e+12	2.600000000000000000e+01	1.168607405002914046e-04
1.580000000000000000e+12	2.600000000000000000e+01	1.466678797751554066e-04
2.000000000000000000e+12	2.600000000000000000e+01	1.857683663095433544e-04
2.510000000000000000e+12	2.600000000000000000e+01	2.340460546651302394e-04
3.160000000000000000e+12	2.600000000000000000e+01	2.935531334993156057e-04
3.980000000000000000e+12	2.600000000000000000e+01	3.700814950275585729e-04
5.010000000000000000e+12	2.600000000000000000e+01	4.649303258624953622e-04
6.310000000000000000e+12	2.600000000000000000e+01	5.862047075934769761e-04
7.940000000000000000e+12	2.600000000000000000e+01	7.393137277044974781e-04
1.000000000000000000e+13	2.600000000000000000e+01	9.307764255888247278e-04
1.260000000000000000e+13	2.600000000000000000e+01	1.175545369647576499e-03
1.580000000000000000e+13	2.600000000000000000e+01	1.477492688770079554e-03
2.000000000000000000e+13	2.600000000000000000e+01	1.870069059085962930e-03
2.510000000000000000e+13	2.600000000000000000e+01	2.359573741547002414e-03
3.160000000000000000e+13	2.600000000000000000e+01	2.963642054708574315e-03
3.980000000000000000e+13	2.600000000000000000e+01	3.680684557282628069e-03
5.010000000000000000e+13	2.600000000000000000e+01	4.535905785963797315e-03
6.310000000000000000e+13	2.600000000000000000e+01	5.589653226340586013e-03
7.940000000000000000e+13	2.600000000000000000e+01	6.929802380432238326e-03
1.000000000000000000e+14	2.600000000000000000e+01	8.682566424180970799e-03
1.260000000000000000e+14	2.600000000000000000e+01	1.091481970680555427e-02
1.580000000000000000e+14	2.600000000000000000e+01	1.401957200894234090e-02
2.000000000000000000e+14	2.600000000000000000e+01	1.859947899475618976e-02
2.510000000000000000e+14	2.600000000000000000e+01	2.406937679397826504e-02
3.160000000000000000e+14	2.600000000000000000e+01	3.007214006439832069e-02
3.980000000000000000e+14	2.600000000000000000e+01	3.546676194916985325e-02
5.010000000000000000e+14	2.600000000000000000e+01	3.981073485015566848e-02
6.310000000000000000e+14	2.600000000000000000e+01	4.080224364685909599e-02
7.940000000000000000e+14	2.600000000000000000e+01	3.812259804663192808e-02
1.000000000000000000e+15	2.600000000000000000e+01	3.326978030077464704e-02
1.260000000000000000e+15	2.600000000000000000e+01	2.548964584089077889e-02
1.580000000000000000e+15	2.600000000000000000e+01	1.832827223539372496e-02
2.000000000000000000e+15	2.600000000000000000e+01	1.079925490518998145e-02
2.510000000000000000e+15	2.600000000000000000e+01	1.604606761100424396e-03
3.160000000000000000e+15	2.600000000000000000e+01	-6.109214307573015632e-03
3.980000000000000000e+15	2.600000000000000000e+01	-1.250264467472893271e-02
5.010000000000000000e+15	2.600000000000000000e+01	-1.747701094039564099e-02
6.310000000000000000e+15	2.600000000000000000e+01	-2.108572596827249651e-02
7.940000000000000000e+15	2.600000000000000000e+01	-2.342948005448913448e-02
1.000000000000000000e+16	2.600000000000000000e+01	-2.469186929398925825e-02
1.260000000000000000e+16	2.600000000000000000e+01	-2.504833611793240433e-02
1.580000000000000000e+16	2.600000000000000000e+01	-2.471988481539644927e-02
2.000000000000000000e+16	2.600000000000000000e+01	-2.380448122339604358e-02
2.510000000000000000e+16	2.600000000000000000e+01	-2.256848477281014551e-02
3.160000000000000000e+16	2.600000000000000000e+01	-2.106223102485543439e-02
3.980000000000000000e+16	2.600000000000000000e+01	-1.940956815818674353e-02
5.010000000000000000e+16	2.600000000000000000e+01	-1.770180885121358516e-02
6.310000000000000000e+16	2.600000000000000000e+01	-1.599276439399963806e-02
7.940000000000000000e+16	2.600000000000000000e+01	-1.434242717901576189e-02
1.000000000000000000e+17	2.600000000000000000e+01	-1.276569990535411474e-02
1.000000000000000000e+11	2.800000000000000000e+01	9.742437868213698612e-06
1.258925411794166107e+11	2.800000000000000000e+01	1.227579203297142668e-05
1.584893192461110840e+11	2.800000000000000000e+01	1.547747069020427197e-05
1.995262314968882751e+11	2.800000000000000000e+01	1.953354173441514041e-05
2.511886431509582214e+11	2.800000000000000000e+01	2.469353729088148976e-05
3.162277660168379517e+11	2.800000000000000000e+01	3.130006363295649054e-05
3.981071705534969482e+11	2.800000000000000000e+01	3.982571029524844609e-05
5.011872336272714844e+11	2.800000000000000000e+01	5.086942385248622070e-05
6.309573444801943359e+11	2.800000000000000000e+01	6.468279321718789856e-05
7.943282347242821045e+11	2.800000000000000000e+01	7.248269263653387697e-05
1.000000000000000000e+12	2.800000000000000000e+01	8.506749211848626505e-05
1.260000000000000000e+12	2.800000000000000000e+01	1.124573264735099533e-04
1.580000000000000000e+12	2.800000000000000000e+01	1.422487510089536584e-04
2.000000000000000000e+12	2.800000000000000000e+01	1.807405568035789459e-04
2.510000000000000000e+12	2.800000000000000000e+01	2.272999749597186508e-04
3.160000000000000000e+12	2.800000000000000000e+01	2.866770729594131351e-04
3.980000000000000000e+12	2.800000000000000000e+01	3.622306773373269663e-04
5.010000000000000000e+12	2.800000000000000000e+01	4.565529385809442907e-04
6.310000000000000000e+12	2.800000000000000000e+01	5.734448622450164824e-04
7.940000000000000000e+12	2.800000000000000000e+01	7.209997238159804051e-04
1.000000000000000000e+13	2.800000000000000000e+01	9.097612353859858012e-04
1.260000000000000000e+13	2.800000000000000000e+01	1.149025146841902703e-03
1.580000000000000000e+13	2.800000000000000000e+01	1.445055800931697694e-03
2.000000000000000000e+13	2.800000000000000000e+01	1.837653490688441558e-03
2.510000000000000000e+13	2.800000000000000000e+01	2.299827274005573820e-03
3.160000000000000000e+13	2.800000000000000000e+01	2.875173760836452399e-03
3.980000000000000000e+13	2.800000000000000000e+01	3.583191377205603018e-03
5.010000000000000000e+13	2.800000000000000000e+01	4.439727607544751570e-03
6.310000000000000000e+13	2.800000000000000000e+01	5.498998135971716258e-03
7.940000000000000000e+13	2.800000000000000000e+01	6.835933582278491683e-03
1.000000000000000000e+14	2.800000000000000000e+01	8.516642455548381618e-03
1.260000000000000000e+14	2.800000000000000000e+01	1.079236605111338725e-02
1.580000000000000000e+14	2.800000000000000000e+01	1.398465095325596153e-02
2.000000000000000000e+14	2.800000000000000000e+01	1.847755166204304370e-02
2.510000000000000000e+14	2.800000000000000000e+01	2.377581578419513467e-02
3.160000000000000000e+14	2.800000000000000000e+01	2.958262758719330116e-02
3.980000000000000000e+14	2.800000000000000000e+01	3.472327444587014478e-02
5.010000000000000000e+14	2.800000000000000000e+01	3.819942854059642234e-02
6.310000000000000000e+14	2.800000000000000000e+01	4.008803551811693233e-02
7.940000000000000000e+14	2.800000000000000000e+01	3.843782628926336459e-02
1.000000000000000000e+15	2.800000000000000000e+01	3.214171751011593581e-02
1.260000000000000000e+15	2.800000000000000000e+01	2.550258925456341461e-02
1.580000000000000000e+15	2.800000000000000000e+01	1.754988271514667034e-02
2.000000000000000000e+15	2.800000000000000000e+01	7.973513664463549935e-03
2.510000000000000000e+15	2.800000000000000000e+01	5.484743629685652185e-04
3.160000000000000000e+15	2.800000000000000000e+01	-6.547220041559860017e-03
3.980000000000000000e+15	2.800000000000000000e+01	-1.253651775622202820e-02
5.010000000000000000e+15	2.800000000000000000e+01	-1.722321724673192903e-02
6.310000000000000000e+15	2.800000000000000000e+01	-2.062641105626998594e-02
7.940000000000000000e+15	2.800000000000000000e+01	-2.283043203480093417e-02
1.000000000000000000e+16	2.800000000000000000e+01	-2.400387415720367859e-02
1.260000000000000000e+16	2.800000000000000000e+01	-2.431331382987025197e-02
1.580000000000000000e+16	2.800000000000000000e+01	-2.396964027208500075e-02
2.000000000000000000e+16	2.800000000000000000e+01	-2.306407426057571763e-02
2.510000000000000000e+16	2.800000000000000000e+01	-2.185424820928463796e-02
3.160000000000000000e+16	2.800000000000000000e+01	-2.038671055532697771e-02
3.980000000000000000e+16	2.800000000000000000e+01	-1.878050637607661319e-02
5.010000000000000000e+16	2.800000000000000000e+01	-1.712325068753061535e-02
6.310000000000000000e+16	2.800000000000000000e+01	-1.546669099152963439e-02
7.940000000000000000e+16	2.800000000000000000e+01	-1.386803273970615459e-02
1.000000000000000000e+17	2.800000000000000000e+01	-1.234151297892403625e-02
