1.000000000000000000e+11	5.000000000000000000e-01	2.131140193468740983e-05
1.258925411794166107e+11	5.000000000000000000e-01	2.685688316225875671e-05
1.584893192461110840e+11	5.000000000000000000e-01	3.386801667519390152e-05
1.995262314968882751e+11	5.000000000000000000e-01	4.275471240192061506e-05
2.511886431509582214e+11	5.000000000000000000e-01	5.406880296820322474e-05
3.162277660168379517e+11	5.000000000000000000e-01	6.857797505452962095e-05
3.981071705534969482e+11	5.000000000000000000e-01	8.739937494200972603e-05
5.011872336272714844e+11	5.000000000000000000e-01	1.122497387947387671e-04
6.309573444801943359e+11	5.000000000000000000e-01	1.459150275235424337e-04
7.943282347242821045e+11	5.000000000000000000e-01	1.945856306484911057e-04
1.000000000000000000e+12	5.000000000000000000e-01	2.249480845137451928e-04
1.260000000000000000e+12	5.000000000000000000e-01	2.385750145954843927e-04
1.580000000000000000e+12	5.000000000000000000e-01	2.764131040392556020e-04
2.000000000000000000e+12	5.000000000000000000e-01	3.330017932053891535e-04
2.510000000000000000e+12	5.000000000000000000e-01	4.049508161037414472e-04
3.160000000000000000e+12	5.000000000000000000e-01	4.985287234927970662e-04
3.980000000000000000e+12	5.000000000000000000e-01	6.184835843317869168e-04
5.010000000000000000e+12	5.000000000000000000e-01	7.702578939868049345e-04
6.310000000000000000e+12	5.000000000000000000e-01	9.635839165981349101e-04
7.940000000000000000e+12	5.000000000000000000e-01	1.210852914194077102e-03
1.000000000000000000e+13	5.000000000000000000e-01	1.529639164936452689e-03
1.260000000000000000e+13	5.000000000000000000e-01	1.933696526731889164e-03
1.580000000000000000e+13	5.000000000000000000e-01	2.429821135388846812e-03
2.000000000000000000e+13	5.000000000000000000e-01	3.084038047361863013e-03
2.510000000000000000e+13	5.000000000000000000e-01	3.866681243045822034e-03
3.160000000000000000e+13	5.000000000000000000e-01	4.786427800145554197e-03
3.980000000000000000e+13	5.000000000000000000e-01	5.777226412659618171e-03
5.010000000000000000e+13	5.000000000000000000e-01	6.761251452788294078e-03
6.310000000000000000e+13	5.000000000000000000e-01	7.728702817202623768e-03
7.940000000000000000e+13	5.000000000000000000e-01	8.757396419595249795e-03
1.000000000000000000e+14	5.000000000000000000e-01	1.003304307856892584e-02
1.260000000000000000e+14	5.000000000000000000e-01	1.183603031586835837e-02
1.580000000000000000e+14	5.000000000000000000e-01	1.445560652124110688e-02
2.000000000000000000e+14	5.000000000000000000e-01	1.838717677639857551e-02
2.510000000000000000e+14	5.000000000000000000e-01	2.334286066510314270e-02
3.160000000000000000e+14	5.000000000000000000e-01	2.896164272243068397e-02
3.980000000000000000e+14	5.000000000000000000e-01	3.414659402431049345e-02
5.010000000000000000e+14	5.000000000000000000e-01	3.764798838487210669e-02
6.310000000000000000e+14	5.000000000000000000e-01	3.853441508417725092e-02
7.940000000000000000e+14	5.000000000000000000e-01	3.646049159650715382e-02
1.000000000000000000e+15	5.000000000000000000e-01	3.162402740965867404e-02
1.260000000000000000e+15	5.000000000000000000e-01	2.489027307647139614e-02
1.580000000000000000e+15	5.000000000000000000e-01	1.701618890161786871e-02
2.000000000000000000e+15	5.000000000000000000e-01	8.460309418483609803e-03
2.510000000000000000e+15	5.000000000000000000e-01	3.613381716750208809e-04
3.160000000000000000e+15	5.000000000000000000e-01	-6.995413564772744869e-03
3.980000000000000000e+15	5.000000000000000000e-01	-1.317049192363529096e-02
5.010000000000000000e+15	5.000000000000000000e-01	-1.799260304812556541e-02
6.310000000000000000e+15	5.000000000000000000e-01	-2.148832865105787526e-02
7.940000000000000000e+15	5.000000000000000000e-01	-2.374611086688388842e-02
1.000000000000000000e+16	5.000000000000000000e-01	-2.494181510315400530e-02
1.260000000000000000e+16	5.000000000000000000e-01	-2.524595745985292600e-02
1.580000000000000000e+16	5.000000000000000000e-01	-2.487710594932665206e-02
2.000000000000000000e+16	5.000000000000000000e-01	-2.392849030962485024e-02
2.510000000000000000e+16	5.000000000000000000e-01	-2.266720653428305754e-02
3.160000000000000000e+16	5.000000000000000000e-01	-2.114060303667136820e-02
3.980000000000000000e+16	5.000000000000000000e-01	-1.947176968221336207e-02
5.010000000000000000e+16	5.000000000000000000e-01	-1.775131989182629141e-02
6.310000000000000000e+16	5.000000000000000000e-01	-1.603200132764571670e-02
7.940000000000000000e+16	5.000000000000000000e-01	-1.437357153485700582e-02
1.000000000000000000e+17	5.000000000000000000e-01	-1.279046633436414608e-02
1.000000000000000000e+11	1.500000000000000000e+00	2.043848913000702891e-05
1.258925411794166107e+11	1.500000000000000000e+00	2.575793590224122176e-05
1.584893192461110840e+11	1.500000000000000000e+00	3.248438825038493555e-05
1.995262314968882751e+11	1.500000000000000000e+00	4.101255469706035155e-05
2.511886431509582214e+11	1.500000000000000000e+00	5.187492168569878958e-05
3.162277660168379517e+11	1.500000000000000000e+00	6.581525723647632068e-05
3.981071705534969482e+11	1.500000000000000000e+00	8.391923738090313611e-05
5.011872336272714844e+11	1.500000000000000000e+00	1.078636097125984777e-04
6.309573444801943359e+11	1.500000000000000000e+00	1.403835147405592594e-04
7.943282347242821045e+11	1.500000000000000000e+00	1.875956052304094453e-04
1.000000000000000000e+12	1.500000000000000000e+00	2.161046137904740704e-04
1.260000000000000000e+12	1.500000000000000000e+00	2.272409270793779464e-04
1.580000000000000000e+12	1.500000000000000000e+00	2.621874274648938199e-04
2.000000000000000000e+12	1.500000000000000000e+00	3.148265604037938292e-04
2.510000000000000000e+12	1.500000000000000000e+00	3.823097979058102730e-04
3.160000000000000000e+12	1.500000000000000000e+00	4.707100423997476646e-04
3.980000000000000000e+12	1.500000000000000000e+00	5.838764692606983244e-04
5.010000000000000000e+12	1.500000000000000000e+00	7.279654943684402959e-04
6.310000000000000000e+12	1.500000000000000000e+00	9.119611305457228645e-04
7.940000000000000000e+12	1.500000000000000000e+00	1.146220027232629007e-03
1.000000000000000000e+13	1.500000000000000000e+00	1.447612295826944135e-03
1.260000000000000000e+13	1.500000000000000000e+00	1.830613530499525417e-03
1.580000000000000000e+13	1.500000000000000000e+00	2.301787689598865008e-03
2.000000000000000000e+13	1.500000000000000000e+00	2.924123958980118666e-03
2.510000000000000000e+13	1.500000000000000000e+00	3.670031859510269629e-03
3.160000000000000000e+13	1.500000000000000000e+00	4.555447451088072940e-03
3.980000000000000000e+13	1.500000000000000000e+00	5.525947098635340150e-03
5.010000000000000000e+13	1.500000000000000000e+00	6.511106328194265179e-03
6.310000000000000000e+13	1.500000000000000000e+00	7.514094353234147469e-03
7.940000000000000000e+13	1.500000000000000000e+00	8.582177542054045608e-03
1.000000000000000000e+14	1.500000000000000000e+00	9.881384898045509485e-03
1.260000000000000000e+14	1.500000000000000000e+00	1.173490823521364940e-02
1.580000000000000000e+14	1.500000000000000000e+00	1.441466900390162009e-02
2.000000000000000000e+14	1.500000000000000000e+00	1.840352939131210952e-02
2.510000000000000000e+14	1.500000000000000000e+00	2.339201041161694319e-02
3.160000000000000000e+14	1.500000000000000000e+00	2.902171353983971566e-02
3.980000000000000000e+14	1.500000000000000000e+00	3.424317830116523770e-02
5.010000000000000000e+14	1.500000000000000000e+00	3.783511104500367206e-02
6.310000000000000000e+14	1.500000000000000000e+00	3.879177486695321864e-02
7.940000000000000000e+14	1.500000000000000000e+00	3.659238228665650378e-02
1.000000000000000000e+15	1.500000000000000000e+00	3.155647057455237409e-02
1.260000000000000000e+15	1.500000000000000000e+00	2.456986348850239213e-02
1.580000000000000000e+15	1.500000000000000000e+00	1.665636932544865487e-02
2.000000000000000000e+15	1.500000000000000000e+00	8.321037611708678380e-03
2.510000000000000000e+15	1.500000000000000000e+00	3.087008277079106972e-04
3.160000000000000000e+15	1.500000000000000000e+00	-6.980937757406324717e-03
3.980000000000000000e+15	1.500000000000000000e+00	-1.310396370894723397e-02
5.010000000000000000e+15	1.500000000000000000e+00	-1.788667977846131532e-02
6.310000000000000000e+15	1.500000000000000000e+00	-2.135401694925247867e-02
7.940000000000000000e+15	1.500000000000000000e+00	-2.359311597738860192e-02
1.000000000000000000e+16	1.500000000000000000e+00	-2.477822758858265473e-02
1.260000000000000000e+16	1.500000000000000000e+00	-2.507846522781870258e-02
1.580000000000000000e+16	1.500000000000000000e+00	-2.471079064457434513e-02
2.000000000000000000e+16	1.500000000000000000e+00	-2.376741651908327937e-02
2.510000000000000000e+16	1.500000000000000000e+00	-2.251416603244301221e-02
3.160000000000000000e+16	1.500000000000000000e+00	-2.099740992769449574e-02
3.980000000000000000e+16	1.500000000000000000e+00	-1.933952939766036758e-02
5.010000000000000000e+16	1.500000000000000000e+00	-1.763028743134217174e-02
6.310000000000000000e+16	1.500000000000000000e+00	-1.592215309252162023e-02
7.940000000000000000e+16	1.500000000000000000e+00	-1.427550232764604986e-02
1.000000000000000000e+17	1.500000000000000000e+00	-1.270306085279375788e-02
1.000000000000000000e+11	2.500000000000000000e+00	1.946001005820514364e-05
1.258925411794166107e+11	2.500000000000000000e+00	2.452512311386711305e-05
1.584893192461110840e+11	2.500000000000000000e+00	3.093027784118672048e-05
1.995262314968882751e+11	2.500000000000000000e+00	3.905184864009315801e-05
2.511886431509582214e+11	2.500000000000000000e+00	4.939793496938854698e-05
3.162277660168379517e+11	2.500000000000000000e+00	6.267853120572250143e-05
3.981071705534969482e+11	2.500000000000000000e+00	7.993137376895218091e-05
5.011872336272714844e+11	2.500000000000000000e+00	1.027533947518059337e-04
6.309573444801943359e+11	2.500000000000000000e+00	1.337130550863729753e-04
7.943282347242821045e+11	2.500000000000000000e+00	1.780386693376251664e-04
1.000000000000000000e+12	2.500000000000000000e+00	2.047637486377657705e-04
1.260000000000000000e+12	2.500000000000000000e+00	2.157433705527393557e-04
1.580000000000000000e+12	2.500000000000000000e+00	2.492577302507061662e-04
2.000000000000000000e+12	2.500000000000000000e+00	2.997299823903428915e-04
2.510000000000000000e+12	2.500000000000000000e+00	3.643208244176370848e-04
3.160000000000000000e+12	2.500000000000000000e+00	4.492783213115403664e-04
3.980000000000000000e+12	2.500000000000000000e+00	5.578415879362383237e-04
5.010000000000000000e+12	2.500000000000000000e+00	6.955463460585889143e-04
6.310000000000000000e+12	2.500000000000000000e+00	8.716858180652239333e-04
7.940000000000000000e+12	2.500000000000000000e+00	1.096655921102093452e-03
1.000000000000000000e+13	2.500000000000000000e+00	1.385983898003916590e-03
1.260000000000000000e+13	2.500000000000000000e+00	1.753278350402254562e-03
1.580000000000000000e+13	2.500000000000000000e+00	2.206376660196291643e-03
2.000000000000000000e+13	2.500000000000000000e+00	2.803952000935905613e-03
2.510000000000000000e+13	2.500000000000000000e+00	3.522956279709355768e-03
3.160000000000000000e+13	2.500000000000000000e+00	4.384019989178884920e-03
3.980000000000000000e+13	2.500000000000000000e+00	5.338630035675824732e-03
5.010000000000000000e+13	2.500000000000000000e+00	6.315333630911818680e-03
6.310000000000000000e+13	2.500000000000000000e+00	7.287498756560833839e-03
7.940000000000000000e+13	2.500000000000000000e+00	8.381034508827099258e-03
1.000000000000000000e+14	2.500000000000000000e+00	9.765948571670884232e-03
1.260000000000000000e+14	2.500000000000000000e+00	1.164635379679873455e-02
1.580000000000000000e+14	2.500000000000000000e+00	1.432681563004776192e-02
2.000000000000000000e+14	2.500000000000000000e+00	1.835490859595943075e-02
2.510000000000000000e+14	2.500000000000000000e+00	2.341411873023989745e-02
3.160000000000000000e+14	2.500000000000000000e+00	2.910427143442159345e-02
3.980000000000000000e+14	2.500000000000000000e+00	3.434149197740374998e-02
5.010000000000000000e+14	2.500000000000000000e+00	3.768745853227067899e-02
6.310000000000000000e+14	2.500000000000000000e+00	3.856437010743511695e-02
7.940000000000000000e+14	2.500000000000000000e+00	3.677728387718082886e-02
1.000000000000000000e+15	2.500000000000000000e+00	3.208809409796489764e-02
1.260000000000000000e+15	2.500000000000000000e+00	2.505859583745731825e-02
1.580000000000000000e+15	2.500000000000000000e+00	1.691898078707704603e-02
2.000000000000000000e+15	2.500000000000000000e+00	8.503836113656551912e-03
2.510000000000000000e+15	2.500000000000000000e+00	4.448368884311742176e-04
3.160000000000000000e+15	2.500000000000000000e+00	-6.876257860559362688e-03
3.980000000000000000e+15	2.500000000000000000e+00	-1.302263149882412763e-02
5.010000000000000000e+15	2.500000000000000000e+00	-1.782292631495036375e-02
6.310000000000000000e+15	2.500000000000000000e+00	-2.130381206475465486e-02
7.940000000000000000e+15	2.500000000000000000e+00	-2.355354675963252514e-02
1.000000000000000000e+16	2.500000000000000000e+00	-2.474680762384766364e-02
1.260000000000000000e+16	2.500000000000000000e+00	-2.505357737629922490e-02
1.580000000000000000e+16	2.500000000000000000e+00	-2.469097258969500663e-02
2.000000000000000000e+16	2.500000000000000000e+00	-2.375195117634195177e-02
2.510000000000000000e+16	2.500000000000000000e+00	-2.250170128578130035e-02
3.160000000000000000e+16	2.500000000000000000e+00	-2.098751730788834396e-02
3.980000000000000000e+16	2.500000000000000000e+00	-1.933167651624099689e-02
5.010000000000000000e+16	2.500000000000000000e+00	-1.762404726304768812e-02
6.310000000000000000e+16	2.500000000000000000e+00	-1.591777104174039656e-02
7.940000000000000000e+16	2.500000000000000000e+00	-1.427157123830296442e-02
1.000000000000000000e+17	2.500000000000000000e+00	-1.269993391858240811e-02
1.000000000000000000e+11	3.500000000000000000e+00	1.857494733559064804e-05
1.258925411794166107e+11	3.500000000000000000e+00	2.340960070989164555e-05
1.584893192461110840e+11	3.500000000000000000e+00	2.952345851724944579e-05
1.995262314968882751e+11	3.500000000000000000e+00	3.727556455512823702e-05
2.511886431509582214e+11	3.500000000000000000e+00	4.715106648699035483e-05
3.162277660168379517e+11	3.500000000000000000e+00	5.982688153920456841e-05
3.981071705534969482e+11	3.500000000000000000e+00	7.629219967583507800e-05
5.011872336272714844e+11	3.500000000000000000e+00	9.805874032792708396e-05
6.309573444801943359e+11	3.500000000000000000e+00	1.274997411350864819e-04
7.943282347242821045e+11	3.500000000000000000e+00	1.686797822182343066e-04
1.000000000000000000e+12	3.500000000000000000e+00	1.941728753242564609e-04
1.260000000000000000e+12	3.500000000000000000e+00	2.063125061638633993e-04
1.580000000000000000e+12	3.500000000000000000e+00	2.389439797595886510e-04
2.000000000000000000e+12	3.500000000000000000e+00	2.878815751843085248e-04
2.510000000000000000e+12	3.500000000000000000e+00	3.503673332104610422e-04
3.160000000000000000e+12	3.500000000000000000e+00	4.321047174158051973e-04
3.980000000000000000e+12	3.500000000000000000e+00	5.372459806918788300e-04
5.010000000000000000e+12	3.500000000000000000e+00	6.710626296102838780e-04
6.310000000000000000e+12	3.500000000000000000e+00	8.416339280825789384e-04
7.940000000000000000e+12	3.500000000000000000e+00	1.059153745271070946e-03
1.000000000000000000e+13	3.500000000000000000e+00	1.338784578157297626e-03
1.260000000000000000e+13	3.500000000000000000e+00	1.695323156211998080e-03
1.580000000000000000e+13	3.500000000000000000e+00	2.134194966811821855e-03
2.000000000000000000e+13	3.500000000000000000e+00	2.715128843265129412e-03
2.510000000000000000e+13	3.500000000000000000e+00	3.413665926283367905e-03
3.160000000000000000e+13	3.500000000000000000e+00	4.244669742015064369e-03
3.980000000000000000e+13	3.500000000000000000e+00	5.167537026290173856e-03
5.010000000000000000e+13	3.500000000000000000e+00	6.141893320229157259e-03
6.310000000000000000e+13	3.500000000000000000e+00	7.156010024190564457e-03
7.940000000000000000e+13	3.500000000000000000e+00	8.235055122058784760e-03
1.000000000000000000e+14	3.500000000000000000e+00	9.590709871460222774e-03
1.260000000000000000e+14	3.500000000000000000e+00	1.151774072772403408e-02
1.580000000000000000e+14	3.500000000000000000e+00	1.423929004849612198e-02
2.000000000000000000e+14	3.500000000000000000e+00	1.829139656031450109e-02
2.510000000000000000e+14	3.500000000000000000e+00	2.336793664966366549e-02
3.160000000000000000e+14	3.500000000000000000e+00	2.908929715379361680e-02
3.980000000000000000e+14	3.500000000000000000e+00	3.425912847120290983e-02
5.010000000000000000e+14	3.500000000000000000e+00	3.771994897361102134e-02
6.310000000000000000e+14	3.500000000000000000e+00	3.866593989356117977e-02
7.940000000000000000e+14	3.500000000000000000e+00	3.648735030902162946e-02
1.000000000000000000e+15	3.500000000000000000e+00	3.172328896884672039e-02
1.260000000000000000e+15	3.500000000000000000e+00	2.490398070638451256e-02
1.580000000000000000e+15	3.500000000000000000e+00	1.683379715091650602e-02
2.000000000000000000e+15	3.500000000000000000e+00	8.468860960099997698e-03
2.510000000000000000e+15	3.500000000000000000e+00	4.575834857811121267e-04
3.160000000000000000e+15	3.500000000000000000e+00	-6.816634572463635758e-03
3.980000000000000000e+15	3.500000000000000000e+00	-1.292298486291055051e-02
5.010000000000000000e+15	3.500000000000000000e+00	-1.769189509449209732e-02
6.310000000000000000e+15	3.500000000000000000e+00	-2.115012648977779991e-02
7.940000000000000000e+15	3.500000000000000000e+00	-2.338580277922440442e-02
1.000000000000000000e+16	3.500000000000000000e+00	-2.457135238205343172e-02
1.260000000000000000e+16	3.500000000000000000e+00	-2.487673311562856038e-02
1.580000000000000000e+16	3.500000000000000000e+00	-2.451722668725096407e-02
2.000000000000000000e+16	3.500000000000000000e+00	-2.358520749396675331e-02
2.510000000000000000e+16	3.500000000000000000e+00	-2.234401136400537141e-02
3.160000000000000000e+16	3.500000000000000000e+00	-2.084063159643940663e-02
3.980000000000000000e+16	3.500000000000000000e+00	-1.919652484737989495e-02
5.010000000000000000e+16	3.500000000000000000e+00	-1.750095986328807293e-02
6.310000000000000000e+16	3.500000000000000000e+00	-1.580666037427254714e-02
7.940000000000000000e+16	3.500000000000000000e+00	-1.417203418329805384e-02
1.000000000000000000e+17	3.500000000000000000e+00	-1.261137705753286563e-02
1.000000000000000000e+11	4.500000000000000000e+00	1.783846515128033474e-05
1.258925411794166107e+11	4.500000000000000000e+00	2.248107713024950419e-05
1.584893192461110840e+11	4.500000000000000000e+00	2.835170804893234476e-05
1.995262314968882751e+11	4.500000000000000000e+00	3.579481600602780697e-05
2.511886431509582214e+11	4.500000000000000000e+00	4.527532087630729162e-05
3.162277660168379517e+11	4.500000000000000000e+00	5.744178366511039873e-05
3.981071705534969482e+11	4.500000000000000000e+00	7.323734216135335850e-05
5.011872336272714844e+11	4.500000000000000000e+00	9.409195639830060705e-05
6.309573444801943359e+11	4.500000000000000000e+00	1.221872776655056605e-04
7.943282347242821045e+11	4.500000000000000000e+00	1.604092210960074980e-04
1.000000000000000000e+12	4.500000000000000000e+00	1.846980822256283372e-04
1.260000000000000000e+12	4.500000000000000000e+00	1.986442020669884850e-04
1.580000000000000000e+12	4.500000000000000000e+00	2.314175857276642436e-04
2.000000000000000000e+12	4.500000000000000000e+00	2.793839543362211237e-04
2.510000000000000000e+12	4.500000000000000000e+00	3.407250387003148725e-04
3.160000000000000000e+12	4.500000000000000000e+00	4.213268998982128838e-04
3.980000000000000000e+12	4.500000000000000000e+00	5.250422912033574129e-04
5.010000000000000000e+12	4.500000000000000000e+00	6.561805110536726021e-04
6.310000000000000000e+12	4.500000000000000000e+00	8.232400532115608481e-04
7.940000000000000000e+12	4.500000000000000000e+00	1.036286368480756085e-03
1.000000000000000000e+13	4.500000000000000000e+00	1.312860524597230351e-03
1.260000000000000000e+13	4.500000000000000000e+00	1.662138087076044796e-03
1.580000000000000000e+13	4.500000000000000000e+00	2.093749895442665980e-03
2.000000000000000000e+13	4.500000000000000000e+00	2.665220224664366366e-03
2.510000000000000000e+13	4.500000000000000000e+00	3.350199639489163331e-03
3.160000000000000000e+13	4.500000000000000000e+00	4.178501214236201092e-03
3.980000000000000000e+13	4.500000000000000000e+00	5.083955645831889948e-03
5.010000000000000000e+13	4.500000000000000000e+00	6.020865831446294003e-03
6.310000000000000000e+13	4.500000000000000000e+00	7.001609981816757020e-03
7.940000000000000000e+13	4.500000000000000000e+00	8.103340097716394547e-03
1.000000000000000000e+14	4.500000000000000000e+00	9.504026695399278579e-03
1.260000000000000000e+14	4.500000000000000000e+00	1.146500758276744469e-02
1.580000000000000000e+14	4.500000000000000000e+00	1.424091176503925089e-02
2.000000000000000000e+14	4.500000000000000000e+00	1.833074089358870465e-02
2.510000000000000000e+14	4.500000000000000000e+00	2.344201109082502676e-02
3.160000000000000000e+14	4.500000000000000000e+00	2.916303518569459893e-02
3.980000000000000000e+14	4.500000000000000000e+00	3.456577651969926224e-02
5.010000000000000000e+14	4.500000000000000000e+00	3.819438245707740265e-02
6.310000000000000000e+14	4.500000000000000000e+00	3.900939903689670807e-02
7.940000000000000000e+14	4.500000000000000000e+00	3.694164824195235453e-02
1.000000000000000000e+15	4.500000000000000000e+00	3.199770250837691982e-02
1.260000000000000000e+15	4.500000000000000000e+00	2.498500850707227952e-02
1.580000000000000000e+15	4.500000000000000000e+00	1.724141798584510540e-02
2.000000000000000000e+15	4.500000000000000000e+00	8.901748754649989326e-03
2.510000000000000000e+15	4.500000000000000000e+00	6.508489904956905533e-04
3.160000000000000000e+15	4.500000000000000000e+00	-6.732576162667855413e-03
3.980000000000000000e+15	4.500000000000000000e+00	-1.291550915557278592e-02
5.010000000000000000e+15	4.500000000000000000e+00	-1.774060898249662371e-02
6.310000000000000000e+15	4.500000000000000000e+00	-2.123986247301686350e-02
7.940000000000000000e+15	4.500000000000000000e+00	-2.350335621010826020e-02
1.000000000000000000e+16	4.500000000000000000e+00	-2.470725137366603166e-02
1.260000000000000000e+16	4.500000000000000000e+00	-2.502233758635484528e-02
1.580000000000000000e+16	4.500000000000000000e+00	-2.466612448331002155e-02
2.000000000000000000e+16	4.500000000000000000e+00	-2.373235777355318585e-02
2.510000000000000000e+16	4.500000000000000000e+00	-2.248609662002112528e-02
3.160000000000000000e+16	4.500000000000000000e+00	-2.097513921647265259e-02
3.980000000000000000e+16	4.500000000000000000e+00	-1.932185438180127057e-02
5.010000000000000000e+16	4.500000000000000000e+00	-1.761625300697711866e-02
6.310000000000000000e+16	4.500000000000000000e+00	-1.591129302627938488e-02
7.940000000000000000e+16	4.500000000000000000e+00	-1.426662115167786835e-02
1.000000000000000000e+17	4.500000000000000000e+00	-1.269604488109976614e-02
1.000000000000000000e+11	5.500000000000000000e+00	1.692537061965915344e-05
1.258925411794166107e+11	5.500000000000000000e+00	2.132996357396270103e-05
1.584893192461110840e+11	5.500000000000000000e+00	2.689930447139836120e-05
1.995262314968882751e+11	5.500000000000000000e+00	3.395976819516145849e-05
2.511886431509582214e+11	5.500000000000000000e+00	4.295144665909606462e-05
3.162277660168379517e+11	5.500000000000000000e+00	5.448779931842170188e-05
3.981071705534969482e+11	5.500000000000000000e+00	6.945701813549082628e-05
5.011872336272714844e+11	5.500000000000000000e+00	8.919050528034063070e-05
6.309573444801943359e+11	5.500000000000000000e+00	1.156377512844346652e-04
7.943282347242821045e+11	5.500000000000000000e+00	1.502128059736481367e-04
1.000000000000000000e+12	5.500000000000000000e+00	1.734843668443382804e-04
1.260000000000000000e+12	5.500000000000000000e+00	1.891403237794527881e-04
1.580000000000000000e+12	5.500000000000000000e+00	2.214700291879579373e-04
2.000000000000000000e+12	5.500000000000000000e+00	2.686940440040132554e-04
2.510000000000000000e+12	5.500000000000000000e+00	3.287088719779950562e-04
3.160000000000000000e+12	5.500000000000000000e+00	4.070665544846297423e-04
3.980000000000000000e+12	5.500000000000000000e+00	5.067817499687245859e-04
5.010000000000000000e+12	5.500000000000000000e+00	6.352592947487268335e-04
6.310000000000000000e+12	5.500000000000000000e+00	7.993150876774525243e-04
7.940000000000000000e+12	5.500000000000000000e+00	1.005849426129684990e-03
1.000000000000000000e+13	5.500000000000000000e+00	1.271380658059508050e-03
1.260000000000000000e+13	5.500000000000000000e+00	1.612511436231775378e-03
1.580000000000000000e+13	5.500000000000000000e+00	2.034739392995451972e-03
2.000000000000000000e+13	5.500000000000000000e+00	2.590206338324671943e-03
2.510000000000000000e+13	5.500000000000000000e+00	3.255046236013955062e-03
3.160000000000000000e+13	5.500000000000000000e+00	4.049956984480559095e-03
3.980000000000000000e+13	5.500000000000000000e+00	4.947457676304542473e-03
5.010000000000000000e+13	5.500000000000000000e+00	5.880708074909771210e-03
6.310000000000000000e+13	5.500000000000000000e+00	6.853064210080575189e-03
7.940000000000000000e+13	5.500000000000000000e+00	7.939335307710033290e-03
1.000000000000000000e+14	5.500000000000000000e+00	9.344323706580009645e-03
1.260000000000000000e+14	5.500000000000000000e+00	1.134204928118610900e-02
1.580000000000000000e+14	5.500000000000000000e+00	1.414550513230274607e-02
2.000000000000000000e+14	5.500000000000000000e+00	1.829630211323994907e-02
2.510000000000000000e+14	5.500000000000000000e+00	2.344139549676155232e-02
3.160000000000000000e+14	5.500000000000000000e+00	2.917293451240066463e-02
3.980000000000000000e+14	5.500000000000000000e+00	3.437740245123188654e-02
5.010000000000000000e+14	5.500000000000000000e+00	3.790600369856755858e-02
6.310000000000000000e+14	5.500000000000000000e+00	3.895085958211187693e-02
7.940000000000000000e+14	5.500000000000000000e+00	3.700546813519586808e-02
1.000000000000000000e+15	5.500000000000000000e+00	3.229563704967888804e-02
1.260000000000000000e+15	5.500000000000000000e+00	2.538814669916636402e-02
1.580000000000000000e+15	5.500000000000000000e+00	1.705145470217075618e-02
2.000000000000000000e+15	5.500000000000000000e+00	8.388102414365931903e-03
2.510000000000000000e+15	5.500000000000000000e+00	4.872811473914597674e-04
3.160000000000000000e+15	5.500000000000000000e+00	-6.780726222445153384e-03
3.980000000000000000e+15	5.500000000000000000e+00	-1.289044333656001046e-02
5.010000000000000000e+15	5.500000000000000000e+00	-1.766448087098804534e-02
6.310000000000000000e+15	5.500000000000000000e+00	-2.112767711719624672e-02
7.940000000000000000e+15	5.500000000000000000e+00	-2.336766013231737424e-02
1.000000000000000000e+16	5.500000000000000000e+00	-2.455679427014116623e-02
1.260000000000000000e+16	5.500000000000000000e+00	-2.486510522192224640e-02
1.580000000000000000e+16	5.500000000000000000e+00	-2.450791942088320283e-02
2.000000000000000000e+16	5.500000000000000000e+00	-2.357783838139570348e-02
2.510000000000000000e+16	5.500000000000000000e+00	-2.233813046151106319e-02
3.160000000000000000e+16	5.500000000000000000e+00	-2.083595427032705963e-02
3.980000000000000000e+16	5.500000000000000000e+00	-1.919281071540431677e-02
5.010000000000000000e+16	5.500000000000000000e+00	-1.749817002672071978e-02
6.310000000000000000e+16	5.500000000000000000e+00	-1.580431826117398297e-02
7.940000000000000000e+16	5.500000000000000000e+00	-1.417014192106545722e-02
1.000000000000000000e+17	5.500000000000000000e+00	-1.260993141667338634e-02
1.000000000000000000e+11	6.500000000000000000e+00	1.615714359683044553e-05
1.258925411794166107e+11	6.500000000000000000e+00	2.036154806125865883e-05
1.584893192461110840e+11	6.500000000000000000e+00	2.567662167452244103e-05
1.995262314968882751e+11	6.500000000000000000e+00	3.241414789331927319e-05
2.511886431509582214e+11	6.500000000000000000e+00	4.099266690430095159e-05
3.162277660168379517e+11	6.500000000000000000e+00	5.199452230892666338e-05
3.981071705534969482e+11	6.500000000000000000e+00	6.625837413700803793e-05
5.011872336272714844e+11	6.500000000000000000e+00	8.502532259678792612e-05
6.309573444801943359e+11	6.500000000000000000e+00	1.100235737967030094e-04
7.943282347242821045e+11	6.500000000000000000e+00	1.413070051488175100e-04
1.000000000000000000e+12	6.500000000000000000e+00	1.635174696295699193e-04
1.260000000000000000e+12	6.500000000000000000e+00	1.812514545325807935e-04
1.580000000000000000e+12	6.500000000000000000e+00	2.140375014056579168e-04
2.000000000000000000e+12	6.500000000000000000e+00	2.612268382061776260e-04
2.510000000000000000e+12	6.500000000000000000e+00	3.207208999972003876e-04
3.160000000000000000e+12	6.500000000000000000e+00	3.980378577511315265e-04
3.980000000000000000e+12	6.500000000000000000e+00	4.954308285389057154e-04
5.010000000000000000e+12	6.500000000000000000e+00	6.192150373039485584e-04
6.310000000000000000e+12	6.500000000000000000e+00	7.801528074627369670e-04
7.940000000000000000e+12	6.500000000000000000e+00	9.861763767500470249e-04
1.000000000000000000e+13	6.500000000000000000e+00	1.246007888813287440e-03
1.260000000000000000e+13	6.500000000000000000e+00	1.575384676546555309e-03
1.580000000000000000e+13	6.500000000000000000e+00	1.984711049179738087e-03
2.000000000000000000e+13	6.500000000000000000e+00	2.528485225100256164e-03
2.510000000000000000e+13	6.500000000000000000e+00	3.187177812675360839e-03
3.160000000000000000e+13	6.500000000000000000e+00	3.960688028601369072e-03
3.980000000000000000e+13	6.500000000000000000e+00	4.821636312904918793e-03
5.010000000000000000e+13	6.500000000000000000e+00	5.736676513319592143e-03
6.310000000000000000e+13	6.500000000000000000e+00	6.702341169720530713e-03
7.940000000000000000e+13	6.500000000000000000e+00	7.840011129139923610e-03
1.000000000000000000e+14	6.500000000000000000e+00	9.295183015347948871e-03
1.260000000000000000e+14	6.500000000000000000e+00	1.130428197728776916e-02
1.580000000000000000e+14	6.500000000000000000e+00	1.414199032003694151e-02
2.000000000000000000e+14	6.500000000000000000e+00	1.824856800378665128e-02
2.510000000000000000e+14	6.500000000000000000e+00	2.349476143288905389e-02
3.160000000000000000e+14	6.500000000000000000e+00	2.949374762423719043e-02
3.980000000000000000e+14	6.500000000000000000e+00	3.498837697238912914e-02
5.010000000000000000e+14	6.500000000000000000e+00	3.865356818273276568e-02
6.310000000000000000e+14	6.500000000000000000e+00	3.968654159726553443e-02
7.940000000000000000e+14	6.500000000000000000e+00	3.755840833017948938e-02
1.000000000000000000e+15	6.500000000000000000e+00	3.257569247082421626e-02
1.260000000000000000e+15	6.500000000000000000e+00	2.613587723305167004e-02
1.580000000000000000e+15	6.500000000000000000e+00	1.903073550319799717e-02
2.000000000000000000e+15	6.500000000000000000e+00	1.048715577758483654e-02
2.510000000000000000e+15	6.500000000000000000e+00	1.424505413286520413e-03
3.160000000000000000e+15	6.500000000000000000e+00	-6.338423016983988148e-03
3.980000000000000000e+15	6.500000000000000000e+00	-1.278597723513964259e-02
5.010000000000000000e+15	6.500000000000000000e+00	-1.780467520681145929e-02
6.310000000000000000e+15	6.500000000000000000e+00	-2.144473999846300757e-02
7.940000000000000000e+15	6.500000000000000000e+00	-2.380694888307157212e-02
1.000000000000000000e+16	6.500000000000000000e+00	-2.507512288206469389e-02
1.260000000000000000e+16	6.500000000000000000e+00	-2.542764915211732576e-02
1.580000000000000000e+16	6.500000000000000000e+00	-2.508780550216958144e-02
2.000000000000000000e+16	6.500000000000000000e+00	-2.415407958191955265e-02
2.510000000000000000e+16	6.500000000000000000e+00	-2.289670528738866825e-02
3.160000000000000000e+16	6.500000000000000000e+00	-2.136662654328791433e-02
3.980000000000000000e+16	6.500000000000000000e+00	-1.968794466067373336e-02
5.010000000000000000e+16	6.500000000000000000e+00	-1.795425278204610883e-02
6.310000000000000000e+16	6.500000000000000000e+00	-1.621951893350771778e-02
7.940000000000000000e+16	6.500000000000000000e+00	-1.454564527603719598e-02
1.000000000000000000e+17	6.500000000000000000e+00	-1.294602341059698791e-02
1.000000000000000000e+11	7.500000000000000000e+00	1.520790635520923152e-05
1.258925411794166107e+11	7.500000000000000000e+00	1.916470044483581484e-05
1.584893192461110840e+11	7.500000000000000000e+00	2.416685819766401422e-05
1.995262314968882751e+11	7.500000000000000000e+00	3.050690829156056449e-05
2.511886431509582214e+11	7.500000000000000000e+00	3.857874761233876486e-05
3.162277660168379517e+11	7.500000000000000000e+00	4.892829219532881499e-05
3.981071705534969482e+11	7.500000000000000000e+00	6.233962826916627955e-05
5.011872336272714844e+11	7.500000000000000000e+00	7.995708500827577569e-05
6.309573444801943359e+11	7.500000000000000000e+00	1.032862378465595186e-04
7.943282347242821045e+11	7.500000000000000000e+00	1.310800857415657828e-04
1.000000000000000000e+12	7.500000000000000000e+00	1.516365593554593538e-04
1.260000000000000000e+12	7.500000000000000000e+00	1.705996192322370582e-04
1.580000000000000000e+12	7.500000000000000000e+00	2.029426073440414693e-04
2.000000000000000000e+12	7.500000000000000000e+00	2.495445710525993942e-04
2.510000000000000000e+12	7.500000000000000000e+00	3.087061215549328488e-04
3.160000000000000000e+12	7.500000000000000000e+00	3.835152842795757537e-04
3.980000000000000000e+12	7.500000000000000000e+00	4.789604835925179269e-04
5.010000000000000000e+12	7.500000000000000000e+00	5.992427742194582308e-04
6.310000000000000000e+12	7.500000000000000000e+00	7.518040531146747817e-04
7.940000000000000000e+12	7.500000000000000000e+00	9.467462008517768795e-04
1.000000000000000000e+13	7.500000000000000000e+00	1.197663405342277824e-03
1.260000000000000000e+13	7.500000000000000000e+00	1.520667334347159836e-03
1.580000000000000000e+13	7.500000000000000000e+00	1.916732451368206467e-03
2.000000000000000000e+13	7.500000000000000000e+00	2.437573113510774735e-03
2.510000000000000000e+13	7.500000000000000000e+00	3.060123557223508317e-03
3.160000000000000000e+13	7.500000000000000000e+00	3.809315333390901441e-03
3.980000000000000000e+13	7.500000000000000000e+00	4.660002753144317639e-03
5.010000000000000000e+13	7.500000000000000000e+00	5.567477561404157033e-03
6.310000000000000000e+13	7.500000000000000000e+00	6.565288518863224808e-03
7.940000000000000000e+13	7.500000000000000000e+00	7.695673844235094256e-03
1.000000000000000000e+14	7.500000000000000000e+00	9.138544095799804035e-03
1.260000000000000000e+14	7.500000000000000000e+00	1.118685772423637023e-02
1.580000000000000000e+14	7.500000000000000000e+00	1.408485811513862998e-02
2.000000000000000000e+14	7.500000000000000000e+00	1.840030780996670945e-02
2.510000000000000000e+14	7.500000000000000000e+00	2.340118531072645988e-02
3.160000000000000000e+14	7.500000000000000000e+00	2.895646932566715848e-02
3.980000000000000000e+14	7.500000000000000000e+00	3.430059128840187710e-02
5.010000000000000000e+14	7.500000000000000000e+00	3.799969615961495961e-02
6.310000000000000000e+14	7.500000000000000000e+00	3.887106730284287798e-02
7.940000000000000000e+14	7.500000000000000000e+00	3.678806916657188092e-02
1.000000000000000000e+15	7.500000000000000000e+00	3.191696710223931172e-02
1.260000000000000000e+15	7.500000000000000000e+00	2.526661538079885694e-02
1.580000000000000000e+15	7.500000000000000000e+00	1.638393703401761284e-02
2.000000000000000000e+15	7.500000000000000000e+00	6.877115803810931495e-03
2.510000000000000000e+15	7.500000000000000000e+00	-8.392119236339863229e-05
3.160000000000000000e+15	7.500000000000000000e+00	-7.003059777627346910e-03
3.980000000000000000e+15	7.500000000000000000e+00	-1.288153198466504556e-02
5.010000000000000000e+15	7.500000000000000000e+00	-1.749009621994995767e-02
6.310000000000000000e+15	7.500000000000000000e+00	-2.083499556690513593e-02
7.940000000000000000e+15	7.500000000000000000e+00	-2.299413805423466267e-02
1.000000000000000000e+16	7.500000000000000000e+00	-2.413349120042670298e-02
1.260000000000000000e+16	7.500000000000000000e+00	-2.441563204383785310e-02
1.580000000000000000e+16	7.500000000000000000e+00	-2.405118764396365488e-02
2.000000000000000000e+16	7.500000000000000000e+00	-2.312841327673436850e-02
2.510000000000000000e+16	7.500000000000000000e+00	-2.190546937379451303e-02
3.160000000000000000e+16	7.500000000000000000e+00	-2.042735573918073866e-02
3.980000000000000000e+16	7.500000000000000000e+00	-1.881280189236354816e-02
5.010000000000000000e+16	7.500000000000000000e+00	-1.714904284591144829e-02
6.310000000000000000e+16	7.500000000000000000e+00	-1.548706154459487429e-02
7.940000000000000000e+16	7.500000000000000000e+00	-1.388419742541665246e-02
1.000000000000000000e+17	7.500000000000000000e+00	-1.235435524870131911e-02
1.000000000000000000e+11	9.000000000000000000e+00	1.416543755957774372e-05
1.258925411794166107e+11	9.000000000000000000e+00	1.785026251449010955e-05
1.584893192461110840e+11	9.000000000000000000e+00	2.250833140322871734e-05
1.995262314968882751e+11	9.000000000000000000e+00	2.841079384673075297e-05
2.511886431509582214e+11	9.000000000000000000e+00	3.592286437348503884e-05
3.162277660168379517e+11	9.000000000000000000e+00	4.554835770276775413e-05
3.981071705534969482e+11	9.000000000000000000e+00	5.800673353454851195e-05
5.011872336272714844e+11	9.000000000000000000e+00	7.432045836696789622e-05
6.309573444801943359e+11	9.000000000000000000e+00	9.570578157125467526e-05
7.943282347242821045e+11	9.000000000000000000e+00	1.190755912564894954e-04
1.000000000000000000e+12	9.000000000000000000e+00	1.382050282399547225e-04
1.260000000000000000e+12	9.000000000000000000e+00	1.607782726418354163e-04
1.580000000000000000e+12	9.000000000000000000e+00	1.937142732159015585e-04
2.000000000000000000e+12	9.000000000000000000e+00	2.387968008692579504e-04
2.510000000000000000e+12	9.000000000000000000e+00	2.942904134775748272e-04
3.160000000000000000e+12	9.000000000000000000e+00	3.668920681026279309e-04
3.980000000000000000e+12	9.000000000000000000e+00	4.612200627427634372e-04
5.010000000000000000e+12	9.000000000000000000e+00	5.782206394293282290e-04
6.310000000000000000e+12	9.000000000000000000e+00	7.263512243537101690e-04
7.940000000000000000e+12	9.000000000000000000e+00	9.144371553019447390e-04
1.000000000000000000e+13	9.000000000000000000e+00	1.158105564674580300e-03
1.260000000000000000e+13	9.000000000000000000e+00	1.468516659916802199e-03
1.580000000000000000e+13	9.000000000000000000e+00	1.850895751075280933e-03
2.000000000000000000e+13	9.000000000000000000e+00	2.355191829385039782e-03
2.510000000000000000e+13	9.000000000000000000e+00	2.960123006688862839e-03
3.160000000000000000e+13	9.000000000000000000e+00	3.688059914542183345e-03
3.980000000000000000e+13	9.000000000000000000e+00	4.506609245535564065e-03
5.010000000000000000e+13	9.000000000000000000e+00	5.392604280324895735e-03
6.310000000000000000e+13	9.000000000000000000e+00	6.375080982182886220e-03
7.940000000000000000e+13	9.000000000000000000e+00	7.528936628364379588e-03
1.000000000000000000e+14	9.000000000000000000e+00	9.025209295788826774e-03
1.260000000000000000e+14	9.000000000000000000e+00	1.112916641708031930e-02
1.580000000000000000e+14	9.000000000000000000e+00	1.407036965474904068e-02
2.000000000000000000e+14	9.000000000000000000e+00	1.833548458955405400e-02
2.510000000000000000e+14	9.000000000000000000e+00	2.359369154790170661e-02
3.160000000000000000e+14	9.000000000000000000e+00	2.941777790576051432e-02
3.980000000000000000e+14	9.000000000000000000e+00	3.472662663177308179e-02
5.010000000000000000e+14	9.000000000000000000e+00	3.836354203802144064e-02
6.310000000000000000e+14	9.000000000000000000e+00	3.925359950289307454e-02
7.940000000000000000e+14	9.000000000000000000e+00	3.685354883116096630e-02
1.000000000000000000e+15	9.000000000000000000e+00	3.260624994859325637e-02
1.260000000000000000e+15	9.000000000000000000e+00	2.575121335801898448e-02
1.580000000000000000e+15	9.000000000000000000e+00	1.825772912070697251e-02
2.000000000000000000e+15	9.000000000000000000e+00	1.070513618891994964e-02
2.510000000000000000e+15	9.000000000000000000e+00	1.518966444621845484e-03
3.160000000000000000e+15	9.000000000000000000e+00	-6.181968273596750649e-03
3.980000000000000000e+15	9.000000000000000000e+00	-1.256238621747560007e-02
5.010000000000000000e+15	9.000000000000000000e+00	-1.752536999347700797e-02
6.310000000000000000e+15	9.000000000000000000e+00	-2.112455133947405139e-02
7.940000000000000000e+15	9.000000000000000000e+00	-2.346091826605785705e-02
1.000000000000000000e+16	9.000000000000000000e+00	-2.471662058579281521e-02
1.260000000000000000e+16	9.000000000000000000e+00	-2.506804255509162069e-02
1.580000000000000000e+16	9.000000000000000000e+00	-2.473561109583241255e-02
2.000000000000000000e+16	9.000000000000000000e+00	-2.381691455418268738e-02
2.510000000000000000e+16	9.000000000000000000e+00	-2.257841705566789731e-02
3.160000000000000000e+16	9.000000000000000000e+00	-2.107011115899051074e-02
3.980000000000000000e+16	9.000000000000000000e+00	-1.941575120638984811e-02
5.010000000000000000e+16	9.000000000000000000e+00	-1.770662491991038118e-02
6.310000000000000000e+16	9.000000000000000000e+00	-1.599673186655758278e-02
7.940000000000000000e+16	9.000000000000000000e+00	-1.434557158820656819e-02
1.000000000000000000e+17	9.000000000000000000e+00	-1.276819239449003031e-02
1.000000000000000000e+11	1.100000000000000000e+01	1.295372445305171966e-05
1.258925411794166107e+11	1.100000000000000000e+01	1.632266987406652957e-05
1.584893192461110840e+11	1.100000000000000000e+01	2.058090766320786201e-05
1.995262314968882751e+11	1.100000000000000000e+01	2.597567840594145730e-05
2.511886431509582214e+11	1.100000000000000000e+01	3.283918491176615124e-05
3.162277660168379517e+11	1.100000000000000000e+01	4.162909102877086960e-05
3.981071705534969482e+11	1.100000000000000000e+01	5.299062524126478763e-05
5.011872336272714844e+11	1.100000000000000000e+01	6.781659176908017906e-05
6.309573444801943359e+11	1.100000000000000000e+01	8.701378130710582016e-05
7.943282347242821045e+11	1.100000000000000000e+01	1.055739168447288680e-04
1.000000000000000000e+12	1.100000000000000000e+01	1.234770265562318877e-04
1.260000000000000000e+12	1.100000000000000000e+01	1.472130937835967348e-04
1.580000000000000000e+12	1.100000000000000000e+01	1.799838010683232892e-04
2.000000000000000000e+12	1.100000000000000000e+01	2.254047711800770035e-04
2.510000000000000000e+12	1.100000000000000000e+01	2.799709383323612378e-04
3.160000000000000000e+12	1.100000000000000000e+01	3.498238797152753723e-04
3.980000000000000000e+12	1.100000000000000000e+01	4.376296332845527621e-04
5.010000000000000000e+12	1.100000000000000000e+01	5.503875920674005870e-04
6.310000000000000000e+12	1.100000000000000000e+01	6.936559965805502324e-04
7.940000000000000000e+12	1.100000000000000000e+01	8.746602858362110145e-04
1.000000000000000000e+13	1.100000000000000000e+01	1.106274595101237358e-03
1.260000000000000000e+13	1.100000000000000000e+01	1.401228373099804980e-03
1.580000000000000000e+13	1.100000000000000000e+01	1.766787916162151483e-03
2.000000000000000000e+13	1.100000000000000000e+01	2.245744961214194649e-03
2.510000000000000000e+13	1.100000000000000000e+01	2.815494037831217742e-03
3.160000000000000000e+13	1.100000000000000000e+01	3.514016181806036386e-03
3.980000000000000000e+13	1.100000000000000000e+01	4.302940628019179953e-03
5.010000000000000000e+13	1.100000000000000000e+01	5.165619575340784329e-03
6.310000000000000000e+13	1.100000000000000000e+01	6.143157412914026540e-03
7.940000000000000000e+13	1.100000000000000000e+01	7.323308900971089129e-03
1.000000000000000000e+14	1.100000000000000000e+01	8.877609433494434640e-03
1.260000000000000000e+14	1.100000000000000000e+01	1.102926003972334347e-02
1.580000000000000000e+14	1.100000000000000000e+01	1.400933798101117178e-02
2.000000000000000000e+14	1.100000000000000000e+01	1.828098838451830063e-02
2.510000000000000000e+14	1.100000000000000000e+01	2.364487777054919901e-02
3.160000000000000000e+14	1.100000000000000000e+01	2.955898438493616276e-02
3.980000000000000000e+14	1.100000000000000000e+01	3.479616776599522843e-02
5.010000000000000000e+14	1.100000000000000000e+01	3.840868212067691245e-02
6.310000000000000000e+14	1.100000000000000000e+01	3.965117241159972494e-02
7.940000000000000000e+14	1.100000000000000000e+01	3.750453577465089755e-02
1.000000000000000000e+15	1.100000000000000000e+01	3.220848556529307127e-02
1.260000000000000000e+15	1.100000000000000000e+01	2.498382842934077780e-02
1.580000000000000000e+15	1.100000000000000000e+01	1.598363013279339301e-02
2.000000000000000000e+15	1.100000000000000000e+01	7.251284361072212262e-03
2.510000000000000000e+15	1.100000000000000000e+01	4.917693240259319546e-05
3.160000000000000000e+15	1.100000000000000000e+01	-6.916707475221474388e-03
3.980000000000000000e+15	1.100000000000000000e+01	-1.281859017382580047e-02
5.010000000000000000e+15	1.100000000000000000e+01	-1.744221923955966563e-02
6.310000000000000000e+15	1.100000000000000000e+01	-2.079789592747868440e-02
7.940000000000000000e+15	1.100000000000000000e+01	-2.296556241229929379e-02
1.000000000000000000e+16	1.100000000000000000e+01	-2.411060459645705464e-02
1.260000000000000000e+16	1.100000000000000000e+01	-2.439773982196519544e-02
1.580000000000000000e+16	1.100000000000000000e+01	-2.403681532674584523e-02
2.000000000000000000e+16	1.100000000000000000e+01	-2.311707905696192000e-02
2.510000000000000000e+16	1.100000000000000000e+01	-2.189643276034225483e-02
3.160000000000000000e+16	1.100000000000000000e+01	-2.042020854981272185e-02
3.980000000000000000e+16	1.100000000000000000e+01	-1.880711007338470298e-02
5.010000000000000000e+16	1.100000000000000000e+01	-1.714506208649484165e-02
6.310000000000000000e+16	1.100000000000000000e+01	-1.548344314925690322e-02
7.940000000000000000e+16	1.100000000000000000e+01	-1.388135726236600608e-02
1.000000000000000000e+17	1.100000000000000000e+01	-1.235208660406551980e-02
1.000000000000000000e+11	1.300000000000000000e+01	1.202197226883874138e-05
1.258925411794166107e+11	1.300000000000000000e+01	1.514797724447894684e-05
1.584893192461110840e+11	1.300000000000000000e+01	1.909827581402179109e-05
1.995262314968882751e+11	1.300000000000000000e+01	2.410188443589617523e-05
2.511886431509582214e+11	1.300000000000000000e+01	3.046528808858011203e-05
3.162277660168379517e+11	1.300000000000000000e+01	3.860901646716870917e-05
3.981071705534969482e+11	1.300000000000000000e+01	4.912019724864456625e-05
5.011872336272714844e+11	1.300000000000000000e+01	6.278516450495967886e-05
6.309573444801943359e+11	1.300000000000000000e+01	8.025422977690952983e-05
7.943282347242821045e+11	1.300000000000000000e+01	9.492578979002948151e-05
1.000000000000000000e+12	1.300000000000000000e+01	1.112667040832689976e-04
1.260000000000000000e+12	1.300000000000000000e+01	1.390051488362115454e-04
1.580000000000000000e+12	1.300000000000000000e+01	1.720071278755685139e-04
2.000000000000000000e+12	1.300000000000000000e+01	2.146127084555757639e-04
2.510000000000000000e+12	1.300000000000000000e+01	2.682776799424922091e-04
3.160000000000000000e+12	1.300000000000000000e+01	3.361222391695832860e-04
3.980000000000000000e+12	1.300000000000000000e+01	4.215713828274430652e-04
5.010000000000000000e+12	1.300000000000000000e+01	5.293498306323207682e-04
6.310000000000000000e+12	1.300000000000000000e+01	6.659694569829629519e-04
7.940000000000000000e+12	1.300000000000000000e+01	8.399921666994536289e-04
1.000000000000000000e+13	1.300000000000000000e+01	1.062287387623027509e-03
1.260000000000000000e+13	1.300000000000000000e+01	1.346405760288303839e-03
1.580000000000000000e+13	1.300000000000000000e+01	1.696722144538457058e-03
2.000000000000000000e+13	1.300000000000000000e+01	2.155625495255327189e-03
2.510000000000000000e+13	1.300000000000000000e+01	2.706607875256764831e-03
3.160000000000000000e+13	1.300000000000000000e+01	3.369718381182262683e-03
3.980000000000000000e+13	1.300000000000000000e+01	4.140329805308846402e-03
5.010000000000000000e+13	1.300000000000000000e+01	5.004713113152385075e-03
6.310000000000000000e+13	1.300000000000000000e+01	5.993721974193141552e-03
7.940000000000000000e+13	1.300000000000000000e+01	7.201397124547280482e-03
1.000000000000000000e+14	1.300000000000000000e+01	8.801941844211734131e-03
1.260000000000000000e+14	1.300000000000000000e+01	1.102082124360017311e-02
1.580000000000000000e+14	1.300000000000000000e+01	1.406170044797575014e-02
2.000000000000000000e+14	1.300000000000000000e+01	1.849704305816703837e-02
2.510000000000000000e+14	1.300000000000000000e+01	2.377590233530506650e-02
3.160000000000000000e+14	1.300000000000000000e+01	2.966131378002904301e-02
3.980000000000000000e+14	1.300000000000000000e+01	3.518628873940735091e-02
5.010000000000000000e+14	1.300000000000000000e+01	3.867328546676322698e-02
6.310000000000000000e+14	1.300000000000000000e+01	3.972597610275964419e-02
7.940000000000000000e+14	1.300000000000000000e+01	3.793240078572208962e-02
1.000000000000000000e+15	1.300000000000000000e+01	3.244141827645352638e-02
1.260000000000000000e+15	1.300000000000000000e+01	2.633520946774460872e-02
1.580000000000000000e+15	1.300000000000000000e+01	1.946617592204905739e-02
2.000000000000000000e+15	1.300000000000000000e+01	9.979408376069882208e-03
2.510000000000000000e+15	1.300000000000000000e+01	1.368176603115585062e-03
3.160000000000000000e+15	1.300000000000000000e+01	-6.248918316559344717e-03
3.980000000000000000e+15	1.300000000000000000e+01	-1.259913964281944923e-02
5.010000000000000000e+15	1.300000000000000000e+01	-1.754818973977839355e-02
6.310000000000000000e+15	1.300000000000000000e+01	-2.113989303287614960e-02
7.940000000000000000e+15	1.300000000000000000e+01	-2.347183676041610795e-02
1.000000000000000000e+16	1.300000000000000000e+01	-2.472465592637108217e-02
1.260000000000000000e+16	1.300000000000000000e+01	-2.507413834058653743e-02
1.580000000000000000e+16	1.300000000000000000e+01	-2.474034988022539780e-02
2.000000000000000000e+16	1.300000000000000000e+01	-2.382056698841976058e-02
2.510000000000000000e+16	1.300000000000000000e+01	-2.258114764122857651e-02
3.160000000000000000e+16	1.300000000000000000e+01	-2.107222890932532525e-02
3.980000000000000000e+16	1.300000000000000000e+01	-1.941760366682687700e-02
5.010000000000000000e+16	1.300000000000000000e+01	-1.770805601083226891e-02
6.310000000000000000e+16	1.300000000000000000e+01	-1.599786239949619465e-02
7.940000000000000000e+16	1.300000000000000000e+01	-1.434646657760158678e-02
1.000000000000000000e+17	1.300000000000000000e+01	-1.276891448994487387e-02
1.000000000000000000e+11	1.500000000000000000e+01	1.129478768452576654e-05
1.258925411794166107e+11	1.500000000000000000e+01	1.423149957001727773e-05
1.584893192461110840e+11	1.500000000000000000e+01	1.794270435547391492e-05
1.995262314968882751e+11	1.500000000000000000e+01	2.264317149342493285e-05
2.511886431509582214e+11	1.500000000000000000e+01	2.862086064090971530e-05
3.162277660168379517e+11	1.500000000000000000e+01	3.627004340721760238e-05
3.981071705534969482e+11	1.500000000000000000e+01	4.613839689309117114e-05
5.011872336272714844e+11	1.500000000000000000e+01	5.894443462458927866e-05
6.309573444801943359e+11	1.500000000000000000e+01	7.518137460855424338e-05
7.943282347242821045e+11	1.500000000000000000e+01	8.724944969216664656e-05
1.000000000000000000e+12	1.500000000000000000e+01	1.033051241499596552e-04
1.260000000000000000e+12	1.500000000000000000e+01	1.313940135506728546e-04
1.580000000000000000e+12	1.500000000000000000e+01	1.633598254302949624e-04
2.000000000000000000e+12	1.500000000000000000e+01	2.049552081828083863e-04
2.510000000000000000e+12	1.500000000000000000e+01	2.541241797723671264e-04
3.160000000000000000e+12	1.500000000000000000e+01	3.199313539452373466e-04
3.980000000000000000e+12	1.500000000000000000e+01	4.035949430073848109e-04
5.010000000000000000e+12	1.500000000000000000e+01	5.076740776889577568e-04
6.310000000000000000e+12	1.500000000000000000e+01	6.400686320566041426e-04
7.940000000000000000e+12	1.500000000000000000e+01	8.063606200520618845e-04
1.000000000000000000e+13	1.500000000000000000e+01	1.019083765250877694e-03
1.260000000000000000e+13	1.500000000000000000e+01	1.289355703859658333e-03
1.580000000000000000e+13	1.500000000000000000e+01	1.622665796909287389e-03
2.000000000000000000e+13	1.500000000000000000e+01	2.061181511346081401e-03
2.510000000000000000e+13	1.500000000000000000e+01	2.588484514178029418e-03
3.160000000000000000e+13	1.500000000000000000e+01	3.225126748078878391e-03
3.980000000000000000e+13	1.500000000000000000e+01	3.959940729046811971e-03
5.010000000000000000e+13	1.500000000000000000e+01	4.805753763665760250e-03
6.310000000000000000e+13	1.500000000000000000e+01	5.808829277627713950e-03
7.940000000000000000e+13	1.500000000000000000e+01	7.048312369435389552e-03
1.000000000000000000e+14	1.500000000000000000e+01	8.675933817145393273e-03
1.260000000000000000e+14	1.500000000000000000e+01	1.091972455946180025e-02
1.580000000000000000e+14	1.500000000000000000e+01	1.397364178412167923e-02
2.000000000000000000e+14	1.500000000000000000e+01	1.835274442600839245e-02
2.510000000000000000e+14	1.500000000000000000e+01	2.379355097323113122e-02
3.160000000000000000e+14	1.500000000000000000e+01	2.970688716556967035e-02
3.980000000000000000e+14	1.500000000000000000e+01	3.501855186709833256e-02
5.010000000000000000e+14	1.500000000000000000e+01	3.896741411788154363e-02
6.310000000000000000e+14	1.500000000000000000e+01	3.969080824064154939e-02
7.940000000000000000e+14	1.500000000000000000e+01	3.716818791850706044e-02
1.000000000000000000e+15	1.500000000000000000e+01	3.219267044047383758e-02
1.260000000000000000e+15	1.500000000000000000e+01	2.410834109266265721e-02
1.580000000000000000e+15	1.500000000000000000e+01	1.599953878075623809e-02
2.000000000000000000e+15	1.500000000000000000e+01	8.478746741316725566e-03
2.510000000000000000e+15	1.500000000000000000e+01	5.397526426124080613e-04
3.160000000000000000e+15	1.500000000000000000e+01	-6.599885630700047523e-03
3.980000000000000000e+15	1.500000000000000000e+01	-1.259170186562684306e-02
5.010000000000000000e+15	1.500000000000000000e+01	-1.727188983865074121e-02
6.310000000000000000e+15	1.500000000000000000e+01	-2.066712634189148481e-02
7.940000000000000000e+15	1.500000000000000000e+01	-2.286371434796111157e-02
1.000000000000000000e+16	1.500000000000000000e+01	-2.403073977292444208e-02
1.260000000000000000e+16	1.500000000000000000e+01	-2.433484534662262028e-02
1.580000000000000000e+16	1.500000000000000000e+01	-2.398690682263262403e-02
2.000000000000000000e+16	1.500000000000000000e+01	-2.307777284817374291e-02
2.510000000000000000e+16	1.500000000000000000e+01	-2.186517203933120365e-02
3.160000000000000000e+16	1.500000000000000000e+01	-2.039540703500662341e-02
3.980000000000000000e+16	1.500000000000000000e+01	-1.878745253058928394e-02
5.010000000000000000e+16	1.500000000000000000e+01	-1.712873635156821756e-02
6.310000000000000000e+16	1.500000000000000000e+01	-1.547102330403664176e-02
7.940000000000000000e+16	1.500000000000000000e+01	-1.387149186387661402e-02
1.000000000000000000e+17	1.500000000000000000e+01	-1.234427238082786739e-02
1.000000000000000000e+11	1.700000000000000000e+01	1.078519104915536672e-05
1.258925411794166107e+11	1.700000000000000000e+01	1.358979102444547278e-05
1.584893192461110840e+11	1.700000000000000000e+01	1.713402969208192874e-05
1.995262314968882751e+11	1.700000000000000000e+01	2.162375555465088033e-05
2.511886431509582214e+11	1.700000000000000000e+01	2.733468913569753192e-05
3.162277660168379517e+11	1.700000000000000000e+01	3.464535826461949338e-05
3.981071705534969482e+11	1.700000000000000000e+01	4.408147950901171425e-05
5.011872336272714844e+11	1.700000000000000000e+01	5.634890864668332306e-05
6.309573444801943359e+11	1.700000000000000000e+01	7.183087256045526741e-05
7.943282347242821045e+11	1.700000000000000000e+01	8.287705774451755466e-05
1.000000000000000000e+12	1.700000000000000000e+01	9.707174886820824132e-05
1.260000000000000000e+12	1.700000000000000000e+01	1.239988937100936970e-04
1.580000000000000000e+12	1.700000000000000000e+01	1.552388387653185192e-04
2.000000000000000000e+12	1.700000000000000000e+01	1.962507820309070182e-04
2.510000000000000000e+12	1.700000000000000000e+01	2.466861934873343658e-04
3.160000000000000000e+12	1.700000000000000000e+01	3.098903225265639441e-04
3.980000000000000000e+12	1.700000000000000000e+01	3.886689640657102376e-04
5.010000000000000000e+12	1.700000000000000000e+01	4.894914276347211383e-04
6.310000000000000000e+12	1.700000000000000000e+01	6.164935808792281488e-04
7.940000000000000000e+12	1.700000000000000000e+01	7.769993158496445130e-04
1.000000000000000000e+13	1.700000000000000000e+01	9.827162546168471523e-04
1.260000000000000000e+13	1.700000000000000000e+01	1.243270170381800127e-03
1.580000000000000000e+13	1.700000000000000000e+01	1.564614290827705430e-03
2.000000000000000000e+13	1.700000000000000000e+01	1.985204788418314537e-03
2.510000000000000000e+13	1.700000000000000000e+01	2.492992341124935455e-03
3.160000000000000000e+13	1.700000000000000000e+01	3.108276588653844947e-03
3.980000000000000000e+13	1.700000000000000000e+01	3.842224872126735833e-03
5.010000000000000000e+13	1.700000000000000000e+01	4.695560099799617020e-03
6.310000000000000000e+13	1.700000000000000000e+01	5.690258046610904494e-03
7.940000000000000000e+13	1.700000000000000000e+01	6.931083230408010588e-03
1.000000000000000000e+14	1.700000000000000000e+01	8.568848788243791856e-03
1.260000000000000000e+14	1.700000000000000000e+01	1.083588933314783703e-02
1.580000000000000000e+14	1.700000000000000000e+01	1.395676062899831905e-02
2.000000000000000000e+14	1.700000000000000000e+01	1.829808145977380313e-02
2.510000000000000000e+14	1.700000000000000000e+01	2.351997525285743837e-02
3.160000000000000000e+14	1.700000000000000000e+01	2.934923457808955027e-02
3.980000000000000000e+14	1.700000000000000000e+01	3.469222762164563684e-02
5.010000000000000000e+14	1.700000000000000000e+01	3.797335905858446187e-02
6.310000000000000000e+14	1.700000000000000000e+01	3.946655320763889363e-02
7.940000000000000000e+14	1.700000000000000000e+01	3.755244936987645055e-02
1.000000000000000000e+15	1.700000000000000000e+01	3.295308964027177101e-02
1.260000000000000000e+15	1.700000000000000000e+01	2.660027511370310557e-02
1.580000000000000000e+15	1.700000000000000000e+01	1.673996274277204238e-02
2.000000000000000000e+15	1.700000000000000000e+01	7.759143205572382497e-03
2.510000000000000000e+15	1.700000000000000000e+01	4.235235194759448757e-04
3.160000000000000000e+15	1.700000000000000000e+01	-6.632287215918488549e-03
3.980000000000000000e+15	1.700000000000000000e+01	-1.259862407781846098e-02
5.010000000000000000e+15	1.700000000000000000e+01	-1.727022983347181392e-02
6.310000000000000000e+15	1.700000000000000000e+01	-2.066266470408977679e-02
7.940000000000000000e+15	1.700000000000000000e+01	-2.286063865517556914e-02
1.000000000000000000e+16	1.700000000000000000e+01	-2.402611304507576429e-02
1.260000000000000000e+16	1.700000000000000000e+01	-2.433085025176433616e-02
1.580000000000000000e+16	1.700000000000000000e+01	-2.398356072738989930e-02
2.000000000000000000e+16	1.700000000000000000e+01	-2.307503721694016338e-02
2.510000000000000000e+16	1.700000000000000000e+01	-2.186295439523697898e-02
3.160000000000000000e+16	1.700000000000000000e+01	-2.039363218521332913e-02
3.980000000000000000e+16	1.700000000000000000e+01	-1.878600053204411771e-02
5.010000000000000000e+16	1.700000000000000000e+01	-1.712761856365906457e-02
6.310000000000000000e+16	1.700000000000000000e+01	-1.547015144164095267e-02
7.940000000000000000e+16	1.700000000000000000e+01	-1.387078522800438626e-02
1.000000000000000000e+17	1.700000000000000000e+01	-1.234371730559060548e-02
1.000000000000000000e+11	1.900000000000000000e+01	1.038187587358024183e-05
1.258925411794166107e+11	1.900000000000000000e+01	1.308117869085652882e-05
1.584893192461110840e+11	1.900000000000000000e+01	1.649246838997416630e-05
1.995262314968882751e+11	1.900000000000000000e+01	2.081312483951656118e-05
2.511886431509582214e+11	1.900000000000000000e+01	2.630868773963565660e-05
3.162277660168379517e+11	1.900000000000000000e+01	3.334051727323667099e-05
3.981071705534969482e+11	1.900000000000000000e+01	4.241142639296371366e-05
5.011872336272714844e+11	1.900000000000000000e+01	5.416510045378900511e-05
6.309573444801943359e+11	1.900000000000000000e+01	6.893973386132438215e-05
7.943282347242821045e+11	1.900000000000000000e+01	7.845971482842764013e-05
1.000000000000000000e+12	1.900000000000000000e+01	9.149026527534018032e-05
1.260000000000000000e+12	1.900000000000000000e+01	1.199763087054278837e-04
1.580000000000000000e+12	1.900000000000000000e+01	1.522053087391923170e-04
2.000000000000000000e+12	1.900000000000000000e+01	1.921965353859288151e-04
2.510000000000000000e+12	1.900000000000000000e+01	2.407311201797774486e-04
3.160000000000000000e+12	1.900000000000000000e+01	3.038635959150815771e-04
3.980000000000000000e+12	1.900000000000000000e+01	3.829506371280931337e-04
5.010000000000000000e+12	1.900000000000000000e+01	4.801429181525539028e-04
6.310000000000000000e+12	1.900000000000000000e+01	6.031965959269513025e-04
7.940000000000000000e+12	1.900000000000000000e+01	7.610123860047124985e-04
1.000000000000000000e+13	1.900000000000000000e+01	9.624364786023567467e-04
1.260000000000000000e+13	1.900000000000000000e+01	1.216482415544267465e-03
1.580000000000000000e+13	1.900000000000000000e+01	1.529717002639460364e-03
2.000000000000000000e+13	1.900000000000000000e+01	1.943713488082855724e-03
2.510000000000000000e+13	1.900000000000000000e+01	2.428525217202533257e-03
3.160000000000000000e+13	1.900000000000000000e+01	3.035321993302086529e-03
3.980000000000000000e+13	1.900000000000000000e+01	3.756277645460034086e-03
5.010000000000000000e+13	1.900000000000000000e+01	4.592304920570769965e-03
6.310000000000000000e+13	1.900000000000000000e+01	5.611752067065180899e-03
7.940000000000000000e+13	1.900000000000000000e+01	6.873847809907908737e-03
1.000000000000000000e+14	1.900000000000000000e+01	8.549160768666977384e-03
1.260000000000000000e+14	1.900000000000000000e+01	1.083204182377252647e-02
1.580000000000000000e+14	1.900000000000000000e+01	1.395831290488218010e-02
2.000000000000000000e+14	1.900000000000000000e+01	1.836255876715768218e-02
2.510000000000000000e+14	1.900000000000000000e+01	2.366719051745941327e-02
3.160000000000000000e+14	1.900000000000000000e+01	2.961444136503066024e-02
3.980000000000000000e+14	1.900000000000000000e+01	3.477698379536147549e-02
5.010000000000000000e+14	1.900000000000000000e+01	3.903215350070472767e-02
6.310000000000000000e+14	1.900000000000000000e+01	3.961159319063629891e-02
7.940000000000000000e+14	1.900000000000000000e+01	3.764765257823067535e-02
1.000000000000000000e+15	1.900000000000000000e+01	3.334494156873031578e-02
1.260000000000000000e+15	1.900000000000000000e+01	2.581696563120985249e-02
1.580000000000000000e+15	1.900000000000000000e+01	1.971204041294922008e-02
2.000000000000000000e+15	1.900000000000000000e+01	1.137074595898266392e-02
2.510000000000000000e+15	1.900000000000000000e+01	1.982061489064182620e-03
3.160000000000000000e+15	1.900000000000000000e+01	-5.837463686926403113e-03
3.980000000000000000e+15	1.900000000000000000e+01	-1.229857030547285013e-02
5.010000000000000000e+15	1.900000000000000000e+01	-1.732014725824477033e-02
6.310000000000000000e+15	1.900000000000000000e+01	-2.096366669890502299e-02
7.940000000000000000e+15	1.900000000000000000e+01	-2.333353943173906153e-02
1.000000000000000000e+16	1.900000000000000000e+01	-2.461640456504586572e-02
1.260000000000000000e+16	1.900000000000000000e+01	-2.498871586886750040e-02
1.580000000000000000e+16	1.900000000000000000e+01	-2.467248309152682631e-02
2.000000000000000000e+16	1.900000000000000000e+01	-2.376711614231484873e-02
2.510000000000000000e+16	1.900000000000000000e+01	-2.253873091071247059e-02
3.160000000000000000e+16	1.900000000000000000e+01	-2.103908706169023771e-02
3.980000000000000000e+16	1.900000000000000000e+01	-1.939082633370496980e-02
5.010000000000000000e+16	1.900000000000000000e+01	-1.768680131152303159e-02
6.310000000000000000e+16	1.900000000000000000e+01	-1.598042548417892214e-02
7.940000000000000000e+16	1.900000000000000000e+01	-1.433303954160084805e-02
1.000000000000000000e+17	1.900000000000000000e+01	-1.275826630510548156e-02
1.000000000000000000e+11	2.100000000000000000e+01	1.017904727998772380e-05
1.258925411794166107e+11	2.100000000000000000e+01	1.282558382863502723e-05
1.584893192461110840e+11	2.100000000000000000e+01	1.617025855950118105e-05
1.995262314968882751e+11	2.100000000000000000e+01	2.040678400355488758e-05
2.511886431509582214e+11	2.100000000000000000e+01	2.579500063816203182e-05
3.162277660168379517e+11	2.100000000000000000e+01	3.269077335962458354e-05
3.981071705534969482e+11	2.100000000000000000e+01	4.158513934622269382e-05
5.011872336272714844e+11	2.100000000000000000e+01	5.310357191818453298e-05
6.309573444801943359e+11	2.100000000000000000e+01	6.754119426252466860e-05
7.943282347242821045e+11	2.100000000000000000e+01	7.620390897373139608e-05
1.000000000000000000e+12	2.100000000000000000e+01	9.041854267523664402e-05
1.260000000000000000e+12	2.100000000000000000e+01	1.185645718375032376e-04
1.580000000000000000e+12	2.100000000000000000e+01	1.475765355281908415e-04
2.000000000000000000e+12	2.100000000000000000e+01	1.879329893418735372e-04
2.510000000000000000e+12	2.100000000000000000e+01	2.370259066031608181e-04
3.160000000000000000e+12	2.100000000000000000e+01	2.974047035172453011e-04
3.980000000000000000e+12	2.100000000000000000e+01	3.745725362717673267e-04
5.010000000000000000e+12	2.100000000000000000e+01	4.724991416861608275e-04
6.310000000000000000e+12	2.100000000000000000e+01	5.959635566132700417e-04
7.940000000000000000e+12	2.100000000000000000e+01	7.497340502029429870e-04
1.000000000000000000e+13	2.100000000000000000e+01	9.458106990940362948e-04
1.260000000000000000e+13	2.100000000000000000e+01	1.195588758763437964e-03
1.580000000000000000e+13	2.100000000000000000e+01	1.503466584613430976e-03
2.000000000000000000e+13	2.100000000000000000e+01	1.902996271194427056e-03
2.510000000000000000e+13	2.100000000000000000e+01	2.393580814608153688e-03
3.160000000000000000e+13	2.100000000000000000e+01	3.002736786770522637e-03
3.980000000000000000e+13	2.100000000000000000e+01	3.726010880631520916e-03
5.010000000000000000e+13	2.100000000000000000e+01	4.570605102978842621e-03
6.310000000000000000e+13	2.100000000000000000e+01	5.590626194204836689e-03
7.940000000000000000e+13	2.100000000000000000e+01	6.899959610779650594e-03
1.000000000000000000e+14	2.100000000000000000e+01	8.611662935701288116e-03
1.260000000000000000e+14	2.100000000000000000e+01	1.094869327602231678e-02
1.580000000000000000e+14	2.100000000000000000e+01	1.405325477197109929e-02
2.000000000000000000e+14	2.100000000000000000e+01	1.853988991240568610e-02
2.510000000000000000e+14	2.100000000000000000e+01	2.401702487643390602e-02
3.160000000000000000e+14	2.100000000000000000e+01	3.005869070900436812e-02
3.980000000000000000e+14	2.100000000000000000e+01	3.587388612235626467e-02
5.010000000000000000e+14	2.100000000000000000e+01	3.843435384185935055e-02
6.310000000000000000e+14	2.100000000000000000e+01	3.917573847501517464e-02
7.940000000000000000e+14	2.100000000000000000e+01	3.840641258705087407e-02
1.000000000000000000e+15	2.100000000000000000e+01	3.292954755655085747e-02
1.260000000000000000e+15	2.100000000000000000e+01	2.539135349732506153e-02
1.580000000000000000e+15	2.100000000000000000e+01	1.627313278546797803e-02
2.000000000000000000e+15	2.100000000000000000e+01	7.466648624409749808e-03
2.510000000000000000e+15	2.100000000000000000e+01	2.147229159972670863e-04
3.160000000000000000e+15	2.100000000000000000e+01	-6.787309856254475360e-03
3.980000000000000000e+15	2.100000000000000000e+01	-1.271639304751043080e-02
5.010000000000000000e+15	2.100000000000000000e+01	-1.736214725524902816e-02
6.310000000000000000e+15	2.100000000000000000e+01	-2.073459924928847120e-02
7.940000000000000000e+15	2.100000000000000000e+01	-2.291490989419397301e-02
1.000000000000000000e+16	2.100000000000000000e+01	-2.407084993051984700e-02
1.260000000000000000e+16	2.100000000000000000e+01	-2.436621927940868515e-02
1.580000000000000000e+16	2.100000000000000000e+01	-2.401169398139546898e-02
2.000000000000000000e+16	2.100000000000000000e+01	-2.309724626712154547e-02
2.510000000000000000e+16	2.100000000000000000e+01	-2.188063866152682377e-02
3.160000000000000000e+16	2.100000000000000000e+01	-2.040766791756087536e-02
3.980000000000000000e+16	2.100000000000000000e+01	-1.879716999008428091e-02
5.010000000000000000e+16	2.100000000000000000e+01	-1.713669941942797328e-02
6.310000000000000000e+16	2.100000000000000000e+01	-1.547720003812468915e-02
7.940000000000000000e+16	2.100000000000000000e+01	-1.387636381824513231e-02
1.000000000000000000e+17	2.100000000000000000e+01	-1.234814580195814880e-02
1.000000000000000000e+11	2.300000000000000000e+01	1.002277230562580976e-05
1.258925411794166107e+11	2.300000000000000000e+01	1.262872744192029432e-05
1.584893192461110840e+11	2.300000000000000000e+01	1.592211239798778903e-05
1.995262314968882751e+11	2.300000000000000000e+01	2.009359731452697772e-05
2.511886431509582214e+11	2.300000000000000000e+01	2.539915723110252257e-05
3.162277660168379517e+11	2.300000000000000000e+01	3.218946514948971250e-05
3.981071705534969482e+11	2.300000000000000000e+01	4.094760766205719418e-05
5.011872336272714844e+11	2.300000000000000000e+01	5.230593733272154627e-05
6.309573444801943359e+11	2.300000000000000000e+01	6.647613760158554020e-05
7.943282347242821045e+11	2.300000000000000000e+01	7.476104922337035920e-05
1.000000000000000000e+12	2.300000000000000000e+01	8.798500650710733132e-05
1.260000000000000000e+12	2.300000000000000000e+01	1.162657990020621979e-04
1.580000000000000000e+12	2.300000000000000000e+01	1.476944064320632154e-04
2.000000000000000000e+12	2.300000000000000000e+01	1.870565115464459423e-04
2.510000000000000000e+12	2.300000000000000000e+01	2.334138386661134947e-04
3.160000000000000000e+12	2.300000000000000000e+01	2.934555758382838774e-04
3.980000000000000000e+12	2.300000000000000000e+01	3.695183788664001615e-04
5.010000000000000000e+12	2.300000000000000000e+01	4.654664308172647212e-04
6.310000000000000000e+12	2.300000000000000000e+01	5.877229115786579850e-04
7.940000000000000000e+12	2.300000000000000000e+01	7.417605436882678547e-04
1.000000000000000000e+13	2.300000000000000000e+01	9.358560423208428947e-04
1.260000000000000000e+13	2.300000000000000000e+01	1.180989143286305691e-03
1.580000000000000000e+13	2.300000000000000000e+01	1.484710367491106318e-03
2.000000000000000000e+13	2.300000000000000000e+01	1.888693126736927692e-03
2.510000000000000000e+13	2.300000000000000000e+01	2.363334692373680445e-03
3.160000000000000000e+13	2.300000000000000000e+01	2.938911022435769602e-03
3.980000000000000000e+13	2.300000000000000000e+01	3.645865678936022723e-03
5.010000000000000000e+13	2.300000000000000000e+01	4.499623562846791214e-03
6.310000000000000000e+13	2.300000000000000000e+01	5.543583285185698338e-03
7.940000000000000000e+13	2.300000000000000000e+01	6.852205380213619371e-03
1.000000000000000000e+14	2.300000000000000000e+01	8.556451613376293841e-03
1.260000000000000000e+14	2.300000000000000000e+01	1.090288973313041296e-02
1.580000000000000000e+14	2.300000000000000000e+01	1.413263497210491895e-02
2.000000000000000000e+14	2.300000000000000000e+01	1.867839777385098612e-02
2.510000000000000000e+14	2.300000000000000000e+01	2.404457255507319244e-02
3.160000000000000000e+14	2.300000000000000000e+01	2.995184246874389375e-02
3.980000000000000000e+14	2.300000000000000000e+01	3.527154201754490598e-02
5.010000000000000000e+14	2.300000000000000000e+01	3.943257352595717913e-02
6.310000000000000000e+14	2.300000000000000000e+01	4.034115333391818936e-02
7.940000000000000000e+14	2.300000000000000000e+01	3.702887213922925053e-02
1.000000000000000000e+15	2.300000000000000000e+01	3.315367084130158709e-02
1.260000000000000000e+15	2.300000000000000000e+01	2.660321192827502443e-02
1.580000000000000000e+15	2.300000000000000000e+01	1.872625912030049730e-02
2.000000000000000000e+15	2.300000000000000000e+01	1.104038268030322484e-02
2.510000000000000000e+15	2.300000000000000000e+01	1.773886164145294705e-03
3.160000000000000000e+15	2.300000000000000000e+01	-5.984467855354656286e-03
3.980000000000000000e+15	2.300000000000000000e+01	-1.240790978910300685e-02
5.010000000000000000e+15	2.300000000000000000e+01	-1.740363362558434296e-02
6.310000000000000000e+15	2.300000000000000000e+01	-2.102853259822109674e-02
7.940000000000000000e+15	2.300000000000000000e+01	-2.338454137609201344e-02
1.000000000000000000e+16	2.300000000000000000e+01	-2.465636150612337055e-02
1.260000000000000000e+16	2.300000000000000000e+01	-2.502028889132141068e-02
1.580000000000000000e+16	2.300000000000000000e+01	-2.469758258144899229e-02
2.000000000000000000e+16	2.300000000000000000e+01	-2.378687258521701431e-02
2.510000000000000000e+16	2.300000000000000000e+01	-2.255447803878157104e-02
3.160000000000000000e+16	2.300000000000000000e+01	-2.105111536722566873e-02
3.980000000000000000e+16	2.300000000000000000e+01	-1.940073004080660954e-02
5.010000000000000000e+16	2.300000000000000000e+01	-1.769463801564712460e-02
6.310000000000000000e+16	2.300000000000000000e+01	-1.598719961625254607e-02
7.940000000000000000e+16	2.300000000000000000e+01	-1.433801239629312052e-02
1.000000000000000000e+17	2.300000000000000000e+01	-1.276218960499455810e-02
1.000000000000000000e+11	2.500000000000000000e+01	9.750331704922155743e-06
1.258925411794166107e+11	2.500000000000000000e+01	1.228573864547451406e-05
1.584893192461110840e+11	2.500000000000000000e+01	1.549000665450886576e-05
1.995262314968882751e+11	2.500000000000000000e+01	1.954942928295887655e-05
2.511886431509582214e+11	2.500000000000000000e+01	2.471363174671574006e-05
3.162277660168379517e+11	2.500000000000000000e+01	3.132548588780020507e-05
3.981071705534969482e+11	2.500000000000000000e+01	3.985817322863508720e-05
5.011872336272714844e+11	2.500000000000000000e+01	5.091112729623551098e-05
6.309573444801943359e+11	2.500000000000000000e+01	6.473797057201438729e-05
7.943282347242821045e+11	2.500000000000000000e+01	7.255401142632178610e-05
1.000000000000000000e+12	2.500000000000000000e+01	8.516498166998451801e-05
1.260000000000000000e+12	2.500000000000000000e+01	1.125958103070297153e-04
1.580000000000000000e+12	2.500000000000000000e+01	1.424594085099566555e-04
2.000000000000000000e+12	2.500000000000000000e+01	1.811165379639845762e-04
2.510000000000000000e+12	2.500000000000000000e+01	2.283946497611433635e-04
3.160000000000000000e+12	2.500000000000000000e+01	2.873470270901227054e-04
3.980000000000000000e+12	2.500000000000000000e+01	3.605204711297840814e-04
5.010000000000000000e+12	2.500000000000000000e+01	4.536058867677839773e-04
6.310000000000000000e+12	2.500000000000000000e+01	5.722900342200313607e-04
7.940000000000000000e+12	2.500000000000000000e+01	7.211562642447793018e-04
1.000000000000000000e+13	2.500000000000000000e+01	9.092479345506075455e-04
1.260000000000000000e+13	2.500000000000000000e+01	1.148811553934814701e-03
1.580000000000000000e+13	2.500000000000000000e+01	1.443951148245408963e-03
2.000000000000000000e+13	2.500000000000000000e+01	1.827196413965111654e-03
2.510000000000000000e+13	2.500000000000000000e+01	2.298705651321056396e-03
3.160000000000000000e+13	2.500000000000000000e+01	2.894111735838772285e-03
3.980000000000000000e+13	2.500000000000000000e+01	3.591350976290642611e-03
5.010000000000000000e+13	2.500000000000000000e+01	4.422057622230231820e-03
6.310000000000000000e+13	2.500000000000000000e+01	5.470828218439111913e-03
7.940000000000000000e+13	2.500000000000000000e+01	6.792504181474270930e-03
1.000000000000000000e+14	2.500000000000000000e+01	8.522337186028012060e-03
1.260000000000000000e+14	2.500000000000000000e+01	1.090472517246974561e-02
1.580000000000000000e+14	2.500000000000000000e+01	1.395572039474320646e-02
2.000000000000000000e+14	2.500000000000000000e+01	1.824244046293845359e-02
2.510000000000000000e+14	2.500000000000000000e+01	2.369095035615205458e-02
3.160000000000000000e+14	2.500000000000000000e+01	2.956911963234381061e-02
3.980000000000000000e+14	2.500000000000000000e+01	3.474143149610883080e-02
5.010000000000000000e+14	2.500000000000000000e+01	3.832726335240015103e-02
6.310000000000000000e+14	2.500000000000000000e+01	4.013825242874122928e-02
7.940000000000000000e+14	2.500000000000000000e+01	3.846988140621219326e-02
1.000000000000000000e+15	2.500000000000000000e+01	3.216446821901897124e-02
1.260000000000000000e+15	2.500000000000000000e+01	2.551949972695508745e-02
1.580000000000000000e+15	2.500000000000000000e+01	1.756286476702530186e-02
2.000000000000000000e+15	2.500000000000000000e+01	7.983541706508541155e-03
2.510000000000000000e+15	2.500000000000000000e+01	5.563360823577066403e-04
3.160000000000000000e+15	2.500000000000000000e+01	-6.541027773565811707e-03
3.980000000000000000e+15	2.500000000000000000e+01	-1.253164442279578773e-02
5.010000000000000000e+15	2.500000000000000000e+01	-1.721935287844476858e-02
6.310000000000000000e+15	2.500000000000000000e+01	-2.062334617757828614e-02
7.940000000000000000e+15	2.500000000000000000e+01	-2.282798936269621326e-02
1.000000000000000000e+16	2.500000000000000000e+01	-2.400194507606735750e-02
1.260000000000000000e+16	2.500000000000000000e+01	-2.431178558222107933e-02
1.580000000000000000e+16	2.500000000000000000e+01	-2.396820363132217552e-02
2.000000000000000000e+16	2.500000000000000000e+01	-2.306311431890113034e-02
2.510000000000000000e+16	2.500000000000000000e+01	-2.185347678291565607e-02
3.160000000000000000e+16	2.500000000000000000e+01	-2.038640428172690602e-02
3.980000000000000000e+16	2.500000000000000000e+01	-1.878002865577830388e-02
5.010000000000000000e+16	2.500000000000000000e+01	-1.712287433743880580e-02
6.310000000000000000e+16	2.500000000000000000e+01	-1.546633764645137521e-02
7.940000000000000000e+16	2.500000000000000000e+01	-1.386778419525384193e-02
1.000000000000000000e+17	2.500000000000000000e+01	-1.234134131729341076e-02
