1.000000000000000000e+11	5.000000000000000000e-01	1.791835766435444940e-05
1.258925411794166107e+11	5.000000000000000000e-01	2.258510358386189409e-05
1.584893192461110840e+11	5.000000000000000000e-01	2.848932201147740009e-05
1.995262314968882751e+11	5.000000000000000000e-01	3.598200310600607537e-05
2.511886431509582214e+11	5.000000000000000000e-01	4.553992096736852828e-05
3.162277660168379517e+11	5.000000000000000000e-01	5.783535665437358042e-05
3.981071705534969482e+11	5.000000000000000000e-01	7.386790611258490992e-05
5.011872336272714844e+11	5.000000000000000000e-01	9.520225045028421040e-05
6.309573444801943359e+11	5.000000000000000000e-01	1.243640277961633378e-04
7.943282347242821045e+11	5.000000000000000000e-01	1.671461523726620294e-04
1.000000000000000000e+12	5.000000000000000000e-01	1.905769890681350100e-04
1.260000000000000000e+12	5.000000000000000000e-01	1.957394705077187820e-04
1.580000000000000000e+12	5.000000000000000000e-01	2.228488637870574705e-04
2.000000000000000000e+12	5.000000000000000000e-01	2.654311781274964772e-04
2.510000000000000000e+12	5.000000000000000000e-01	3.204711885798660394e-04
3.160000000000000000e+12	5.000000000000000000e-01	3.926677926436465465e-04
3.980000000000000000e+12	5.000000000000000000e-01	4.855709592484112815e-04
5.010000000000000000e+12	5.000000000000000000e-01	6.034757031617474883e-04
6.310000000000000000e+12	5.000000000000000000e-01	7.535069585028773614e-04
7.940000000000000000e+12	5.000000000000000000e-01	9.433995366382322625e-04
1.000000000000000000e+13	5.000000000000000000e-01	1.184262589353107060e-03
1.260000000000000000e+13	5.000000000000000000e-01	1.485504273286955687e-03
1.580000000000000000e+13	5.000000000000000000e-01	1.853997295402083894e-03
2.000000000000000000e+13	5.000000000000000000e-01	2.342775650227019862e-03
2.510000000000000000e+13	5.000000000000000000e-01	2.943061045633930516e-03
3.160000000000000000e+13	5.000000000000000000e-01	3.700008395484953236e-03
3.980000000000000000e+13	5.000000000000000000e-01	4.611450583738622121e-03
5.010000000000000000e+13	5.000000000000000000e-01	5.654760509996087890e-03
6.310000000000000000e+13	5.000000000000000000e-01	6.824538796296914477e-03
7.940000000000000000e+13	5.000000000000000000e-01	8.155457048382335969e-03
1.000000000000000000e+14	5.000000000000000000e-01	9.777191621235756594e-03
1.260000000000000000e+14	5.000000000000000000e-01	1.191243376517803036e-02
1.580000000000000000e+14	5.000000000000000000e-01	1.479116235130916411e-02
2.000000000000000000e+14	5.000000000000000000e-01	1.892564236086627730e-02
2.510000000000000000e+14	5.000000000000000000e-01	2.400612142756072126e-02
3.160000000000000000e+14	5.000000000000000000e-01	2.967229767050368755e-02
3.980000000000000000e+14	5.000000000000000000e-01	3.485917264484466455e-02
5.010000000000000000e+14	5.000000000000000000e-01	3.833237645883941919e-02
6.310000000000000000e+14	5.000000000000000000e-01	3.918684393348845912e-02
7.940000000000000000e+14	5.000000000000000000e-01	3.704064258229727846e-02
1.000000000000000000e+15	5.000000000000000000e-01	3.220353443485971662e-02
1.260000000000000000e+15	5.000000000000000000e-01	2.519256086960442592e-02
1.580000000000000000e+15	5.000000000000000000e-01	1.702978885861900632e-02
2.000000000000000000e+15	5.000000000000000000e-01	8.592450247967285334e-03
2.510000000000000000e+15	5.000000000000000000e-01	5.163635477425316048e-04
3.160000000000000000e+15	5.000000000000000000e-01	-6.819762319026102457e-03
3.980000000000000000e+15	5.000000000000000000e-01	-1.297772851630734844e-02
5.010000000000000000e+15	5.000000000000000000e-01	-1.778722878500273857e-02
6.310000000000000000e+15	5.000000000000000000e-01	-2.127545457354580380e-02
7.940000000000000000e+15	5.000000000000000000e-01	-2.353138586654165976e-02
1.000000000000000000e+16	5.000000000000000000e-01	-2.472890537566205943e-02
1.260000000000000000e+16	5.000000000000000000e-01	-2.503937529244919594e-02
1.580000000000000000e+16	5.000000000000000000e-01	-2.467963741971309147e-02
2.000000000000000000e+16	5.000000000000000000e-01	-2.374299694786722453e-02
2.510000000000000000e+16	5.000000000000000000e-01	-2.249457089197167553e-02
3.160000000000000000e+16	5.000000000000000000e-01	-2.098184938834286861e-02
3.980000000000000000e+16	5.000000000000000000e-01	-1.932717651430274422e-02
5.010000000000000000e+16	5.000000000000000000e-01	-1.762047576993243728e-02
6.310000000000000000e+16	5.000000000000000000e-01	-1.591435983498414378e-02
7.940000000000000000e+16	5.000000000000000000e-01	-1.426931096736575380e-02
1.000000000000000000e+17	5.000000000000000000e-01	-1.269816054757664375e-02
1.000000000000000000e+11	1.500000000000000000e+00	1.675186689571843762e-05
1.258925411794166107e+11	1.500000000000000000e+00	2.111743570092261787e-05
1.584893192461110840e+11	1.500000000000000000e+00	2.664328369437852788e-05
1.995262314968882751e+11	1.500000000000000000e+00	3.366144824122489413e-05
2.511886431509582214e+11	1.500000000000000000e+00	4.262541206926483822e-05
3.162277660168379517e+11	1.500000000000000000e+00	5.418084094380153256e-05
3.981071705534969482e+11	1.500000000000000000e+00	6.930290482055755802e-05
5.011872336272714844e+11	1.500000000000000000e+00	8.952117934484942223e-05
6.309573444801943359e+11	1.500000000000000000e+00	1.174247541687085413e-04
7.943282347242821045e+11	1.500000000000000000e+00	1.595012105390976201e-04
1.000000000000000000e+12	1.500000000000000000e+00	1.800248434185246465e-04
1.260000000000000000e+12	1.500000000000000000e+00	1.794582693462907293e-04
1.580000000000000000e+12	1.500000000000000000e+00	2.008518384629266306e-04
2.000000000000000000e+12	1.500000000000000000e+00	2.359403599887940309e-04
2.510000000000000000e+12	1.500000000000000000e+00	2.830851818635082796e-04
3.160000000000000000e+12	1.500000000000000000e+00	3.464365644627714338e-04
3.980000000000000000e+12	1.500000000000000000e+00	4.284063260095498046e-04
5.010000000000000000e+12	1.500000000000000000e+00	5.332610170389268447e-04
6.310000000000000000e+12	1.500000000000000000e+00	6.671387875072307128e-04
7.940000000000000000e+12	1.500000000000000000e+00	8.363523868932108869e-04
1.000000000000000000e+13	1.500000000000000000e+00	1.050698894240929219e-03
1.260000000000000000e+13	1.500000000000000000e+00	1.318890948826891485e-03
1.580000000000000000e+13	1.500000000000000000e+00	1.646311266786697897e-03
2.000000000000000000e+13	1.500000000000000000e+00	2.080527838349828344e-03
2.510000000000000000e+13	1.500000000000000000e+00	2.614471209979750323e-03
3.160000000000000000e+13	1.500000000000000000e+00	3.296817987741039197e-03
3.980000000000000000e+13	1.500000000000000000e+00	4.138961405757539576e-03
5.010000000000000000e+13	1.500000000000000000e+00	5.137604826034763636e-03
6.310000000000000000e+13	1.500000000000000000e+00	6.310687443716793930e-03
7.940000000000000000e+13	1.500000000000000000e+00	7.694372375328582120e-03
1.000000000000000000e+14	1.500000000000000000e+00	9.405557586387659069e-03
1.260000000000000000e+14	1.500000000000000000e+00	1.164474114442591232e-02
1.580000000000000000e+14	1.500000000000000000e+00	1.463588391568177230e-02
2.000000000000000000e+14	1.500000000000000000e+00	1.888050423231732097e-02
2.510000000000000000e+14	1.500000000000000000e+00	2.403826676862986372e-02
3.160000000000000000e+14	1.500000000000000000e+00	2.976067137062442247e-02
3.980000000000000000e+14	1.500000000000000000e+00	3.497866122124261568e-02
5.010000000000000000e+14	1.500000000000000000e+00	3.843682319540647069e-02
6.310000000000000000e+14	1.500000000000000000e+00	3.941219997992162494e-02
7.940000000000000000e+14	1.500000000000000000e+00	3.723436956152069433e-02
1.000000000000000000e+15	1.500000000000000000e+00	3.211682249660820221e-02
1.260000000000000000e+15	1.500000000000000000e+00	2.529790702845633593e-02
1.580000000000000000e+15	1.500000000000000000e+00	1.736985548819247605e-02
2.000000000000000000e+15	1.500000000000000000e+00	8.785788720935931717e-03
2.510000000000000000e+15	1.500000000000000000e+00	6.936805238769163610e-04
3.160000000000000000e+15	1.500000000000000000e+00	-6.635634099157570673e-03
3.980000000000000000e+15	1.500000000000000000e+00	-1.278190046274195121e-02
5.010000000000000000e+15	1.500000000000000000e+00	-1.758102359978890722e-02
6.310000000000000000e+15	1.500000000000000000e+00	-2.106266830340127599e-02
7.940000000000000000e+15	1.500000000000000000e+00	-2.331658806136421500e-02
1.000000000000000000e+16	1.500000000000000000e+00	-2.451652467169890617e-02
1.260000000000000000e+16	1.500000000000000000e+00	-2.483329130685746691e-02
1.580000000000000000e+16	1.500000000000000000e+00	-2.448261643743576688e-02
2.000000000000000000e+16	1.500000000000000000e+00	-2.355787917125899342e-02
2.510000000000000000e+16	1.500000000000000000e+00	-2.232224421204651033e-02
3.160000000000000000e+16	1.500000000000000000e+00	-2.082334770812940827e-02
3.980000000000000000e+16	1.500000000000000000e+00	-1.918279981025530073e-02
5.010000000000000000e+16	1.500000000000000000e+00	-1.749005820289933899e-02
6.310000000000000000e+16	1.500000000000000000e+00	-1.579798948556393121e-02
7.940000000000000000e+16	1.500000000000000000e+00	-1.416512616049672019e-02
1.000000000000000000e+17	1.500000000000000000e+00	-1.260593784261405774e-02
1.000000000000000000e+11	2.500000000000000000e+00	1.643505961480334619e-05
1.258925411794166107e+11	2.500000000000000000e+00	2.071883198666133149e-05
1.584893192461110840e+11	2.500000000000000000e+00	2.614259246936170245e-05
1.995262314968882751e+11	2.500000000000000000e+00	3.303299575876648308e-05
2.511886431509582214e+11	2.500000000000000000e+00	4.183807539271695982e-05
3.162277660168379517e+11	2.500000000000000000e+00	5.319795701049056093e-05
3.981071705534969482e+11	2.500000000000000000e+00	6.807590787149404821e-05
5.011872336272714844e+11	2.500000000000000000e+00	8.803473890542602633e-05
6.309573444801943359e+11	2.500000000000000000e+00	1.156640574392641156e-04
7.943282347242821045e+11	2.500000000000000000e+00	1.579355851969098086e-04
1.000000000000000000e+12	2.500000000000000000e+00	1.773229405761181246e-04
1.260000000000000000e+12	2.500000000000000000e+00	1.741847299844498929e-04
1.580000000000000000e+12	2.500000000000000000e+00	1.937808049215571462e-04
2.000000000000000000e+12	2.500000000000000000e+00	2.271141327679128419e-04
2.510000000000000000e+12	2.500000000000000000e+00	2.716372905821701168e-04
3.160000000000000000e+12	2.500000000000000000e+00	3.317496913183218136e-04
3.980000000000000000e+12	2.500000000000000000e+00	4.103718622502646558e-04
5.010000000000000000e+12	2.500000000000000000e+00	5.110967069797541992e-04
6.310000000000000000e+12	2.500000000000000000e+00	6.399580898048298468e-04
7.940000000000000000e+12	2.500000000000000000e+00	8.034204251931846997e-04
1.000000000000000000e+13	2.500000000000000000e+00	1.010444524828803129e-03
1.260000000000000000e+13	2.500000000000000000e+00	1.268832649836408545e-03
1.580000000000000000e+13	2.500000000000000000e+00	1.585429127442906450e-03
2.000000000000000000e+13	2.500000000000000000e+00	2.004608900115046905e-03
2.510000000000000000e+13	2.500000000000000000e+00	2.521286279852143382e-03
3.160000000000000000e+13	2.500000000000000000e+00	3.180971200457907971e-03
3.980000000000000000e+13	2.500000000000000000e+00	3.998068837034123024e-03
5.010000000000000000e+13	2.500000000000000000e+00	4.983324477663003682e-03
6.310000000000000000e+13	2.500000000000000000e+00	6.157786158357095828e-03
7.940000000000000000e+13	2.500000000000000000e+00	7.566209864913377853e-03
1.000000000000000000e+14	2.500000000000000000e+00	9.306664582279347217e-03
1.260000000000000000e+14	2.500000000000000000e+00	1.158336856976955806e-02
1.580000000000000000e+14	2.500000000000000000e+00	1.462292774752304778e-02
2.000000000000000000e+14	2.500000000000000000e+00	1.892018487049561271e-02
2.510000000000000000e+14	2.500000000000000000e+00	2.417122612770759849e-02
3.160000000000000000e+14	2.500000000000000000e+00	3.002208524856701116e-02
3.980000000000000000e+14	2.500000000000000000e+00	3.517394361952196069e-02
5.010000000000000000e+14	2.500000000000000000e+00	3.872654123071570670e-02
6.310000000000000000e+14	2.500000000000000000e+00	3.973553696839147303e-02
7.940000000000000000e+14	2.500000000000000000e+00	3.753172218340193600e-02
1.000000000000000000e+15	2.500000000000000000e+00	3.271715206104932466e-02
1.260000000000000000e+15	2.500000000000000000e+00	2.566950636880404452e-02
1.580000000000000000e+15	2.500000000000000000e+00	1.766420705926760246e-02
2.000000000000000000e+15	2.500000000000000000e+00	9.210921868642965235e-03
2.510000000000000000e+15	2.500000000000000000e+00	8.883309576907512470e-04
3.160000000000000000e+15	2.500000000000000000e+00	-6.547861689830410982e-03
3.980000000000000000e+15	2.500000000000000000e+00	-1.277065190364968725e-02
5.010000000000000000e+15	2.500000000000000000e+00	-1.762651051467501589e-02
6.310000000000000000e+15	2.500000000000000000e+00	-2.114959578811722446e-02
7.940000000000000000e+15	2.500000000000000000e+00	-2.343169124717688415e-02
1.000000000000000000e+16	2.500000000000000000e+00	-2.465055948796435539e-02
1.260000000000000000e+16	2.500000000000000000e+00	-2.497739290883534483e-02
1.580000000000000000e+16	2.500000000000000000e+00	-2.463030447436779721e-02
2.000000000000000000e+16	2.500000000000000000e+00	-2.370407623342353845e-02
2.510000000000000000e+16	2.500000000000000000e+00	-2.246357249037937015e-02
3.160000000000000000e+16	2.500000000000000000e+00	-2.095724607014892715e-02
3.980000000000000000e+16	2.500000000000000000e+00	-1.930766649474711591e-02
5.010000000000000000e+16	2.500000000000000000e+00	-1.760496634468806249e-02
6.310000000000000000e+16	2.500000000000000000e+00	-1.590262489048652542e-02
7.940000000000000000e+16	2.500000000000000000e+00	-1.425952511030291990e-02
1.000000000000000000e+17	2.500000000000000000e+00	-1.269037086364143210e-02
1.000000000000000000e+11	3.500000000000000000e+00	1.605478085742869727e-05
1.258925411794166107e+11	3.500000000000000000e+00	2.024017483181300727e-05
1.584893192461110840e+11	3.500000000000000000e+00	2.553953785062279780e-05
1.995262314968882751e+11	3.500000000000000000e+00	3.227311659715142257e-05
2.511886431509582214e+11	3.500000000000000000e+00	4.088015001819420528e-05
3.162277660168379517e+11	3.500000000000000000e+00	5.198891532484420353e-05
3.981071705534969482e+11	3.500000000000000000e+00	6.654767181833765347e-05
5.011872336272714844e+11	3.500000000000000000e+00	8.609613997992707419e-05
6.309573444801943359e+11	3.500000000000000000e+00	1.131829872210510571e-04
7.943282347242821045e+11	3.500000000000000000e+00	1.545754056779769187e-04
1.000000000000000000e+12	3.500000000000000000e+00	1.735598249320215332e-04
1.260000000000000000e+12	3.500000000000000000e+00	1.698659365824181752e-04
1.580000000000000000e+12	3.500000000000000000e+00	1.876373200647256921e-04
2.000000000000000000e+12	3.500000000000000000e+00	2.192454876347955451e-04
2.510000000000000000e+12	3.500000000000000000e+00	2.622986597585826203e-04
3.160000000000000000e+12	3.500000000000000000e+00	3.203879607414797468e-04
3.980000000000000000e+12	3.500000000000000000e+00	3.967295637666249796e-04
5.010000000000000000e+12	3.500000000000000000e+00	4.947401996239493387e-04
6.310000000000000000e+12	3.500000000000000000e+00	6.201344824662437640e-04
7.940000000000000000e+12	3.500000000000000000e+00	7.789333067111450792e-04
1.000000000000000000e+13	3.500000000000000000e+00	9.804455152204005590e-04
1.260000000000000000e+13	3.500000000000000000e+00	1.232579455615285657e-03
1.580000000000000000e+13	3.500000000000000000e+00	1.540837677543057879e-03
2.000000000000000000e+13	3.500000000000000000e+00	1.950992418842671834e-03
2.510000000000000000e+13	3.500000000000000000e+00	2.453192279793787837e-03
3.160000000000000000e+13	3.500000000000000000e+00	3.092890496143577660e-03
3.980000000000000000e+13	3.500000000000000000e+00	3.893861765271660908e-03
5.010000000000000000e+13	3.500000000000000000e+00	4.866355694210598021e-03
6.310000000000000000e+13	3.500000000000000000e+00	6.041897455455575230e-03
7.940000000000000000e+13	3.500000000000000000e+00	7.438413732010556827e-03
1.000000000000000000e+14	3.500000000000000000e+00	9.185616017243948203e-03
1.260000000000000000e+14	3.500000000000000000e+00	1.149863092413607943e-02
1.580000000000000000e+14	3.500000000000000000e+00	1.455282479726838565e-02
2.000000000000000000e+14	3.500000000000000000e+00	1.887820243870560674e-02
2.510000000000000000e+14	3.500000000000000000e+00	2.412108619670849316e-02
3.160000000000000000e+14	3.500000000000000000e+00	2.986707554825203739e-02
3.980000000000000000e+14	3.500000000000000000e+00	3.530526513020420393e-02
5.010000000000000000e+14	3.500000000000000000e+00	3.867590610801044382e-02
6.310000000000000000e+14	3.500000000000000000e+00	3.928113342920658280e-02
7.940000000000000000e+14	3.500000000000000000e+00	3.755058246311048648e-02
1.000000000000000000e+15	3.500000000000000000e+00	3.266482080234396623e-02
1.260000000000000000e+15	3.500000000000000000e+00	2.556375305299187634e-02
1.580000000000000000e+15	3.500000000000000000e+00	1.755387932940222565e-02
2.000000000000000000e+15	3.500000000000000000e+00	8.921241257230405272e-03
2.510000000000000000e+15	3.500000000000000000e+00	7.976846928420203023e-04
3.160000000000000000e+15	3.500000000000000000e+00	-6.554849899372976879e-03
3.980000000000000000e+15	3.500000000000000000e+00	-1.271860920414365909e-02
5.010000000000000000e+15	3.500000000000000000e+00	-1.753117093853986952e-02
6.310000000000000000e+15	3.500000000000000000e+00	-2.102329675543717497e-02
7.940000000000000000e+15	3.500000000000000000e+00	-2.328538251165768874e-02
1.000000000000000000e+16	3.500000000000000000e+00	-2.449180901617111286e-02
1.260000000000000000e+16	3.500000000000000000e+00	-2.481369888009803820e-02
1.580000000000000000e+16	3.500000000000000000e+00	-2.446700336496363329e-02
2.000000000000000000e+16	3.500000000000000000e+00	-2.354555343331443326e-02
2.510000000000000000e+16	3.500000000000000000e+00	-2.231241901483345391e-02
3.160000000000000000e+16	3.500000000000000000e+00	-2.081553832452794767e-02
3.980000000000000000e+16	3.500000000000000000e+00	-1.917660933439146662e-02
5.010000000000000000e+16	3.500000000000000000e+00	-1.748514560214562211e-02
6.310000000000000000e+16	3.500000000000000000e+00	-1.579411137200982182e-02
7.940000000000000000e+16	3.500000000000000000e+00	-1.416202568217309748e-02
1.000000000000000000e+17	3.500000000000000000e+00	-1.260345864679766718e-02
1.000000000000000000e+11	4.500000000000000000e+00	1.558411809702975320e-05
1.258925411794166107e+11	4.500000000000000000e+00	1.964686402764222371e-05
1.584893192461110840e+11	4.500000000000000000e+00	2.479090228108234622e-05
1.995262314968882751e+11	4.500000000000000000e+00	3.132744663936003177e-05
2.511886431509582214e+11	4.500000000000000000e+00	3.968298171242657166e-05
3.162277660168379517e+11	4.500000000000000000e+00	5.046801443250828765e-05
3.981071705534969482e+11	4.500000000000000000e+00	6.460268530353121034e-05
5.011872336272714844e+11	4.500000000000000000e+00	8.355890282976873799e-05
6.309573444801943359e+11	4.500000000000000000e+00	1.098306126841710811e-04
7.943282347242821045e+11	4.500000000000000000e+00	1.494677051793625460e-04
1.000000000000000000e+12	4.500000000000000000e+00	1.675157249942970706e-04
1.260000000000000000e+12	4.500000000000000000e+00	1.646420946357836661e-04
1.580000000000000000e+12	4.500000000000000000e+00	1.829097831349992659e-04
2.000000000000000000e+12	4.500000000000000000e+00	2.135613940973692104e-04
2.510000000000000000e+12	4.500000000000000000e+00	2.553930683408872290e-04
3.160000000000000000e+12	4.500000000000000000e+00	3.128899658658435283e-04
3.980000000000000000e+12	4.500000000000000000e+00	3.876010082504301830e-04
5.010000000000000000e+12	4.500000000000000000e+00	4.837193327923830824e-04
6.310000000000000000e+12	4.500000000000000000e+00	6.072586760267444095e-04
7.940000000000000000e+12	4.500000000000000000e+00	7.639123757010584260e-04
1.000000000000000000e+13	4.500000000000000000e+00	9.611535098741327875e-04
1.260000000000000000e+13	4.500000000000000000e+00	1.206370716538624236e-03
1.580000000000000000e+13	4.500000000000000000e+00	1.510314552461353588e-03
2.000000000000000000e+13	4.500000000000000000e+00	1.912686327776520149e-03
2.510000000000000000e+13	4.500000000000000000e+00	2.403838992303711144e-03
3.160000000000000000e+13	4.500000000000000000e+00	3.037697446594362412e-03
3.980000000000000000e+13	4.500000000000000000e+00	3.829796098841450110e-03
5.010000000000000000e+13	4.500000000000000000e+00	4.789843055815221594e-03
6.310000000000000000e+13	4.500000000000000000e+00	5.941145087885665865e-03
7.940000000000000000e+13	4.500000000000000000e+00	7.369198547637702962e-03
1.000000000000000000e+14	4.500000000000000000e+00	9.149495484079214758e-03
1.260000000000000000e+14	4.500000000000000000e+00	1.147168669438069187e-02
1.580000000000000000e+14	4.500000000000000000e+00	1.454801217659746140e-02
2.000000000000000000e+14	4.500000000000000000e+00	1.884491210806303954e-02
2.510000000000000000e+14	4.500000000000000000e+00	2.410092382909804001e-02
3.160000000000000000e+14	4.500000000000000000e+00	2.986868824218652171e-02
3.980000000000000000e+14	4.500000000000000000e+00	3.506226497633824907e-02
5.010000000000000000e+14	4.500000000000000000e+00	3.889560435796810683e-02
6.310000000000000000e+14	4.500000000000000000e+00	3.989087949180964571e-02
7.940000000000000000e+14	4.500000000000000000e+00	3.727584137235786382e-02
1.000000000000000000e+15	4.500000000000000000e+00	3.238397410758890593e-02
1.260000000000000000e+15	4.500000000000000000e+00	2.553285566915395807e-02
1.580000000000000000e+15	4.500000000000000000e+00	1.759323453110657465e-02
2.000000000000000000e+15	4.500000000000000000e+00	9.186513445303991915e-03
2.510000000000000000e+15	4.500000000000000000e+00	9.092396329718823193e-04
3.160000000000000000e+15	4.500000000000000000e+00	-6.481691355312893185e-03
3.980000000000000000e+15	4.500000000000000000e+00	-1.266581360594619225e-02
5.010000000000000000e+15	4.500000000000000000e+00	-1.749070025138589959e-02
6.310000000000000000e+15	4.500000000000000000e+00	-2.099267516710828438e-02
7.940000000000000000e+15	4.500000000000000000e+00	-2.326151251182884128e-02
1.000000000000000000e+16	4.500000000000000000e+00	-2.447306216079184887e-02
1.260000000000000000e+16	4.500000000000000000e+00	-2.479893915341871771e-02
1.580000000000000000e+16	4.500000000000000000e+00	-2.445529210602582007e-02
2.000000000000000000e+16	4.500000000000000000e+00	-2.353631394534569377e-02
2.510000000000000000e+16	4.500000000000000000e+00	-2.230508427104129290e-02
3.160000000000000000e+16	4.500000000000000000e+00	-2.080971479445160519e-02
3.980000000000000000e+16	4.500000000000000000e+00	-1.917199786242388890e-02
5.010000000000000000e+16	4.500000000000000000e+00	-1.748147972070929548e-02
6.310000000000000000e+16	4.500000000000000000e+00	-1.579119361944096925e-02
7.940000000000000000e+16	4.500000000000000000e+00	-1.415970639552054447e-02
1.000000000000000000e+17	4.500000000000000000e+00	-1.260161801439793963e-02
1.000000000000000000e+11	5.500000000000000000e+00	1.499812778249446290e-05
1.258925411794166107e+11	5.500000000000000000e+00	1.890787800439395173e-05
1.584893192461110840e+11	5.500000000000000000e+00	2.385799030394877111e-05
1.995262314968882751e+11	5.500000000000000000e+00	3.014756200503886200e-05
2.511886431509582214e+11	5.500000000000000000e+00	3.818677343468863949e-05
3.162277660168379517e+11	5.500000000000000000e+00	4.856148975084342064e-05
3.981071705534969482e+11	5.500000000000000000e+00	6.215291227226105348e-05
5.011872336272714844e+11	5.500000000000000000e+00	8.035960886870754873e-05
6.309573444801943359e+11	5.500000000000000000e+00	1.054977783004071919e-04
7.943282347242821045e+11	5.500000000000000000e+00	1.424652941431620425e-04
1.000000000000000000e+12	5.500000000000000000e+00	1.598672292536402475e-04
1.260000000000000000e+12	5.500000000000000000e+00	1.587918248277473137e-04
1.580000000000000000e+12	5.500000000000000000e+00	1.771295728531221340e-04
2.000000000000000000e+12	5.500000000000000000e+00	2.083605767106693363e-04
2.510000000000000000e+12	5.500000000000000000e+00	2.499589884283419361e-04
3.160000000000000000e+12	5.500000000000000000e+00	3.055315584271441520e-04
3.980000000000000000e+12	5.500000000000000000e+00	3.793935711387062121e-04
5.010000000000000000e+12	5.500000000000000000e+00	4.751630732381775303e-04
6.310000000000000000e+12	5.500000000000000000e+00	5.971152388191314133e-04
7.940000000000000000e+12	5.500000000000000000e+00	7.510407137799492280e-04
1.000000000000000000e+13	5.500000000000000000e+00	9.458779772190055012e-04
1.260000000000000000e+13	5.500000000000000000e+00	1.192990305202108053e-03
1.580000000000000000e+13	5.500000000000000000e+00	1.493524206674661740e-03
2.000000000000000000e+13	5.500000000000000000e+00	1.885822962241750578e-03
2.510000000000000000e+13	5.500000000000000000e+00	2.373566191914827043e-03
3.160000000000000000e+13	5.500000000000000000e+00	2.999295439405888757e-03
3.980000000000000000e+13	5.500000000000000000e+00	3.778867674740369036e-03
5.010000000000000000e+13	5.500000000000000000e+00	4.734742074261936128e-03
6.310000000000000000e+13	5.500000000000000000e+00	5.884634229180245660e-03
7.940000000000000000e+13	5.500000000000000000e+00	7.266820224845844424e-03
1.000000000000000000e+14	5.500000000000000000e+00	9.035785212078652553e-03
1.260000000000000000e+14	5.500000000000000000e+00	1.135319842845465728e-02
1.580000000000000000e+14	5.500000000000000000e+00	1.440972675245097596e-02
2.000000000000000000e+14	5.500000000000000000e+00	1.873809535589293293e-02
2.510000000000000000e+14	5.500000000000000000e+00	2.394095624341378500e-02
3.160000000000000000e+14	5.500000000000000000e+00	2.988341456420770190e-02
3.980000000000000000e+14	5.500000000000000000e+00	3.528755019858518388e-02
5.010000000000000000e+14	5.500000000000000000e+00	3.849192352411476975e-02
6.310000000000000000e+14	5.500000000000000000e+00	3.942803990461191815e-02
7.940000000000000000e+14	5.500000000000000000e+00	3.760434851515836313e-02
1.000000000000000000e+15	5.500000000000000000e+00	3.267161205208615748e-02
1.260000000000000000e+15	5.500000000000000000e+00	2.568169189255901236e-02
1.580000000000000000e+15	5.500000000000000000e+00	1.729694335090720472e-02
2.000000000000000000e+15	5.500000000000000000e+00	8.603897566793305973e-03
2.510000000000000000e+15	5.500000000000000000e+00	6.952304733334705323e-04
3.160000000000000000e+15	5.500000000000000000e+00	-6.567898015603156753e-03
3.980000000000000000e+15	5.500000000000000000e+00	-1.267011378010544573e-02
5.010000000000000000e+15	5.500000000000000000e+00	-1.743795613543234688e-02
6.310000000000000000e+15	5.500000000000000000e+00	-2.089850019413424034e-02
7.940000000000000000e+15	5.500000000000000000e+00	-2.313966808459016686e-02
1.000000000000000000e+16	5.500000000000000000e+00	-2.433385266863443211e-02
1.260000000000000000e+16	5.500000000000000000e+00	-2.465061558685581120e-02
1.580000000000000000e+16	5.500000000000000000e+00	-2.430416444507618387e-02
2.000000000000000000e+16	5.500000000000000000e+00	-2.338738897559203278e-02
2.510000000000000000e+16	5.500000000000000000e+00	-2.216159293295837801e-02
3.160000000000000000e+16	5.500000000000000000e+00	-2.067407580400127884e-02
3.980000000000000000e+16	5.500000000000000000e+00	-1.904574383419781192e-02
5.010000000000000000e+16	5.500000000000000000e+00	-1.736546331376605939e-02
6.310000000000000000e+16	5.500000000000000000e+00	-1.568570023804428601e-02
7.940000000000000000e+16	5.500000000000000000e+00	-1.406461766259849665e-02
1.000000000000000000e+17	5.500000000000000000e+00	-1.251663513781912582e-02
1.000000000000000000e+11	6.500000000000000000e+00	1.435368965226332608e-05
1.258925411794166107e+11	6.500000000000000000e+00	1.809467027153840294e-05
1.584893192461110840e+11	6.500000000000000000e+00	2.283091402075451985e-05
1.995262314968882751e+11	6.500000000000000000e+00	2.884732973298303742e-05
2.511886431509582214e+11	6.500000000000000000e+00	3.653466216446463714e-05
3.162277660168379517e+11	6.500000000000000000e+00	4.645032371713507904e-05
3.981071705534969482e+11	6.500000000000000000e+00	5.942663106331089759e-05
5.011872336272714844e+11	6.500000000000000000e+00	7.678735358344933922e-05
6.309573444801943359e+11	6.500000000000000000e+00	1.005474041852108384e-04
7.943282347242821045e+11	6.500000000000000000e+00	1.340228629476319434e-04
1.000000000000000000e+12	6.500000000000000000e+00	1.510463904155469816e-04
1.260000000000000000e+12	6.500000000000000000e+00	1.536976765221380900e-04
1.580000000000000000e+12	6.500000000000000000e+00	1.730699127577246604e-04
2.000000000000000000e+12	6.500000000000000000e+00	2.027620212612250340e-04
2.510000000000000000e+12	6.500000000000000000e+00	2.452020869603579426e-04
3.160000000000000000e+12	6.500000000000000000e+00	3.031358555360590470e-04
3.980000000000000000e+12	6.500000000000000000e+00	3.758060061264887610e-04
5.010000000000000000e+12	6.500000000000000000e+00	4.698733171076743126e-04
6.310000000000000000e+12	6.500000000000000000e+00	5.893850711257101350e-04
7.940000000000000000e+12	6.500000000000000000e+00	7.414387420562071427e-04
1.000000000000000000e+13	6.500000000000000000e+00	9.334285143415856339e-04
1.260000000000000000e+13	6.500000000000000000e+00	1.173593271323882751e-03
1.580000000000000000e+13	6.500000000000000000e+00	1.470902893931862838e-03
2.000000000000000000e+13	6.500000000000000000e+00	1.864803765105603386e-03
2.510000000000000000e+13	6.500000000000000000e+00	2.345462540487043990e-03
3.160000000000000000e+13	6.500000000000000000e+00	2.961794073269405966e-03
3.980000000000000000e+13	6.500000000000000000e+00	3.735008673375829653e-03
5.010000000000000000e+13	6.500000000000000000e+00	4.676843623174958657e-03
6.310000000000000000e+13	6.500000000000000000e+00	5.840430482104324098e-03
7.940000000000000000e+13	6.500000000000000000e+00	7.240036091424084490e-03
1.000000000000000000e+14	6.500000000000000000e+00	8.985738342687153019e-03
1.260000000000000000e+14	6.500000000000000000e+00	1.130619804615713014e-02
1.580000000000000000e+14	6.500000000000000000e+00	1.439371226116732162e-02
2.000000000000000000e+14	6.500000000000000000e+00	1.875214656137119337e-02
2.510000000000000000e+14	6.500000000000000000e+00	2.408927176624195768e-02
3.160000000000000000e+14	6.500000000000000000e+00	2.968704093200149122e-02
3.980000000000000000e+14	6.500000000000000000e+00	3.487695951442344733e-02
5.010000000000000000e+14	6.500000000000000000e+00	3.875944102643331945e-02
6.310000000000000000e+14	6.500000000000000000e+00	3.959293473277585712e-02
7.940000000000000000e+14	6.500000000000000000e+00	3.731396661053303782e-02
1.000000000000000000e+15	6.500000000000000000e+00	3.241223544551095903e-02
1.260000000000000000e+15	6.500000000000000000e+00	2.522606478920631778e-02
1.580000000000000000e+15	6.500000000000000000e+00	1.683573631738585069e-02
2.000000000000000000e+15	6.500000000000000000e+00	8.387973741913601691e-03
2.510000000000000000e+15	6.500000000000000000e+00	5.830199765552116376e-04
3.160000000000000000e+15	6.500000000000000000e+00	-6.600300208974885924e-03
3.980000000000000000e+15	6.500000000000000000e+00	-1.264050433401490980e-02
5.010000000000000000e+15	6.500000000000000000e+00	-1.736133308323643820e-02
6.310000000000000000e+15	6.500000000000000000e+00	-2.078729141418243428e-02
7.940000000000000000e+15	6.500000000000000000e+00	-2.300462025723565632e-02
1.000000000000000000e+16	6.500000000000000000e+00	-2.418479276569141315e-02
1.260000000000000000e+16	6.500000000000000000e+00	-2.449457728398840226e-02
1.580000000000000000e+16	6.500000000000000000e+00	-2.414701589712991286e-02
2.000000000000000000e+16	6.500000000000000000e+00	-2.323375511857348613e-02
2.510000000000000000e+16	6.500000000000000000e+00	-2.201428925054747451e-02
3.160000000000000000e+16	6.500000000000000000e+00	-2.053546489842739478e-02
3.980000000000000000e+16	6.500000000000000000e+00	-1.891719186175916043e-02
5.010000000000000000e+16	6.500000000000000000e+00	-1.724754451004463507e-02
6.310000000000000000e+16	6.500000000000000000e+00	-1.557873401201324316e-02
7.940000000000000000e+16	6.500000000000000000e+00	-1.396834798552553693e-02
1.000000000000000000e+17	6.500000000000000000e+00	-1.243067165018824777e-02
1.000000000000000000e+11	7.500000000000000000e+00	1.351500249636514313e-05
1.258925411794166107e+11	7.500000000000000000e+00	1.703653278178614110e-05
1.584893192461110840e+11	7.500000000000000000e+00	2.149379757011002896e-05
1.995262314968882751e+11	7.500000000000000000e+00	2.715430710778917874e-05
2.511886431509582214e+11	7.500000000000000000e+00	3.438345794134431568e-05
3.162277660168379517e+11	7.500000000000000000e+00	4.369991361860334737e-05
3.981071705534969482e+11	7.500000000000000000e+00	5.587286438453105023e-05
5.011872336272714844e+11	7.500000000000000000e+00	7.208311823474821225e-05
6.309573444801943359e+11	7.500000000000000000e+00	9.407985662794435169e-05
7.943282347242821045e+11	7.500000000000000000e+00	1.229780402971138858e-04
1.000000000000000000e+12	7.500000000000000000e+00	1.396025007206073206e-04
1.260000000000000000e+12	7.500000000000000000e+00	1.459698812542632458e-04
1.580000000000000000e+12	7.500000000000000000e+00	1.663725854055186828e-04
2.000000000000000000e+12	7.500000000000000000e+00	2.006702662746369305e-04
2.510000000000000000e+12	7.500000000000000000e+00	2.416938769113830985e-04
3.160000000000000000e+12	7.500000000000000000e+00	2.959482765082415215e-04
3.980000000000000000e+12	7.500000000000000000e+00	3.703023985011882446e-04
5.010000000000000000e+12	7.500000000000000000e+00	4.633160144828116721e-04
6.310000000000000000e+12	7.500000000000000000e+00	5.814931948461242450e-04
7.940000000000000000e+12	7.500000000000000000e+00	7.307858532390484971e-04
1.000000000000000000e+13	7.500000000000000000e+00	9.227885490619134636e-04
1.260000000000000000e+13	7.500000000000000000e+00	1.162926978767679425e-03
1.580000000000000000e+13	7.500000000000000000e+00	1.455605691155417410e-03
2.000000000000000000e+13	7.500000000000000000e+00	1.844748891169999995e-03
2.510000000000000000e+13	7.500000000000000000e+00	2.319393132220912927e-03
3.160000000000000000e+13	7.500000000000000000e+00	2.925605708569316461e-03
3.980000000000000000e+13	7.500000000000000000e+00	3.689792036988832034e-03
5.010000000000000000e+13	7.500000000000000000e+00	4.630490594840171170e-03
6.310000000000000000e+13	7.500000000000000000e+00	5.757113291527765804e-03
7.940000000000000000e+13	7.500000000000000000e+00	7.154427286008006870e-03
1.000000000000000000e+14	7.500000000000000000e+00	8.921566705634643296e-03
1.260000000000000000e+14	7.500000000000000000e+00	1.123975115500932057e-02
1.580000000000000000e+14	7.500000000000000000e+00	1.432424252132239416e-02
2.000000000000000000e+14	7.500000000000000000e+00	1.866219633141085604e-02
2.510000000000000000e+14	7.500000000000000000e+00	2.391620976922238795e-02
3.160000000000000000e+14	7.500000000000000000e+00	2.979259970188587528e-02
3.980000000000000000e+14	7.500000000000000000e+00	3.496463249148185765e-02
5.010000000000000000e+14	7.500000000000000000e+00	3.838752458176258875e-02
6.310000000000000000e+14	7.500000000000000000e+00	3.923428566627375907e-02
7.940000000000000000e+14	7.500000000000000000e+00	3.678929867819250715e-02
1.000000000000000000e+15	7.500000000000000000e+00	3.118673854204188911e-02
1.260000000000000000e+15	7.500000000000000000e+00	2.490799452126395835e-02
1.580000000000000000e+15	7.500000000000000000e+00	1.753330175183349937e-02
2.000000000000000000e+15	7.500000000000000000e+00	8.345395566696167666e-03
2.510000000000000000e+15	7.500000000000000000e+00	6.370382330880834838e-04
3.160000000000000000e+15	7.500000000000000000e+00	-6.510024316917009668e-03
3.980000000000000000e+15	7.500000000000000000e+00	-1.251832587630524567e-02
5.010000000000000000e+15	7.500000000000000000e+00	-1.721339474534890751e-02
6.310000000000000000e+15	7.500000000000000000e+00	-2.062068339046527546e-02
7.940000000000000000e+15	7.500000000000000000e+00	-2.282684293975030185e-02
1.000000000000000000e+16	7.500000000000000000e+00	-2.400149798948177787e-02
1.260000000000000000e+16	7.500000000000000000e+00	-2.431165222178253288e-02
1.580000000000000000e+16	7.500000000000000000e+00	-2.396840152946243252e-02
2.000000000000000000e+16	7.500000000000000000e+00	-2.306317080689316776e-02
2.510000000000000000e+16	7.500000000000000000e+00	-2.185354421325769528e-02
3.160000000000000000e+16	7.500000000000000000e+00	-2.038616253782536691e-02
3.980000000000000000e+16	7.500000000000000000e+00	-1.878010634632260034e-02
5.010000000000000000e+16	7.500000000000000000e+00	-1.712308075443916972e-02
6.310000000000000000e+16	7.500000000000000000e+00	-1.546645405930533942e-02
7.940000000000000000e+16	7.500000000000000000e+00	-1.386782270074321012e-02
1.000000000000000000e+17	7.500000000000000000e+00	-1.234134997350543050e-02
1.000000000000000000e+11	8.500000000000000000e+00	1.315339979995973231e-05
1.258925411794166107e+11	8.500000000000000000e+00	1.657977174357764147e-05
1.584893192461110840e+11	8.500000000000000000e+00	2.091599026545033088e-05
1.995262314968882751e+11	8.500000000000000000e+00	2.642070147260741197e-05
2.511886431509582214e+11	8.500000000000000000e+00	3.344735015348231333e-05
3.162277660168379517e+11	8.500000000000000000e+00	4.249526927973886641e-05
3.981071705534969482e+11	8.500000000000000000e+00	5.429972856361207863e-05
5.011872336272714844e+11	8.500000000000000000e+00	6.997187111839009389e-05
6.309573444801943359e+11	8.500000000000000000e+00	9.108461165885365003e-05
7.943282347242821045e+11	8.500000000000000000e+00	1.176199163261451157e-04
1.000000000000000000e+12	8.500000000000000000e+00	1.327945433000223105e-04
1.260000000000000000e+12	8.500000000000000000e+00	1.433811457564655061e-04
1.580000000000000000e+12	8.500000000000000000e+00	1.667840920813078100e-04
2.000000000000000000e+12	8.500000000000000000e+00	1.979019281374334470e-04
2.510000000000000000e+12	8.500000000000000000e+00	2.433529388679690297e-04
3.160000000000000000e+12	8.500000000000000000e+00	3.033039276556265154e-04
3.980000000000000000e+12	8.500000000000000000e+00	3.756280411904481089e-04
5.010000000000000000e+12	8.500000000000000000e+00	4.681350797638391997e-04
6.310000000000000000e+12	8.500000000000000000e+00	5.898198077216821808e-04
7.940000000000000000e+12	8.500000000000000000e+00	7.445359784055540029e-04
1.000000000000000000e+13	8.500000000000000000e+00	9.353833303668249600e-04
1.260000000000000000e+13	8.500000000000000000e+00	1.175339630360005150e-03
1.580000000000000000e+13	8.500000000000000000e+00	1.471363559407804639e-03
2.000000000000000000e+13	8.500000000000000000e+00	1.865936801097337451e-03
2.510000000000000000e+13	8.500000000000000000e+00	2.349473632193337970e-03
3.160000000000000000e+13	8.500000000000000000e+00	2.963869828141542807e-03
3.980000000000000000e+13	8.500000000000000000e+00	3.735151679269747144e-03
5.010000000000000000e+13	8.500000000000000000e+00	4.683689404614818641e-03
6.310000000000000000e+13	8.500000000000000000e+00	5.849562400899184500e-03
7.940000000000000000e+13	8.500000000000000000e+00	7.270434465310933111e-03
1.000000000000000000e+14	8.500000000000000000e+00	9.052075148138142083e-03
1.260000000000000000e+14	8.500000000000000000e+00	1.140321527240209694e-02
1.580000000000000000e+14	8.500000000000000000e+00	1.458445218605209509e-02
2.000000000000000000e+14	8.500000000000000000e+00	1.901279292610689314e-02
2.510000000000000000e+14	8.500000000000000000e+00	2.436875338032824453e-02
3.160000000000000000e+14	8.500000000000000000e+00	3.028028514918788827e-02
3.980000000000000000e+14	8.500000000000000000e+00	3.587644318153062478e-02
5.010000000000000000e+14	8.500000000000000000e+00	3.942265236350738639e-02
6.310000000000000000e+14	8.500000000000000000e+00	4.036208158507584992e-02
7.940000000000000000e+14	8.500000000000000000e+00	3.864391840811878115e-02
1.000000000000000000e+15	8.500000000000000000e+00	3.438836543274900737e-02
1.260000000000000000e+15	8.500000000000000000e+00	2.813956880378585407e-02
1.580000000000000000e+15	8.500000000000000000e+00	2.074249110311959451e-02
2.000000000000000000e+15	8.500000000000000000e+00	1.193906320685013921e-02
2.510000000000000000e+15	8.500000000000000000e+00	2.206281042442917277e-03
3.160000000000000000e+15	8.500000000000000000e+00	-5.918166089999068839e-03
3.980000000000000000e+15	8.500000000000000000e+00	-1.262903057194165492e-02
5.010000000000000000e+15	8.500000000000000000e+00	-1.784413064034433977e-02
6.310000000000000000e+15	8.500000000000000000e+00	-2.162896479319615511e-02
7.940000000000000000e+15	8.500000000000000000e+00	-2.409317397123507745e-02
1.000000000000000000e+16	8.500000000000000000e+00	-2.542923325015165187e-02
1.260000000000000000e+16	8.500000000000000000e+00	-2.582191609800950707e-02
1.580000000000000000e+16	8.500000000000000000e+00	-2.550055269563760926e-02
2.000000000000000000e+16	8.500000000000000000e+00	-2.456880802073277067e-02
2.510000000000000000e+16	8.500000000000000000e+00	-2.330168653819570876e-02
3.160000000000000000e+16	8.500000000000000000e+00	-2.175259878905962466e-02
3.980000000000000000e+16	8.500000000000000000e+00	-2.005047618279921784e-02
5.010000000000000000e+16	8.500000000000000000e+00	-1.828956293431247340e-02
6.310000000000000000e+16	8.500000000000000000e+00	-1.652631549016172693e-02
7.940000000000000000e+16	8.500000000000000000e+00	-1.482278561201451003e-02
1.000000000000000000e+17	8.500000000000000000e+00	-1.319459827441043891e-02
1.000000000000000000e+11	9.500000000000000000e+00	1.212185412762147916e-05
1.258925411794166107e+11	9.500000000000000000e+00	1.527841587173881495e-05
1.584893192461110840e+11	9.500000000000000000e+00	1.927303779592820152e-05
1.995262314968882751e+11	9.500000000000000000e+00	2.434366555701639078e-05
2.511886431509582214e+11	9.500000000000000000e+00	3.081286847014154807e-05
3.162277660168379517e+11	9.500000000000000000e+00	3.914094368396674591e-05
3.981071705534969482e+11	9.500000000000000000e+00	4.999279579646640149e-05
5.011872336272714844e+11	9.500000000000000000e+00	6.435497424247968662e-05
6.309573444801943359e+11	9.500000000000000000e+00	8.349051395503058167e-05
7.943282347242821045e+11	9.500000000000000000e+00	1.053722092670385734e-04
1.000000000000000000e+12	9.500000000000000000e+00	1.204584287966328760e-04
1.260000000000000000e+12	9.500000000000000000e+00	1.312469330751376998e-04
1.580000000000000000e+12	9.500000000000000000e+00	1.535722267652952480e-04
2.000000000000000000e+12	9.500000000000000000e+00	1.913549412409703621e-04
2.510000000000000000e+12	9.500000000000000000e+00	2.338484015809941404e-04
3.160000000000000000e+12	9.500000000000000000e+00	2.888325078544827940e-04
3.980000000000000000e+12	9.500000000000000000e+00	3.636659154532985026e-04
5.010000000000000000e+12	9.500000000000000000e+00	4.578988369530466755e-04
6.310000000000000000e+12	9.500000000000000000e+00	5.747433722418678189e-04
7.940000000000000000e+12	9.500000000000000000e+00	7.195177241825262589e-04
1.000000000000000000e+13	9.500000000000000000e+00	9.065797756828689784e-04
1.260000000000000000e+13	9.500000000000000000e+00	1.144355093831055017e-03
1.580000000000000000e+13	9.500000000000000000e+00	1.433936194814891671e-03
2.000000000000000000e+13	9.500000000000000000e+00	1.812989588973948265e-03
2.510000000000000000e+13	9.500000000000000000e+00	2.277862828846200297e-03
3.160000000000000000e+13	9.500000000000000000e+00	2.875560923682442694e-03
3.980000000000000000e+13	9.500000000000000000e+00	3.624395316119707108e-03
5.010000000000000000e+13	9.500000000000000000e+00	4.537792769841066456e-03
6.310000000000000000e+13	9.500000000000000000e+00	5.674945719996409531e-03
7.940000000000000000e+13	9.500000000000000000e+00	7.062285718749622930e-03
1.000000000000000000e+14	9.500000000000000000e+00	8.823978593655848121e-03
1.260000000000000000e+14	9.500000000000000000e+00	1.115887969816242199e-02
1.580000000000000000e+14	9.500000000000000000e+00	1.424157619759384812e-02
2.000000000000000000e+14	9.500000000000000000e+00	1.854848210638318853e-02
2.510000000000000000e+14	9.500000000000000000e+00	2.372612475052047684e-02
3.160000000000000000e+14	9.500000000000000000e+00	2.967940026563490805e-02
3.980000000000000000e+14	9.500000000000000000e+00	3.508981613271229538e-02
5.010000000000000000e+14	9.500000000000000000e+00	3.879016059454326593e-02
6.310000000000000000e+14	9.500000000000000000e+00	3.967799113212415463e-02
7.940000000000000000e+14	9.500000000000000000e+00	3.671089104473496817e-02
1.000000000000000000e+15	9.500000000000000000e+00	3.267338507945281162e-02
1.260000000000000000e+15	9.500000000000000000e+00	2.643202249812490537e-02
1.580000000000000000e+15	9.500000000000000000e+00	1.662472334819468239e-02
2.000000000000000000e+15	9.500000000000000000e+00	7.675624853154012529e-03
2.510000000000000000e+15	9.500000000000000000e+00	3.601901522112670065e-04
3.160000000000000000e+15	9.500000000000000000e+00	-6.681013344589183112e-03
3.980000000000000000e+15	9.500000000000000000e+00	-1.263657136962091643e-02
5.010000000000000000e+15	9.500000000000000000e+00	-1.730001699940782178e-02
6.310000000000000000e+15	9.500000000000000000e+00	-2.068613960912769195e-02
7.940000000000000000e+15	9.500000000000000000e+00	-2.287731107825952473e-02
1.000000000000000000e+16	9.500000000000000000e+00	-2.404080950311172221e-02
1.260000000000000000e+16	9.500000000000000000e+00	-2.434249678283995078e-02
1.580000000000000000e+16	9.500000000000000000e+00	-2.399282863729444368e-02
2.000000000000000000e+16	9.500000000000000000e+00	-2.308236182854887103e-02
2.510000000000000000e+16	9.500000000000000000e+00	-2.186880624770863937e-02
3.160000000000000000e+16	9.500000000000000000e+00	-2.039824942992126203e-02
3.980000000000000000e+16	9.500000000000000000e+00	-1.878969456900743754e-02
5.010000000000000000e+16	9.500000000000000000e+00	-1.713053911308187044e-02
6.310000000000000000e+16	9.500000000000000000e+00	-1.547249208623664024e-02
7.940000000000000000e+16	9.500000000000000000e+00	-1.387262685909052690e-02
1.000000000000000000e+17	9.500000000000000000e+00	-1.234516139795789266e-02
1.000000000000000000e+11	1.100000000000000000e+01	1.140978089313248405e-05
1.258925411794166107e+11	1.100000000000000000e+01	1.438008593662774246e-05
1.584893192461110840e+11	1.100000000000000000e+01	1.813716376973316963e-05
1.995262314968882751e+11	1.100000000000000000e+01	2.290346857217128541e-05
2.511886431509582214e+11	1.100000000000000000e+01	2.898043728035707277e-05
3.162277660168379517e+11	1.100000000000000000e+01	3.678920013438159080e-05
3.981071705534969482e+11	1.100000000000000000e+01	4.693836571548657094e-05
5.011872336272714844e+11	1.100000000000000000e+01	6.029110904153275701e-05
6.309573444801943359e+11	1.100000000000000000e+01	7.779099830145983462e-05
7.943282347242821045e+11	1.100000000000000000e+01	9.529516162190924402e-05
1.000000000000000000e+12	1.100000000000000000e+01	1.089619776832578547e-04
1.260000000000000000e+12	1.100000000000000000e+01	1.271095483850172791e-04
1.580000000000000000e+12	1.100000000000000000e+01	1.532144254815096852e-04
2.000000000000000000e+12	1.100000000000000000e+01	1.880260435431973869e-04
2.510000000000000000e+12	1.100000000000000000e+01	2.323953510920068535e-04
3.160000000000000000e+12	1.100000000000000000e+01	2.905180029825560686e-04
3.980000000000000000e+12	1.100000000000000000e+01	3.632738155254403131e-04
5.010000000000000000e+12	1.100000000000000000e+01	4.540765152818181170e-04
6.310000000000000000e+12	1.100000000000000000e+01	5.704062401334798055e-04
7.940000000000000000e+12	1.100000000000000000e+01	7.183554585963384783e-04
1.000000000000000000e+13	1.100000000000000000e+01	9.049191425633643397e-04
1.260000000000000000e+13	1.100000000000000000e+01	1.137860849743491153e-03
1.580000000000000000e+13	1.100000000000000000e+01	1.425211219617891377e-03
2.000000000000000000e+13	1.100000000000000000e+01	1.805543979866612494e-03
2.510000000000000000e+13	1.100000000000000000e+01	2.271704329562785740e-03
3.160000000000000000e+13	1.100000000000000000e+01	2.867202014223412931e-03
3.980000000000000000e+13	1.100000000000000000e+01	3.613507869195094983e-03
5.010000000000000000e+13	1.100000000000000000e+01	4.530725799277448250e-03
6.310000000000000000e+13	1.100000000000000000e+01	5.651944875575932829e-03
7.940000000000000000e+13	1.100000000000000000e+01	7.038275342696444226e-03
1.000000000000000000e+14	1.100000000000000000e+01	8.806806816862720183e-03
1.260000000000000000e+14	1.100000000000000000e+01	1.114231453381800060e-02
1.580000000000000000e+14	1.100000000000000000e+01	1.428023498779317987e-02
2.000000000000000000e+14	1.100000000000000000e+01	1.865014938198194042e-02
2.510000000000000000e+14	1.100000000000000000e+01	2.397670577322982138e-02
3.160000000000000000e+14	1.100000000000000000e+01	2.973250139751466847e-02
3.980000000000000000e+14	1.100000000000000000e+01	3.495488965471311993e-02
5.010000000000000000e+14	1.100000000000000000e+01	3.841722111359074932e-02
6.310000000000000000e+14	1.100000000000000000e+01	3.898639594951690962e-02
7.940000000000000000e+14	1.100000000000000000e+01	3.758742565618465592e-02
1.000000000000000000e+15	1.100000000000000000e+01	3.305893211402026466e-02
1.260000000000000000e+15	1.100000000000000000e+01	2.447565520068728517e-02
1.580000000000000000e+15	1.100000000000000000e+01	1.624109247421710867e-02
2.000000000000000000e+15	1.100000000000000000e+01	8.651290156622592348e-03
2.510000000000000000e+15	1.100000000000000000e+01	6.702151799739164591e-04
3.160000000000000000e+15	1.100000000000000000e+01	-6.499704834961902815e-03
3.980000000000000000e+15	1.100000000000000000e+01	-1.251364776495104969e-02
5.010000000000000000e+15	1.100000000000000000e+01	-1.721071164467613893e-02
6.310000000000000000e+15	1.100000000000000000e+01	-2.061891840430203973e-02
7.940000000000000000e+15	1.100000000000000000e+01	-2.282554951916717159e-02
1.000000000000000000e+16	1.100000000000000000e+01	-2.400055432056878019e-02
1.260000000000000000e+16	1.100000000000000000e+01	-2.431093240297139968e-02
1.580000000000000000e+16	1.100000000000000000e+01	-2.396783538496680480e-02
2.000000000000000000e+16	1.100000000000000000e+01	-2.306273771392843355e-02
2.510000000000000000e+16	1.100000000000000000e+01	-2.185319459114007032e-02
3.160000000000000000e+16	1.100000000000000000e+01	-2.038588652766612844e-02
3.980000000000000000e+16	1.100000000000000000e+01	-1.877983333865538770e-02
5.010000000000000000e+16	1.100000000000000000e+01	-1.712273052956123087e-02
6.310000000000000000e+16	1.100000000000000000e+01	-1.546631864957419625e-02
7.940000000000000000e+16	1.100000000000000000e+01	-1.386792836949709250e-02
1.000000000000000000e+17	1.100000000000000000e+01	-1.234126709446376098e-02
1.000000000000000000e+11	1.300000000000000000e+01	1.075083924712469364e-05
1.258925411794166107e+11	1.300000000000000000e+01	1.354853629912243059e-05
1.584893192461110840e+11	1.300000000000000000e+01	1.708606998340413789e-05
1.995262314968882751e+11	1.300000000000000000e+01	2.157170116727553068e-05
2.511886431509582214e+11	1.300000000000000000e+01	2.728621525213638629e-05
3.162277660168379517e+11	1.300000000000000000e+01	3.462016017220145419e-05
3.981071705534969482e+11	1.300000000000000000e+01	4.412713104483402771e-05
5.011872336272714844e+11	1.300000000000000000e+01	5.658248345836691505e-05
6.309573444801943359e+11	1.300000000000000000e+01	7.259433627610636995e-05
7.943282347242821045e+11	1.300000000000000000e+01	8.607344598394174010e-05
1.000000000000000000e+12	1.300000000000000000e+01	1.001715697592927109e-04
1.260000000000000000e+12	1.300000000000000000e+01	1.220911094444397378e-04
1.580000000000000000e+12	1.300000000000000000e+01	1.493992098372172743e-04
2.000000000000000000e+12	1.300000000000000000e+01	1.857533636791255602e-04
2.510000000000000000e+12	1.300000000000000000e+01	2.294138096206405292e-04
3.160000000000000000e+12	1.300000000000000000e+01	2.866161156604958376e-04
3.980000000000000000e+12	1.300000000000000000e+01	3.595395743806365603e-04
5.010000000000000000e+12	1.300000000000000000e+01	4.522751132846841260e-04
6.310000000000000000e+12	1.300000000000000000e+01	5.691848815144206260e-04
7.940000000000000000e+12	1.300000000000000000e+01	7.143991969442898713e-04
1.000000000000000000e+13	1.300000000000000000e+01	8.977559354220571684e-04
1.260000000000000000e+13	1.300000000000000000e+01	1.130263794948707396e-03
1.580000000000000000e+13	1.300000000000000000e+01	1.432958855628000327e-03
2.000000000000000000e+13	1.300000000000000000e+01	1.796897849807521869e-03
2.510000000000000000e+13	1.300000000000000000e+01	2.258796199589443044e-03
3.160000000000000000e+13	1.300000000000000000e+01	2.848119607186364640e-03
3.980000000000000000e+13	1.300000000000000000e+01	3.588072693011421562e-03
5.010000000000000000e+13	1.300000000000000000e+01	4.509408827964868013e-03
6.310000000000000000e+13	1.300000000000000000e+01	5.631152181327658129e-03
7.940000000000000000e+13	1.300000000000000000e+01	7.013610221548929359e-03
1.000000000000000000e+14	1.300000000000000000e+01	8.784804469397722304e-03
1.260000000000000000e+14	1.300000000000000000e+01	1.111707211482182954e-02
1.580000000000000000e+14	1.300000000000000000e+01	1.423902379240226355e-02
2.000000000000000000e+14	1.300000000000000000e+01	1.861890228104040937e-02
2.510000000000000000e+14	1.300000000000000000e+01	2.394216065029608834e-02
3.160000000000000000e+14	1.300000000000000000e+01	2.992000611621581721e-02
3.980000000000000000e+14	1.300000000000000000e+01	3.536396856160130275e-02
5.010000000000000000e+14	1.300000000000000000e+01	3.869814027546493451e-02
6.310000000000000000e+14	1.300000000000000000e+01	4.023643287526891543e-02
7.940000000000000000e+14	1.300000000000000000e+01	3.883371323944738440e-02
1.000000000000000000e+15	1.300000000000000000e+01	3.287591244423642561e-02
1.260000000000000000e+15	1.300000000000000000e+01	2.663591711693463759e-02
1.580000000000000000e+15	1.300000000000000000e+01	1.969012778390723251e-02
2.000000000000000000e+15	1.300000000000000000e+01	1.014995815810890503e-02
2.510000000000000000e+15	1.300000000000000000e+01	1.501070094122950935e-03
3.160000000000000000e+15	1.300000000000000000e+01	-6.144722017259414415e-03
3.980000000000000000e+15	1.300000000000000000e+01	-1.251623851059283088e-02
5.010000000000000000e+15	1.300000000000000000e+01	-1.748333546033003366e-02
6.310000000000000000e+15	1.300000000000000000e+01	-2.108856671623864434e-02
7.940000000000000000e+15	1.300000000000000000e+01	-2.343113060765298489e-02
1.000000000000000000e+16	1.300000000000000000e+01	-2.469240168084867182e-02
1.260000000000000000e+16	1.300000000000000000e+01	-2.504854184571447123e-02
1.580000000000000000e+16	1.300000000000000000e+01	-2.471995400260884601e-02
2.000000000000000000e+16	1.300000000000000000e+01	-2.380445898105221225e-02
2.510000000000000000e+16	1.300000000000000000e+01	-2.256843829569839949e-02
3.160000000000000000e+16	1.300000000000000000e+01	-2.106219907586024190e-02
3.980000000000000000e+16	1.300000000000000000e+01	-1.940950227153375590e-02
5.010000000000000000e+16	1.300000000000000000e+01	-1.770164231678454658e-02
6.310000000000000000e+16	1.300000000000000000e+01	-1.599278164092730881e-02
7.940000000000000000e+16	1.300000000000000000e+01	-1.434240612438608155e-02
1.000000000000000000e+17	1.300000000000000000e+01	-1.276570144390114063e-02
1.000000000000000000e+11	1.500000000000000000e+01	1.031478775354067537e-05
1.258925411794166107e+11	1.500000000000000000e+01	1.299873919267670863e-05
1.584893192461110840e+11	1.500000000000000000e+01	1.639207462826833582e-05
1.995262314968882751e+11	1.500000000000000000e+01	2.069435560510422340e-05
2.511886431509582214e+11	1.500000000000000000e+01	2.617410517726155052e-05
3.162277660168379517e+11	1.500000000000000000e+01	3.320427706140973313e-05
3.981071705534969482e+11	1.500000000000000000e+01	4.231070791347054614e-05
5.011872336272714844e+11	1.500000000000000000e+01	5.420148854901871610e-05
6.309573444801943359e+11	1.500000000000000000e+01	6.942240696157151152e-05
7.943282347242821045e+11	1.500000000000000000e+01	8.123607459318439160e-05
1.000000000000000000e+12	1.500000000000000000e+01	9.388684567800356542e-05
1.260000000000000000e+12	1.500000000000000000e+01	1.163924354340373034e-04
1.580000000000000000e+12	1.500000000000000000e+01	1.441486295747487279e-04
2.000000000000000000e+12	1.500000000000000000e+01	1.813122065606481855e-04
2.510000000000000000e+12	1.500000000000000000e+01	2.267847048023436871e-04
3.160000000000000000e+12	1.500000000000000000e+01	2.835885475869474480e-04
3.980000000000000000e+12	1.500000000000000000e+01	3.561122114270537159e-04
5.010000000000000000e+12	1.500000000000000000e+01	4.484964174494952154e-04
6.310000000000000000e+12	1.500000000000000000e+01	5.640516129147710037e-04
7.940000000000000000e+12	1.500000000000000000e+01	7.094546551898440979e-04
1.000000000000000000e+13	1.500000000000000000e+01	8.954601287498053543e-04
1.260000000000000000e+13	1.500000000000000000e+01	1.123491749211850662e-03
1.580000000000000000e+13	1.500000000000000000e+01	1.408587884008388616e-03
2.000000000000000000e+13	1.500000000000000000e+01	1.784762786174215856e-03
2.510000000000000000e+13	1.500000000000000000e+01	2.243056778559245502e-03
3.160000000000000000e+13	1.500000000000000000e+01	2.830432007504973552e-03
3.980000000000000000e+13	1.500000000000000000e+01	3.568471330132268887e-03
5.010000000000000000e+13	1.500000000000000000e+01	4.471068461572067811e-03
6.310000000000000000e+13	1.500000000000000000e+01	5.590786842679201091e-03
7.940000000000000000e+13	1.500000000000000000e+01	6.976373719705023131e-03
1.000000000000000000e+14	1.500000000000000000e+01	8.740602273890488508e-03
1.260000000000000000e+14	1.500000000000000000e+01	1.111490236615460085e-02
1.580000000000000000e+14	1.500000000000000000e+01	1.427416934833064879e-02
2.000000000000000000e+14	1.500000000000000000e+01	1.869977385349770246e-02
2.510000000000000000e+14	1.500000000000000000e+01	2.409947232577438342e-02
3.160000000000000000e+14	1.500000000000000000e+01	2.997144176127134602e-02
3.980000000000000000e+14	1.500000000000000000e+01	3.535462222722714209e-02
5.010000000000000000e+14	1.500000000000000000e+01	3.928848620837299688e-02
6.310000000000000000e+14	1.500000000000000000e+01	3.988567591020286685e-02
7.940000000000000000e+14	1.500000000000000000e+01	3.731105472011717050e-02
1.000000000000000000e+15	1.500000000000000000e+01	3.230164151740182177e-02
1.260000000000000000e+15	1.500000000000000000e+01	2.419385433277079084e-02
1.580000000000000000e+15	1.500000000000000000e+01	1.606600556902811755e-02
2.000000000000000000e+15	1.500000000000000000e+01	8.530797933005559650e-03
2.510000000000000000e+15	1.500000000000000000e+01	5.810450867103761612e-04
3.160000000000000000e+15	1.500000000000000000e+01	-6.567196584648792891e-03
3.980000000000000000e+15	1.500000000000000000e+01	-1.256579406594372263e-02
5.010000000000000000e+15	1.500000000000000000e+01	-1.725133733767188898e-02
6.310000000000000000e+15	1.500000000000000000e+01	-2.065081988904676064e-02
7.940000000000000000e+15	1.500000000000000000e+01	-2.285073699816954698e-02
1.000000000000000000e+16	1.500000000000000000e+01	-2.402045936451914152e-02
1.260000000000000000e+16	1.500000000000000000e+01	-2.432668803705897304e-02
1.580000000000000000e+16	1.500000000000000000e+01	-2.398040438320478765e-02
2.000000000000000000e+16	1.500000000000000000e+01	-2.307263602462660337e-02
2.510000000000000000e+16	1.500000000000000000e+01	-2.186108040500710573e-02
3.160000000000000000e+16	1.500000000000000000e+01	-2.039214161818272628e-02
3.980000000000000000e+16	1.500000000000000000e+01	-1.878487090219757571e-02
5.010000000000000000e+16	1.500000000000000000e+01	-1.712668522774933588e-02
6.310000000000000000e+16	1.500000000000000000e+01	-1.546940503141195668e-02
7.940000000000000000e+16	1.500000000000000000e+01	-1.387019759192952527e-02
1.000000000000000000e+17	1.500000000000000000e+01	-1.234323945349215593e-02
1.000000000000000000e+11	1.700000000000000000e+01	9.966883282201008062e-06
1.258925411794166107e+11	1.700000000000000000e+01	1.255954002991412900e-05
1.584893192461110840e+11	1.700000000000000000e+01	1.583700266344259099e-05
1.995262314968882751e+11	1.700000000000000000e+01	1.999092125926211735e-05
2.511886431509582214e+11	1.700000000000000000e+01	2.527913310580850995e-05
3.162277660168379517e+11	1.700000000000000000e+01	3.205763454481364065e-05
3.981071705534969482e+11	1.700000000000000000e+01	4.082394256184615825e-05
5.011872336272714844e+11	1.700000000000000000e+01	5.222910720590915267e-05
6.309573444801943359e+11	1.700000000000000000e+01	6.666908788720789561e-05
7.943282347242821045e+11	1.700000000000000000e+01	7.638512391348110085e-05
1.000000000000000000e+12	1.700000000000000000e+01	8.889632772984666252e-05
1.260000000000000000e+12	1.700000000000000000e+01	1.137098372644227150e-04
1.580000000000000000e+12	1.700000000000000000e+01	1.423803858262084952e-04
2.000000000000000000e+12	1.700000000000000000e+01	1.804515211608169326e-04
2.510000000000000000e+12	1.700000000000000000e+01	2.250367102705000399e-04
3.160000000000000000e+12	1.700000000000000000e+01	2.825149895735379530e-04
3.980000000000000000e+12	1.700000000000000000e+01	3.562469924587427419e-04
5.010000000000000000e+12	1.700000000000000000e+01	4.475807650783647507e-04
6.310000000000000000e+12	1.700000000000000000e+01	5.628497306600213418e-04
7.940000000000000000e+12	1.700000000000000000e+01	7.072576479773954629e-04
1.000000000000000000e+13	1.700000000000000000e+01	8.913312144865517643e-04
1.260000000000000000e+13	1.700000000000000000e+01	1.122300959942067796e-03
1.580000000000000000e+13	1.700000000000000000e+01	1.405411696996879340e-03
2.000000000000000000e+13	1.700000000000000000e+01	1.780507829127989973e-03
2.510000000000000000e+13	1.700000000000000000e+01	2.238851318204249877e-03
3.160000000000000000e+13	1.700000000000000000e+01	2.822579945220773153e-03
3.980000000000000000e+13	1.700000000000000000e+01	3.557286169675045930e-03
5.010000000000000000e+13	1.700000000000000000e+01	4.462373344106418220e-03
6.310000000000000000e+13	1.700000000000000000e+01	5.582656331484261124e-03
7.940000000000000000e+13	1.700000000000000000e+01	6.970767007504512745e-03
1.000000000000000000e+14	1.700000000000000000e+01	8.766074649872062849e-03
1.260000000000000000e+14	1.700000000000000000e+01	1.116181820991281846e-02
1.580000000000000000e+14	1.700000000000000000e+01	1.433028032112153467e-02
2.000000000000000000e+14	1.700000000000000000e+01	1.881531874997016685e-02
2.510000000000000000e+14	1.700000000000000000e+01	2.419070420910571922e-02
3.160000000000000000e+14	1.700000000000000000e+01	3.014139977518707006e-02
3.980000000000000000e+14	1.700000000000000000e+01	3.561047298320228066e-02
5.010000000000000000e+14	1.700000000000000000e+01	3.958127978373486566e-02
6.310000000000000000e+14	1.700000000000000000e+01	4.030673480178347673e-02
7.940000000000000000e+14	1.700000000000000000e+01	3.721031607320274964e-02
1.000000000000000000e+15	1.700000000000000000e+01	3.351392135563763253e-02
1.260000000000000000e+15	1.700000000000000000e+01	2.764922515353192278e-02
1.580000000000000000e+15	1.700000000000000000e+01	1.882990160812126126e-02
2.000000000000000000e+15	1.700000000000000000e+01	9.902528588063515269e-03
2.510000000000000000e+15	1.700000000000000000e+01	1.352740671387089432e-03
3.160000000000000000e+15	1.700000000000000000e+01	-6.247022129086734002e-03
3.980000000000000000e+15	1.700000000000000000e+01	-1.259222009005484151e-02
5.010000000000000000e+15	1.700000000000000000e+01	-1.754036735788643692e-02
6.310000000000000000e+15	1.700000000000000000e+01	-2.113263135338747795e-02
7.940000000000000000e+15	1.700000000000000000e+01	-2.346556951833767349e-02
1.000000000000000000e+16	1.700000000000000000e+01	-2.471946226912095229e-02
1.260000000000000000e+16	1.700000000000000000e+01	-2.506988912608822465e-02
1.580000000000000000e+16	1.700000000000000000e+01	-2.473690405201593376e-02
2.000000000000000000e+16	1.700000000000000000e+01	-2.381781703765296562e-02
2.510000000000000000e+16	1.700000000000000000e+01	-2.257907432819495491e-02
3.160000000000000000e+16	1.700000000000000000e+01	-2.107062373423024618e-02
3.980000000000000000e+16	1.700000000000000000e+01	-1.941620299592650145e-02
5.010000000000000000e+16	1.700000000000000000e+01	-1.770695821602860306e-02
6.310000000000000000e+16	1.700000000000000000e+01	-1.599699751031656222e-02
7.940000000000000000e+16	1.700000000000000000e+01	-1.434576026360297359e-02
1.000000000000000000e+17	1.700000000000000000e+01	-1.276833688752595543e-02
1.000000000000000000e+11	1.900000000000000000e+01	9.669035053400630575e-06
1.258925411794166107e+11	1.900000000000000000e+01	1.218407476798778653e-05
1.584893192461110840e+11	1.900000000000000000e+01	1.536340701365562306e-05
1.995262314968882751e+11	1.900000000000000000e+01	1.939276093018823741e-05
2.511886431509582214e+11	1.900000000000000000e+01	2.452210906713211955e-05
3.162277660168379517e+11	1.900000000000000000e+01	3.109637851725034822e-05
3.981071705534969482e+11	1.900000000000000000e+01	3.959544313555731789e-05
5.011872336272714844e+11	1.900000000000000000e+01	5.063983506379321405e-05
6.309573444801943359e+11	1.900000000000000000e+01	6.454832601699021148e-05
7.943282347242821045e+11	1.900000000000000000e+01	7.305534060020712063e-05
1.000000000000000000e+12	1.900000000000000000e+01	8.537740178794109931e-05
1.260000000000000000e+12	1.900000000000000000e+01	1.117122020554221209e-04
1.580000000000000000e+12	1.900000000000000000e+01	1.399381989489752284e-04
2.000000000000000000e+12	1.900000000000000000e+01	1.748894776784446360e-04
2.510000000000000000e+12	1.900000000000000000e+01	2.201006146515991052e-04
3.160000000000000000e+12	1.900000000000000000e+01	2.785863702760460903e-04
3.980000000000000000e+12	1.900000000000000000e+01	3.490411932385694815e-04
5.010000000000000000e+12	1.900000000000000000e+01	4.372868802845836169e-04
6.310000000000000000e+12	1.900000000000000000e+01	5.506842536906518884e-04
7.940000000000000000e+12	1.900000000000000000e+01	6.928212101059963348e-04
1.000000000000000000e+13	1.900000000000000000e+01	8.712878139293060015e-04
1.260000000000000000e+13	1.900000000000000000e+01	1.097212702866738306e-03
1.580000000000000000e+13	1.900000000000000000e+01	1.375913923248929223e-03
2.000000000000000000e+13	1.900000000000000000e+01	1.742277503760857440e-03
2.510000000000000000e+13	1.900000000000000000e+01	2.188440523620830986e-03
3.160000000000000000e+13	1.900000000000000000e+01	2.758961504679842500e-03
3.980000000000000000e+13	1.900000000000000000e+01	3.473307830612436600e-03
5.010000000000000000e+13	1.900000000000000000e+01	4.362391516700204509e-03
6.310000000000000000e+13	1.900000000000000000e+01	5.466707096989250302e-03
7.940000000000000000e+13	1.900000000000000000e+01	6.848346857321283357e-03
1.000000000000000000e+14	1.900000000000000000e+01	8.613695368974270614e-03
1.260000000000000000e+14	1.900000000000000000e+01	1.093934341565539620e-02
1.580000000000000000e+14	1.900000000000000000e+01	1.404378332096641903e-02
2.000000000000000000e+14	1.900000000000000000e+01	1.849951660490536942e-02
2.510000000000000000e+14	1.900000000000000000e+01	2.386105821757310633e-02
3.160000000000000000e+14	1.900000000000000000e+01	2.960322625712310390e-02
3.980000000000000000e+14	1.900000000000000000e+01	3.466064863205382818e-02
5.010000000000000000e+14	1.900000000000000000e+01	3.822294717126761832e-02
6.310000000000000000e+14	1.900000000000000000e+01	4.022701923578846095e-02
7.940000000000000000e+14	1.900000000000000000e+01	3.849841760640484306e-02
1.000000000000000000e+15	1.900000000000000000e+01	3.218256484706347870e-02
1.260000000000000000e+15	1.900000000000000000e+01	2.553337115750160466e-02
1.580000000000000000e+15	1.900000000000000000e+01	1.757277361448252376e-02
2.000000000000000000e+15	1.900000000000000000e+01	7.991132672297684286e-03
2.510000000000000000e+15	1.900000000000000000e+01	5.623024333257269558e-04
3.160000000000000000e+15	1.900000000000000000e+01	-6.536329683987509437e-03
3.980000000000000000e+15	1.900000000000000000e+01	-1.252794609659676518e-02
5.010000000000000000e+15	1.900000000000000000e+01	-1.721630236006346792e-02
6.310000000000000000e+15	1.900000000000000000e+01	-2.062101944580693735e-02
7.940000000000000000e+15	1.900000000000000000e+01	-2.282615351920714089e-02
1.000000000000000000e+16	1.900000000000000000e+01	-2.400045097397590643e-02
1.260000000000000000e+16	1.900000000000000000e+01	-2.431063355075292753e-02
1.580000000000000000e+16	1.900000000000000000e+01	-2.396749129749132373e-02
2.000000000000000000e+16	1.900000000000000000e+01	-2.306236582348523620e-02
2.510000000000000000e+16	1.900000000000000000e+01	-2.185290596500010299e-02
3.160000000000000000e+16	1.900000000000000000e+01	-2.038563691529057809e-02
3.980000000000000000e+16	1.900000000000000000e+01	-1.877966571071550822e-02
5.010000000000000000e+16	1.900000000000000000e+01	-1.712257765658319053e-02
6.310000000000000000e+16	1.900000000000000000e+01	-1.546615392901738197e-02
7.940000000000000000e+16	1.900000000000000000e+01	-1.386760607910745950e-02
1.000000000000000000e+17	1.900000000000000000e+01	-1.234117559983663633e-02
1.000000000000000000e+11	2.100000000000000000e+01	9.641413431344871839e-06
1.258925411794166107e+11	2.100000000000000000e+01	1.214878389975185078e-05
1.584893192461110840e+11	2.100000000000000000e+01	1.531819556842514040e-05
1.995262314968882751e+11	2.100000000000000000e+01	1.933392539520694157e-05
2.511886431509582214e+11	2.100000000000000000e+01	2.444413130027767256e-05
3.162277660168379517e+11	2.100000000000000000e+01	3.098963317997584878e-05
3.981071705534969482e+11	2.100000000000000000e+01	3.944252289183138895e-05
5.011872336272714844e+11	2.100000000000000000e+01	5.040399669557659492e-05
6.309573444801943359e+11	2.100000000000000000e+01	6.413706622056611220e-05
7.943282347242821045e+11	2.100000000000000000e+01	7.190920812414571710e-05
1.000000000000000000e+12	2.100000000000000000e+01	8.497289312821915336e-05
1.260000000000000000e+12	2.100000000000000000e+01	1.111991371794800187e-04
1.580000000000000000e+12	2.100000000000000000e+01	1.401428715067604223e-04
2.000000000000000000e+12	2.100000000000000000e+01	1.786149312550780509e-04
2.510000000000000000e+12	2.100000000000000000e+01	2.236572201511143694e-04
3.160000000000000000e+12	2.100000000000000000e+01	2.801449443599089771e-04
3.980000000000000000e+12	2.100000000000000000e+01	3.522109705282813752e-04
5.010000000000000000e+12	2.100000000000000000e+01	4.439238589387351180e-04
6.310000000000000000e+12	2.100000000000000000e+01	5.585165648439446243e-04
7.940000000000000000e+12	2.100000000000000000e+01	7.026771434017404280e-04
1.000000000000000000e+13	2.100000000000000000e+01	8.836594923171857885e-04
1.260000000000000000e+13	2.100000000000000000e+01	1.112263341518890912e-03
1.580000000000000000e+13	2.100000000000000000e+01	1.395236239923244251e-03
2.000000000000000000e+13	2.100000000000000000e+01	1.768513818306151342e-03
2.510000000000000000e+13	2.100000000000000000e+01	2.222384731677851544e-03
3.160000000000000000e+13	2.100000000000000000e+01	2.802764117634208487e-03
3.980000000000000000e+13	2.100000000000000000e+01	3.531400730042543422e-03
5.010000000000000000e+13	2.100000000000000000e+01	4.434016785658608309e-03
6.310000000000000000e+13	2.100000000000000000e+01	5.549809611470717108e-03
7.940000000000000000e+13	2.100000000000000000e+01	6.937523449430343762e-03
1.000000000000000000e+14	2.100000000000000000e+01	8.732512563921747406e-03
1.260000000000000000e+14	2.100000000000000000e+01	1.114305962890454332e-02
1.580000000000000000e+14	2.100000000000000000e+01	1.436255875838714745e-02
2.000000000000000000e+14	2.100000000000000000e+01	1.881232256992102295e-02
2.510000000000000000e+14	2.100000000000000000e+01	2.422005361775574420e-02
3.160000000000000000e+14	2.100000000000000000e+01	3.040872950492334512e-02
3.980000000000000000e+14	2.100000000000000000e+01	3.652557961444935497e-02
5.010000000000000000e+14	2.100000000000000000e+01	3.974097015343038691e-02
6.310000000000000000e+14	2.100000000000000000e+01	3.932149364930118823e-02
7.940000000000000000e+14	2.100000000000000000e+01	3.668024151284714207e-02
1.000000000000000000e+15	2.100000000000000000e+01	3.295960353544504645e-02
1.260000000000000000e+15	2.100000000000000000e+01	2.647139837786326513e-02
1.580000000000000000e+15	2.100000000000000000e+01	1.863034328824567792e-02
2.000000000000000000e+15	2.100000000000000000e+01	1.096836873999559869e-02
2.510000000000000000e+15	2.100000000000000000e+01	1.718309175055970049e-03
3.160000000000000000e+15	2.100000000000000000e+01	-6.027722973015607437e-03
3.980000000000000000e+15	2.100000000000000000e+01	-1.244182058674109422e-02
5.010000000000000000e+15	2.100000000000000000e+01	-1.743048754683982488e-02
6.310000000000000000e+15	2.100000000000000000e+01	-2.104964805131902955e-02
7.940000000000000000e+15	2.100000000000000000e+01	-2.340159749876933801e-02
1.000000000000000000e+16	2.100000000000000000e+01	-2.466962599633219788e-02
1.260000000000000000e+16	2.100000000000000000e+01	-2.503087258516992555e-02
1.580000000000000000e+16	2.100000000000000000e+01	-2.470593804604944918e-02
2.000000000000000000e+16	2.100000000000000000e+01	-2.379348064761444004e-02
2.510000000000000000e+16	2.100000000000000000e+01	-2.255973754950436894e-02
3.160000000000000000e+16	2.100000000000000000e+01	-2.105529344359294633e-02
3.980000000000000000e+16	2.100000000000000000e+01	-1.940404271495667007e-02
5.010000000000000000e+16	2.100000000000000000e+01	-1.769727250857469625e-02
6.310000000000000000e+16	2.100000000000000000e+01	-1.598931058956055973e-02
7.940000000000000000e+16	2.100000000000000000e+01	-1.433967262207461006e-02
1.000000000000000000e+17	2.100000000000000000e+01	-1.276350977103778497e-02
1.000000000000000000e+11	2.300000000000000000e+01	9.427118337688018441e-06
1.258925411794166107e+11	2.300000000000000000e+01	1.187916830797729564e-05
1.584893192461110840e+11	2.300000000000000000e+01	1.497908778853587755e-05
1.995262314968882751e+11	2.300000000000000000e+01	1.890766411948715682e-05
2.511886431509582214e+11	2.300000000000000000e+01	2.390883197517266952e-05
3.162277660168379517e+11	2.300000000000000000e+01	3.031890994489686730e-05
3.981071705534969482e+11	2.300000000000000000e+01	3.860548436136519853e-05
5.011872336272714844e+11	2.300000000000000000e+01	4.936891230538703661e-05
6.309573444801943359e+11	2.300000000000000000e+01	6.289455365811749221e-05
7.943282347242821045e+11	2.300000000000000000e+01	7.081424850444502535e-05
1.000000000000000000e+12	2.300000000000000000e+01	8.184322609194315007e-05
1.260000000000000000e+12	2.300000000000000000e+01	1.077538705405606007e-04
1.580000000000000000e+12	2.300000000000000000e+01	1.362440036842142211e-04
2.000000000000000000e+12	2.300000000000000000e+01	1.726701087481687395e-04
2.510000000000000000e+12	2.300000000000000000e+01	2.171707100812838480e-04
3.160000000000000000e+12	2.300000000000000000e+01	2.735297247412494387e-04
3.980000000000000000e+12	2.300000000000000000e+01	3.455692446563685669e-04
5.010000000000000000e+12	2.300000000000000000e+01	4.346048198888993958e-04
6.310000000000000000e+12	2.300000000000000000e+01	5.468397265796254856e-04
7.940000000000000000e+12	2.300000000000000000e+01	6.873193417453299890e-04
1.000000000000000000e+13	2.300000000000000000e+01	8.662455039301510508e-04
1.260000000000000000e+13	2.300000000000000000e+01	1.090030008684033606e-03
1.580000000000000000e+13	2.300000000000000000e+01	1.365286873228807032e-03
2.000000000000000000e+13	2.300000000000000000e+01	1.730461914026212552e-03
2.510000000000000000e+13	2.300000000000000000e+01	2.175799891306322981e-03
3.160000000000000000e+13	2.300000000000000000e+01	2.743746875610732824e-03
3.980000000000000000e+13	2.300000000000000000e+01	3.457867073846752383e-03
5.010000000000000000e+13	2.300000000000000000e+01	4.335279962275878814e-03
6.310000000000000000e+13	2.300000000000000000e+01	5.428241589093967499e-03
7.940000000000000000e+13	2.300000000000000000e+01	6.801193659187745703e-03
1.000000000000000000e+14	2.300000000000000000e+01	8.567391442620022821e-03
1.260000000000000000e+14	2.300000000000000000e+01	1.093881544599185386e-02
1.580000000000000000e+14	2.300000000000000000e+01	1.411219265630368411e-02
2.000000000000000000e+14	2.300000000000000000e+01	1.848431574866303204e-02
2.510000000000000000e+14	2.300000000000000000e+01	2.380971502218352798e-02
3.160000000000000000e+14	2.300000000000000000e+01	2.965107040339663019e-02
3.980000000000000000e+14	2.300000000000000000e+01	3.480201474554839997e-02
5.010000000000000000e+14	2.300000000000000000e+01	3.837346362513036763e-02
6.310000000000000000e+14	2.300000000000000000e+01	4.017410660363719688e-02
7.940000000000000000e+14	2.300000000000000000e+01	3.849788320854320711e-02
1.000000000000000000e+15	2.300000000000000000e+01	3.218654808046778754e-02
1.260000000000000000e+15	2.300000000000000000e+01	2.553694553454250588e-02
1.580000000000000000e+15	2.300000000000000000e+01	1.757673256791426192e-02
2.000000000000000000e+15	2.300000000000000000e+01	7.994454534591837608e-03
2.510000000000000000e+15	2.300000000000000000e+01	5.650156528938550657e-04
3.160000000000000000e+15	2.300000000000000000e+01	-6.534123613851524487e-03
3.980000000000000000e+15	2.300000000000000000e+01	-1.252614963742968053e-02
5.010000000000000000e+15	2.300000000000000000e+01	-1.721499853171469530e-02
6.310000000000000000e+15	2.300000000000000000e+01	-2.061989225541301790e-02
7.940000000000000000e+15	2.300000000000000000e+01	-2.282525183649858694e-02
1.000000000000000000e+16	2.300000000000000000e+01	-2.399976913720930360e-02
1.260000000000000000e+16	2.300000000000000000e+01	-2.431005498940048970e-02
1.580000000000000000e+16	2.300000000000000000e+01	-2.396703841131336485e-02
2.000000000000000000e+16	2.300000000000000000e+01	-2.306202220819742257e-02
2.510000000000000000e+16	2.300000000000000000e+01	-2.185260879518199570e-02
3.160000000000000000e+16	2.300000000000000000e+01	-2.038541029167167951e-02
3.980000000000000000e+16	2.300000000000000000e+01	-1.877948097076469203e-02
5.010000000000000000e+16	2.300000000000000000e+01	-1.712243590508479713e-02
6.310000000000000000e+16	2.300000000000000000e+01	-1.546603714642519334e-02
7.940000000000000000e+16	2.300000000000000000e+01	-1.386751571234901871e-02
1.000000000000000000e+17	2.300000000000000000e+01	-1.234112333661766849e-02
1.000000000000000000e+11	2.500000000000000000e+01	9.283622603499692982e-06
1.258925411794166107e+11	2.500000000000000000e+01	1.169790204318353949e-05
1.584893192461110840e+11	2.500000000000000000e+01	1.474936531228370112e-05
1.995262314968882751e+11	2.500000000000000000e+01	1.861582364802937166e-05
2.511886431509582214e+11	2.500000000000000000e+01	2.353579836221560866e-05
3.162277660168379517e+11	2.500000000000000000e+01	2.983738623363232906e-05
3.981071705534969482e+11	2.500000000000000000e+01	3.797285375309869597e-05
5.011872336272714844e+11	2.500000000000000000e+01	4.850856313713816848e-05
6.309573444801943359e+11	2.500000000000000000e+01	6.162646379363799845e-05
7.943282347242821045e+11	2.500000000000000000e+01	6.807849600716410086e-05
1.000000000000000000e+12	2.500000000000000000e+01	8.073346632730095331e-05
1.260000000000000000e+12	2.500000000000000000e+01	1.083135487134437866e-04
1.580000000000000000e+12	2.500000000000000000e+01	1.360697639215941151e-04
2.000000000000000000e+12	2.500000000000000000e+01	1.727515294715051188e-04
2.510000000000000000e+12	2.500000000000000000e+01	2.177356706527139882e-04
3.160000000000000000e+12	2.500000000000000000e+01	2.737978267714207968e-04
3.980000000000000000e+12	2.500000000000000000e+01	3.433102442593782312e-04
5.010000000000000000e+12	2.500000000000000000e+01	4.317294734260606151e-04
6.310000000000000000e+12	2.500000000000000000e+01	5.443490620449380505e-04
7.940000000000000000e+12	2.500000000000000000e+01	6.851603247414199318e-04
1.000000000000000000e+13	2.500000000000000000e+01	8.612491171366195436e-04
1.260000000000000000e+13	2.500000000000000000e+01	1.085280936762263995e-03
1.580000000000000000e+13	2.500000000000000000e+01	1.362685450636178094e-03
2.000000000000000000e+13	2.500000000000000000e+01	1.725957590163123201e-03
2.510000000000000000e+13	2.500000000000000000e+01	2.167408650768097838e-03
3.160000000000000000e+13	2.500000000000000000e+01	2.731510544996355264e-03
3.980000000000000000e+13	2.500000000000000000e+01	3.439676222373298179e-03
5.010000000000000000e+13	2.500000000000000000e+01	4.324549268041754171e-03
6.310000000000000000e+13	2.500000000000000000e+01	5.416992902036726378e-03
7.940000000000000000e+13	2.500000000000000000e+01	6.780340538096576997e-03
1.000000000000000000e+14	2.500000000000000000e+01	8.552846679924125048e-03
1.260000000000000000e+14	2.500000000000000000e+01	1.091357102515453162e-02
1.580000000000000000e+14	2.500000000000000000e+01	1.404866431879516278e-02
2.000000000000000000e+14	2.500000000000000000e+01	1.853460806457893004e-02
2.510000000000000000e+14	2.500000000000000000e+01	2.393313264724012887e-02
3.160000000000000000e+14	2.500000000000000000e+01	2.989278912704026320e-02
3.980000000000000000e+14	2.500000000000000000e+01	3.513548478181566931e-02
5.010000000000000000e+14	2.500000000000000000e+01	3.902962397391266519e-02
6.310000000000000000e+14	2.500000000000000000e+01	3.929415393247935595e-02
7.940000000000000000e+14	2.500000000000000000e+01	3.742388728883854626e-02
1.000000000000000000e+15	2.500000000000000000e+01	3.357174880050537574e-02
1.260000000000000000e+15	2.500000000000000000e+01	2.470181401743022295e-02
1.580000000000000000e+15	2.500000000000000000e+01	1.639715584003613100e-02
2.000000000000000000e+15	2.500000000000000000e+01	8.766703764948795968e-03
2.510000000000000000e+15	2.500000000000000000e+01	7.583166323360002745e-04
3.160000000000000000e+15	2.500000000000000000e+01	-6.430741491182749223e-03
3.980000000000000000e+15	2.500000000000000000e+01	-1.245955523241228796e-02
5.010000000000000000e+15	2.500000000000000000e+01	-1.716806650610967419e-02
6.310000000000000000e+15	2.500000000000000000e+01	-2.058522120976083447e-02
7.940000000000000000e+15	2.500000000000000000e+01	-2.279839107811535218e-02
1.000000000000000000e+16	2.500000000000000000e+01	-2.397938736340097729e-02
1.260000000000000000e+16	2.500000000000000000e+01	-2.429416025482054528e-02
1.580000000000000000e+16	2.500000000000000000e+01	-2.395449512454320140e-02
2.000000000000000000e+16	2.500000000000000000e+01	-2.305220090850828435e-02
2.510000000000000000e+16	2.500000000000000000e+01	-2.184474208981207824e-02
3.160000000000000000e+16	2.500000000000000000e+01	-2.037922928416363230e-02
3.980000000000000000e+16	2.500000000000000000e+01	-1.877460210584553160e-02
5.010000000000000000e+16	2.500000000000000000e+01	-1.711851876333938746e-02
6.310000000000000000e+16	2.500000000000000000e+01	-1.546297690430473507e-02
7.940000000000000000e+16	2.500000000000000000e+01	-1.386506132209709870e-02
1.000000000000000000e+17	2.500000000000000000e+01	-1.233920918861386613e-02
1.000000000000000000e+11	2.700000000000000000e+01	9.345573675755543486e-06
1.258925411794166107e+11	2.700000000000000000e+01	1.177612366070676986e-05
1.584893192461110840e+11	2.700000000000000000e+01	1.484842046114096365e-05
1.995262314968882751e+11	2.700000000000000000e+01	1.874168025261008607e-05
2.511886431509582214e+11	2.700000000000000000e+01	2.369653168214034614e-05
3.162277660168379517e+11	2.700000000000000000e+01	3.004438891855474951e-05
3.981071705534969482e+11	2.700000000000000000e+01	3.824623115943267957e-05
5.011872336272714844e+11	2.700000000000000000e+01	4.889275648884030520e-05
6.309573444801943359e+11	2.700000000000000000e+01	6.217847824622904987e-05
7.943282347242821045e+11	2.700000000000000000e+01	6.932417149734081271e-05
1.000000000000000000e+12	2.700000000000000000e+01	8.106086828415304593e-05
1.260000000000000000e+12	2.700000000000000000e+01	1.074451961838160716e-04
1.580000000000000000e+12	2.700000000000000000e+01	1.359542931658974077e-04
2.000000000000000000e+12	2.700000000000000000e+01	1.727549372312993305e-04
2.510000000000000000e+12	2.700000000000000000e+01	2.172440743204808226e-04
3.160000000000000000e+12	2.700000000000000000e+01	2.763429676820922305e-04
3.980000000000000000e+12	2.700000000000000000e+01	3.459720335838179102e-04
5.010000000000000000e+12	2.700000000000000000e+01	4.352738339729520217e-04
6.310000000000000000e+12	2.700000000000000000e+01	5.469069539442186463e-04
7.940000000000000000e+12	2.700000000000000000e+01	6.887674078054008449e-04
1.000000000000000000e+13	2.700000000000000000e+01	8.685677706488764130e-04
1.260000000000000000e+13	2.700000000000000000e+01	1.093143413892710015e-03
1.580000000000000000e+13	2.700000000000000000e+01	1.369264737308089827e-03
2.000000000000000000e+13	2.700000000000000000e+01	1.734808931625289943e-03
2.510000000000000000e+13	2.700000000000000000e+01	2.181957742028612160e-03
3.160000000000000000e+13	2.700000000000000000e+01	2.749892346996432330e-03
3.980000000000000000e+13	2.700000000000000000e+01	3.461884732383345084e-03
5.010000000000000000e+13	2.700000000000000000e+01	4.348502150607469821e-03
6.310000000000000000e+13	2.700000000000000000e+01	5.456891074752411898e-03
7.940000000000000000e+13	2.700000000000000000e+01	6.837454879302221934e-03
1.000000000000000000e+14	2.700000000000000000e+01	8.628523481950450824e-03
1.260000000000000000e+14	2.700000000000000000e+01	1.101995263252086334e-02
1.580000000000000000e+14	2.700000000000000000e+01	1.423864805974353782e-02
2.000000000000000000e+14	2.700000000000000000e+01	1.865627223857835304e-02
2.510000000000000000e+14	2.700000000000000000e+01	2.399619948585950124e-02
3.160000000000000000e+14	2.700000000000000000e+01	2.987131362218871031e-02
3.980000000000000000e+14	2.700000000000000000e+01	3.506811713041938644e-02
5.010000000000000000e+14	2.700000000000000000e+01	3.868944749196798899e-02
6.310000000000000000e+14	2.700000000000000000e+01	4.052114747989443710e-02
7.940000000000000000e+14	2.700000000000000000e+01	3.847919087704448210e-02
1.000000000000000000e+15	2.700000000000000000e+01	3.401143709380862606e-02
1.260000000000000000e+15	2.700000000000000000e+01	2.796707737949534131e-02
1.580000000000000000e+15	2.700000000000000000e+01	1.905743003401184216e-02
2.000000000000000000e+15	2.700000000000000000e+01	1.007124584457136721e-02
2.510000000000000000e+15	2.700000000000000000e+01	1.482380660136563841e-03
3.160000000000000000e+15	2.700000000000000000e+01	-6.146313328074854213e-03
3.980000000000000000e+15	2.700000000000000000e+01	-1.251338366164555030e-02
5.010000000000000000e+15	2.700000000000000000e+01	-1.747824730030284393e-02
6.310000000000000000e+15	2.700000000000000000e+01	-2.108357942861553355e-02
7.940000000000000000e+15	2.700000000000000000e+01	-2.342671108035299793e-02
1.000000000000000000e+16	2.700000000000000000e+01	-2.468867563013153396e-02
1.260000000000000000e+16	2.700000000000000000e+01	-2.504548573565745437e-02
1.580000000000000000e+16	2.700000000000000000e+01	-2.471745145456714574e-02
2.000000000000000000e+16	2.700000000000000000e+01	-2.380246048026883263e-02
2.510000000000000000e+16	2.700000000000000000e+01	-2.256670350205723305e-02
3.160000000000000000e+16	2.700000000000000000e+01	-2.106075293707132881e-02
3.980000000000000000e+16	2.700000000000000000e+01	-1.940847425635641374e-02
5.010000000000000000e+16	2.700000000000000000e+01	-1.770084310725169793e-02
6.310000000000000000e+16	2.700000000000000000e+01	-1.599210979316459044e-02
7.940000000000000000e+16	2.700000000000000000e+01	-1.434189696707883870e-02
1.000000000000000000e+17	2.700000000000000000e+01	-1.276527667991184806e-02
