1.000000000000000000e+11	5.000000000000000000e-01	1.779851495624628285e-05
1.258925411794166107e+11	5.000000000000000000e-01	2.243505536156460749e-05
1.584893192461110840e+11	5.000000000000000000e-01	2.830202204880223821e-05
1.995262314968882751e+11	5.000000000000000000e-01	3.574951122794980414e-05
2.511886431509582214e+11	5.000000000000000000e-01	4.525382410846265287e-05
3.162277660168379517e+11	5.000000000000000000e-01	5.748931041197430055e-05
3.981071705534969482e+11	5.000000000000000000e-01	7.346608710792963844e-05
5.011872336272714844e+11	5.000000000000000000e-01	9.474499148867757689e-05
6.309573444801943359e+11	5.000000000000000000e-01	1.240035807709851214e-04
7.943282347242821045e+11	5.000000000000000000e-01	1.676693484305981862e-04
1.000000000000000000e+12	5.000000000000000000e-01	1.904728569718445769e-04
1.260000000000000000e+12	5.000000000000000000e-01	1.931154001214835229e-04
1.580000000000000000e+12	5.000000000000000000e-01	2.185864703602750318e-04
2.000000000000000000e+12	5.000000000000000000e-01	2.590346266790643278e-04
2.510000000000000000e+12	5.000000000000000000e-01	3.116782827881854124e-04
3.160000000000000000e+12	5.000000000000000000e-01	3.814082464776462540e-04
3.980000000000000000e+12	5.000000000000000000e-01	4.711287805090318289e-04
5.010000000000000000e+12	5.000000000000000000e-01	5.851577458725513254e-04
6.310000000000000000e+12	5.000000000000000000e-01	7.300263266682183476e-04
7.940000000000000000e+12	5.000000000000000000e-01	9.129989415603515391e-04
1.000000000000000000e+13	5.000000000000000000e-01	1.145332336851617554e-03
1.260000000000000000e+13	5.000000000000000000e-01	1.435382093994138448e-03
1.580000000000000000e+13	5.000000000000000000e-01	1.788409566671306369e-03
2.000000000000000000e+13	5.000000000000000000e-01	2.256152779958437229e-03
2.510000000000000000e+13	5.000000000000000000e-01	2.830999341065804347e-03
3.160000000000000000e+13	5.000000000000000000e-01	3.557750517035636242e-03
3.980000000000000000e+13	5.000000000000000000e-01	4.438549909951909796e-03
5.010000000000000000e+13	5.000000000000000000e-01	5.457500888804292863e-03
6.310000000000000000e+13	5.000000000000000000e-01	6.619649224812436047e-03
7.940000000000000000e+13	5.000000000000000000e-01	7.969222563185714842e-03
1.000000000000000000e+14	5.000000000000000000e-01	9.633218004258228134e-03
1.260000000000000000e+14	5.000000000000000000e-01	1.182878313346268778e-02
1.580000000000000000e+14	5.000000000000000000e-01	1.477581692695496308e-02
2.000000000000000000e+14	5.000000000000000000e-01	1.897756006286761485e-02
2.510000000000000000e+14	5.000000000000000000e-01	2.410938651043077752e-02
3.160000000000000000e+14	5.000000000000000000e-01	2.980517651221548103e-02
3.980000000000000000e+14	5.000000000000000000e-01	3.500374898976357091e-02
5.010000000000000000e+14	5.000000000000000000e-01	3.847325450652801238e-02
6.310000000000000000e+14	5.000000000000000000e-01	3.929614836949298778e-02
7.940000000000000000e+14	5.000000000000000000e-01	3.712717573951054145e-02
1.000000000000000000e+15	5.000000000000000000e-01	3.214439747966803956e-02
1.260000000000000000e+15	5.000000000000000000e-01	2.527226940182704037e-02
1.580000000000000000e+15	5.000000000000000000e-01	1.732747625865641017e-02
2.000000000000000000e+15	5.000000000000000000e-01	8.726218265192551074e-03
2.510000000000000000e+15	5.000000000000000000e-01	6.083760318214208145e-04
3.160000000000000000e+15	5.000000000000000000e-01	-6.751802163161952156e-03
3.980000000000000000e+15	5.000000000000000000e-01	-1.292588852301589444e-02
5.010000000000000000e+15	5.000000000000000000e-01	-1.774686932268479747e-02
6.310000000000000000e+15	5.000000000000000000e-01	-2.124395138846741846e-02
7.940000000000000000e+15	5.000000000000000000e-01	-2.350656317009611196e-02
1.000000000000000000e+16	5.000000000000000000e-01	-2.470930154875378496e-02
1.260000000000000000e+16	5.000000000000000000e-01	-2.502386261219271060e-02
1.580000000000000000e+16	5.000000000000000000e-01	-2.466729592973648799e-02
2.000000000000000000e+16	5.000000000000000000e-01	-2.373326067735003972e-02
2.510000000000000000e+16	5.000000000000000000e-01	-2.248681927707919456e-02
3.160000000000000000e+16	5.000000000000000000e-01	-2.097569504551020925e-02
3.980000000000000000e+16	5.000000000000000000e-01	-1.932229170442236604e-02
5.010000000000000000e+16	5.000000000000000000e-01	-1.761646589345904762e-02
6.310000000000000000e+16	5.000000000000000000e-01	-1.591186547808417368e-02
7.940000000000000000e+16	5.000000000000000000e-01	-1.426686315844533093e-02
1.000000000000000000e+17	5.000000000000000000e-01	-1.269621857225619252e-02
1.000000000000000000e+11	1.500000000000000000e+00	1.730497679281062663e-05
1.258925411794166107e+11	1.500000000000000000e+00	2.181646474269317073e-05
1.584893192461110840e+11	1.500000000000000000e+00	2.752932041583093937e-05
1.995262314968882751e+11	1.500000000000000000e+00	3.478877764789167120e-05
2.511886431509582214e+11	1.500000000000000000e+00	4.406917058404451735e-05
3.162277660168379517e+11	1.500000000000000000e+00	5.604969266330727041e-05
3.981071705534969482e+11	1.500000000000000000e+00	7.175949940122420656e-05
5.011872336272714844e+11	1.500000000000000000e+00	9.288762237526553488e-05
6.309573444801943359e+11	1.500000000000000000e+00	1.223490898010798789e-04
7.943282347242821045e+11	1.500000000000000000e+00	1.692060750189466000e-04
1.000000000000000000e+12	1.500000000000000000e+00	1.896894207225566123e-04
1.260000000000000000e+12	1.500000000000000000e+00	1.825735309402734920e-04
1.580000000000000000e+12	1.500000000000000000e+00	2.002364495564798637e-04
2.000000000000000000e+12	1.500000000000000000e+00	2.324190293783561781e-04
2.510000000000000000e+12	1.500000000000000000e+00	2.767402665669032994e-04
3.160000000000000000e+12	1.500000000000000000e+00	3.365853723086434184e-04
3.980000000000000000e+12	1.500000000000000000e+00	4.151590783795733536e-04
5.010000000000000000e+12	1.500000000000000000e+00	5.156698072311587198e-04
6.310000000000000000e+12	1.500000000000000000e+00	6.447958494062370604e-04
7.940000000000000000e+12	1.500000000000000000e+00	8.088141569099080658e-04
1.000000000000000000e+13	1.500000000000000000e+00	1.015717695817724151e-03
1.260000000000000000e+13	1.500000000000000000e+00	1.285837307354268516e-03
1.580000000000000000e+13	1.500000000000000000e+00	1.586510378110892383e-03
2.000000000000000000e+13	1.500000000000000000e+00	2.001815722480358196e-03
2.510000000000000000e+13	1.500000000000000000e+00	2.512249123870000447e-03
3.160000000000000000e+13	1.500000000000000000e+00	3.165555361503625664e-03
3.980000000000000000e+13	1.500000000000000000e+00	3.976178065066593090e-03
5.010000000000000000e+13	1.500000000000000000e+00	4.951862460088369763e-03
6.310000000000000000e+13	1.500000000000000000e+00	6.117108031471579256e-03
7.940000000000000000e+13	1.500000000000000000e+00	7.516173244826995607e-03
1.000000000000000000e+14	1.500000000000000000e+00	9.269289128999878488e-03
1.260000000000000000e+14	1.500000000000000000e+00	1.157251668551319626e-02
1.580000000000000000e+14	1.500000000000000000e+00	1.463252896600414528e-02
2.000000000000000000e+14	1.500000000000000000e+00	1.896305736025538299e-02
2.510000000000000000e+14	1.500000000000000000e+00	2.420166061532947471e-02
3.160000000000000000e+14	1.500000000000000000e+00	2.997735940147399150e-02
3.980000000000000000e+14	1.500000000000000000e+00	3.530192329322703881e-02
5.010000000000000000e+14	1.500000000000000000e+00	3.869350095918516752e-02
6.310000000000000000e+14	1.500000000000000000e+00	3.936484628819853643e-02
7.940000000000000000e+14	1.500000000000000000e+00	3.734475168741501622e-02
1.000000000000000000e+15	1.500000000000000000e+00	3.255175081090033035e-02
1.260000000000000000e+15	1.500000000000000000e+00	2.541465222487542669e-02
1.580000000000000000e+15	1.500000000000000000e+00	1.721325644813355774e-02
2.000000000000000000e+15	1.500000000000000000e+00	8.757787062763042543e-03
2.510000000000000000e+15	1.500000000000000000e+00	6.837144923876612226e-04
3.160000000000000000e+15	1.500000000000000000e+00	-6.639465521914343117e-03
3.980000000000000000e+15	1.500000000000000000e+00	-1.278332396338983240e-02
5.010000000000000000e+15	1.500000000000000000e+00	-1.758144995165268620e-02
6.310000000000000000e+15	1.500000000000000000e+00	-2.106267429903709021e-02
7.940000000000000000e+15	1.500000000000000000e+00	-2.331592979712376196e-02
1.000000000000000000e+16	1.500000000000000000e+00	-2.451632874162561551e-02
1.260000000000000000e+16	1.500000000000000000e+00	-2.483309780406431702e-02
1.580000000000000000e+16	1.500000000000000000e+00	-2.448244129444133999e-02
2.000000000000000000e+16	1.500000000000000000e+00	-2.355773662505648847e-02
2.510000000000000000e+16	1.500000000000000000e+00	-2.232212188875220410e-02
3.160000000000000000e+16	1.500000000000000000e+00	-2.082324808946131242e-02
3.980000000000000000e+16	1.500000000000000000e+00	-1.918271960090878539e-02
5.010000000000000000e+16	1.500000000000000000e+00	-1.748997937472104511e-02
6.310000000000000000e+16	1.500000000000000000e+00	-1.579795637387250082e-02
7.940000000000000000e+16	1.500000000000000000e+00	-1.416508773740475687e-02
1.000000000000000000e+17	1.500000000000000000e+00	-1.260638224702511322e-02
1.000000000000000000e+11	2.500000000000000000e+00	1.780672855477224178e-05
1.258925411794166107e+11	2.500000000000000000e+00	2.245125828676527581e-05
1.584893192461110840e+11	2.500000000000000000e+00	2.833439560866171514e-05
1.995262314968882751e+11	2.500000000000000000e+00	3.581460516207327088e-05
2.511886431509582214e+11	2.500000000000000000e+00	4.538583896530933373e-05
3.162277660168379517e+11	2.500000000000000000e+00	5.776081122398611396e-05
3.981071705534969482e+11	2.500000000000000000e+00	7.402937741310794656e-05
5.011872336272714844e+11	2.500000000000000000e+00	9.599550879807080531e-05
6.309573444801943359e+11	2.500000000000000000e+00	1.270059095412746474e-04
7.943282347242821045e+11	2.500000000000000000e+00	1.787250568253714693e-04
1.000000000000000000e+12	2.500000000000000000e+00	1.990215489825415999e-04
1.260000000000000000e+12	2.500000000000000000e+00	1.846170918860830094e-04
1.580000000000000000e+12	2.500000000000000000e+00	1.982404690424412793e-04
2.000000000000000000e+12	2.500000000000000000e+00	2.265001064428924808e-04
2.510000000000000000e+12	2.500000000000000000e+00	2.668588287906481699e-04
3.160000000000000000e+12	2.500000000000000000e+00	3.230367069716306668e-04
3.980000000000000000e+12	2.500000000000000000e+00	3.977038028442741991e-04
5.010000000000000000e+12	2.500000000000000000e+00	4.946355939180453829e-04
6.310000000000000000e+12	2.500000000000000000e+00	6.191918495844340011e-04
7.940000000000000000e+12	2.500000000000000000e+00	7.773839544574670350e-04
1.000000000000000000e+13	2.500000000000000000e+00	9.779130259637491222e-04
1.260000000000000000e+13	2.500000000000000000e+00	1.227857923939680790e-03
1.580000000000000000e+13	2.500000000000000000e+00	1.532652046888830942e-03
2.000000000000000000e+13	2.500000000000000000e+00	1.935049712866263733e-03
2.510000000000000000e+13	2.500000000000000000e+00	2.430534981811236298e-03
3.160000000000000000e+13	2.500000000000000000e+00	3.064887868533515154e-03
3.980000000000000000e+13	2.500000000000000000e+00	3.856015297225722730e-03
5.010000000000000000e+13	2.500000000000000000e+00	4.816775497686545324e-03
6.310000000000000000e+13	2.500000000000000000e+00	5.978996242211679843e-03
7.940000000000000000e+13	2.500000000000000000e+00	7.389276042000452772e-03
1.000000000000000000e+14	2.500000000000000000e+00	9.161357293825276790e-03
1.260000000000000000e+14	2.500000000000000000e+00	1.150292097866049447e-02
1.580000000000000000e+14	2.500000000000000000e+00	1.458462288357069078e-02
2.000000000000000000e+14	2.500000000000000000e+00	1.891133231030946507e-02
2.510000000000000000e+14	2.500000000000000000e+00	2.416242072147789868e-02
3.160000000000000000e+14	2.500000000000000000e+00	2.991108613827700435e-02
3.980000000000000000e+14	2.500000000000000000e+00	3.527257833097566242e-02
5.010000000000000000e+14	2.500000000000000000e+00	3.889524129999125113e-02
6.310000000000000000e+14	2.500000000000000000e+00	3.989315811008626450e-02
7.940000000000000000e+14	2.500000000000000000e+00	3.785984884579180615e-02
1.000000000000000000e+15	2.500000000000000000e+00	3.288520971939634663e-02
1.260000000000000000e+15	2.500000000000000000e+00	2.578566697380253389e-02
1.580000000000000000e+15	2.500000000000000000e+00	1.775042461342908259e-02
2.000000000000000000e+15	2.500000000000000000e+00	9.276727308196569197e-03
2.510000000000000000e+15	2.500000000000000000e+00	9.395773742811248984e-04
3.160000000000000000e+15	2.500000000000000000e+00	-6.507700092800531091e-03
3.980000000000000000e+15	2.500000000000000000e+00	-1.273904200008994098e-02
5.010000000000000000e+15	2.500000000000000000e+00	-1.760153706838059676e-02
6.310000000000000000e+15	2.500000000000000000e+00	-2.112982610871016673e-02
7.940000000000000000e+15	2.500000000000000000e+00	-2.341601325066280589e-02
1.000000000000000000e+16	2.500000000000000000e+00	-2.463813209985320218e-02
1.260000000000000000e+16	2.500000000000000000e+00	-2.496753023024721532e-02
1.580000000000000000e+16	2.500000000000000000e+00	-2.462244661516194838e-02
2.000000000000000000e+16	2.500000000000000000e+00	-2.369787341708192926e-02
2.510000000000000000e+16	2.500000000000000000e+00	-2.245861017594524486e-02
3.160000000000000000e+16	2.500000000000000000e+00	-2.095332313745905742e-02
3.980000000000000000e+16	2.500000000000000000e+00	-1.930452572844439454e-02
5.010000000000000000e+16	2.500000000000000000e+00	-1.760336940284361329e-02
6.310000000000000000e+16	2.500000000000000000e+00	-1.590065707692448274e-02
7.940000000000000000e+16	2.500000000000000000e+00	-1.425796240344953496e-02
1.000000000000000000e+17	2.500000000000000000e+00	-1.268912754730422941e-02
1.000000000000000000e+11	3.500000000000000000e+00	1.833382220963514946e-05
1.258925411794166107e+11	3.500000000000000000e+00	2.311776572734049862e-05
1.584893192461110840e+11	3.500000000000000000e+00	2.917944425089133605e-05
1.995262314968882751e+11	3.500000000000000000e+00	3.689064012207416294e-05
2.511886431509582214e+11	3.500000000000000000e+00	4.676543231904104338e-05
3.162277660168379517e+11	3.500000000000000000e+00	5.955006526943500247e-05
3.981071705534969482e+11	3.500000000000000000e+00	7.639638585737487891e-05
5.011872336272714844e+11	3.500000000000000000e+00	9.925973728304286498e-05
6.309573444801943359e+11	3.500000000000000000e+00	1.318006036776705472e-04
7.943282347242821045e+11	3.500000000000000000e+00	1.883924337808770306e-04
1.000000000000000000e+12	3.500000000000000000e+00	2.084468413625678487e-04
1.260000000000000000e+12	3.500000000000000000e+00	1.869602324772514377e-04
1.580000000000000000e+12	3.500000000000000000e+00	1.966018602123001510e-04
2.000000000000000000e+12	3.500000000000000000e+00	2.211873206667964694e-04
2.510000000000000000e+12	3.500000000000000000e+00	2.581871695003901232e-04
3.160000000000000000e+12	3.500000000000000000e+00	3.112998743795540200e-04
3.980000000000000000e+12	3.500000000000000000e+00	3.826641789441394075e-04
5.010000000000000000e+12	3.500000000000000000e+00	4.758880411750762555e-04
6.310000000000000000e+12	3.500000000000000000e+00	5.967016509301588867e-04
7.940000000000000000e+12	3.500000000000000000e+00	7.505204999110352739e-04
1.000000000000000000e+13	3.500000000000000000e+00	9.457634582039851348e-04
1.260000000000000000e+13	3.500000000000000000e+00	1.189414085229755945e-03
1.580000000000000000e+13	3.500000000000000000e+00	1.486309337242979096e-03
2.000000000000000000e+13	3.500000000000000000e+00	1.880321840717910555e-03
2.510000000000000000e+13	3.500000000000000000e+00	2.364243591751794514e-03
3.160000000000000000e+13	3.500000000000000000e+00	2.984429017592890067e-03
3.980000000000000000e+13	3.500000000000000000e+00	3.762945052530923800e-03
5.010000000000000000e+13	3.500000000000000000e+00	4.713808114691428984e-03
6.310000000000000000e+13	3.500000000000000000e+00	5.872221472980138079e-03
7.940000000000000000e+13	3.500000000000000000e+00	7.284830626682509656e-03
1.000000000000000000e+14	3.500000000000000000e+00	9.072584273650870917e-03
1.260000000000000000e+14	3.500000000000000000e+00	1.142958917948751381e-02
1.580000000000000000e+14	3.500000000000000000e+00	1.454475202873480554e-02
2.000000000000000000e+14	3.500000000000000000e+00	1.888802891513463936e-02
2.510000000000000000e+14	3.500000000000000000e+00	2.415449313057865116e-02
3.160000000000000000e+14	3.500000000000000000e+00	2.996967496976898904e-02
3.980000000000000000e+14	3.500000000000000000e+00	3.517351011031244479e-02
5.010000000000000000e+14	3.500000000000000000e+00	3.898868526117257871e-02
6.310000000000000000e+14	3.500000000000000000e+00	3.995994295961369236e-02
7.940000000000000000e+14	3.500000000000000000e+00	3.735107686726599902e-02
1.000000000000000000e+15	3.500000000000000000e+00	3.248337163374353381e-02
1.260000000000000000e+15	3.500000000000000000e+00	2.576217833010642499e-02
1.580000000000000000e+15	3.500000000000000000e+00	1.762929710212938691e-02
2.000000000000000000e+15	3.500000000000000000e+00	8.971161707721228909e-03
2.510000000000000000e+15	3.500000000000000000e+00	8.345933164274866537e-04
3.160000000000000000e+15	3.500000000000000000e+00	-6.526633739504579534e-03
3.980000000000000000e+15	3.500000000000000000e+00	-1.269672810574459625e-02
5.010000000000000000e+15	3.500000000000000000e+00	-1.751386179811394161e-02
6.310000000000000000e+15	3.500000000000000000e+00	-2.100975181596980920e-02
7.940000000000000000e+15	3.500000000000000000e+00	-2.327467570215917964e-02
1.000000000000000000e+16	3.500000000000000000e+00	-2.448332380702475039e-02
1.260000000000000000e+16	3.500000000000000000e+00	-2.480698681463191363e-02
1.580000000000000000e+16	3.500000000000000000e+00	-2.446166291753847088e-02
2.000000000000000000e+16	3.500000000000000000e+00	-2.354132451580567137e-02
2.510000000000000000e+16	3.500000000000000000e+00	-2.230906521112747259e-02
3.160000000000000000e+16	3.500000000000000000e+00	-2.081287070335441358e-02
3.980000000000000000e+16	3.500000000000000000e+00	-1.917450646094768368e-02
5.010000000000000000e+16	3.500000000000000000e+00	-1.748346646141103744e-02
6.310000000000000000e+16	3.500000000000000000e+00	-1.579277043564143723e-02
7.940000000000000000e+16	3.500000000000000000e+00	-1.416095951127926272e-02
1.000000000000000000e+17	3.500000000000000000e+00	-1.260260603639192997e-02
1.000000000000000000e+11	4.500000000000000000e+00	1.877718318839470717e-05
1.258925411794166107e+11	4.500000000000000000e+00	2.367769705172578177e-05
1.584893192461110840e+11	4.500000000000000000e+00	2.988865101533571780e-05
1.995262314968882751e+11	4.500000000000000000e+00	3.779181071093867312e-05
2.511886431509582214e+11	4.500000000000000000e+00	4.791724117384014428e-05
3.162277660168379517e+11	4.500000000000000000e+00	6.103537692227537469e-05
3.981071705534969482e+11	4.500000000000000000e+00	7.834465143202296955e-05
5.011872336272714844e+11	4.500000000000000000e+00	1.018725968256778983e-04
6.309573444801943359e+11	4.500000000000000000e+00	1.355908264912552305e-04
7.943282347242821045e+11	4.500000000000000000e+00	1.954911086299047159e-04
1.000000000000000000e+12	4.500000000000000000e+00	2.161115817535404736e-04
1.260000000000000000e+12	4.500000000000000000e+00	1.909695438662249310e-04
1.580000000000000000e+12	4.500000000000000000e+00	1.970913707178072150e-04
2.000000000000000000e+12	4.500000000000000000e+00	2.193409912972371916e-04
2.510000000000000000e+12	4.500000000000000000e+00	2.537413903237340906e-04
3.160000000000000000e+12	4.500000000000000000e+00	3.036100691959047588e-04
3.980000000000000000e+12	4.500000000000000000e+00	3.736993922058624200e-04
5.010000000000000000e+12	4.500000000000000000e+00	4.629946604760995315e-04
6.310000000000000000e+12	4.500000000000000000e+00	5.816285430303034989e-04
7.940000000000000000e+12	4.500000000000000000e+00	7.340018825605775388e-04
1.000000000000000000e+13	4.500000000000000000e+00	9.255316861092906374e-04
1.260000000000000000e+13	4.500000000000000000e+00	1.167518811571755964e-03
1.580000000000000000e+13	4.500000000000000000e+00	1.462566828499066440e-03
2.000000000000000000e+13	4.500000000000000000e+00	1.847955365402148293e-03
2.510000000000000000e+13	4.500000000000000000e+00	2.398463531855131534e-03
3.160000000000000000e+13	4.500000000000000000e+00	2.935900984383953659e-03
3.980000000000000000e+13	4.500000000000000000e+00	3.702743553512913548e-03
5.010000000000000000e+13	4.500000000000000000e+00	4.648133824437354795e-03
6.310000000000000000e+13	4.500000000000000000e+00	5.799660092945586876e-03
7.940000000000000000e+13	4.500000000000000000e+00	7.219561274732650899e-03
1.000000000000000000e+14	4.500000000000000000e+00	9.021469492019790204e-03
1.260000000000000000e+14	4.500000000000000000e+00	1.137187032616016058e-02
1.580000000000000000e+14	4.500000000000000000e+00	1.449790278689549149e-02
2.000000000000000000e+14	4.500000000000000000e+00	1.892475922673011318e-02
2.510000000000000000e+14	4.500000000000000000e+00	2.426861173612496203e-02
3.160000000000000000e+14	4.500000000000000000e+00	3.006132072390190271e-02
3.980000000000000000e+14	4.500000000000000000e+00	3.529893587975653502e-02
5.010000000000000000e+14	4.500000000000000000e+00	3.873268437674325104e-02
6.310000000000000000e+14	4.500000000000000000e+00	3.950151880395394444e-02
7.940000000000000000e+14	4.500000000000000000e+00	3.745144895808491525e-02
1.000000000000000000e+15	4.500000000000000000e+00	3.267939682739753882e-02
1.260000000000000000e+15	4.500000000000000000e+00	2.565906327041563711e-02
1.580000000000000000e+15	4.500000000000000000e+00	1.767683018358130395e-02
2.000000000000000000e+15	4.500000000000000000e+00	9.246439567458521538e-03
2.510000000000000000e+15	4.500000000000000000e+00	9.545699276097585921e-04
3.160000000000000000e+15	4.500000000000000000e+00	-6.446778899555853648e-03
3.980000000000000000e+15	4.500000000000000000e+00	-1.263861384965105777e-02
5.010000000000000000e+15	4.500000000000000000e+00	-1.747003678586964148e-02
6.310000000000000000e+15	4.500000000000000000e+00	-2.097583945079477263e-02
7.940000000000000000e+15	4.500000000000000000e+00	-2.324768821286395115e-02
1.000000000000000000e+16	4.500000000000000000e+00	-2.446252516213942227e-02
1.260000000000000000e+16	4.500000000000000000e+00	-2.479058420854893599e-02
1.580000000000000000e+16	4.500000000000000000e+00	-2.444862164365904297e-02
2.000000000000000000e+16	4.500000000000000000e+00	-2.353106685332596523e-02
2.510000000000000000e+16	4.500000000000000000e+00	-2.230089274814386902e-02
3.160000000000000000e+16	4.500000000000000000e+00	-2.080639483718033089e-02
3.980000000000000000e+16	4.500000000000000000e+00	-1.916935292722775006e-02
5.010000000000000000e+16	4.500000000000000000e+00	-1.747936357722723599e-02
6.310000000000000000e+16	4.500000000000000000e+00	-1.578948339380794458e-02
7.940000000000000000e+16	4.500000000000000000e+00	-1.415838739133355555e-02
1.000000000000000000e+17	4.500000000000000000e+00	-1.260058561096033709e-02
1.000000000000000000e+11	5.500000000000000000e+00	1.919905190983821751e-05
1.258925411794166107e+11	5.500000000000000000e+00	2.421145942980270971e-05
1.584893192461110840e+11	5.500000000000000000e+00	3.056546868047347590e-05
1.995262314968882751e+11	5.500000000000000000e+00	3.865363324887482311e-05
2.511886431509582214e+11	5.500000000000000000e+00	4.902268395391458768e-05
3.162277660168379517e+11	5.500000000000000000e+00	6.247063978735410716e-05
3.981071705534969482e+11	5.500000000000000000e+00	8.024557021213498439e-05
5.011872336272714844e+11	5.500000000000000000e+00	1.044885641655137371e-04
6.309573444801943359e+11	5.500000000000000000e+00	1.394989278314429408e-04
7.943282347242821045e+11	5.500000000000000000e+00	2.037835440129213234e-04
1.000000000000000000e+12	5.500000000000000000e+00	2.226717591198141514e-04
1.260000000000000000e+12	5.500000000000000000e+00	1.894188795788123811e-04
1.580000000000000000e+12	5.500000000000000000e+00	1.954966962871551302e-04
2.000000000000000000e+12	5.500000000000000000e+00	2.142113245631445753e-04
2.510000000000000000e+12	5.500000000000000000e+00	2.467930653622769314e-04
3.160000000000000000e+12	5.500000000000000000e+00	2.991572134380535088e-04
3.980000000000000000e+12	5.500000000000000000e+00	3.665036327896184585e-04
5.010000000000000000e+12	5.500000000000000000e+00	4.578312720508483894e-04
6.310000000000000000e+12	5.500000000000000000e+00	5.742754570663116242e-04
7.940000000000000000e+12	5.500000000000000000e+00	7.219385802888279337e-04
1.000000000000000000e+13	5.500000000000000000e+00	9.129818755175075516e-04
1.260000000000000000e+13	5.500000000000000000e+00	1.152027161312253398e-03
1.580000000000000000e+13	5.500000000000000000e+00	1.443976106161486313e-03
2.000000000000000000e+13	5.500000000000000000e+00	1.830696013715629256e-03
2.510000000000000000e+13	5.500000000000000000e+00	2.304043256357272626e-03
3.160000000000000000e+13	5.500000000000000000e+00	2.911600849928218816e-03
3.980000000000000000e+13	5.500000000000000000e+00	3.677760482425227340e-03
5.010000000000000000e+13	5.500000000000000000e+00	4.618165079909965394e-03
6.310000000000000000e+13	5.500000000000000000e+00	5.768247850230666038e-03
7.940000000000000000e+13	5.500000000000000000e+00	7.187947557386647340e-03
1.000000000000000000e+14	5.500000000000000000e+00	8.995758610187415752e-03
1.260000000000000000e+14	5.500000000000000000e+00	1.143187838973218004e-02
1.580000000000000000e+14	5.500000000000000000e+00	1.448243027219567325e-02
2.000000000000000000e+14	5.500000000000000000e+00	1.883972513073286364e-02
2.510000000000000000e+14	5.500000000000000000e+00	2.412306934870245625e-02
3.160000000000000000e+14	5.500000000000000000e+00	3.009605723346839290e-02
3.980000000000000000e+14	5.500000000000000000e+00	3.547443963589590188e-02
5.010000000000000000e+14	5.500000000000000000e+00	3.880432720239374716e-02
6.310000000000000000e+14	5.500000000000000000e+00	3.956453523162940106e-02
7.940000000000000000e+14	5.500000000000000000e+00	3.761871070189200250e-02
1.000000000000000000e+15	5.500000000000000000e+00	3.263132829963789200e-02
1.260000000000000000e+15	5.500000000000000000e+00	2.542355832967011300e-02
1.580000000000000000e+15	5.500000000000000000e+00	1.719307878313111951e-02
2.000000000000000000e+15	5.500000000000000000e+00	8.538384146606039365e-03
2.510000000000000000e+15	5.500000000000000000e+00	6.485729087666004204e-04
3.160000000000000000e+15	5.500000000000000000e+00	-6.602626611628771396e-03
3.980000000000000000e+15	5.500000000000000000e+00	-1.269663438719190705e-02
5.010000000000000000e+15	5.500000000000000000e+00	-1.745864014407422227e-02
6.310000000000000000e+15	5.500000000000000000e+00	-2.091459771081390431e-02
7.940000000000000000e+15	5.500000000000000000e+00	-2.315233645745498267e-02
1.000000000000000000e+16	5.500000000000000000e+00	-2.434385956839795265e-02
1.260000000000000000e+16	5.500000000000000000e+00	-2.465852750234643481e-02
1.580000000000000000e+16	5.500000000000000000e+00	-2.431045857989270337e-02
2.000000000000000000e+16	5.500000000000000000e+00	-2.339235655489621188e-02
2.510000000000000000e+16	5.500000000000000000e+00	-2.216541962319852274e-02
3.160000000000000000e+16	5.500000000000000000e+00	-2.067721031485435929e-02
3.980000000000000000e+16	5.500000000000000000e+00	-1.904824570149476690e-02
5.010000000000000000e+16	5.500000000000000000e+00	-1.736740638326086938e-02
6.310000000000000000e+16	5.500000000000000000e+00	-1.568730413495301665e-02
7.940000000000000000e+16	5.500000000000000000e+00	-1.406586073452018200e-02
1.000000000000000000e+17	5.500000000000000000e+00	-1.251759498280433439e-02
1.000000000000000000e+11	6.500000000000000000e+00	1.897793557143542871e-05
1.258925411794166107e+11	6.500000000000000000e+00	2.393276885114679461e-05
1.584893192461110840e+11	6.500000000000000000e+00	3.021340187268827809e-05
1.995262314968882751e+11	6.500000000000000000e+00	3.820857508885748007e-05
2.511886431509582214e+11	6.500000000000000000e+00	4.845833898948508534e-05
3.162277660168379517e+11	6.500000000000000000e+00	6.175100641841598198e-05
3.981071705534969482e+11	6.500000000000000000e+00	7.931946610460832378e-05
5.011872336272714844e+11	6.500000000000000000e+00	1.032721613303725874e-04
6.309573444801943359e+11	6.500000000000000000e+00	1.378140985042152747e-04
7.943282347242821045e+11	6.500000000000000000e+00	2.005869184994065173e-04
1.000000000000000000e+12	6.500000000000000000e+00	2.212478179830467122e-04
1.260000000000000000e+12	6.500000000000000000e+00	1.911577764835338696e-04
1.580000000000000000e+12	6.500000000000000000e+00	1.922781727824930296e-04
2.000000000000000000e+12	6.500000000000000000e+00	2.107038299578517309e-04
2.510000000000000000e+12	6.500000000000000000e+00	2.440458788943548625e-04
3.160000000000000000e+12	6.500000000000000000e+00	2.912304198641395107e-04
3.980000000000000000e+12	6.500000000000000000e+00	3.577057017901074092e-04
5.010000000000000000e+12	6.500000000000000000e+00	4.445902656804469593e-04
6.310000000000000000e+12	6.500000000000000000e+00	5.612893944355821499e-04
7.940000000000000000e+12	6.500000000000000000e+00	7.115653336256377989e-04
1.000000000000000000e+13	6.500000000000000000e+00	8.992426146118996438e-04
1.260000000000000000e+13	6.500000000000000000e+00	1.133801988222119840e-03
1.580000000000000000e+13	6.500000000000000000e+00	1.422554045247668595e-03
2.000000000000000000e+13	6.500000000000000000e+00	1.807299775528515813e-03
2.510000000000000000e+13	6.500000000000000000e+00	2.274928182083545570e-03
3.160000000000000000e+13	6.500000000000000000e+00	2.876785602637830890e-03
3.980000000000000000e+13	6.500000000000000000e+00	3.635556862391514828e-03
5.010000000000000000e+13	6.500000000000000000e+00	4.588545044684099600e-03
6.310000000000000000e+13	6.500000000000000000e+00	5.724402569162023897e-03
7.940000000000000000e+13	6.500000000000000000e+00	7.133129888410652542e-03
1.000000000000000000e+14	6.500000000000000000e+00	8.891055899507213645e-03
1.260000000000000000e+14	6.500000000000000000e+00	1.122766096572366638e-02
1.580000000000000000e+14	6.500000000000000000e+00	1.435979977289749202e-02
2.000000000000000000e+14	6.500000000000000000e+00	1.871675956845445660e-02
2.510000000000000000e+14	6.500000000000000000e+00	2.394585637110631729e-02
3.160000000000000000e+14	6.500000000000000000e+00	2.972907144390230655e-02
3.980000000000000000e+14	6.500000000000000000e+00	3.509915468155054563e-02
5.010000000000000000e+14	6.500000000000000000e+00	3.871005427694866607e-02
6.310000000000000000e+14	6.500000000000000000e+00	3.981566617007519654e-02
7.940000000000000000e+14	6.500000000000000000e+00	3.753651545210048845e-02
1.000000000000000000e+15	6.500000000000000000e+00	3.209846127772864738e-02
1.260000000000000000e+15	6.500000000000000000e+00	2.521246665061104356e-02
1.580000000000000000e+15	6.500000000000000000e+00	1.707295821985353734e-02
2.000000000000000000e+15	6.500000000000000000e+00	8.478633511116840868e-03
2.510000000000000000e+15	6.500000000000000000e+00	6.424875733965841910e-04
3.160000000000000000e+15	6.500000000000000000e+00	-6.557377359375012038e-03
3.980000000000000000e+15	6.500000000000000000e+00	-1.260816472668947058e-02
5.010000000000000000e+15	6.500000000000000000e+00	-1.733641415651317880e-02
6.310000000000000000e+15	6.500000000000000000e+00	-2.076786145504113529e-02
7.940000000000000000e+15	6.500000000000000000e+00	-2.298935219784558129e-02
1.000000000000000000e+16	6.500000000000000000e+00	-2.417275484172228331e-02
1.260000000000000000e+16	6.500000000000000000e+00	-2.448513566881780484e-02
1.580000000000000000e+16	6.500000000000000000e+00	-2.413947079035256432e-02
2.000000000000000000e+16	6.500000000000000000e+00	-2.322778518205831366e-02
2.510000000000000000e+16	6.500000000000000000e+00	-2.200953720081393755e-02
3.160000000000000000e+16	6.500000000000000000e+00	-2.053224863851229806e-02
3.980000000000000000e+16	6.500000000000000000e+00	-1.891417644939707987e-02
5.010000000000000000e+16	6.500000000000000000e+00	-1.724541217621838526e-02
6.310000000000000000e+16	6.500000000000000000e+00	-1.557684773015005283e-02
7.940000000000000000e+16	6.500000000000000000e+00	-1.396684831966633726e-02
1.000000000000000000e+17	6.500000000000000000e+00	-1.242948754553151701e-02
1.000000000000000000e+11	7.500000000000000000e+00	1.860478684977861491e-05
1.258925411794166107e+11	7.500000000000000000e+00	2.346223248068223050e-05
1.584893192461110840e+11	7.500000000000000000e+00	2.961985182002485457e-05
1.995262314968882751e+11	7.500000000000000000e+00	3.745870022487614900e-05
2.511886431509582214e+11	7.500000000000000000e+00	4.750881618432938416e-05
3.162277660168379517e+11	7.500000000000000000e+00	6.054528208609607636e-05
3.981071705534969482e+11	7.500000000000000000e+00	7.777887468860403069e-05
5.011872336272714844e+11	7.500000000000000000e+00	1.012845782821924102e-04
6.309573444801943359e+11	7.500000000000000000e+00	1.351970738582854137e-04
7.943282347242821045e+11	7.500000000000000000e+00	1.969932689944878875e-04
1.000000000000000000e+12	7.500000000000000000e+00	2.152321668507948876e-04
1.260000000000000000e+12	7.500000000000000000e+00	1.836952706647744971e-04
1.580000000000000000e+12	7.500000000000000000e+00	1.899977218120267521e-04
2.000000000000000000e+12	7.500000000000000000e+00	2.094168651196062444e-04
2.510000000000000000e+12	7.500000000000000000e+00	2.390554301195620720e-04
3.160000000000000000e+12	7.500000000000000000e+00	2.872915036101450796e-04
3.980000000000000000e+12	7.500000000000000000e+00	3.536909067432073028e-04
5.010000000000000000e+12	7.500000000000000000e+00	4.410694909913954781e-04
6.310000000000000000e+12	7.500000000000000000e+00	5.544890948162442892e-04
7.940000000000000000e+12	7.500000000000000000e+00	6.995328041735546752e-04
1.000000000000000000e+13	7.500000000000000000e+00	8.875505847363575037e-04
1.260000000000000000e+13	7.500000000000000000e+00	1.124434809001420652e-03
1.580000000000000000e+13	7.500000000000000000e+00	1.410061706648548267e-03
2.000000000000000000e+13	7.500000000000000000e+00	1.789090673602621723e-03
2.510000000000000000e+13	7.500000000000000000e+00	2.257989884533144389e-03
3.160000000000000000e+13	7.500000000000000000e+00	2.854358003308281148e-03
3.980000000000000000e+13	7.500000000000000000e+00	3.601662431089138177e-03
5.010000000000000000e+13	7.500000000000000000e+00	4.524372497646225039e-03
6.310000000000000000e+13	7.500000000000000000e+00	5.677818331688893640e-03
7.940000000000000000e+13	7.500000000000000000e+00	7.085457956810383394e-03
1.000000000000000000e+14	7.500000000000000000e+00	8.869896869006424489e-03
1.260000000000000000e+14	7.500000000000000000e+00	1.123370258435188798e-02
1.580000000000000000e+14	7.500000000000000000e+00	1.434558742570636765e-02
2.000000000000000000e+14	7.500000000000000000e+00	1.873227764047082078e-02
2.510000000000000000e+14	7.500000000000000000e+00	2.402156279394523572e-02
3.160000000000000000e+14	7.500000000000000000e+00	2.990677983002673970e-02
3.980000000000000000e+14	7.500000000000000000e+00	3.504035134278308400e-02
5.010000000000000000e+14	7.500000000000000000e+00	3.845798220358515734e-02
6.310000000000000000e+14	7.500000000000000000e+00	3.930977251055400162e-02
7.940000000000000000e+14	7.500000000000000000e+00	3.688783550074448137e-02
1.000000000000000000e+15	7.500000000000000000e+00	3.141331578121862866e-02
1.260000000000000000e+15	7.500000000000000000e+00	2.493635516168533212e-02
1.580000000000000000e+15	7.500000000000000000e+00	1.731577923187449519e-02
2.000000000000000000e+15	7.500000000000000000e+00	8.272923669220829529e-03
2.510000000000000000e+15	7.500000000000000000e+00	5.929813969903715860e-04
3.160000000000000000e+15	7.500000000000000000e+00	-6.540294852485273661e-03
3.980000000000000000e+15	7.500000000000000000e+00	-1.254044603345926857e-02
5.010000000000000000e+15	7.500000000000000000e+00	-1.723012341155144220e-02
6.310000000000000000e+15	7.500000000000000000e+00	-2.063356113254521951e-02
7.940000000000000000e+15	7.500000000000000000e+00	-2.283688546018494345e-02
1.000000000000000000e+16	7.500000000000000000e+00	-2.400937743625528725e-02
1.260000000000000000e+16	7.500000000000000000e+00	-2.431786407134286371e-02
1.580000000000000000e+16	7.500000000000000000e+00	-2.397332983537728626e-02
2.000000000000000000e+16	7.500000000000000000e+00	-2.306705439577896866e-02
2.510000000000000000e+16	7.500000000000000000e+00	-2.185663273090983696e-02
3.160000000000000000e+16	7.500000000000000000e+00	-2.038861225903761815e-02
3.980000000000000000e+16	7.500000000000000000e+00	-1.878205136570160194e-02
5.010000000000000000e+16	7.500000000000000000e+00	-1.712461721752071148e-02
6.310000000000000000e+16	7.500000000000000000e+00	-1.546767934971205946e-02
7.940000000000000000e+16	7.500000000000000000e+00	-1.386879681280927049e-02
1.000000000000000000e+17	7.500000000000000000e+00	-1.234212322576727118e-02
1.000000000000000000e+11	8.500000000000000000e+00	1.794186142333978096e-05
1.258925411794166107e+11	8.500000000000000000e+00	2.262486231888098277e-05
1.584893192461110840e+11	8.500000000000000000e+00	2.856019552067765559e-05
1.995262314968882751e+11	8.500000000000000000e+00	3.611334422378873285e-05
2.511886431509582214e+11	8.500000000000000000e+00	4.579181515053573750e-05
3.162277660168379517e+11	8.500000000000000000e+00	5.833365366055059199e-05
3.981071705534969482e+11	8.500000000000000000e+00	7.488589980263649255e-05
5.011872336272714844e+11	8.500000000000000000e+00	9.738548658524136834e-05
6.309573444801943359e+11	8.500000000000000000e+00	1.295841707676862581e-04
7.943282347242821045e+11	8.500000000000000000e+00	1.860553722271777034e-04
1.000000000000000000e+12	8.500000000000000000e+00	2.062440571851720294e-04
1.260000000000000000e+12	8.500000000000000000e+00	1.830426368629911496e-04
1.580000000000000000e+12	8.500000000000000000e+00	1.866738920816005587e-04
2.000000000000000000e+12	8.500000000000000000e+00	2.067789257992148964e-04
2.510000000000000000e+12	8.500000000000000000e+00	2.412920986541279371e-04
3.160000000000000000e+12	8.500000000000000000e+00	2.892930174272693002e-04
3.980000000000000000e+12	8.500000000000000000e+00	3.555941381740794754e-04
5.010000000000000000e+12	8.500000000000000000e+00	4.463138060896512942e-04
6.310000000000000000e+12	8.500000000000000000e+00	5.630614724584329534e-04
7.940000000000000000e+12	8.500000000000000000e+00	7.122231179360983882e-04
1.000000000000000000e+13	8.500000000000000000e+00	9.031687972001229553e-04
1.260000000000000000e+13	8.500000000000000000e+00	1.138492791933537474e-03
1.580000000000000000e+13	8.500000000000000000e+00	1.432671710168476054e-03
2.000000000000000000e+13	8.500000000000000000e+00	1.817810970033605306e-03
2.510000000000000000e+13	8.500000000000000000e+00	2.288483749936330493e-03
3.160000000000000000e+13	8.500000000000000000e+00	2.895954511829577915e-03
3.980000000000000000e+13	8.500000000000000000e+00	3.659534962130178790e-03
5.010000000000000000e+13	8.500000000000000000e+00	4.611272819103369794e-03
6.310000000000000000e+13	8.500000000000000000e+00	5.750260574592123974e-03
7.940000000000000000e+13	8.500000000000000000e+00	7.166703491312613819e-03
1.000000000000000000e+14	8.500000000000000000e+00	8.998995428353815176e-03
1.260000000000000000e+14	8.500000000000000000e+00	1.139992288895422777e-02
1.580000000000000000e+14	8.500000000000000000e+00	1.455914683174900498e-02
2.000000000000000000e+14	8.500000000000000000e+00	1.898651581508163308e-02
2.510000000000000000e+14	8.500000000000000000e+00	2.436459894321783837e-02
3.160000000000000000e+14	8.500000000000000000e+00	3.022402880736559452e-02
3.980000000000000000e+14	8.500000000000000000e+00	3.564691711186851464e-02
5.010000000000000000e+14	8.500000000000000000e+00	3.934732199039912143e-02
6.310000000000000000e+14	8.500000000000000000e+00	4.039274363755059050e-02
7.940000000000000000e+14	8.500000000000000000e+00	3.871975655721080628e-02
1.000000000000000000e+15	8.500000000000000000e+00	3.467514242718599399e-02
1.260000000000000000e+15	8.500000000000000000e+00	2.826398694724267108e-02
1.580000000000000000e+15	8.500000000000000000e+00	2.082573350647802871e-02
2.000000000000000000e+15	8.500000000000000000e+00	1.199903139269852329e-02
2.510000000000000000e+15	8.500000000000000000e+00	2.251750560901108391e-03
3.160000000000000000e+15	8.500000000000000000e+00	-5.883107874602060312e-03
3.980000000000000000e+15	8.500000000000000000e+00	-1.260169854909315608e-02
5.010000000000000000e+15	8.500000000000000000e+00	-1.782266459591746663e-02
6.310000000000000000e+15	8.500000000000000000e+00	-2.161201807307041103e-02
7.940000000000000000e+15	8.500000000000000000e+00	-2.407975617463180631e-02
1.000000000000000000e+16	8.500000000000000000e+00	-2.541862767587329056e-02
1.260000000000000000e+16	8.500000000000000000e+00	-2.581351732564434939e-02
1.580000000000000000e+16	8.500000000000000000e+00	-2.549387532320732466e-02
2.000000000000000000e+16	8.500000000000000000e+00	-2.456346716010943121e-02
2.510000000000000000e+16	8.500000000000000000e+00	-2.329741924374022222e-02
3.160000000000000000e+16	8.500000000000000000e+00	-2.174942926867271670e-02
3.980000000000000000e+16	8.500000000000000000e+00	-2.004782060620668646e-02
5.010000000000000000e+16	8.500000000000000000e+00	-1.828760432131907102e-02
6.310000000000000000e+16	8.500000000000000000e+00	-1.652468491735243836e-02
7.940000000000000000e+16	8.500000000000000000e+00	-1.482148078312976562e-02
1.000000000000000000e+17	8.500000000000000000e+00	-1.319354475881033030e-02
1.000000000000000000e+11	9.500000000000000000e+00	1.669189356971238105e-05
1.258925411794166107e+11	9.500000000000000000e+00	2.104789308286703881e-05
1.584893192461110840e+11	9.500000000000000000e+00	2.656834471050226597e-05
1.995262314968882751e+11	9.500000000000000000e+00	3.359244507708183817e-05
2.511886431509582214e+11	9.500000000000000000e+00	4.259121242895449891e-05
3.162277660168379517e+11	9.500000000000000000e+00	5.424673716558926073e-05
3.981071705534969482e+11	9.500000000000000000e+00	6.961766791470292337e-05
5.011872336272714844e+11	9.500000000000000000e+00	9.047260519864370576e-05
6.309573444801943359e+11	9.500000000000000000e+00	1.201556885055279851e-04
7.943282347242821045e+11	9.500000000000000000e+00	1.709019184818313312e-04
1.000000000000000000e+12	9.500000000000000000e+00	1.866991273929173643e-04
1.260000000000000000e+12	9.500000000000000000e+00	1.680787113913426428e-04
1.580000000000000000e+12	9.500000000000000000e+00	1.791372944249784325e-04
2.000000000000000000e+12	9.500000000000000000e+00	2.017407862628542794e-04
2.510000000000000000e+12	9.500000000000000000e+00	2.348706553812942980e-04
3.160000000000000000e+12	9.500000000000000000e+00	2.814317267901476059e-04
3.980000000000000000e+12	9.500000000000000000e+00	3.504078790622692195e-04
5.010000000000000000e+12	9.500000000000000000e+00	4.409679061751390033e-04
6.310000000000000000e+12	9.500000000000000000e+00	5.547677485693238873e-04
7.940000000000000000e+12	9.500000000000000000e+00	6.990004649620405177e-04
1.000000000000000000e+13	9.500000000000000000e+00	8.833945691958300286e-04
1.260000000000000000e+13	9.500000000000000000e+00	1.116606695056421511e-03
1.580000000000000000e+13	9.500000000000000000e+00	1.400713666353337571e-03
2.000000000000000000e+13	9.500000000000000000e+00	1.781148611177542579e-03
2.510000000000000000e+13	9.500000000000000000e+00	2.245231082587037779e-03
3.160000000000000000e+13	9.500000000000000000e+00	2.838295511147709890e-03
3.980000000000000000e+13	9.500000000000000000e+00	3.583709634517140245e-03
5.010000000000000000e+13	9.500000000000000000e+00	4.494687744769601707e-03
6.310000000000000000e+13	9.500000000000000000e+00	5.650586524393932768e-03
7.940000000000000000e+13	9.500000000000000000e+00	7.067060120361689374e-03
1.000000000000000000e+14	9.500000000000000000e+00	8.839236364783297634e-03
1.260000000000000000e+14	9.500000000000000000e+00	1.121395351014063679e-02
1.580000000000000000e+14	9.500000000000000000e+00	1.437493538863251520e-02
2.000000000000000000e+14	9.500000000000000000e+00	1.879638595356142305e-02
2.510000000000000000e+14	9.500000000000000000e+00	2.402591377848692714e-02
3.160000000000000000e+14	9.500000000000000000e+00	2.973203969559525678e-02
3.980000000000000000e+14	9.500000000000000000e+00	3.506828525279338804e-02
5.010000000000000000e+14	9.500000000000000000e+00	3.872359379209191349e-02
6.310000000000000000e+14	9.500000000000000000e+00	3.939926151092534856e-02
7.940000000000000000e+14	9.500000000000000000e+00	3.659317066709909944e-02
1.000000000000000000e+15	9.500000000000000000e+00	3.259627534534884769e-02
1.260000000000000000e+15	9.500000000000000000e+00	2.637766240977727772e-02
1.580000000000000000e+15	9.500000000000000000e+00	1.658248748275716750e-02
2.000000000000000000e+15	9.500000000000000000e+00	7.643627144589809803e-03
2.510000000000000000e+15	9.500000000000000000e+00	3.352590059080999335e-04
3.160000000000000000e+15	9.500000000000000000e+00	-6.700613023953776691e-03
3.980000000000000000e+15	9.500000000000000000e+00	-1.265201672129752375e-02
5.010000000000000000e+15	9.500000000000000000e+00	-1.731223823591827166e-02
6.310000000000000000e+15	9.500000000000000000e+00	-2.069580438428913344e-02
7.940000000000000000e+15	9.500000000000000000e+00	-2.288497295130134668e-02
1.000000000000000000e+16	9.500000000000000000e+00	-2.404689482124805835e-02
1.260000000000000000e+16	9.500000000000000000e+00	-2.434731092061059865e-02
1.580000000000000000e+16	9.500000000000000000e+00	-2.399665478038101943e-02
2.000000000000000000e+16	9.500000000000000000e+00	-2.308540257840111659e-02
2.510000000000000000e+16	9.500000000000000000e+00	-2.187120889167197546e-02
3.160000000000000000e+16	9.500000000000000000e+00	-2.040017159791475757e-02
3.980000000000000000e+16	9.500000000000000000e+00	-1.879122066264911697e-02
5.010000000000000000e+16	9.500000000000000000e+00	-1.713174255730626205e-02
6.310000000000000000e+16	9.500000000000000000e+00	-1.547345481443945965e-02
7.940000000000000000e+16	9.500000000000000000e+00	-1.387339157526646174e-02
1.000000000000000000e+17	9.500000000000000000e+00	-1.234576284096857400e-02
1.000000000000000000e+11	1.050000000000000000e+01	1.540007954301608617e-05
1.258925411794166107e+11	1.050000000000000000e+01	1.941703298078603087e-05
1.584893192461110840e+11	1.050000000000000000e+01	2.450525050883001888e-05
1.995262314968882751e+11	1.050000000000000000e+01	3.097523725100797740e-05
2.511886431509582214e+11	1.050000000000000000e+01	3.925472483202286045e-05
3.162277660168379517e+11	1.050000000000000000e+01	4.996102268792195357e-05
3.981071705534969482e+11	1.050000000000000000e+01	6.403387712779597465e-05
5.011872336272714844e+11	1.050000000000000000e+01	8.301911946950057573e-05
6.309573444801943359e+11	1.050000000000000000e+01	1.095445896339971388e-04
7.943282347242821045e+11	1.050000000000000000e+01	1.510306013994987999e-04
1.000000000000000000e+12	1.050000000000000000e+01	1.696529282151635124e-04
1.260000000000000000e+12	1.050000000000000000e+01	1.609653137248028920e-04
1.580000000000000000e+12	1.050000000000000000e+01	1.720071014963452452e-04
2.000000000000000000e+12	1.050000000000000000e+01	1.971984377132058144e-04
2.510000000000000000e+12	1.050000000000000000e+01	2.352678592168268876e-04
3.160000000000000000e+12	1.050000000000000000e+01	2.893996336056254572e-04
3.980000000000000000e+12	1.050000000000000000e+01	3.566668847522160468e-04
5.010000000000000000e+12	1.050000000000000000e+01	4.437420555397347116e-04
6.310000000000000000e+12	1.050000000000000000e+01	5.597872821376096743e-04
7.940000000000000000e+12	1.050000000000000000e+01	7.067337346606543304e-04
1.000000000000000000e+13	1.050000000000000000e+01	8.911027385313746805e-04
1.260000000000000000e+13	1.050000000000000000e+01	1.125501766448641855e-03
1.580000000000000000e+13	1.050000000000000000e+01	1.413896073026148703e-03
2.000000000000000000e+13	1.050000000000000000e+01	1.792478298846416056e-03
2.510000000000000000e+13	1.050000000000000000e+01	2.256901971556329271e-03
3.160000000000000000e+13	1.050000000000000000e+01	2.851100762189908919e-03
3.980000000000000000e+13	1.050000000000000000e+01	3.601265162902066597e-03
5.010000000000000000e+13	1.050000000000000000e+01	4.533289826274010392e-03
6.310000000000000000e+13	1.050000000000000000e+01	5.657965366921847983e-03
7.940000000000000000e+13	1.050000000000000000e+01	7.067736477324003050e-03
1.000000000000000000e+14	1.050000000000000000e+01	8.879163312238510034e-03
1.260000000000000000e+14	1.050000000000000000e+01	1.123865392621309529e-02
1.580000000000000000e+14	1.050000000000000000e+01	1.436605735219410700e-02
2.000000000000000000e+14	1.050000000000000000e+01	1.873235030222919484e-02
2.510000000000000000e+14	1.050000000000000000e+01	2.421773779002014265e-02
3.160000000000000000e+14	1.050000000000000000e+01	3.016294143705198702e-02
3.980000000000000000e+14	1.050000000000000000e+01	3.542253977260362979e-02
5.010000000000000000e+14	1.050000000000000000e+01	3.906293995484884374e-02
6.310000000000000000e+14	1.050000000000000000e+01	4.021842444411648232e-02
7.940000000000000000e+14	1.050000000000000000e+01	3.896997488268794108e-02
1.000000000000000000e+15	1.050000000000000000e+01	3.288499824527718607e-02
1.260000000000000000e+15	1.050000000000000000e+01	2.418104153454704586e-02
1.580000000000000000e+15	1.050000000000000000e+01	1.580853005451489032e-02
2.000000000000000000e+15	1.050000000000000000e+01	7.175816607919375222e-03
2.510000000000000000e+15	1.050000000000000000e+01	8.615044368250450389e-06
3.160000000000000000e+15	1.050000000000000000e+01	-6.940973055248853690e-03
3.980000000000000000e+15	1.050000000000000000e+01	-1.283437271906252147e-02
5.010000000000000000e+15	1.050000000000000000e+01	-1.745315499592407435e-02
6.310000000000000000e+15	1.050000000000000000e+01	-2.080580617053319481e-02
7.940000000000000000e+15	1.050000000000000000e+01	-2.297147054965302179e-02
1.000000000000000000e+16	1.050000000000000000e+01	-2.411511773535541386e-02
1.260000000000000000e+16	1.050000000000000000e+01	-2.440123744471013600e-02
1.580000000000000000e+16	1.050000000000000000e+01	-2.403953349166531792e-02
2.000000000000000000e+16	1.050000000000000000e+01	-2.311922880650809156e-02
2.510000000000000000e+16	1.050000000000000000e+01	-2.189812710279325642e-02
3.160000000000000000e+16	1.050000000000000000e+01	-2.042194887961846714e-02
3.980000000000000000e+16	1.050000000000000000e+01	-1.880818420118498396e-02
5.010000000000000000e+16	1.050000000000000000e+01	-1.714518153774800824e-02
6.310000000000000000e+16	1.050000000000000000e+01	-1.548412110790488121e-02
7.940000000000000000e+16	1.050000000000000000e+01	-1.388188213605436906e-02
1.000000000000000000e+17	1.050000000000000000e+01	-1.235251440011664835e-02
1.000000000000000000e+11	1.150000000000000000e+01	1.413464733416625152e-05
1.258925411794166107e+11	1.150000000000000000e+01	1.782074150030492899e-05
1.584893192461110840e+11	1.150000000000000000e+01	2.248909170093383808e-05
1.995262314968882751e+11	1.150000000000000000e+01	2.842383123297992085e-05
2.511886431509582214e+11	1.150000000000000000e+01	3.601564359439702798e-05
3.162277660168379517e+11	1.150000000000000000e+01	4.582776108480832194e-05
3.981071705534969482e+11	1.150000000000000000e+01	5.870825115972091773e-05
5.011872336272714844e+11	1.150000000000000000e+01	7.603097585644158181e-05
6.309573444801943359e+11	1.150000000000000000e+01	1.000272338404780239e-04
7.943282347242821045e+11	1.150000000000000000e+01	1.357703447446101473e-04
1.000000000000000000e+12	1.150000000000000000e+01	1.499861633306571963e-04
1.260000000000000000e+12	1.150000000000000000e+01	1.459009851497786441e-04
1.580000000000000000e+12	1.150000000000000000e+01	1.647525909543699632e-04
2.000000000000000000e+12	1.150000000000000000e+01	1.933081551101429642e-04
2.510000000000000000e+12	1.150000000000000000e+01	2.277738160807121922e-04
3.160000000000000000e+12	1.150000000000000000e+01	2.773848813790464468e-04
3.980000000000000000e+12	1.150000000000000000e+01	3.470347152611765384e-04
5.010000000000000000e+12	1.150000000000000000e+01	4.354517454397791878e-04
6.310000000000000000e+12	1.150000000000000000e+01	5.482295366343892815e-04
7.940000000000000000e+12	1.150000000000000000e+01	6.923602227123455731e-04
1.000000000000000000e+13	1.150000000000000000e+01	8.732867936340233273e-04
1.260000000000000000e+13	1.150000000000000000e+01	1.103290176567456012e-03
1.580000000000000000e+13	1.150000000000000000e+01	1.386222240650863491e-03
2.000000000000000000e+13	1.150000000000000000e+01	1.757578368576226055e-03
2.510000000000000000e+13	1.150000000000000000e+01	2.213204031332265641e-03
3.160000000000000000e+13	1.150000000000000000e+01	2.796646015328085010e-03
3.980000000000000000e+13	1.150000000000000000e+01	3.527908483291149460e-03
5.010000000000000000e+13	1.150000000000000000e+01	4.432973496841414139e-03
6.310000000000000000e+13	1.150000000000000000e+01	5.555608029017066601e-03
7.940000000000000000e+13	1.150000000000000000e+01	6.938504920474448251e-03
1.000000000000000000e+14	1.150000000000000000e+01	8.703684434321817820e-03
1.260000000000000000e+14	1.150000000000000000e+01	1.104984644869481600e-02
1.580000000000000000e+14	1.150000000000000000e+01	1.416128905049003107e-02
2.000000000000000000e+14	1.150000000000000000e+01	1.855971840765244241e-02
2.510000000000000000e+14	1.150000000000000000e+01	2.360087089800331009e-02
3.160000000000000000e+14	1.150000000000000000e+01	2.934514076480194966e-02
3.980000000000000000e+14	1.150000000000000000e+01	3.478240892864022799e-02
5.010000000000000000e+14	1.150000000000000000e+01	3.794719118519625234e-02
6.310000000000000000e+14	1.150000000000000000e+01	3.802941018333836493e-02
7.940000000000000000e+14	1.150000000000000000e+01	3.626855191924129029e-02
1.000000000000000000e+15	1.150000000000000000e+01	3.303966003778118637e-02
1.260000000000000000e+15	1.150000000000000000e+01	2.471356741769940163e-02
1.580000000000000000e+15	1.150000000000000000e+01	1.664381753361435928e-02
2.000000000000000000e+15	1.150000000000000000e+01	1.010703413071296734e-02
2.510000000000000000e+15	1.150000000000000000e+01	1.317483291285759120e-03
3.160000000000000000e+15	1.150000000000000000e+01	-6.068788551553454258e-03
3.980000000000000000e+15	1.150000000000000000e+01	-1.220070776441690638e-02
5.010000000000000000e+15	1.150000000000000000e+01	-1.697429832414358228e-02
6.310000000000000000e+15	1.150000000000000000e+01	-2.043670597158420491e-02
7.940000000000000000e+15	1.150000000000000000e+01	-2.268336645719608302e-02
1.000000000000000000e+16	1.150000000000000000e+01	-2.388888974030549742e-02
1.260000000000000000e+16	1.150000000000000000e+01	-2.422292816929327158e-02
1.580000000000000000e+16	1.150000000000000000e+01	-2.389793752263673701e-02
2.000000000000000000e+16	1.150000000000000000e+01	-2.300768031164642305e-02
2.510000000000000000e+16	1.150000000000000000e+01	-2.180939689133426507e-02
3.160000000000000000e+16	1.150000000000000000e+01	-2.035112939857903341e-02
3.980000000000000000e+16	1.150000000000000000e+01	-1.875232699329737809e-02
5.010000000000000000e+16	1.150000000000000000e+01	-1.710099503564547693e-02
6.310000000000000000e+16	1.150000000000000000e+01	-1.544893944317393165e-02
7.940000000000000000e+16	1.150000000000000000e+01	-1.385391039292478872e-02
1.000000000000000000e+17	1.150000000000000000e+01	-1.233028768718665881e-02
1.000000000000000000e+11	1.250000000000000000e+01	1.340140806111597537e-05
1.258925411794166107e+11	1.250000000000000000e+01	1.689372425718714424e-05
1.584893192461110840e+11	1.250000000000000000e+01	2.131421391814931738e-05
1.995262314968882751e+11	1.250000000000000000e+01	2.692858588306136893e-05
2.511886431509582214e+11	1.250000000000000000e+01	3.410020543304236496e-05
3.162277660168379517e+11	1.250000000000000000e+01	4.334472412852004910e-05
3.981071705534969482e+11	1.250000000000000000e+01	5.542912762386124789e-05
5.011872336272714844e+11	1.250000000000000000e+01	7.154805227964697442e-05
6.309573444801943359e+11	1.250000000000000000e+01	9.340531319381492181e-05
7.943282347242821045e+11	1.250000000000000000e+01	1.221707061688276006e-04
1.000000000000000000e+12	1.250000000000000000e+01	1.387288051409078739e-04
1.260000000000000000e+12	1.250000000000000000e+01	1.459361854073921235e-04
1.580000000000000000e+12	1.250000000000000000e+01	1.636157099272355535e-04
2.000000000000000000e+12	1.250000000000000000e+01	1.935601644614186421e-04
2.510000000000000000e+12	1.250000000000000000e+01	2.371106827665752227e-04
3.160000000000000000e+12	1.250000000000000000e+01	2.928584789243607344e-04
3.980000000000000000e+12	1.250000000000000000e+01	3.631738167555723551e-04
5.010000000000000000e+12	1.250000000000000000e+01	4.548240453576869475e-04
6.310000000000000000e+12	1.250000000000000000e+01	5.729320032171243303e-04
7.940000000000000000e+12	1.250000000000000000e+01	7.234974938858258200e-04
1.000000000000000000e+13	1.250000000000000000e+01	9.151993518591066334e-04
1.260000000000000000e+13	1.250000000000000000e+01	1.151126406807541792e-03
1.580000000000000000e+13	1.250000000000000000e+01	1.444198400489392136e-03
2.000000000000000000e+13	1.250000000000000000e+01	1.831077787001315861e-03
2.510000000000000000e+13	1.250000000000000000e+01	2.300732311258072912e-03
3.160000000000000000e+13	1.250000000000000000e+01	2.906706769762626690e-03
3.980000000000000000e+13	1.250000000000000000e+01	3.670597596351380006e-03
5.010000000000000000e+13	1.250000000000000000e+01	4.613406005206016625e-03
6.310000000000000000e+13	1.250000000000000000e+01	5.778151442394470483e-03
7.940000000000000000e+13	1.250000000000000000e+01	7.212564758429639705e-03
1.000000000000000000e+14	1.250000000000000000e+01	9.043265534391638563e-03
1.260000000000000000e+14	1.250000000000000000e+01	1.145905740650923592e-02
1.580000000000000000e+14	1.250000000000000000e+01	1.466998743172287512e-02
2.000000000000000000e+14	1.250000000000000000e+01	1.919143400557679971e-02
2.510000000000000000e+14	1.250000000000000000e+01	2.479776634351908010e-02
3.160000000000000000e+14	1.250000000000000000e+01	3.084851800162033419e-02
3.980000000000000000e+14	1.250000000000000000e+01	3.629823118417356553e-02
5.010000000000000000e+14	1.250000000000000000e+01	4.024666816320003615e-02
6.310000000000000000e+14	1.250000000000000000e+01	4.227761359660566626e-02
7.940000000000000000e+14	1.250000000000000000e+01	4.035887912945513439e-02
1.000000000000000000e+15	1.250000000000000000e+01	3.347989171059041064e-02
1.260000000000000000e+15	1.250000000000000000e+01	2.621730274968610622e-02
1.580000000000000000e+15	1.250000000000000000e+01	1.996456419510753491e-02
2.000000000000000000e+15	1.250000000000000000e+01	1.145030566515167943e-02
2.510000000000000000e+15	1.250000000000000000e+01	1.858803382111909189e-03
3.160000000000000000e+15	1.250000000000000000e+01	-6.176403795789944806e-03
3.980000000000000000e+15	1.250000000000000000e+01	-1.282611223040797457e-02
5.010000000000000000e+15	1.250000000000000000e+01	-1.799620681315877366e-02
6.310000000000000000e+15	1.250000000000000000e+01	-2.174845953428288306e-02
7.940000000000000000e+15	1.250000000000000000e+01	-2.418727810510954562e-02
1.000000000000000000e+16	1.250000000000000000e+01	-2.550350854431127773e-02
1.260000000000000000e+16	1.250000000000000000e+01	-2.588064869848730187e-02
1.580000000000000000e+16	1.250000000000000000e+01	-2.554730840162466876e-02
2.000000000000000000e+16	1.250000000000000000e+01	-2.460562197337564164e-02
2.510000000000000000e+16	1.250000000000000000e+01	-2.333103464637607469e-02
3.160000000000000000e+16	1.250000000000000000e+01	-2.177607077114155493e-02
3.980000000000000000e+16	1.250000000000000000e+01	-2.006895784074824024e-02
5.010000000000000000e+16	1.250000000000000000e+01	-1.830424860730112818e-02
6.310000000000000000e+16	1.250000000000000000e+01	-1.653803224357509177e-02
7.940000000000000000e+16	1.250000000000000000e+01	-1.483204839679085410e-02
1.000000000000000000e+17	1.250000000000000000e+01	-1.320195869869625685e-02
1.000000000000000000e+11	1.400000000000000000e+01	1.166617009530013749e-05
1.258925411794166107e+11	1.400000000000000000e+01	1.470470076877744351e-05
1.584893192461110840e+11	1.400000000000000000e+01	1.854936373428037443e-05
1.995262314968882751e+11	1.400000000000000000e+01	2.342978201532920041e-05
2.511886431509582214e+11	1.400000000000000000e+01	2.965743067910806617e-05
3.162277660168379517e+11	1.400000000000000000e+01	3.767324084737685600e-05
3.981071705534969482e+11	1.400000000000000000e+01	4.811877723686846880e-05
5.011872336272714844e+11	1.400000000000000000e+01	6.193487522070173295e-05
6.309573444801943359e+11	1.400000000000000000e+01	8.028367327222394592e-05
7.943282347242821045e+11	1.400000000000000000e+01	1.005636372949135569e-04
1.000000000000000000e+12	1.400000000000000000e+01	1.144122694909590097e-04
1.260000000000000000e+12	1.400000000000000000e+01	1.267454034067517360e-04
1.580000000000000000e+12	1.400000000000000000e+01	1.503645839418155279e-04
2.000000000000000000e+12	1.400000000000000000e+01	1.850839384544436615e-04
2.510000000000000000e+12	1.400000000000000000e+01	2.266161236899329840e-04
3.160000000000000000e+12	1.400000000000000000e+01	2.808814295749060522e-04
3.980000000000000000e+12	1.400000000000000000e+01	3.516479437673031478e-04
5.010000000000000000e+12	1.400000000000000000e+01	4.430337043255447305e-04
6.310000000000000000e+12	1.400000000000000000e+01	5.567575822388707869e-04
7.940000000000000000e+12	1.400000000000000000e+01	6.986293774286582957e-04
1.000000000000000000e+13	1.400000000000000000e+01	8.806968033179534295e-04
1.260000000000000000e+13	1.400000000000000000e+01	1.110251217645913044e-03
1.580000000000000000e+13	1.400000000000000000e+01	1.390202527108715938e-03
2.000000000000000000e+13	1.400000000000000000e+01	1.762179473898591595e-03
2.510000000000000000e+13	1.400000000000000000e+01	2.217752183725567663e-03
3.160000000000000000e+13	1.400000000000000000e+01	2.796661162421512203e-03
3.980000000000000000e+13	1.400000000000000000e+01	3.526163673509461003e-03
5.010000000000000000e+13	1.400000000000000000e+01	4.432995774896604686e-03
6.310000000000000000e+13	1.400000000000000000e+01	5.544499187088346159e-03
7.940000000000000000e+13	1.400000000000000000e+01	6.923949810430710811e-03
1.000000000000000000e+14	1.400000000000000000e+01	8.706704984963987981e-03
1.260000000000000000e+14	1.400000000000000000e+01	1.106844233878270974e-02
1.580000000000000000e+14	1.400000000000000000e+01	1.418675811307925846e-02
2.000000000000000000e+14	1.400000000000000000e+01	1.854704427277072479e-02
2.510000000000000000e+14	1.400000000000000000e+01	2.383433971675604987e-02
3.160000000000000000e+14	1.400000000000000000e+01	2.977519840207249607e-02
3.980000000000000000e+14	1.400000000000000000e+01	3.521688272502985356e-02
5.010000000000000000e+14	1.400000000000000000e+01	3.892582276711568923e-02
6.310000000000000000e+14	1.400000000000000000e+01	3.942710058662226430e-02
7.940000000000000000e+14	1.400000000000000000e+01	3.623225709113192528e-02
1.000000000000000000e+15	1.400000000000000000e+01	3.160484575270963714e-02
1.260000000000000000e+15	1.400000000000000000e+01	2.635557519422581860e-02
1.580000000000000000e+15	1.400000000000000000e+01	1.776142446121138641e-02
2.000000000000000000e+15	1.400000000000000000e+01	8.077706672949221123e-03
2.510000000000000000e+15	1.400000000000000000e+01	6.124126846608667421e-04
3.160000000000000000e+15	1.400000000000000000e+01	-6.504063864921553681e-03
3.980000000000000000e+15	1.400000000000000000e+01	-1.250558693479267118e-02
5.010000000000000000e+15	1.400000000000000000e+01	-1.720017271738128600e-02
6.310000000000000000e+15	1.400000000000000000e+01	-2.060883502651802979e-02
7.940000000000000000e+15	1.400000000000000000e+01	-2.281682114356211807e-02
1.000000000000000000e+16	1.400000000000000000e+01	-2.399324138214539368e-02
1.260000000000000000e+16	1.400000000000000000e+01	-2.430495895627311775e-02
1.580000000000000000e+16	1.400000000000000000e+01	-2.396301766082036683e-02
2.000000000000000000e+16	1.400000000000000000e+01	-2.305886790890111435e-02
2.510000000000000000e+16	1.400000000000000000e+01	-2.185010949780537629e-02
3.160000000000000000e+16	1.400000000000000000e+01	-2.038381952229063876e-02
3.980000000000000000e+16	1.400000000000000000e+01	-1.877792909103255178e-02
5.010000000000000000e+16	1.400000000000000000e+01	-1.712117985601015191e-02
6.310000000000000000e+16	1.400000000000000000e+01	-1.546445505201370085e-02
7.940000000000000000e+16	1.400000000000000000e+01	-1.386672923845946523e-02
1.000000000000000000e+17	1.400000000000000000e+01	-1.234047364078053738e-02
1.000000000000000000e+11	1.600000000000000000e+01	1.063640167399453777e-05
1.258925411794166107e+11	1.600000000000000000e+01	1.340466221870990055e-05
1.584893192461110840e+11	1.600000000000000000e+01	1.690568908170818590e-05
1.995262314968882751e+11	1.600000000000000000e+01	2.134578808831746438e-05
2.511886431509582214e+11	1.600000000000000000e+01	2.700440362781461349e-05
3.162277660168379517e+11	1.600000000000000000e+01	3.427071459636550865e-05
3.981071705534969482e+11	1.600000000000000000e+01	4.369936471866525175e-05
5.011872336272714844e+11	1.600000000000000000e+01	5.605629170136664082e-05
6.309573444801943359e+11	1.600000000000000000e+01	7.204100789263838975e-05
7.943282347242821045e+11	1.600000000000000000e+01	8.594932813548412996e-05
1.000000000000000000e+12	1.600000000000000000e+01	9.879637674510965831e-05
1.260000000000000000e+12	1.600000000000000000e+01	1.195603049674696944e-04
1.580000000000000000e+12	1.600000000000000000e+01	1.453533359651291458e-04
2.000000000000000000e+12	1.600000000000000000e+01	1.802272126991359268e-04
2.510000000000000000e+12	1.600000000000000000e+01	2.254804761534291203e-04
3.160000000000000000e+12	1.600000000000000000e+01	2.834404788755389782e-04
3.980000000000000000e+12	1.600000000000000000e+01	3.555643641834949921e-04
5.010000000000000000e+12	1.600000000000000000e+01	4.452970077366480081e-04
6.310000000000000000e+12	1.600000000000000000e+01	5.605249600972936211e-04
7.940000000000000000e+12	1.600000000000000000e+01	7.049869408365451754e-04
1.000000000000000000e+13	1.600000000000000000e+01	8.864296034480300367e-04
1.260000000000000000e+13	1.600000000000000000e+01	1.116152981667438990e-03
1.580000000000000000e+13	1.600000000000000000e+01	1.399559106979937802e-03
2.000000000000000000e+13	1.600000000000000000e+01	1.772117494682916078e-03
2.510000000000000000e+13	1.600000000000000000e+01	2.226279817672004602e-03
3.160000000000000000e+13	1.600000000000000000e+01	2.807408034537815268e-03
3.980000000000000000e+13	1.600000000000000000e+01	3.539794092409581042e-03
5.010000000000000000e+13	1.600000000000000000e+01	4.438413113896572289e-03
6.310000000000000000e+13	1.600000000000000000e+01	5.564754268186875366e-03
7.940000000000000000e+13	1.600000000000000000e+01	6.987554933459260396e-03
1.000000000000000000e+14	1.600000000000000000e+01	8.774249455160093233e-03
1.260000000000000000e+14	1.600000000000000000e+01	1.113724228657821634e-02
1.580000000000000000e+14	1.600000000000000000e+01	1.429696471626583365e-02
2.000000000000000000e+14	1.600000000000000000e+01	1.872776705492648977e-02
2.510000000000000000e+14	1.600000000000000000e+01	2.411438435473890057e-02
3.160000000000000000e+14	1.600000000000000000e+01	2.993541735178133559e-02
3.980000000000000000e+14	1.600000000000000000e+01	3.516231159580507359e-02
5.010000000000000000e+14	1.600000000000000000e+01	3.861117964949695863e-02
6.310000000000000000e+14	1.600000000000000000e+01	4.040639824383648188e-02
7.940000000000000000e+14	1.600000000000000000e+01	3.913104149453729141e-02
1.000000000000000000e+15	1.600000000000000000e+01	3.359571294808673392e-02
1.260000000000000000e+15	1.600000000000000000e+01	2.568390706837429469e-02
1.580000000000000000e+15	1.600000000000000000e+01	1.846201833452439101e-02
2.000000000000000000e+15	1.600000000000000000e+01	1.089583254652841914e-02
2.510000000000000000e+15	1.600000000000000000e+01	1.678407537662539523e-03
3.160000000000000000e+15	1.600000000000000000e+01	-6.052313958723691718e-03
3.980000000000000000e+15	1.600000000000000000e+01	-1.245832176811280216e-02
5.010000000000000000e+15	1.600000000000000000e+01	-1.744219784780279975e-02
6.310000000000000000e+15	1.600000000000000000e+01	-2.105828820103222004e-02
7.940000000000000000e+15	1.600000000000000000e+01	-2.340816393430147913e-02
1.000000000000000000e+16	1.600000000000000000e+01	-2.467466933949848118e-02
1.260000000000000000e+16	1.600000000000000000e+01	-2.503472143348515339e-02
1.580000000000000000e+16	1.600000000000000000e+01	-2.470902828854817587e-02
2.000000000000000000e+16	1.600000000000000000e+01	-2.379590593043768784e-02
2.510000000000000000e+16	1.600000000000000000e+01	-2.256165459298370771e-02
3.160000000000000000e+16	1.600000000000000000e+01	-2.105682277305713501e-02
3.980000000000000000e+16	1.600000000000000000e+01	-1.940524223802901627e-02
5.010000000000000000e+16	1.600000000000000000e+01	-1.769823307835925036e-02
6.310000000000000000e+16	1.600000000000000000e+01	-1.599005598285610508e-02
7.940000000000000000e+16	1.600000000000000000e+01	-1.434027383633353428e-02
1.000000000000000000e+17	1.600000000000000000e+01	-1.276399259537321605e-02
1.000000000000000000e+11	1.800000000000000000e+01	1.016763296294775596e-05
1.258925411794166107e+11	1.800000000000000000e+01	1.281293103264642218e-05
1.584893192461110840e+11	1.800000000000000000e+01	1.615741197275617628e-05
1.995262314968882751e+11	1.800000000000000000e+01	2.039716299993288171e-05
2.511886431509582214e+11	1.800000000000000000e+01	2.579636033689932807e-05
3.162277660168379517e+11	1.800000000000000000e+01	3.272108400296430062e-05
3.981071705534969482e+11	1.800000000000000000e+01	4.168540794746587914e-05
5.011872336272714844e+11	1.800000000000000000e+01	5.337378248463604471e-05
6.309573444801943359e+11	1.800000000000000000e+01	6.826667065956352868e-05
7.943282347242821045e+11	1.800000000000000000e+01	7.913399442518717684e-05
1.000000000000000000e+12	1.800000000000000000e+01	9.193787839626774822e-05
1.260000000000000000e+12	1.800000000000000000e+01	1.164355652138848024e-04
1.580000000000000000e+12	1.800000000000000000e+01	1.444394673628886011e-04
2.000000000000000000e+12	1.800000000000000000e+01	1.801902736894381318e-04
2.510000000000000000e+12	1.800000000000000000e+01	2.253311717073569389e-04
3.160000000000000000e+12	1.800000000000000000e+01	2.820635297869015091e-04
3.980000000000000000e+12	1.800000000000000000e+01	3.527281328182383020e-04
5.010000000000000000e+12	1.800000000000000000e+01	4.427679458886229591e-04
6.310000000000000000e+12	1.800000000000000000e+01	5.571231418946403233e-04
7.940000000000000000e+12	1.800000000000000000e+01	7.021550411956322887e-04
1.000000000000000000e+13	1.800000000000000000e+01	8.841427476506469926e-04
1.260000000000000000e+13	1.800000000000000000e+01	1.111637935235032819e-03
1.580000000000000000e+13	1.800000000000000000e+01	1.394279257921950512e-03
2.000000000000000000e+13	1.800000000000000000e+01	1.766676444271494603e-03
2.510000000000000000e+13	1.800000000000000000e+01	2.220627519472755801e-03
3.160000000000000000e+13	1.800000000000000000e+01	2.800605607434366109e-03
3.980000000000000000e+13	1.800000000000000000e+01	3.528113109037960340e-03
5.010000000000000000e+13	1.800000000000000000e+01	4.439105968664132894e-03
6.310000000000000000e+13	1.800000000000000000e+01	5.556737817062450645e-03
7.940000000000000000e+13	1.800000000000000000e+01	6.933350237365090707e-03
1.000000000000000000e+14	1.800000000000000000e+01	8.735029954028137797e-03
1.260000000000000000e+14	1.800000000000000000e+01	1.113085195069589417e-02
1.580000000000000000e+14	1.800000000000000000e+01	1.430332466436408032e-02
2.000000000000000000e+14	1.800000000000000000e+01	1.878096298012623538e-02
2.510000000000000000e+14	1.800000000000000000e+01	2.413699087834321466e-02
3.160000000000000000e+14	1.800000000000000000e+01	3.008054600483670016e-02
3.980000000000000000e+14	1.800000000000000000e+01	3.559611693391516452e-02
5.010000000000000000e+14	1.800000000000000000e+01	3.948070006386547592e-02
6.310000000000000000e+14	1.800000000000000000e+01	4.010276049992167469e-02
7.940000000000000000e+14	1.800000000000000000e+01	3.759114123416092829e-02
1.000000000000000000e+15	1.800000000000000000e+01	3.272488571489273051e-02
1.260000000000000000e+15	1.800000000000000000e+01	2.528307186891141922e-02
1.580000000000000000e+15	1.800000000000000000e+01	1.620393473141649651e-02
2.000000000000000000e+15	1.800000000000000000e+01	7.418472076850514407e-03
2.510000000000000000e+15	1.800000000000000000e+01	1.796748757072102250e-04
3.160000000000000000e+15	1.800000000000000000e+01	-6.814215357082114080e-03
3.980000000000000000e+15	1.800000000000000000e+01	-1.273787573629830104e-02
5.010000000000000000e+15	1.800000000000000000e+01	-1.737830965974063863e-02
6.310000000000000000e+15	1.800000000000000000e+01	-2.074727574545105063e-02
7.940000000000000000e+15	1.800000000000000000e+01	-2.292503692359155673e-02
1.000000000000000000e+16	1.800000000000000000e+01	-2.407875791412549329e-02
1.260000000000000000e+16	1.800000000000000000e+01	-2.437247943322914251e-02
1.580000000000000000e+16	1.800000000000000000e+01	-2.401668819197727914e-02
2.000000000000000000e+16	1.800000000000000000e+01	-2.310118353423459836e-02
2.510000000000000000e+16	1.800000000000000000e+01	-2.188376824230142681e-02
3.160000000000000000e+16	1.800000000000000000e+01	-2.041013335126817818e-02
3.980000000000000000e+16	1.800000000000000000e+01	-1.879913225094869203e-02
5.010000000000000000e+16	1.800000000000000000e+01	-1.713800787259618305e-02
6.310000000000000000e+16	1.800000000000000000e+01	-1.547844288630600799e-02
7.940000000000000000e+16	1.800000000000000000e+01	-1.387734665211263520e-02
1.000000000000000000e+17	1.800000000000000000e+01	-1.234890457300112133e-02
1.000000000000000000e+11	2.000000000000000000e+01	9.751951040786381402e-06
1.258925411794166107e+11	2.000000000000000000e+01	1.228904849901790570e-05
1.584893192461110840e+11	2.000000000000000000e+01	1.549700940715454027e-05
1.995262314968882751e+11	2.000000000000000000e+01	1.956362074805123328e-05
2.511886431509582214e+11	2.000000000000000000e+01	2.474270250542695665e-05
3.162277660168379517e+11	2.000000000000000000e+01	3.138527057888220833e-05
3.981071705534969482e+11	2.000000000000000000e+01	3.998384320741441391e-05
5.011872336272714844e+11	2.000000000000000000e+01	5.118559532731673916e-05
6.309573444801943359e+11	2.000000000000000000e+01	6.539052494496366006e-05
7.943282347242821045e+11	2.000000000000000000e+01	7.485552436547503251e-05
1.000000000000000000e+12	2.000000000000000000e+01	8.758010431911005705e-05
1.260000000000000000e+12	2.000000000000000000e+01	1.108800949963257426e-04
1.580000000000000000e+12	2.000000000000000000e+01	1.381401634571848014e-04
2.000000000000000000e+12	2.000000000000000000e+01	1.748233664352726990e-04
2.510000000000000000e+12	2.000000000000000000e+01	2.170135275700762524e-04
3.160000000000000000e+12	2.000000000000000000e+01	2.735726771407601598e-04
3.980000000000000000e+12	2.000000000000000000e+01	3.452324205758364227e-04
5.010000000000000000e+12	2.000000000000000000e+01	4.333567606156786523e-04
6.310000000000000000e+12	2.000000000000000000e+01	5.462608499936808188e-04
7.940000000000000000e+12	2.000000000000000000e+01	6.876672092853116161e-04
1.000000000000000000e+13	2.000000000000000000e+01	8.655653378404153629e-04
1.260000000000000000e+13	2.000000000000000000e+01	1.088885786519095452e-03
1.580000000000000000e+13	2.000000000000000000e+01	1.364169896932609927e-03
2.000000000000000000e+13	2.000000000000000000e+01	1.727871521514296989e-03
2.510000000000000000e+13	2.000000000000000000e+01	2.170818705964353522e-03
3.160000000000000000e+13	2.000000000000000000e+01	2.738558125809353698e-03
3.980000000000000000e+13	2.000000000000000000e+01	3.450898769951252047e-03
5.010000000000000000e+13	2.000000000000000000e+01	4.329508280688616588e-03
6.310000000000000000e+13	2.000000000000000000e+01	5.432853805740446226e-03
7.940000000000000000e+13	2.000000000000000000e+01	6.809953804243635764e-03
1.000000000000000000e+14	2.000000000000000000e+01	8.555849357588537693e-03
1.260000000000000000e+14	2.000000000000000000e+01	1.090323114985781300e-02
1.580000000000000000e+14	2.000000000000000000e+01	1.403905288146310888e-02
2.000000000000000000e+14	2.000000000000000000e+01	1.835269764440722318e-02
2.510000000000000000e+14	2.000000000000000000e+01	2.365438963404156020e-02
3.160000000000000000e+14	2.000000000000000000e+01	2.951091287271127850e-02
3.980000000000000000e+14	2.000000000000000000e+01	3.436123362622215544e-02
5.010000000000000000e+14	2.000000000000000000e+01	3.783700058133566968e-02
6.310000000000000000e+14	2.000000000000000000e+01	3.920930291802660062e-02
7.940000000000000000e+14	2.000000000000000000e+01	3.778408894054367112e-02
1.000000000000000000e+15	2.000000000000000000e+01	3.371025058017873555e-02
1.260000000000000000e+15	2.000000000000000000e+01	2.724070448453717180e-02
1.580000000000000000e+15	2.000000000000000000e+01	2.033354167546850069e-02
2.000000000000000000e+15	2.000000000000000000e+01	1.177831900804988605e-02
2.510000000000000000e+15	2.000000000000000000e+01	2.279007029875832271e-03
3.160000000000000000e+15	2.000000000000000000e+01	-5.613394125655185758e-03
3.980000000000000000e+15	2.000000000000000000e+01	-1.212598660894797890e-02
5.010000000000000000e+15	2.000000000000000000e+01	-1.718484507367700614e-02
6.310000000000000000e+15	2.000000000000000000e+01	-2.085800584235244712e-02
7.940000000000000000e+15	2.000000000000000000e+01	-2.325066473294820288e-02
1.000000000000000000e+16	2.000000000000000000e+01	-2.455044383626286270e-02
1.260000000000000000e+16	2.000000000000000000e+01	-2.493652543484799894e-02
1.580000000000000000e+16	2.000000000000000000e+01	-2.463095790290739315e-02
2.000000000000000000e+16	2.000000000000000000e+01	-2.373431878234035647e-02
2.510000000000000000e+16	2.000000000000000000e+01	-2.251263660666940475e-02
3.160000000000000000e+16	2.000000000000000000e+01	-2.101789562619248847e-02
3.980000000000000000e+16	2.000000000000000000e+01	-1.937437536665337356e-02
5.010000000000000000e+16	2.000000000000000000e+01	-1.767372704530241825e-02
6.310000000000000000e+16	2.000000000000000000e+01	-1.597062648122384368e-02
7.940000000000000000e+16	2.000000000000000000e+01	-1.432479673052169250e-02
1.000000000000000000e+17	2.000000000000000000e+01	-1.275170801941572125e-02
1.000000000000000000e+11	2.200000000000000000e+01	9.693213806424915034e-06
1.258925411794166107e+11	2.200000000000000000e+01	1.221439560781136201e-05
1.584893192461110840e+11	2.200000000000000000e+01	1.540131855189761552e-05
1.995262314968882751e+11	2.200000000000000000e+01	1.944010188731202002e-05
2.511886431509582214e+11	2.200000000000000000e+01	2.458078683718012303e-05
3.162277660168379517e+11	2.200000000000000000e+01	3.116830661818094264e-05
3.981071705534969482e+11	2.200000000000000000e+01	3.968211150780875495e-05
5.011872336272714844e+11	2.200000000000000000e+01	5.074010129924970143e-05
6.309573444801943359e+11	2.200000000000000000e+01	6.465758620616463871e-05
7.943282347242821045e+11	2.200000000000000000e+01	7.314943883585934799e-05
1.000000000000000000e+12	2.200000000000000000e+01	8.536290762818716702e-05
1.260000000000000000e+12	2.200000000000000000e+01	1.110486007763346301e-04
1.580000000000000000e+12	2.200000000000000000e+01	1.397588259705288155e-04
2.000000000000000000e+12	2.200000000000000000e+01	1.771646538142543912e-04
2.510000000000000000e+12	2.200000000000000000e+01	2.230646334505384195e-04
3.160000000000000000e+12	2.200000000000000000e+01	2.803594869592538350e-04
3.980000000000000000e+12	2.200000000000000000e+01	3.515413905872860666e-04
5.010000000000000000e+12	2.200000000000000000e+01	4.426306821145134822e-04
6.310000000000000000e+12	2.200000000000000000e+01	5.573278701613397241e-04
7.940000000000000000e+12	2.200000000000000000e+01	6.990837241339094938e-04
1.000000000000000000e+13	2.200000000000000000e+01	8.791559611233416751e-04
1.260000000000000000e+13	2.200000000000000000e+01	1.108444648222252230e-03
1.580000000000000000e+13	2.200000000000000000e+01	1.389820943104028627e-03
2.000000000000000000e+13	2.200000000000000000e+01	1.760582166429123423e-03
2.510000000000000000e+13	2.200000000000000000e+01	2.213522092105811145e-03
3.160000000000000000e+13	2.200000000000000000e+01	2.790544650871975511e-03
3.980000000000000000e+13	2.200000000000000000e+01	3.518250434456565452e-03
5.010000000000000000e+13	2.200000000000000000e+01	4.418844055991508202e-03
6.310000000000000000e+13	2.200000000000000000e+01	5.521975807146129595e-03
7.940000000000000000e+13	2.200000000000000000e+01	6.908049442078290948e-03
1.000000000000000000e+14	2.200000000000000000e+01	8.718098986615165080e-03
1.260000000000000000e+14	2.200000000000000000e+01	1.111535278855247874e-02
1.580000000000000000e+14	2.200000000000000000e+01	1.428162656327308655e-02
2.000000000000000000e+14	2.200000000000000000e+01	1.889975175837857110e-02
2.510000000000000000e+14	2.200000000000000000e+01	2.432230644624615648e-02
3.160000000000000000e+14	2.200000000000000000e+01	3.030995479413971239e-02
3.980000000000000000e+14	2.200000000000000000e+01	3.648661679687688342e-02
5.010000000000000000e+14	2.200000000000000000e+01	3.973129123615917746e-02
6.310000000000000000e+14	2.200000000000000000e+01	3.940056887270185909e-02
7.940000000000000000e+14	2.200000000000000000e+01	3.736695305917017706e-02
1.000000000000000000e+15	2.200000000000000000e+01	3.259303479906330153e-02
1.260000000000000000e+15	2.200000000000000000e+01	2.519360098324311889e-02
1.580000000000000000e+15	2.200000000000000000e+01	1.613824926363395182e-02
2.000000000000000000e+15	2.200000000000000000e+01	7.369570523232927238e-03
2.510000000000000000e+15	2.200000000000000000e+01	1.422418762389598989e-04
3.160000000000000000e+15	2.200000000000000000e+01	-6.843554335716840568e-03
3.980000000000000000e+15	2.200000000000000000e+01	-1.276080242341865074e-02
5.010000000000000000e+15	2.200000000000000000e+01	-1.739644137815586980e-02
6.310000000000000000e+15	2.200000000000000000e+01	-2.076160271399887097e-02
7.940000000000000000e+15	2.200000000000000000e+01	-2.293675430967011958e-02
1.000000000000000000e+16	2.200000000000000000e+01	-2.408774555876112486e-02
1.260000000000000000e+16	2.200000000000000000e+01	-2.437968341461299593e-02
1.580000000000000000e+16	2.200000000000000000e+01	-2.402235487443907941e-02
2.000000000000000000e+16	2.200000000000000000e+01	-2.310566992043677076e-02
2.510000000000000000e+16	2.200000000000000000e+01	-2.188733974484890696e-02
3.160000000000000000e+16	2.200000000000000000e+01	-2.041298215270084468e-02
3.980000000000000000e+16	2.200000000000000000e+01	-1.880138495804649021e-02
5.010000000000000000e+16	2.200000000000000000e+01	-1.713980471883320977e-02
6.310000000000000000e+16	2.200000000000000000e+01	-1.547988555730507934e-02
7.940000000000000000e+16	2.200000000000000000e+01	-1.387847604305432123e-02
1.000000000000000000e+17	2.200000000000000000e+01	-1.234981362008495849e-02
1.000000000000000000e+11	2.400000000000000000e+01	9.367339153402018056e-06
1.258925411794166107e+11	2.400000000000000000e+01	1.180369516836856564e-05
1.584893192461110840e+11	2.400000000000000000e+01	1.488340909437381919e-05
1.995262314968882751e+11	2.400000000000000000e+01	1.878633040449190569e-05
2.511886431509582214e+11	2.400000000000000000e+01	2.375388482249761059e-05
3.162277660168379517e+11	2.400000000000000000e+01	3.011929834651564181e-05
3.981071705534969482e+11	2.400000000000000000e+01	3.834395300202321163e-05
5.011872336272714844e+11	2.400000000000000000e+01	4.902465891033562609e-05
6.309573444801943359e+11	2.400000000000000000e+01	6.236837798419743201e-05
7.943282347242821045e+11	2.400000000000000000e+01	6.961902928257526465e-05
1.000000000000000000e+12	2.400000000000000000e+01	8.156466298729850447e-05
1.260000000000000000e+12	2.400000000000000000e+01	1.087851373456750987e-04
1.580000000000000000e+12	2.400000000000000000e+01	1.370992286249563788e-04
2.000000000000000000e+12	2.400000000000000000e+01	1.723741800260124757e-04
2.510000000000000000e+12	2.400000000000000000e+01	2.159930780368265568e-04
3.160000000000000000e+12	2.400000000000000000e+01	2.718450654246449736e-04
3.980000000000000000e+12	2.400000000000000000e+01	3.429831630594377435e-04
5.010000000000000000e+12	2.400000000000000000e+01	4.312609304357040022e-04
6.310000000000000000e+12	2.400000000000000000e+01	5.417290097038212054e-04
7.940000000000000000e+12	2.400000000000000000e+01	6.826705741496898357e-04
1.000000000000000000e+13	2.400000000000000000e+01	8.595589698357317555e-04
1.260000000000000000e+13	2.400000000000000000e+01	1.080566040349976000e-03
1.580000000000000000e+13	2.400000000000000000e+01	1.355051169536513863e-03
2.000000000000000000e+13	2.400000000000000000e+01	1.716412508767895060e-03
2.510000000000000000e+13	2.400000000000000000e+01	2.156649362733711189e-03
3.160000000000000000e+13	2.400000000000000000e+01	2.718436263731330033e-03
3.980000000000000000e+13	2.400000000000000000e+01	3.422574644112888302e-03
5.010000000000000000e+13	2.400000000000000000e+01	4.300344843830719924e-03
6.310000000000000000e+13	2.400000000000000000e+01	5.407250081425006225e-03
7.940000000000000000e+13	2.400000000000000000e+01	6.776768962242707244e-03
1.000000000000000000e+14	2.400000000000000000e+01	8.523557604353335787e-03
1.260000000000000000e+14	2.400000000000000000e+01	1.087969161376536181e-02
1.580000000000000000e+14	2.400000000000000000e+01	1.403613532465460695e-02
2.000000000000000000e+14	2.400000000000000000e+01	1.838784884367785158e-02
2.510000000000000000e+14	2.400000000000000000e+01	2.369294535250993788e-02
3.160000000000000000e+14	2.400000000000000000e+01	2.955171718511238887e-02
3.980000000000000000e+14	2.400000000000000000e+01	3.453820136026684862e-02
5.010000000000000000e+14	2.400000000000000000e+01	3.897098430261987378e-02
6.310000000000000000e+14	2.400000000000000000e+01	3.955960147922046172e-02
7.940000000000000000e+14	2.400000000000000000e+01	3.716230597009326231e-02
1.000000000000000000e+15	2.400000000000000000e+01	3.167609466700783277e-02
1.260000000000000000e+15	2.400000000000000000e+01	2.558643402681819862e-02
1.580000000000000000e+15	2.400000000000000000e+01	1.785481530827997057e-02
2.000000000000000000e+15	2.400000000000000000e+01	9.362330016478336361e-03
2.510000000000000000e+15	2.400000000000000000e+01	1.146489975625277500e-03
3.160000000000000000e+15	2.400000000000000000e+01	-6.153766077361453798e-03
3.980000000000000000e+15	2.400000000000000000e+01	-1.225255204873840729e-02
5.010000000000000000e+15	2.400000000000000000e+01	-1.700927282002248631e-02
6.310000000000000000e+15	2.400000000000000000e+01	-2.046195796054067761e-02
7.940000000000000000e+15	2.400000000000000000e+01	-2.270187022049402828e-02
1.000000000000000000e+16	2.400000000000000000e+01	-2.390329207321995053e-02
1.260000000000000000e+16	2.400000000000000000e+01	-2.423406336668074146e-02
1.580000000000000000e+16	2.400000000000000000e+01	-2.390673815210482903e-02
2.000000000000000000e+16	2.400000000000000000e+01	-2.301452555821016654e-02
2.510000000000000000e+16	2.400000000000000000e+01	-2.181482488913051229e-02
3.160000000000000000e+16	2.400000000000000000e+01	-2.035544526799517445e-02
3.980000000000000000e+16	2.400000000000000000e+01	-1.875570062555500725e-02
5.010000000000000000e+16	2.400000000000000000e+01	-1.710376782849806071e-02
6.310000000000000000e+16	2.400000000000000000e+01	-1.545104049427193857e-02
7.940000000000000000e+16	2.400000000000000000e+01	-1.385563644186306453e-02
1.000000000000000000e+17	2.400000000000000000e+01	-1.233164932060378145e-02
1.000000000000000000e+11	2.600000000000000000e+01	9.465832924701691906e-06
1.258925411794166107e+11	2.600000000000000000e+01	1.192771231372332489e-05
1.584893192461110840e+11	2.600000000000000000e+01	1.391923330926523999e-05
1.995262314968882751e+11	2.600000000000000000e+01	1.898207936077299422e-05
2.511886431509582214e+11	2.600000000000000000e+01	2.399949278004768880e-05
3.162277660168379517e+11	2.600000000000000000e+01	3.042677342102661107e-05
3.981071705534969482e+11	2.600000000000000000e+01	3.872724609338886880e-05
5.011872336272714844e+11	2.600000000000000000e+01	4.950810115094090251e-05
6.309573444801943359e+11	2.600000000000000000e+01	6.294818719803645817e-05
7.943282347242821045e+11	2.600000000000000000e+01	7.030716421009733212e-05
1.000000000000000000e+12	2.600000000000000000e+01	8.234690233516698133e-05
1.260000000000000000e+12	2.600000000000000000e+01	1.090733466088194360e-04
1.580000000000000000e+12	2.600000000000000000e+01	1.381220486250981597e-04
2.000000000000000000e+12	2.600000000000000000e+01	1.761907197498371012e-04
2.510000000000000000e+12	2.600000000000000000e+01	2.209985968019850561e-04
3.160000000000000000e+12	2.600000000000000000e+01	2.767355907250099905e-04
3.980000000000000000e+12	2.600000000000000000e+01	3.481605382950733111e-04
5.010000000000000000e+12	2.600000000000000000e+01	4.387270926218997088e-04
6.310000000000000000e+12	2.600000000000000000e+01	5.521001969236019125e-04
7.940000000000000000e+12	2.600000000000000000e+01	6.939006879100434975e-04
1.000000000000000000e+13	2.600000000000000000e+01	8.738629585943817049e-04
1.260000000000000000e+13	2.600000000000000000e+01	1.100122081722319702e-03
1.580000000000000000e+13	2.600000000000000000e+01	1.379686684790385831e-03
2.000000000000000000e+13	2.600000000000000000e+01	1.749711264031676662e-03
2.510000000000000000e+13	2.600000000000000000e+01	2.198129738012926000e-03
3.160000000000000000e+13	2.600000000000000000e+01	2.769874553494274579e-03
3.980000000000000000e+13	2.600000000000000000e+01	3.489970431207211655e-03
5.010000000000000000e+13	2.600000000000000000e+01	4.386918490715264497e-03
6.310000000000000000e+13	2.600000000000000000e+01	5.487825189217507109e-03
7.940000000000000000e+13	2.600000000000000000e+01	6.875979408053009730e-03
1.000000000000000000e+14	2.600000000000000000e+01	8.698105523743037901e-03
1.260000000000000000e+14	2.600000000000000000e+01	1.109889278518379034e-02
1.580000000000000000e+14	2.600000000000000000e+01	1.426858303120588645e-02
2.000000000000000000e+14	2.600000000000000000e+01	1.880892014622555578e-02
2.510000000000000000e+14	2.600000000000000000e+01	2.427291858672130098e-02
3.160000000000000000e+14	2.600000000000000000e+01	3.027745069998149727e-02
3.980000000000000000e+14	2.600000000000000000e+01	3.577710914877752640e-02
5.010000000000000000e+14	2.600000000000000000e+01	4.005557646192416110e-02
6.310000000000000000e+14	2.600000000000000000e+01	4.106007184243933017e-02
7.940000000000000000e+14	2.600000000000000000e+01	3.843449664887428618e-02
1.000000000000000000e+15	2.600000000000000000e+01	3.371799627717522035e-02
1.260000000000000000e+15	2.600000000000000000e+01	2.659861201175898332e-02
1.580000000000000000e+15	2.600000000000000000e+01	1.848071993202791974e-02
2.000000000000000000e+15	2.600000000000000000e+01	9.699171616113383756e-03
2.510000000000000000e+15	2.600000000000000000e+01	1.213154510631443521e-03
3.160000000000000000e+15	2.600000000000000000e+01	-6.348422620125611718e-03
3.980000000000000000e+15	2.600000000000000000e+01	-1.266853147967607340e-02
5.010000000000000000e+15	2.600000000000000000e+01	-1.759892149547000184e-02
6.310000000000000000e+15	2.600000000000000000e+01	-2.117828128368398274e-02
7.940000000000000000e+15	2.600000000000000000e+01	-2.350088714174101978e-02
1.000000000000000000e+16	2.600000000000000000e+01	-2.474767724782390640e-02
1.260000000000000000e+16	2.600000000000000000e+01	-2.509216090907469623e-02
1.580000000000000000e+16	2.600000000000000000e+01	-2.475461223030659200e-02
2.000000000000000000e+16	2.600000000000000000e+01	-2.383177957760767782e-02
2.510000000000000000e+16	2.600000000000000000e+01	-2.259013569622080747e-02
3.160000000000000000e+16	2.600000000000000000e+01	-2.107945454410682651e-02
3.980000000000000000e+16	2.600000000000000000e+01	-1.942321553561148287e-02
5.010000000000000000e+16	2.600000000000000000e+01	-1.771266215840693742e-02
6.310000000000000000e+16	2.600000000000000000e+01	-1.600137649811147339e-02
7.940000000000000000e+16	2.600000000000000000e+01	-1.434927474879820267e-02
1.000000000000000000e+17	2.600000000000000000e+01	-1.277112520858784614e-02
1.000000000000000000e+11	2.800000000000000000e+01	9.277854689770235853e-06
1.258925411794166107e+11	2.800000000000000000e+01	1.169090395901909532e-05
1.584893192461110840e+11	2.800000000000000000e+01	1.474111651297615545e-05
1.995262314968882751e+11	2.800000000000000000e+01	1.860655950241918530e-05
2.511886431509582214e+11	2.800000000000000000e+01	2.352650608612895508e-05
3.162277660168379517e+11	2.800000000000000000e+01	2.983073802701972707e-05
3.981071705534969482e+11	2.800000000000000000e+01	3.797585639885635251e-05
5.011872336272714844e+11	2.800000000000000000e+01	4.855700919454940121e-05
6.309573444801943359e+11	2.800000000000000000e+01	6.175013581851593574e-05
7.943282347242821045e+11	2.800000000000000000e+01	6.878676007092823579e-05
1.000000000000000000e+12	2.800000000000000000e+01	8.041696629969532681e-05
1.260000000000000000e+12	2.800000000000000000e+01	1.065934773006363390e-04
1.580000000000000000e+12	2.800000000000000000e+01	1.348876943080542850e-04
2.000000000000000000e+12	2.800000000000000000e+01	1.714072101388851277e-04
2.510000000000000000e+12	2.800000000000000000e+01	2.155578963948427218e-04
3.160000000000000000e+12	2.800000000000000000e+01	2.718191029025470730e-04
3.980000000000000000e+12	2.800000000000000000e+01	3.433415991476583985e-04
5.010000000000000000e+12	2.800000000000000000e+01	4.320482742678361790e-04
6.310000000000000000e+12	2.800000000000000000e+01	5.434149105859467990e-04
7.940000000000000000e+12	2.800000000000000000e+01	6.831199031206326841e-04
1.000000000000000000e+13	2.800000000000000000e+01	8.602023940021087320e-04
1.260000000000000000e+13	2.800000000000000000e+01	1.083684364565914255e-03
1.580000000000000000e+13	2.800000000000000000e+01	1.358083937594305093e-03
2.000000000000000000e+13	2.800000000000000000e+01	1.719757853208533048e-03
2.510000000000000000e+13	2.800000000000000000e+01	2.160320938849858395e-03
3.160000000000000000e+13	2.800000000000000000e+01	2.722288564884635387e-03
3.980000000000000000e+13	2.800000000000000000e+01	3.432825765517811493e-03
5.010000000000000000e+13	2.800000000000000000e+01	4.310485847780705197e-03
6.310000000000000000e+13	2.800000000000000000e+01	5.417018771498759849e-03
7.940000000000000000e+13	2.800000000000000000e+01	6.797828198794446733e-03
1.000000000000000000e+14	2.800000000000000000e+01	8.562293337019995579e-03
1.260000000000000000e+14	2.800000000000000000e+01	1.094754145340198076e-02
1.580000000000000000e+14	2.800000000000000000e+01	1.415723625907267316e-02
2.000000000000000000e+14	2.800000000000000000e+01	1.854622561238358086e-02
2.510000000000000000e+14	2.800000000000000000e+01	2.385115111509827912e-02
3.160000000000000000e+14	2.800000000000000000e+01	2.968968085814462435e-02
3.980000000000000000e+14	2.800000000000000000e+01	3.484504891127526705e-02
5.010000000000000000e+14	2.800000000000000000e+01	3.842669360381396199e-02
6.310000000000000000e+14	2.800000000000000000e+01	4.025328639887693766e-02
7.940000000000000000e+14	2.800000000000000000e+01	3.864959855498133201e-02
1.000000000000000000e+15	2.800000000000000000e+01	3.284636543729028968e-02
1.260000000000000000e+15	2.800000000000000000e+01	2.454632661199653010e-02
1.580000000000000000e+15	2.800000000000000000e+01	1.632034424583779508e-02
2.000000000000000000e+15	2.800000000000000000e+01	8.719786128614325990e-03
2.510000000000000000e+15	2.800000000000000000e+01	7.265951834321129421e-04
3.160000000000000000e+15	2.800000000000000000e+01	-6.453965046234469254e-03
3.980000000000000000e+15	2.800000000000000000e+01	-1.247695165086008112e-02
5.010000000000000000e+15	2.800000000000000000e+01	-1.718139870098492339e-02
6.310000000000000000e+15	2.800000000000000000e+01	-2.059556935403768566e-02
7.940000000000000000e+15	2.800000000000000000e+01	-2.280699262841916208e-02
1.000000000000000000e+16	2.800000000000000000e+01	-2.398577416901432474e-02
1.260000000000000000e+16	2.800000000000000000e+01	-2.429919310363242574e-02
1.580000000000000000e+16	2.800000000000000000e+01	-2.395849034483135340e-02
2.000000000000000000e+16	2.800000000000000000e+01	-2.305532792416734034e-02
2.510000000000000000e+16	2.800000000000000000e+01	-2.184729613652169194e-02
3.160000000000000000e+16	2.800000000000000000e+01	-2.038121174813646921e-02
3.980000000000000000e+16	2.800000000000000000e+01	-1.877615883347885303e-02
5.010000000000000000e+16	2.800000000000000000e+01	-1.711980389013189816e-02
6.310000000000000000e+16	2.800000000000000000e+01	-1.546392573159067162e-02
7.940000000000000000e+16	2.800000000000000000e+01	-1.386589181992669423e-02
1.000000000000000000e+17	2.800000000000000000e+01	-1.233980301820662186e-02
