1.000000000000000000e+11	5.000000000000000000e-01	2.271372050832661354e-05
1.258925411794166107e+11	5.000000000000000000e-01	2.862072438168815464e-05
1.584893192461110840e+11	5.000000000000000000e-01	3.608521527394148594e-05
1.995262314968882751e+11	5.000000000000000000e-01	4.553921459196745840e-05
2.511886431509582214e+11	5.000000000000000000e-01	5.756013704063854617e-05
3.162277660168379517e+11	5.000000000000000000e-01	7.294378003501370922e-05
3.981071705534969482e+11	5.000000000000000000e-01	9.283112379779222766e-05
5.011872336272714844e+11	5.000000000000000000e-01	1.189392426083862690e-04
6.309573444801943359e+11	5.000000000000000000e-01	1.539418095911558018e-04
7.943282347242821045e+11	5.000000000000000000e-01	2.027004982204098004e-04
1.000000000000000000e+12	5.000000000000000000e-01	2.365414336775150935e-04
1.260000000000000000e+12	5.000000000000000000e-01	2.581828628600132871e-04
1.580000000000000000e+12	5.000000000000000000e-01	3.017494683488032353e-04
2.000000000000000000e+12	5.000000000000000000e-01	3.692941580934516787e-04
2.510000000000000000e+12	5.000000000000000000e-01	4.519327014514098106e-04
3.160000000000000000e+12	5.000000000000000000e-01	5.590083817155979849e-04
3.980000000000000000e+12	5.000000000000000000e-01	6.958374002343264064e-04
5.010000000000000000e+12	5.000000000000000000e-01	8.693314831563559494e-04
6.310000000000000000e+12	5.000000000000000000e-01	1.091007268826494877e-03
7.940000000000000000e+12	5.000000000000000000e-01	1.375862128341758710e-03
1.000000000000000000e+13	5.000000000000000000e-01	1.746636680793788293e-03
1.260000000000000000e+13	5.000000000000000000e-01	2.221832244545574302e-03
1.580000000000000000e+13	5.000000000000000000e-01	2.806213244838404869e-03
2.000000000000000000e+13	5.000000000000000000e-01	3.572851381589047838e-03
2.510000000000000000e+13	5.000000000000000000e-01	4.475243918194205840e-03
3.160000000000000000e+13	5.000000000000000000e-01	5.486346681751329453e-03
3.980000000000000000e+13	5.000000000000000000e-01	6.486537174963215475e-03
5.010000000000000000e+13	5.000000000000000000e-01	7.364476716575153389e-03
6.310000000000000000e+13	5.000000000000000000e-01	8.111031225016182220e-03
7.940000000000000000e+13	5.000000000000000000e-01	8.871237419142159047e-03
1.000000000000000000e+14	5.000000000000000000e-01	9.902583376523535832e-03
1.260000000000000000e+14	5.000000000000000000e-01	1.152122013798318606e-02
1.580000000000000000e+14	5.000000000000000000e-01	1.400696614179400799e-02
2.000000000000000000e+14	5.000000000000000000e-01	1.785744960929073338e-02
2.510000000000000000e+14	5.000000000000000000e-01	2.280037962245562086e-02
3.160000000000000000e+14	5.000000000000000000e-01	2.844321961978266144e-02
3.980000000000000000e+14	5.000000000000000000e-01	3.367252649608292597e-02
5.010000000000000000e+14	5.000000000000000000e-01	3.722131820165350269e-02
6.310000000000000000e+14	5.000000000000000000e-01	3.817034681650437883e-02
7.940000000000000000e+14	5.000000000000000000e-01	3.612551767549894433e-02
1.000000000000000000e+15	5.000000000000000000e-01	3.134718896014027090e-02
1.260000000000000000e+15	5.000000000000000000e-01	2.470372392347876950e-02
1.580000000000000000e+15	5.000000000000000000e-01	1.687315217701636574e-02
2.000000000000000000e+15	5.000000000000000000e-01	8.349879859048179101e-03
2.510000000000000000e+15	5.000000000000000000e-01	2.742305561710989032e-04
3.160000000000000000e+15	5.000000000000000000e-01	-7.063890940694318200e-03
3.980000000000000000e+15	5.000000000000000000e-01	-1.322460984266510438e-02
5.010000000000000000e+15	5.000000000000000000e-01	-1.803547073737683457e-02
6.310000000000000000e+15	5.000000000000000000e-01	-2.152229934033183037e-02
7.940000000000000000e+15	5.000000000000000000e-01	-2.377321554896755923e-02
1.000000000000000000e+16	5.000000000000000000e-01	-2.496323362145506583e-02
1.260000000000000000e+16	5.000000000000000000e-01	-2.526293099941817263e-02
1.580000000000000000e+16	5.000000000000000000e-01	-2.489065087733420209e-02
2.000000000000000000e+16	5.000000000000000000e-01	-2.393918710272861447e-02
2.510000000000000000e+16	5.000000000000000000e-01	-2.267572337848349634e-02
3.160000000000000000e+16	5.000000000000000000e-01	-2.114779649080394605e-02
3.980000000000000000e+16	5.000000000000000000e-01	-1.947706383857329346e-02
5.010000000000000000e+16	5.000000000000000000e-01	-1.775558561982576097e-02
6.310000000000000000e+16	5.000000000000000000e-01	-1.603539222079869431e-02
7.940000000000000000e+16	5.000000000000000000e-01	-1.437628544235369614e-02
1.000000000000000000e+17	5.000000000000000000e-01	-1.279258713832199558e-02
1.000000000000000000e+11	1.500000000000000000e+00	2.012008483766583377e-05
1.258925411794166107e+11	1.500000000000000000e+00	2.535279321386977452e-05
1.584893192461110840e+11	1.500000000000000000e+00	3.196442712958381889e-05
1.995262314968882751e+11	1.500000000000000000e+00	4.034165962699851570e-05
2.511886431509582214e+11	1.500000000000000000e+00	5.099354841440905024e-05
3.162277660168379517e+11	1.500000000000000000e+00	6.462808082341693421e-05
3.981071705534969482e+11	1.500000000000000000e+00	8.225718851761220122e-05
5.011872336272714844e+11	1.500000000000000000e+00	1.053833474441873299e-04
6.309573444801943359e+11	1.500000000000000000e+00	1.362269610059177265e-04
7.943282347242821045e+11	1.500000000000000000e+00	1.771480010867319062e-04
1.000000000000000000e+12	1.500000000000000000e+00	2.066964156261354515e-04
1.260000000000000000e+12	1.500000000000000000e+00	2.287324639293590860e-04
1.580000000000000000e+12	1.500000000000000000e+00	2.703583838540150907e-04
2.000000000000000000e+12	1.500000000000000000e+00	3.297493796350594491e-04
2.510000000000000000e+12	1.500000000000000000e+00	4.044860282544134196e-04
3.160000000000000000e+12	1.500000000000000000e+00	5.016616461893629031e-04
3.980000000000000000e+12	1.500000000000000000e+00	6.252910270921822715e-04
5.010000000000000000e+12	1.500000000000000000e+00	7.820477872552272780e-04
6.310000000000000000e+12	1.500000000000000000e+00	9.824757891967912660e-04
7.940000000000000000e+12	1.500000000000000000e+00	1.239838107693154142e-03
1.000000000000000000e+13	1.500000000000000000e+00	1.573983826559007156e-03
1.260000000000000000e+13	1.500000000000000000e+00	2.000755641486570788e-03
1.580000000000000000e+13	1.500000000000000000e+00	2.528713891689671894e-03
2.000000000000000000e+13	1.500000000000000000e+00	3.222038275065017623e-03
2.510000000000000000e+13	1.500000000000000000e+00	4.034688224274565749e-03
3.160000000000000000e+13	1.500000000000000000e+00	4.962716432503144239e-03
3.980000000000000000e+13	1.500000000000000000e+00	5.908766547580187982e-03
5.010000000000000000e+13	1.500000000000000000e+00	6.773675600610358158e-03
6.310000000000000000e+13	1.500000000000000000e+00	7.587787348980638141e-03
7.940000000000000000e+13	1.500000000000000000e+00	8.447947948403221330e-03
1.000000000000000000e+14	1.500000000000000000e+00	9.573877818038529011e-03
1.260000000000000000e+14	1.500000000000000000e+00	1.130220699546617170e-02
1.580000000000000000e+14	1.500000000000000000e+00	1.390645171395519207e-02
2.000000000000000000e+14	1.500000000000000000e+00	1.791181229267620190e-02
2.510000000000000000e+14	1.500000000000000000e+00	2.297434001749223617e-02
3.160000000000000000e+14	1.500000000000000000e+00	2.865676362242479056e-02
3.980000000000000000e+14	1.500000000000000000e+00	3.389755256439976744e-02
5.010000000000000000e+14	1.500000000000000000e+00	3.753743889976350612e-02
6.310000000000000000e+14	1.500000000000000000e+00	3.844418418310000668e-02
7.940000000000000000e+14	1.500000000000000000e+00	3.635499956392784782e-02
1.000000000000000000e+15	1.500000000000000000e+00	3.173114166772704470e-02
1.260000000000000000e+15	1.500000000000000000e+00	2.467452099960653136e-02
1.580000000000000000e+15	1.500000000000000000e+00	1.676783730589301649e-02
2.000000000000000000e+15	1.500000000000000000e+00	8.632443779312416743e-03
2.510000000000000000e+15	1.500000000000000000e+00	4.517782170086975888e-04
3.160000000000000000e+15	1.500000000000000000e+00	-6.884379004173933267e-03
3.980000000000000000e+15	1.500000000000000000e+00	-1.303356879552136291e-02
5.010000000000000000e+15	1.500000000000000000e+00	-1.783339748901140512e-02
6.310000000000000000e+15	1.500000000000000000e+00	-2.131290137748432373e-02
7.940000000000000000e+15	1.500000000000000000e+00	-2.356114367962804795e-02
1.000000000000000000e+16	1.500000000000000000e+00	-2.475301047644284935e-02
1.260000000000000000e+16	1.500000000000000000e+00	-2.505859358826754285e-02
1.580000000000000000e+16	1.500000000000000000e+00	-2.469500200133471421e-02
2.000000000000000000e+16	1.500000000000000000e+00	-2.375515945156809680e-02
2.510000000000000000e+16	1.500000000000000000e+00	-2.250426134701164621e-02
3.160000000000000000e+16	1.500000000000000000e+00	-2.098955987129019762e-02
3.980000000000000000e+16	1.500000000000000000e+00	-1.933325905436476463e-02
5.010000000000000000e+16	1.500000000000000000e+00	-1.762535201543477537e-02
6.310000000000000000e+16	1.500000000000000000e+00	-1.593340573700359475e-02
7.940000000000000000e+16	1.500000000000000000e+00	-1.427236363998458588e-02
1.000000000000000000e+17	1.500000000000000000e+00	-1.270058293517481972e-02
1.000000000000000000e+11	2.500000000000000000e+00	1.798136265069961041e-05
1.258925411794166107e+11	2.500000000000000000e+00	2.265795966097974474e-05
1.584893192461110840e+11	2.500000000000000000e+00	2.856827470855566873e-05
1.995262314968882751e+11	2.500000000000000000e+00	3.605495321308798128e-05
2.511886431509582214e+11	2.500000000000000000e+00	4.557733742457346508e-05
3.162277660168379517e+11	2.500000000000000000e+00	5.776842205833154146e-05
3.981071705534969482e+11	2.500000000000000000e+00	7.353240354416512505e-05
5.011872336272714844e+11	2.500000000000000000e+00	9.419306126429680159e-05
6.309573444801943359e+11	2.500000000000000000e+00	1.215919160265908384e-04
7.943282347242821045e+11	2.500000000000000000e+00	1.560041323911318361e-04
1.000000000000000000e+12	2.500000000000000000e+00	1.818422016564125545e-04
1.260000000000000000e+12	2.500000000000000000e+00	2.042739472367268415e-04
1.580000000000000000e+12	2.500000000000000000e+00	2.432124479297718890e-04
2.000000000000000000e+12	2.500000000000000000e+00	2.980743766788249648e-04
2.510000000000000000e+12	2.500000000000000000e+00	3.663022713942155765e-04
3.160000000000000000e+12	2.500000000000000000e+00	4.549545054712397698e-04
3.980000000000000000e+12	2.500000000000000000e+00	5.684393266295572874e-04
5.010000000000000000e+12	2.500000000000000000e+00	7.117396954416578981e-04
6.310000000000000000e+12	2.500000000000000000e+00	8.945548570335704009e-04
7.940000000000000000e+12	2.500000000000000000e+00	1.128904619415918098e-03
1.000000000000000000e+13	2.500000000000000000e+00	1.432763750157374245e-03
1.260000000000000000e+13	2.500000000000000000e+00	1.822225813043009020e-03
1.580000000000000000e+13	2.500000000000000000e+00	2.298823269318849526e-03
2.000000000000000000e+13	2.500000000000000000e+00	2.924291515362377643e-03
2.510000000000000000e+13	2.500000000000000000e+00	3.668526588198209835e-03
3.160000000000000000e+13	2.500000000000000000e+00	4.523109980328170188e-03
3.980000000000000000e+13	2.500000000000000000e+00	5.416614668212821164e-03
5.010000000000000000e+13	2.500000000000000000e+00	6.292680202862529007e-03
6.310000000000000000e+13	2.500000000000000000e+00	7.140911060942593640e-03
7.940000000000000000e+13	2.500000000000000000e+00	8.087693594710768444e-03
1.000000000000000000e+14	2.500000000000000000e+00	9.358152009372195518e-03
1.260000000000000000e+14	2.500000000000000000e+00	1.122188263114507617e-02
1.580000000000000000e+14	2.500000000000000000e+00	1.399293928539183975e-02
2.000000000000000000e+14	2.500000000000000000e+00	1.810482608171380681e-02
2.510000000000000000e+14	2.500000000000000000e+00	2.321102570068443380e-02
3.160000000000000000e+14	2.500000000000000000e+00	2.905071159038897372e-02
3.980000000000000000e+14	2.500000000000000000e+00	3.429265638895673263e-02
5.010000000000000000e+14	2.500000000000000000e+00	3.775959919075481258e-02
6.310000000000000000e+14	2.500000000000000000e+00	3.874961119956914224e-02
7.940000000000000000e+14	2.500000000000000000e+00	3.672347051280398095e-02
1.000000000000000000e+15	2.500000000000000000e+00	3.180132811593386344e-02
1.260000000000000000e+15	2.500000000000000000e+00	2.487527072170704276e-02
1.580000000000000000e+15	2.500000000000000000e+00	1.676288736940413637e-02
2.000000000000000000e+15	2.500000000000000000e+00	8.183265618373439590e-03
2.510000000000000000e+15	2.500000000000000000e+00	3.321890269076506821e-04
3.160000000000000000e+15	2.500000000000000000e+00	-6.900261098440061205e-03
3.980000000000000000e+15	2.500000000000000000e+00	-1.298370365695717017e-02
5.010000000000000000e+15	2.500000000000000000e+00	-1.773778438157845236e-02
6.310000000000000000e+15	2.500000000000000000e+00	-2.118550312172593278e-02
7.940000000000000000e+15	2.500000000000000000e+00	-2.341341995586847594e-02
1.000000000000000000e+16	2.500000000000000000e+00	-2.459303798096496713e-02
1.260000000000000000e+16	2.500000000000000000e+00	-2.489383169069300100e-02
1.580000000000000000e+16	2.500000000000000000e+00	-2.453080119081559735e-02
2.000000000000000000e+16	2.500000000000000000e+00	-2.359590193112161283e-02
2.510000000000000000e+16	2.500000000000000000e+00	-2.235251790386132142e-02
3.160000000000000000e+16	2.500000000000000000e+00	-2.084737998968042710e-02
3.980000000000000000e+16	2.500000000000000000e+00	-1.920188118041828151e-02
5.010000000000000000e+16	2.500000000000000000e+00	-1.750534592330026118e-02
6.310000000000000000e+16	2.500000000000000000e+00	-1.581007328476402921e-02
7.940000000000000000e+16	2.500000000000000000e+00	-1.417468772564395990e-02
1.000000000000000000e+17	2.500000000000000000e+00	-1.261350585757648086e-02
1.000000000000000000e+11	4.000000000000000000e+00	1.568331008512192224e-05
1.258925411794166107e+11	4.000000000000000000e+00	1.976196115105516139e-05
1.584893192461110840e+11	4.000000000000000000e+00	2.491649234958982239e-05
1.995262314968882751e+11	4.000000000000000000e+00	3.144594601317591843e-05
2.511886431509582214e+11	4.000000000000000000e+00	3.974992773689748580e-05
3.162277660168379517e+11	4.000000000000000000e+00	5.038016938035310213e-05
3.981071705534969482e+11	4.000000000000000000e+00	6.411821571388192243e-05
5.011872336272714844e+11	4.000000000000000000e+00	8.208157001027712688e-05
6.309573444801943359e+11	4.000000000000000000e+00	1.056489881709574846e-04
7.943282347242821045e+11	4.000000000000000000e+00	1.324263550997165269e-04
1.000000000000000000e+12	4.000000000000000000e+00	1.547779810967065469e-04
1.260000000000000000e+12	4.000000000000000000e+00	1.790751963790238575e-04
1.580000000000000000e+12	4.000000000000000000e+00	2.153249775651827473e-04
2.000000000000000000e+12	4.000000000000000000e+00	2.656462439091354807e-04
2.510000000000000000e+12	4.000000000000000000e+00	3.283128855624469779e-04
3.160000000000000000e+12	4.000000000000000000e+00	4.090810395247850787e-04
3.980000000000000000e+12	4.000000000000000000e+00	5.116993737275662632e-04
5.010000000000000000e+12	4.000000000000000000e+00	6.417692474983066131e-04
6.310000000000000000e+12	4.000000000000000000e+00	8.077204994513763597e-04
7.940000000000000000e+12	4.000000000000000000e+00	1.019734757797160747e-03
1.000000000000000000e+13	4.000000000000000000e+00	1.293549415694971458e-03
1.260000000000000000e+13	4.000000000000000000e+00	1.642350055575119479e-03
1.580000000000000000e+13	4.000000000000000000e+00	2.074198584417694547e-03
2.000000000000000000e+13	4.000000000000000000e+00	2.639594058766344536e-03
2.510000000000000000e+13	4.000000000000000000e+00	3.308233695752587321e-03
3.160000000000000000e+13	4.000000000000000000e+00	4.088297449348109354e-03
3.980000000000000000e+13	4.000000000000000000e+00	4.925719487588711004e-03
5.010000000000000000e+13	4.000000000000000000e+00	5.767225513786442166e-03
6.310000000000000000e+13	4.000000000000000000e+00	6.652543522467766444e-03
7.940000000000000000e+13	4.000000000000000000e+00	7.698546093918726650e-03
1.000000000000000000e+14	4.000000000000000000e+00	9.088287659049936601e-03
1.260000000000000000e+14	4.000000000000000000e+00	1.107879959237762120e-02
1.580000000000000000e+14	4.000000000000000000e+00	1.391732661633507222e-02
2.000000000000000000e+14	4.000000000000000000e+00	1.811254328276401190e-02
2.510000000000000000e+14	4.000000000000000000e+00	2.329849335595042190e-02
3.160000000000000000e+14	4.000000000000000000e+00	2.909969032483581200e-02
3.980000000000000000e+14	4.000000000000000000e+00	3.453783171288300063e-02
5.010000000000000000e+14	4.000000000000000000e+00	3.808794216835476726e-02
6.310000000000000000e+14	4.000000000000000000e+00	3.900990592624847125e-02
7.940000000000000000e+14	4.000000000000000000e+00	3.702081047614462495e-02
1.000000000000000000e+15	4.000000000000000000e+00	3.222454998099419377e-02
1.260000000000000000e+15	4.000000000000000000e+00	2.536759146288659547e-02
1.580000000000000000e+15	4.000000000000000000e+00	1.724803244288754256e-02
2.000000000000000000e+15	4.000000000000000000e+00	8.728867326598135218e-03
2.510000000000000000e+15	4.000000000000000000e+00	6.511651685709549282e-04
3.160000000000000000e+15	4.000000000000000000e+00	-6.668078255523980473e-03
3.980000000000000000e+15	4.000000000000000000e+00	-1.280737377840296919e-02
5.010000000000000000e+15	4.000000000000000000e+00	-1.760115794364066830e-02
6.310000000000000000e+15	4.000000000000000000e+00	-2.107860814145892658e-02
7.940000000000000000e+15	4.000000000000000000e+00	-2.332885686667774544e-02
1.000000000000000000e+16	4.000000000000000000e+00	-2.452655664593150764e-02
1.260000000000000000e+16	4.000000000000000000e+00	-2.484125655879160233e-02
1.580000000000000000e+16	4.000000000000000000e+00	-2.448896316576846047e-02
2.000000000000000000e+16	4.000000000000000000e+00	-2.356288883526538869e-02
2.510000000000000000e+16	4.000000000000000000e+00	-2.232623347881750736e-02
3.160000000000000000e+16	4.000000000000000000e+00	-2.082651893662975859e-02
3.980000000000000000e+16	4.000000000000000000e+00	-1.918537398276138478e-02
5.010000000000000000e+16	4.000000000000000000e+00	-1.749205931263828756e-02
6.310000000000000000e+16	4.000000000000000000e+00	-1.579902771531685110e-02
7.940000000000000000e+16	4.000000000000000000e+00	-1.416638772173986829e-02
1.000000000000000000e+17	4.000000000000000000e+00	-1.260693848691983761e-02
1.000000000000000000e+11	6.000000000000000000e+00	1.364127697284352883e-05
1.258925411794166107e+11	6.000000000000000000e+00	1.718852516797469878e-05
1.584893192461110840e+11	6.000000000000000000e+00	2.167138064332542913e-05
1.995262314968882751e+11	6.000000000000000000e+00	2.734944245480847716e-05
2.511886431509582214e+11	6.000000000000000000e+00	3.457067492370456690e-05
3.162277660168379517e+11	6.000000000000000000e+00	4.381295197871159293e-05
3.981071705534969482e+11	6.000000000000000000e+00	5.574864026810650691e-05
5.011872336272714844e+11	6.000000000000000000e+00	7.130877654464423665e-05
6.309573444801943359e+11	6.000000000000000000e+00	9.146265372460211972e-05
7.943282347242821045e+11	6.000000000000000000e+00	1.114395671415891050e-04
1.000000000000000000e+12	6.000000000000000000e+00	1.304805731412978875e-04
1.260000000000000000e+12	6.000000000000000000e+00	1.563813341597140925e-04
1.580000000000000000e+12	6.000000000000000000e+00	1.909209143038564428e-04
2.000000000000000000e+12	6.000000000000000000e+00	2.377208373517807353e-04
2.510000000000000000e+12	6.000000000000000000e+00	2.952652326987199524e-04
3.160000000000000000e+12	6.000000000000000000e+00	3.691092331573110098e-04
3.980000000000000000e+12	6.000000000000000000e+00	4.628851004983144880e-04
5.010000000000000000e+12	6.000000000000000000e+00	5.812032336733330418e-04
6.310000000000000000e+12	6.000000000000000000e+00	7.315559305945932992e-04
7.940000000000000000e+12	6.000000000000000000e+00	9.230498762993501454e-04
1.000000000000000000e+13	6.000000000000000000e+00	1.170033754790851793e-03
1.260000000000000000e+13	6.000000000000000000e+00	1.485534826566971278e-03
1.580000000000000000e+13	6.000000000000000000e+00	1.872262017549607789e-03
2.000000000000000000e+13	6.000000000000000000e+00	2.380157884338742792e-03
2.510000000000000000e+13	6.000000000000000000e+00	2.983982474804948871e-03
3.160000000000000000e+13	6.000000000000000000e+00	3.697509747178679036e-03
3.980000000000000000e+13	6.000000000000000000e+00	4.488995721763169161e-03
5.010000000000000000e+13	6.000000000000000000e+00	5.336670954219554890e-03
6.310000000000000000e+13	6.000000000000000000e+00	6.271031205518336551e-03
7.940000000000000000e+13	6.000000000000000000e+00	7.380541470774751658e-03
1.000000000000000000e+14	6.000000000000000000e+00	8.861179629304317268e-03
1.260000000000000000e+14	6.000000000000000000e+00	1.097050378371611408e-02
1.580000000000000000e+14	6.000000000000000000e+00	1.392664310273556381e-02
2.000000000000000000e+14	6.000000000000000000e+00	1.821055583825982593e-02
2.510000000000000000e+14	6.000000000000000000e+00	2.350535762740696075e-02
3.160000000000000000e+14	6.000000000000000000e+00	2.924241515639887379e-02
3.980000000000000000e+14	6.000000000000000000e+00	3.450093379109683139e-02
5.010000000000000000e+14	6.000000000000000000e+00	3.826499008914298339e-02
6.310000000000000000e+14	6.000000000000000000e+00	3.929691161940111754e-02
7.940000000000000000e+14	6.000000000000000000e+00	3.715882169875016350e-02
1.000000000000000000e+15	6.000000000000000000e+00	3.212906332393893755e-02
1.260000000000000000e+15	6.000000000000000000e+00	2.501107637345851079e-02
1.580000000000000000e+15	6.000000000000000000e+00	1.664986962162399650e-02
2.000000000000000000e+15	6.000000000000000000e+00	8.130006712298210383e-03
2.510000000000000000e+15	6.000000000000000000e+00	4.298861537057547047e-04
3.160000000000000000e+15	6.000000000000000000e+00	-6.713089856349529691e-03
3.980000000000000000e+15	6.000000000000000000e+00	-1.272686179319328960e-02
5.010000000000000000e+15	6.000000000000000000e+00	-1.742858845471897261e-02
6.310000000000000000e+15	6.000000000000000000e+00	-2.084008270695408491e-02
7.940000000000000000e+15	6.000000000000000000e+00	-2.304628272735013278e-02
1.000000000000000000e+16	6.000000000000000000e+00	-2.421773122642749757e-02
1.260000000000000000e+16	6.000000000000000000e+00	-2.452072279394712159e-02
1.580000000000000000e+16	6.000000000000000000e+00	-2.416778459493945305e-02
2.000000000000000000e+16	6.000000000000000000e+00	-2.325013510135393383e-02
2.510000000000000000e+16	6.000000000000000000e+00	-2.202733236459147176e-02
3.160000000000000000e+16	6.000000000000000000e+00	-2.054582430352675307e-02
3.980000000000000000e+16	6.000000000000000000e+00	-1.892539542086750862e-02
5.010000000000000000e+16	6.000000000000000000e+00	-1.725407410345333042e-02
6.310000000000000000e+16	6.000000000000000000e+00	-1.558391864221442963e-02
7.940000000000000000e+16	6.000000000000000000e+00	-1.397246528740985622e-02
1.000000000000000000e+17	6.000000000000000000e+00	-1.243395804074244951e-02
1.000000000000000000e+11	8.000000000000000000e+00	1.238460398843726937e-05
1.258925411794166107e+11	8.000000000000000000e+00	1.560478914622767853e-05
1.584893192461110840e+11	8.000000000000000000e+00	1.967370946063828104e-05
1.995262314968882751e+11	8.000000000000000000e+00	2.482735790211262791e-05
2.511886431509582214e+11	8.000000000000000000e+00	3.138076522027097933e-05
3.162277660168379517e+11	8.000000000000000000e+00	3.976602410701353683e-05
3.981071705534969482e+11	8.000000000000000000e+00	5.058644081562456250e-05
5.011872336272714844e+11	8.000000000000000000e+00	6.465367097131665363e-05
6.309573444801943359e+11	8.000000000000000000e+00	8.266571669148435294e-05
7.943282347242821045e+11	8.000000000000000000e+00	9.825841807474904846e-05
1.000000000000000000e+12	8.000000000000000000e+00	1.154335919165490776e-04
1.260000000000000000e+12	8.000000000000000000e+00	1.428040100109694130e-04
1.580000000000000000e+12	8.000000000000000000e+00	1.764035051854248766e-04
2.000000000000000000e+12	8.000000000000000000e+00	2.210748817100964591e-04
2.510000000000000000e+12	8.000000000000000000e+00	2.755513974254685298e-04
3.160000000000000000e+12	8.000000000000000000e+00	3.453101592780964484e-04
3.980000000000000000e+12	8.000000000000000000e+00	4.336803820281395728e-04
5.010000000000000000e+12	8.000000000000000000e+00	5.450722685031283293e-04
6.310000000000000000e+12	8.000000000000000000e+00	6.866174673526735314e-04
7.940000000000000000e+12	8.000000000000000000e+00	8.663402172364862352e-04
1.000000000000000000e+13	8.000000000000000000e+00	1.097171403253627405e-03
1.260000000000000000e+13	8.000000000000000000e+00	1.390893345289235172e-03
1.580000000000000000e+13	8.000000000000000000e+00	1.752844122510212625e-03
2.000000000000000000e+13	8.000000000000000000e+00	2.226040267077252117e-03
2.510000000000000000e+13	8.000000000000000000e+00	2.791329395013821945e-03
3.160000000000000000e+13	8.000000000000000000e+00	3.464634475235142327e-03
3.980000000000000000e+13	8.000000000000000000e+00	4.216202467145847670e-03
5.010000000000000000e+13	8.000000000000000000e+00	5.047956406645797041e-03
6.310000000000000000e+13	8.000000000000000000e+00	6.022114410360524493e-03
7.940000000000000000e+13	8.000000000000000000e+00	7.224719684446225497e-03
1.000000000000000000e+14	8.000000000000000000e+00	8.810839095575999369e-03
1.260000000000000000e+14	8.000000000000000000e+00	1.100166183382137244e-02
1.580000000000000000e+14	8.000000000000000000e+00	1.402129800789484425e-02
2.000000000000000000e+14	8.000000000000000000e+00	1.838970407997014139e-02
2.510000000000000000e+14	8.000000000000000000e+00	2.362869013988127403e-02
3.160000000000000000e+14	8.000000000000000000e+00	2.956366550419462988e-02
3.980000000000000000e+14	8.000000000000000000e+00	3.513243993479231442e-02
5.010000000000000000e+14	8.000000000000000000e+00	3.868479547119188511e-02
6.310000000000000000e+14	8.000000000000000000e+00	3.960517754216943964e-02
7.940000000000000000e+14	8.000000000000000000e+00	3.735406025600937485e-02
1.000000000000000000e+15	8.000000000000000000e+00	3.327851438012670998e-02
1.260000000000000000e+15	8.000000000000000000e+00	2.663387277952436114e-02
1.580000000000000000e+15	8.000000000000000000e+00	1.841242874069130495e-02
2.000000000000000000e+15	8.000000000000000000e+00	1.025386504214564898e-02
2.510000000000000000e+15	8.000000000000000000e+00	1.403850396152236122e-03
3.160000000000000000e+15	8.000000000000000000e+00	-6.237115178765306051e-03
3.980000000000000000e+15	8.000000000000000000e+00	-1.259415972111479348e-02
5.010000000000000000e+15	8.000000000000000000e+00	-1.754577398267199301e-02
6.310000000000000000e+15	8.000000000000000000e+00	-2.113861166742810743e-02
7.940000000000000000e+15	8.000000000000000000e+00	-2.347108954762153546e-02
1.000000000000000000e+16	8.000000000000000000e+00	-2.472422467032862892e-02
1.260000000000000000e+16	8.000000000000000000e+00	-2.507384105940656943e-02
1.580000000000000000e+16	8.000000000000000000e+00	-2.474011336509028547e-02
2.000000000000000000e+16	8.000000000000000000e+00	-2.382042816945548550e-02
2.510000000000000000e+16	8.000000000000000000e+00	-2.258118082094855844e-02
3.160000000000000000e+16	8.000000000000000000e+00	-2.107271494756864788e-02
3.980000000000000000e+16	8.000000000000000000e+00	-1.941753263493256262e-02
5.010000000000000000e+16	8.000000000000000000e+00	-1.770803395919611639e-02
6.310000000000000000e+16	8.000000000000000000e+00	-1.599781785161492192e-02
7.940000000000000000e+16	8.000000000000000000e+00	-1.434643599470119581e-02
1.000000000000000000e+17	8.000000000000000000e+00	-1.276883076136437964e-02
1.000000000000000000e+11	1.000000000000000000e+01	1.136653090637525807e-05
1.258925411794166107e+11	1.000000000000000000e+01	1.432204943264898310e-05
1.584893192461110840e+11	1.000000000000000000e+01	1.805668727844305421e-05
1.995262314968882751e+11	1.000000000000000000e+01	2.278703249592296557e-05
2.511886431509582214e+11	1.000000000000000000e+01	2.880255904932694895e-05
3.162277660168379517e+11	1.000000000000000000e+01	3.650057231550482871e-05
3.981071705534969482e+11	1.000000000000000000e+01	4.643245875086673345e-05
5.011872336272714844e+11	1.000000000000000000e+01	5.934422339022072285e-05
6.309573444801943359e+11	1.000000000000000000e+01	7.569103728394985752e-05
7.943282347242821045e+11	1.000000000000000000e+01	8.813284943478149507e-05
1.000000000000000000e+12	1.000000000000000000e+01	1.036316113086867334e-04
1.260000000000000000e+12	1.000000000000000000e+01	1.314180095171164052e-04
1.580000000000000000e+12	1.000000000000000000e+01	1.636660860088857245e-04
2.000000000000000000e+12	1.000000000000000000e+01	2.060159652082768958e-04
2.510000000000000000e+12	1.000000000000000000e+01	2.576069411052497871e-04
3.160000000000000000e+12	1.000000000000000000e+01	3.232254896107510946e-04
3.980000000000000000e+12	1.000000000000000000e+01	4.066153137346329273e-04
5.010000000000000000e+12	1.000000000000000000e+01	5.112783129817893499e-04
6.310000000000000000e+12	1.000000000000000000e+01	6.438496523671990469e-04
7.940000000000000000e+12	1.000000000000000000e+01	8.131034458966460198e-04
1.000000000000000000e+13	1.000000000000000000e+01	1.028370765132929909e-03
1.260000000000000000e+13	1.000000000000000000e+01	1.299969698310789613e-03
1.580000000000000000e+13	1.000000000000000000e+01	1.635977288946988779e-03
2.000000000000000000e+13	1.000000000000000000e+01	2.078525121125737382e-03
2.510000000000000000e+13	1.000000000000000000e+01	2.607978359093361329e-03
3.160000000000000000e+13	1.000000000000000000e+01	3.241168960034117308e-03
3.980000000000000000e+13	1.000000000000000000e+01	3.978229442898738311e-03
5.010000000000000000e+13	1.000000000000000000e+01	4.824331617585466553e-03
6.310000000000000000e+13	1.000000000000000000e+01	5.803273776872557022e-03
7.940000000000000000e+13	1.000000000000000000e+01	7.004784390247805435e-03
1.000000000000000000e+14	1.000000000000000000e+01	8.607688890433748061e-03
1.260000000000000000e+14	1.000000000000000000e+01	1.084512587340564528e-02
1.580000000000000000e+14	1.000000000000000000e+01	1.391227761504074123e-02
2.000000000000000000e+14	1.000000000000000000e+01	1.824047234814732410e-02
2.510000000000000000e+14	1.000000000000000000e+01	2.362219285744607614e-02
3.160000000000000000e+14	1.000000000000000000e+01	2.958150749430409759e-02
3.980000000000000000e+14	1.000000000000000000e+01	3.470658473053463144e-02
5.010000000000000000e+14	1.000000000000000000e+01	3.821586865972336627e-02
6.310000000000000000e+14	1.000000000000000000e+01	3.890293410594201223e-02
7.940000000000000000e+14	1.000000000000000000e+01	3.727130665293112294e-02
1.000000000000000000e+15	1.000000000000000000e+01	3.231319858562593794e-02
1.260000000000000000e+15	1.000000000000000000e+01	2.540394733827605611e-02
1.580000000000000000e+15	1.000000000000000000e+01	1.745004856319656503e-02
2.000000000000000000e+15	1.000000000000000000e+01	7.889044910477002390e-03
2.510000000000000000e+15	1.000000000000000000e+01	4.793616153403291807e-04
3.160000000000000000e+15	1.000000000000000000e+01	-6.602810953237115733e-03
3.980000000000000000e+15	1.000000000000000000e+01	-1.258095868303188945e-02
5.010000000000000000e+15	1.000000000000000000e+01	-1.725866128230734570e-02
6.310000000000000000e+15	1.000000000000000000e+01	-2.065458007707151808e-02
7.940000000000000000e+15	1.000000000000000000e+01	-2.285286837404246901e-02
1.000000000000000000e+16	1.000000000000000000e+01	-2.402172093263302277e-02
1.260000000000000000e+16	1.000000000000000000e+01	-2.432745692115394556e-02
1.580000000000000000e+16	1.000000000000000000e+01	-2.398093635031547585e-02
2.000000000000000000e+16	1.000000000000000000e+01	-2.307300816535815327e-02
2.510000000000000000e+16	1.000000000000000000e+01	-2.186134777499628562e-02
3.160000000000000000e+16	1.000000000000000000e+01	-2.039275444244463206e-02
3.980000000000000000e+16	1.000000000000000000e+01	-1.878502121607663472e-02
5.010000000000000000e+16	1.000000000000000000e+01	-1.712681999396378427e-02
6.310000000000000000e+16	1.000000000000000000e+01	-1.546954510152399875e-02
7.940000000000000000e+16	1.000000000000000000e+01	-1.387028023380384480e-02
1.000000000000000000e+17	1.000000000000000000e+01	-1.234330374241030849e-02
1.000000000000000000e+11	1.200000000000000000e+01	1.089248661529053457e-05
1.258925411794166107e+11	1.200000000000000000e+01	1.372445492479127109e-05
1.584893192461110840e+11	1.200000000000000000e+01	1.730320164784062041e-05
1.995262314968882751e+11	1.200000000000000000e+01	2.183557710444232881e-05
2.511886431509582214e+11	1.200000000000000000e+01	2.759919723800079145e-05
3.162277660168379517e+11	1.200000000000000000e+01	3.497343767008111789e-05
3.981071705534969482e+11	1.200000000000000000e+01	4.448372349416674493e-05
5.011872336272714844e+11	1.200000000000000000e+01	5.681075779933010891e-05
6.309573444801943359e+11	1.200000000000000000e+01	7.236730584089124806e-05
7.943282347242821045e+11	1.200000000000000000e+01	8.316130196779108932e-05
1.000000000000000000e+12	1.200000000000000000e+01	9.786884305874264103e-05
1.260000000000000000e+12	1.200000000000000000e+01	1.261877586681120467e-04
1.580000000000000000e+12	1.200000000000000000e+01	1.582961516675407399e-04
2.000000000000000000e+12	1.200000000000000000e+01	1.999461608055269884e-04
2.510000000000000000e+12	1.200000000000000000e+01	2.504593873873265579e-04
3.160000000000000000e+12	1.200000000000000000e+01	3.147268839469286560e-04
3.980000000000000000e+12	1.200000000000000000e+01	3.959342510801441102e-04
5.010000000000000000e+12	1.200000000000000000e+01	4.983010815708862609e-04
6.310000000000000000e+12	1.200000000000000000e+01	6.282161681418540816e-04
7.940000000000000000e+12	1.200000000000000000e+01	7.909659452278436148e-04
1.000000000000000000e+13	1.200000000000000000e+01	9.987444022120680991e-04
1.260000000000000000e+13	1.200000000000000000e+01	1.265529056461007357e-03
1.580000000000000000e+13	1.200000000000000000e+01	1.593786792593881617e-03
2.000000000000000000e+13	1.200000000000000000e+01	2.021779541910315690e-03
2.510000000000000000e+13	1.200000000000000000e+01	2.529493768350375791e-03
3.160000000000000000e+13	1.200000000000000000e+01	3.161015273852774751e-03
3.980000000000000000e+13	1.200000000000000000e+01	3.897575734596016740e-03
5.010000000000000000e+13	1.200000000000000000e+01	4.729807840027218727e-03
6.310000000000000000e+13	1.200000000000000000e+01	5.742109493321673024e-03
7.940000000000000000e+13	1.200000000000000000e+01	7.014494297437019917e-03
1.000000000000000000e+14	1.200000000000000000e+01	8.685696750734496832e-03
1.260000000000000000e+14	1.200000000000000000e+01	1.097506834634619753e-02
1.580000000000000000e+14	1.200000000000000000e+01	1.407870640791152907e-02
2.000000000000000000e+14	1.200000000000000000e+01	1.852876013046315593e-02
2.510000000000000000e+14	1.200000000000000000e+01	2.391021435322710290e-02
3.160000000000000000e+14	1.200000000000000000e+01	2.980664143449338749e-02
3.980000000000000000e+14	1.200000000000000000e+01	3.531873213863268024e-02
5.010000000000000000e+14	1.200000000000000000e+01	3.911928571384952480e-02
6.310000000000000000e+14	1.200000000000000000e+01	4.024571766466842476e-02
7.940000000000000000e+14	1.200000000000000000e+01	3.833038187357549337e-02
1.000000000000000000e+15	1.200000000000000000e+01	3.326365945589611350e-02
1.260000000000000000e+15	1.200000000000000000e+01	2.546566766504562360e-02
1.580000000000000000e+15	1.200000000000000000e+01	1.830355618044164981e-02
2.000000000000000000e+15	1.200000000000000000e+01	1.077687621775352822e-02
2.510000000000000000e+15	1.200000000000000000e+01	1.586659215029100458e-03
3.160000000000000000e+15	1.200000000000000000e+01	-6.124050494789942331e-03
3.980000000000000000e+15	1.200000000000000000e+01	-1.251461517423070255e-02
5.010000000000000000e+15	1.200000000000000000e+01	-1.748661074666148924e-02
6.310000000000000000e+15	1.200000000000000000e+01	-2.109339417628144919e-02
7.940000000000000000e+15	1.200000000000000000e+01	-2.343559454624150398e-02
1.000000000000000000e+16	1.200000000000000000e+01	-2.469672247951571267e-02
1.260000000000000000e+16	1.200000000000000000e+01	-2.505220546594865566e-02
1.580000000000000000e+16	1.200000000000000000e+01	-2.472296561194588932e-02
2.000000000000000000e+16	1.200000000000000000e+01	-2.380690760719514701e-02
2.510000000000000000e+16	1.200000000000000000e+01	-2.257042155644756187e-02
3.160000000000000000e+16	1.200000000000000000e+01	-2.106419631024354644e-02
3.980000000000000000e+16	1.200000000000000000e+01	-1.941076961255704808e-02
5.010000000000000000e+16	1.200000000000000000e+01	-1.770278382787275270e-02
6.310000000000000000e+16	1.200000000000000000e+01	-1.599353742038766429e-02
7.940000000000000000e+16	1.200000000000000000e+01	-1.434304675669941832e-02
1.000000000000000000e+17	1.200000000000000000e+01	-1.276620938684662129e-02
1.000000000000000000e+11	1.400000000000000000e+01	1.035509979360707673e-05
1.258925411794166107e+11	1.400000000000000000e+01	1.304745684198671593e-05
1.584893192461110840e+11	1.400000000000000000e+01	1.645008915815074149e-05
1.995262314968882751e+11	1.400000000000000000e+01	2.076002735640020358e-05
2.511886431509582214e+11	1.400000000000000000e+01	2.624181286835508694e-05
3.162277660168379517e+11	1.400000000000000000e+01	3.325758425604077482e-05
3.981071705534969482e+11	1.400000000000000000e+01	4.230838577627120021e-05
5.011872336272714844e+11	1.400000000000000000e+01	5.405626155273522519e-05
6.309573444801943359e+11	1.400000000000000000e+01	6.878113742955339167e-05
7.943282347242821045e+11	1.400000000000000000e+01	7.816631511779578614e-05
1.000000000000000000e+12	1.400000000000000000e+01	9.196034336091533684e-05
1.260000000000000000e+12	1.400000000000000000e+01	1.199263578926347074e-04
1.580000000000000000e+12	1.400000000000000000e+01	1.507782273088632591e-04
2.000000000000000000e+12	1.400000000000000000e+01	1.909381584117760000e-04
2.510000000000000000e+12	1.400000000000000000e+01	2.394842879773506649e-04
3.160000000000000000e+12	1.400000000000000000e+01	3.014188210146979789e-04
3.980000000000000000e+12	1.400000000000000000e+01	3.795196335850457934e-04
5.010000000000000000e+12	1.400000000000000000e+01	4.776636846056366362e-04
6.310000000000000000e+12	1.400000000000000000e+01	6.013376208972091548e-04
7.940000000000000000e+12	1.400000000000000000e+01	7.579763597681707073e-04
1.000000000000000000e+13	1.400000000000000000e+01	9.583868416778159672e-04
1.260000000000000000e+13	1.400000000000000000e+01	1.211415853008652186e-03
1.580000000000000000e+13	1.400000000000000000e+01	1.523982686732852556e-03
2.000000000000000000e+13	1.400000000000000000e+01	1.935385739138407567e-03
2.510000000000000000e+13	1.400000000000000000e+01	2.422956166148336823e-03
3.160000000000000000e+13	1.400000000000000000e+01	3.013383879859278004e-03
3.980000000000000000e+13	1.400000000000000000e+01	3.733252245151075059e-03
5.010000000000000000e+13	1.400000000000000000e+01	4.572434037495678658e-03
6.310000000000000000e+13	1.400000000000000000e+01	5.568648603148885698e-03
7.940000000000000000e+13	1.400000000000000000e+01	6.826921745256909688e-03
1.000000000000000000e+14	1.400000000000000000e+01	8.487425358859535668e-03
1.260000000000000000e+14	1.400000000000000000e+01	1.077334073123065346e-02
1.580000000000000000e+14	1.400000000000000000e+01	1.388140847741606981e-02
2.000000000000000000e+14	1.400000000000000000e+01	1.825442374844062771e-02
2.510000000000000000e+14	1.400000000000000000e+01	2.356396375679585542e-02
3.160000000000000000e+14	1.400000000000000000e+01	2.950182297896191547e-02
3.980000000000000000e+14	1.400000000000000000e+01	3.486382100505314163e-02
5.010000000000000000e+14	1.400000000000000000e+01	3.812696875875164204e-02
6.310000000000000000e+14	1.400000000000000000e+01	3.931867494706159372e-02
7.940000000000000000e+14	1.400000000000000000e+01	3.699023680630200012e-02
1.000000000000000000e+15	1.400000000000000000e+01	3.186183483721684306e-02
1.260000000000000000e+15	1.400000000000000000e+01	2.650996656974000110e-02
1.580000000000000000e+15	1.400000000000000000e+01	1.786813766934168893e-02
2.000000000000000000e+15	1.400000000000000000e+01	8.155157651141836314e-03
2.510000000000000000e+15	1.400000000000000000e+01	6.711243087983196449e-04
3.160000000000000000e+15	1.400000000000000000e+01	-6.458832987856849561e-03
3.980000000000000000e+15	1.400000000000000000e+01	-1.247034876556970401e-02
5.010000000000000000e+15	1.400000000000000000e+01	-1.717251102977089550e-02
6.310000000000000000e+15	1.400000000000000000e+01	-2.058703787822125861e-02
7.940000000000000000e+15	1.400000000000000000e+01	-2.279957375538425868e-02
1.000000000000000000e+16	1.400000000000000000e+01	-2.397958825934379257e-02
1.260000000000000000e+16	1.400000000000000000e+01	-2.429415097260962525e-02
1.580000000000000000e+16	1.400000000000000000e+01	-2.395425102198787612e-02
2.000000000000000000e+16	1.400000000000000000e+01	-2.305206717565540242e-02
2.510000000000000000e+16	1.400000000000000000e+01	-2.184467107054915980e-02
3.160000000000000000e+16	1.400000000000000000e+01	-2.037945891185212466e-02
3.980000000000000000e+16	1.400000000000000000e+01	-1.877448828670833306e-02
5.010000000000000000e+16	1.400000000000000000e+01	-1.711864060962422357e-02
6.310000000000000000e+16	1.400000000000000000e+01	-1.546285284634830656e-02
7.940000000000000000e+16	1.400000000000000000e+01	-1.386501799647239797e-02
1.000000000000000000e+17	1.400000000000000000e+01	-1.233907734169830718e-02
1.000000000000000000e+11	1.600000000000000000e+01	1.024272346201176357e-05
1.258925411794166107e+11	1.600000000000000000e+01	1.290564848085264056e-05
1.584893192461110840e+11	1.600000000000000000e+01	1.627093606368063713e-05
1.995262314968882751e+11	1.600000000000000000e+01	2.053324004296019778e-05
2.511886431509582214e+11	1.600000000000000000e+01	2.595355409427487460e-05
3.162277660168379517e+11	1.600000000000000000e+01	3.288942785702618547e-05
3.981071705534969482e+11	1.600000000000000000e+01	4.183322037398713608e-05
5.011872336272714844e+11	1.600000000000000000e+01	5.341164256445842288e-05
6.309573444801943359e+11	1.600000000000000000e+01	6.792020362003995098e-05
7.943282347242821045e+11	1.600000000000000000e+01	7.672037073558967226e-05
1.000000000000000000e+12	1.600000000000000000e+01	9.039505768667605132e-05
1.260000000000000000e+12	1.600000000000000000e+01	1.188649972834878663e-04
1.580000000000000000e+12	1.600000000000000000e+01	1.500633880944537122e-04
2.000000000000000000e+12	1.600000000000000000e+01	1.902609031111832604e-04
2.510000000000000000e+12	1.600000000000000000e+01	2.388582852587953134e-04
3.160000000000000000e+12	1.600000000000000000e+01	3.006437580478098139e-04
3.980000000000000000e+12	1.600000000000000000e+01	3.784544088440027257e-04
5.010000000000000000e+12	1.600000000000000000e+01	4.762551181782939463e-04
6.310000000000000000e+12	1.600000000000000000e+01	5.995929935671144616e-04
7.940000000000000000e+12	1.600000000000000000e+01	7.563862417869824219e-04
1.000000000000000000e+13	1.600000000000000000e+01	9.564677950789148312e-04
1.260000000000000000e+13	1.600000000000000000e+01	1.207927686582468312e-03
1.580000000000000000e+13	1.600000000000000000e+01	1.517946796630676191e-03
2.000000000000000000e+13	1.600000000000000000e+01	1.926396741416437066e-03
2.510000000000000000e+13	1.600000000000000000e+01	2.416765703757541364e-03
3.160000000000000000e+13	1.600000000000000000e+01	3.012888535457293546e-03
3.980000000000000000e+13	1.600000000000000000e+01	3.718748873872464861e-03
5.010000000000000000e+13	1.600000000000000000e+01	4.573899927996097695e-03
6.310000000000000000e+13	1.600000000000000000e+01	5.620341754348412780e-03
7.940000000000000000e+13	1.600000000000000000e+01	6.925691670970328222e-03
1.000000000000000000e+14	1.600000000000000000e+01	8.654324582568569471e-03
1.260000000000000000e+14	1.600000000000000000e+01	1.099780520266480273e-02
1.580000000000000000e+14	1.600000000000000000e+01	1.414059186858679547e-02
2.000000000000000000e+14	1.600000000000000000e+01	1.868384440606868369e-02
2.510000000000000000e+14	1.600000000000000000e+01	2.415832358435094848e-02
3.160000000000000000e+14	1.600000000000000000e+01	3.016041185689886592e-02
3.980000000000000000e+14	1.600000000000000000e+01	3.573674134766807731e-02
5.010000000000000000e+14	1.600000000000000000e+01	3.968696804441351061e-02
6.310000000000000000e+14	1.600000000000000000e+01	4.038328554347149490e-02
7.940000000000000000e+14	1.600000000000000000e+01	3.795420488994514369e-02
1.000000000000000000e+15	1.600000000000000000e+01	3.316020646629547208e-02
1.260000000000000000e+15	1.600000000000000000e+01	2.541009438236363494e-02
1.580000000000000000e+15	1.600000000000000000e+01	1.826867583980824536e-02
2.000000000000000000e+15	1.600000000000000000e+01	1.075343147775109295e-02
2.510000000000000000e+15	1.600000000000000000e+01	1.569528028777968879e-03
3.160000000000000000e+15	1.600000000000000000e+01	-6.136906448920822522e-03
3.980000000000000000e+15	1.600000000000000000e+01	-1.252454903693720617e-02
5.010000000000000000e+15	1.600000000000000000e+01	-1.749425307002034150e-02
6.310000000000000000e+15	1.600000000000000000e+01	-2.109937477458109431e-02
7.940000000000000000e+15	1.600000000000000000e+01	-2.344030608339997893e-02
1.000000000000000000e+16	1.600000000000000000e+01	-2.470043608022791035e-02
1.260000000000000000e+16	1.600000000000000000e+01	-2.505495978403112292e-02
1.580000000000000000e+16	1.600000000000000000e+01	-2.472530122660853563e-02
2.000000000000000000e+16	1.600000000000000000e+01	-2.380876168922319708e-02
2.510000000000000000e+16	1.600000000000000000e+01	-2.257189404889350243e-02
3.160000000000000000e+16	1.600000000000000000e+01	-2.106493114015311682e-02
3.980000000000000000e+16	1.600000000000000000e+01	-1.941171355020907333e-02
5.010000000000000000e+16	1.600000000000000000e+01	-1.770351855856823128e-02
6.310000000000000000e+16	1.600000000000000000e+01	-1.599412273739192827e-02
7.940000000000000000e+16	1.600000000000000000e+01	-1.434350510704548304e-02
1.000000000000000000e+17	1.600000000000000000e+01	-1.276655536335198973e-02
1.000000000000000000e+11	1.800000000000000000e+01	9.923496819926674739e-06
1.258925411794166107e+11	1.800000000000000000e+01	1.250378270355985159e-05
1.584893192461110840e+11	1.800000000000000000e+01	1.576457919583760614e-05
1.995262314968882751e+11	1.800000000000000000e+01	1.989526981117770136e-05
2.511886431509582214e+11	1.800000000000000000e+01	2.514934108148011624e-05
3.162277660168379517e+11	1.800000000000000000e+01	3.187478503591873109e-05
3.981071705534969482e+11	1.800000000000000000e+01	4.055109556383395105e-05
5.011872336272714844e+11	1.800000000000000000e+01	5.179984985602323875e-05
6.309573444801943359e+11	1.800000000000000000e+01	6.584641345780296721e-05
7.943282347242821045e+11	1.800000000000000000e+01	7.396127213100730916e-05
1.000000000000000000e+12	1.800000000000000000e+01	8.703196328124466086e-05
1.260000000000000000e+12	1.800000000000000000e+01	1.149687223354964988e-04
1.580000000000000000e+12	1.800000000000000000e+01	1.452533254537632500e-04
2.000000000000000000e+12	1.800000000000000000e+01	1.843157281143442618e-04
2.510000000000000000e+12	1.800000000000000000e+01	2.315586337470846310e-04
3.160000000000000000e+12	1.800000000000000000e+01	2.916012555207237226e-04
3.980000000000000000e+12	1.800000000000000000e+01	3.672039350709340681e-04
5.010000000000000000e+12	1.800000000000000000e+01	4.619853124168073113e-04
6.310000000000000000e+12	1.800000000000000000e+01	5.826213513986569894e-04
7.940000000000000000e+12	1.800000000000000000e+01	7.345113997191740759e-04
1.000000000000000000e+13	1.800000000000000000e+01	9.271449586705854872e-04
1.260000000000000000e+13	1.800000000000000000e+01	1.172133442511937582e-03
1.580000000000000000e+13	1.800000000000000000e+01	1.472548068042575219e-03
2.000000000000000000e+13	1.800000000000000000e+01	1.865403958259773468e-03
2.510000000000000000e+13	1.800000000000000000e+01	2.340498105793305857e-03
3.160000000000000000e+13	1.800000000000000000e+01	2.934695297024133773e-03
3.980000000000000000e+13	1.800000000000000000e+01	3.642557782866784246e-03
5.010000000000000000e+13	1.800000000000000000e+01	4.482016581721991015e-03
6.310000000000000000e+13	1.800000000000000000e+01	5.511655113477645536e-03
7.940000000000000000e+13	1.800000000000000000e+01	6.819133134974572109e-03
1.000000000000000000e+14	1.800000000000000000e+01	8.549088963618410586e-03
1.260000000000000000e+14	1.800000000000000000e+01	1.090654997595446284e-02
1.580000000000000000e+14	1.800000000000000000e+01	1.412746851795820130e-02
2.000000000000000000e+14	1.800000000000000000e+01	1.850777582413276612e-02
2.510000000000000000e+14	1.800000000000000000e+01	2.372629027726184947e-02
3.160000000000000000e+14	1.800000000000000000e+01	2.959892556176444908e-02
3.980000000000000000e+14	1.800000000000000000e+01	3.502113308749230797e-02
5.010000000000000000e+14	1.800000000000000000e+01	3.847877212390868329e-02
6.310000000000000000e+14	1.800000000000000000e+01	3.980193173502524773e-02
7.940000000000000000e+14	1.800000000000000000e+01	3.876192724372695686e-02
1.000000000000000000e+15	1.800000000000000000e+01	3.315258800061699623e-02
1.260000000000000000e+15	1.800000000000000000e+01	2.554835650792281615e-02
1.580000000000000000e+15	1.800000000000000000e+01	1.639030324633659538e-02
2.000000000000000000e+15	1.800000000000000000e+01	7.555459274215548318e-03
2.510000000000000000e+15	1.800000000000000000e+01	2.843785097862871385e-04
3.160000000000000000e+15	1.800000000000000000e+01	-6.733252877678886500e-03
3.980000000000000000e+15	1.800000000000000000e+01	-1.267453826985306779e-02
5.010000000000000000e+15	1.800000000000000000e+01	-1.732855845999141386e-02
6.310000000000000000e+15	1.800000000000000000e+01	-2.070803342392271706e-02
7.940000000000000000e+15	1.800000000000000000e+01	-2.289434939132967833e-02
1.000000000000000000e+16	1.800000000000000000e+01	-2.405414733845903652e-02
1.260000000000000000e+16	1.800000000000000000e+01	-2.435297885950892666e-02
1.580000000000000000e+16	1.800000000000000000e+01	-2.400115085182833591e-02
2.000000000000000000e+16	1.800000000000000000e+01	-2.308891031804521238e-02
2.510000000000000000e+16	1.800000000000000000e+01	-2.187399381326685099e-02
3.160000000000000000e+16	1.800000000000000000e+01	-2.040239247118160598e-02
3.980000000000000000e+16	1.800000000000000000e+01	-1.879295996600758439e-02
5.010000000000000000e+16	1.800000000000000000e+01	-1.713325369519407698e-02
6.310000000000000000e+16	1.800000000000000000e+01	-1.547455761974014972e-02
7.940000000000000000e+16	1.800000000000000000e+01	-1.387426511879698808e-02
1.000000000000000000e+17	1.800000000000000000e+01	-1.234640597031456261e-02
