1.000000000000000000e+11	5.000000000000000000e-01	1.627136186557119987e-05
1.258925411794166107e+11	5.000000000000000000e-01	2.050974024072821771e-05
1.584893192461110840e+11	5.000000000000000000e-01	2.587270968043454148e-05
1.995262314968882751e+11	5.000000000000000000e-01	3.268011603079073470e-05
2.511886431509582214e+11	5.000000000000000000e-01	4.136663691155144325e-05
3.162277660168379517e+11	5.000000000000000000e-01	5.254763892383043162e-05
3.981071705534969482e+11	5.000000000000000000e-01	6.713356517001790467e-05
5.011872336272714844e+11	5.000000000000000000e-01	8.655972353638692769e-05
6.309573444801943359e+11	5.000000000000000000e-01	1.130327806045607791e-04
7.943282347242821045e+11	5.000000000000000000e-01	1.506241506459543426e-04
1.000000000000000000e+12	5.000000000000000000e-01	1.713591636298600655e-04
1.260000000000000000e+12	5.000000000000000000e-01	1.773295329285211330e-04
1.580000000000000000e+12	5.000000000000000000e-01	2.023404674020179048e-04
2.000000000000000000e+12	5.000000000000000000e-01	2.410793653191703684e-04
2.510000000000000000e+12	5.000000000000000000e-01	2.915317089396438988e-04
3.160000000000000000e+12	5.000000000000000000e-01	3.579058469118147627e-04
3.980000000000000000e+12	5.000000000000000000e-01	4.429033056647930892e-04
5.010000000000000000e+12	5.000000000000000000e-01	5.506763694454493282e-04
6.310000000000000000e+12	5.000000000000000000e-01	6.877978588762525365e-04
7.940000000000000000e+12	5.000000000000000000e-01	8.603473705850688382e-04
1.000000000000000000e+13	5.000000000000000000e-01	1.077828230780488762e-03
1.260000000000000000e+13	5.000000000000000000e-01	1.347522912685866639e-03
1.580000000000000000e+13	5.000000000000000000e-01	1.675974345095506638e-03
2.000000000000000000e+13	5.000000000000000000e-01	2.110146404167840932e-03
2.510000000000000000e+13	5.000000000000000000e-01	2.657118818337467648e-03
3.160000000000000000e+13	5.000000000000000000e-01	3.360520662465036040e-03
3.980000000000000000e+13	5.000000000000000000e-01	4.251416933672830072e-03
5.010000000000000000e+13	5.000000000000000000e-01	5.348076046855962037e-03
6.310000000000000000e+13	5.000000000000000000e-01	6.660237590880961622e-03
7.940000000000000000e+13	5.000000000000000000e-01	8.178012155377868686e-03
1.000000000000000000e+14	5.000000000000000000e-01	9.961125007073228649e-03
1.260000000000000000e+14	5.000000000000000000e-01	1.299785068720480698e-02
1.580000000000000000e+14	5.000000000000000000e-01	1.508095322274153986e-02
2.000000000000000000e+14	5.000000000000000000e-01	1.917595718108211500e-02
2.510000000000000000e+14	5.000000000000000000e-01	2.394869665946711829e-02
3.160000000000000000e+14	5.000000000000000000e-01	2.982581064034978829e-02
3.980000000000000000e+14	5.000000000000000000e-01	3.495907059486648427e-02
5.010000000000000000e+14	5.000000000000000000e-01	3.838433882013978643e-02
6.310000000000000000e+14	5.000000000000000000e-01	3.923353520035016001e-02
7.940000000000000000e+14	5.000000000000000000e-01	3.713010151911697726e-02
1.000000000000000000e+15	5.000000000000000000e-01	3.216425627664911552e-02
1.260000000000000000e+15	5.000000000000000000e-01	2.527915929889555657e-02
1.580000000000000000e+15	5.000000000000000000e-01	1.733076461943979657e-02
2.000000000000000000e+15	5.000000000000000000e-01	8.728402554794055870e-03
2.510000000000000000e+15	5.000000000000000000e-01	6.099576528729910765e-04
3.160000000000000000e+15	5.000000000000000000e-01	-6.750611279724904809e-03
3.980000000000000000e+15	5.000000000000000000e-01	-1.292497254483663226e-02
5.010000000000000000e+15	5.000000000000000000e-01	-1.774558515836902398e-02
6.310000000000000000e+15	5.000000000000000000e-01	-2.124338263506053009e-02
7.940000000000000000e+15	5.000000000000000000e-01	-2.350561065913485057e-02
1.000000000000000000e+16	5.000000000000000000e-01	-2.470895572243551885e-02
1.260000000000000000e+16	5.000000000000000000e-01	-2.502359062659056943e-02
1.580000000000000000e+16	5.000000000000000000e-01	-2.466724143972515160e-02
2.000000000000000000e+16	5.000000000000000000e-01	-2.373308724228506694e-02
2.510000000000000000e+16	5.000000000000000000e-01	-2.248668127505554920e-02
3.160000000000000000e+16	5.000000000000000000e-01	-2.097608761905582833e-02
3.980000000000000000e+16	5.000000000000000000e-01	-1.932220535254431867e-02
5.010000000000000000e+16	5.000000000000000000e-01	-1.761669578635786937e-02
6.310000000000000000e+16	5.000000000000000000e-01	-1.591181015768489138e-02
7.940000000000000000e+16	5.000000000000000000e-01	-1.426681977218914772e-02
1.000000000000000000e+17	5.000000000000000000e-01	-1.269615881570309614e-02
1.000000000000000000e+11	1.500000000000000000e+00	1.449549880154225837e-05
1.258925411794166107e+11	1.500000000000000000e+00	1.827242162327128003e-05
1.584893192461110840e+11	1.500000000000000000e+00	2.305280164844806159e-05
1.995262314968882751e+11	1.500000000000000000e+00	2.912334012971048075e-05
2.511886431509582214e+11	1.500000000000000000e+00	3.687538668428217776e-05
3.162277660168379517e+11	1.500000000000000000e+00	4.686465164678739053e-05
3.981071705534969482e+11	1.500000000000000000e+00	5.991665082453432071e-05
5.011872336272714844e+11	1.500000000000000000e+00	7.732454750272320550e-05
6.309573444801943359e+11	1.500000000000000000e+00	1.010333732229293344e-04
7.943282347242821045e+11	1.500000000000000000e+00	1.336433890833238762e-04
1.000000000000000000e+12	1.500000000000000000e+00	1.511954212304587083e-04
1.260000000000000000e+12	1.500000000000000000e+00	1.563617013757379406e-04
1.580000000000000000e+12	1.500000000000000000e+00	1.783721420821432436e-04
2.000000000000000000e+12	1.500000000000000000e+00	2.128242259201658154e-04
2.510000000000000000e+12	1.500000000000000000e+00	2.572935073401720076e-04
3.160000000000000000e+12	1.500000000000000000e+00	3.159124473379670774e-04
3.980000000000000000e+12	1.500000000000000000e+00	3.918718849441533460e-04
5.010000000000000000e+12	1.500000000000000000e+00	4.884962039050613943e-04
6.310000000000000000e+12	1.500000000000000000e+00	6.110680109747701223e-04
7.940000000000000000e+12	1.500000000000000000e+00	7.660190757434048739e-04
1.000000000000000000e+13	1.500000000000000000e+00	9.613836775467473391e-04
1.260000000000000000e+13	1.500000000000000000e+00	1.203970679081107706e-03
1.580000000000000000e+13	1.500000000000000000e+00	1.499396553271147058e-03
2.000000000000000000e+13	1.500000000000000000e+00	1.889612718337474288e-03
2.510000000000000000e+13	1.500000000000000000e+00	2.370690313699842528e-03
3.160000000000000000e+13	1.500000000000000000e+00	2.992138937203294227e-03
3.980000000000000000e+13	1.500000000000000000e+00	3.780924358033859681e-03
5.010000000000000000e+13	1.500000000000000000e+00	4.764261934978455439e-03
6.310000000000000000e+13	1.500000000000000000e+00	5.979612401692563362e-03
7.940000000000000000e+13	1.500000000000000000e+00	7.467772464862363138e-03
1.000000000000000000e+14	1.500000000000000000e+00	9.320112252754989002e-03
1.260000000000000000e+14	1.500000000000000000e+00	1.169352731944459794e-02
1.580000000000000000e+14	1.500000000000000000e+00	1.477690910311435686e-02
2.000000000000000000e+14	1.500000000000000000e+00	1.907270778797403449e-02
2.510000000000000000e+14	1.500000000000000000e+00	2.426592993239067020e-02
3.160000000000000000e+14	1.500000000000000000e+00	3.002133010056118670e-02
3.980000000000000000e+14	1.500000000000000000e+00	3.525847822293724093e-02
5.010000000000000000e+14	1.500000000000000000e+00	3.887818946811714277e-02
6.310000000000000000e+14	1.500000000000000000e+00	3.973874683991809181e-02
7.940000000000000000e+14	1.500000000000000000e+00	3.748866949870002796e-02
1.000000000000000000e+15	1.500000000000000000e+00	3.263350929297162417e-02
1.260000000000000000e+15	1.500000000000000000e+00	2.548442803214354471e-02
1.580000000000000000e+15	1.500000000000000000e+00	1.726815950615839118e-02
2.000000000000000000e+15	1.500000000000000000e+00	8.800611130363986817e-03
2.510000000000000000e+15	1.500000000000000000e+00	7.175644552259094477e-04
3.160000000000000000e+15	1.500000000000000000e+00	-6.612723594226532602e-03
3.980000000000000000e+15	1.500000000000000000e+00	-1.276215916210425398e-02
5.010000000000000000e+15	1.500000000000000000e+00	-1.756467202474587194e-02
6.310000000000000000e+15	1.500000000000000000e+00	-2.104937675774491354e-02
7.940000000000000000e+15	1.500000000000000000e+00	-2.330587427427285516e-02
1.000000000000000000e+16	1.500000000000000000e+00	-2.450794827797880826e-02
1.260000000000000000e+16	1.500000000000000000e+00	-2.482645267149111504e-02
1.580000000000000000e+16	1.500000000000000000e+00	-2.447713418578417732e-02
2.000000000000000000e+16	1.500000000000000000e+00	-2.355354670724364025e-02
2.510000000000000000e+16	1.500000000000000000e+00	-2.231877629048306666e-02
3.160000000000000000e+16	1.500000000000000000e+00	-2.082059515104085073e-02
3.980000000000000000e+16	1.500000000000000000e+00	-1.918063693794275215e-02
5.010000000000000000e+16	1.500000000000000000e+00	-1.748830786193605880e-02
6.310000000000000000e+16	1.500000000000000000e+00	-1.579663391380546969e-02
7.940000000000000000e+16	1.500000000000000000e+00	-1.416403339975336705e-02
1.000000000000000000e+17	1.500000000000000000e+00	-1.260505032502086398e-02
1.000000000000000000e+11	2.500000000000000000e+00	1.357293576579784842e-05
1.258925411794166107e+11	2.500000000000000000e+00	1.710955739208615603e-05
1.584893192461110840e+11	2.500000000000000000e+00	2.158596840899334375e-05
1.995262314968882751e+11	2.500000000000000000e+00	2.727077582841452421e-05
2.511886431509582214e+11	2.500000000000000000e+00	3.453087782711945552e-05
3.162277660168379517e+11	2.500000000000000000e+00	4.388761525702807270e-05
3.981071705534969482e+11	2.500000000000000000e+00	5.611332133572859089e-05
5.011872336272714844e+11	2.500000000000000000e+00	7.240866373244764025e-05
6.309573444801943359e+11	2.500000000000000000e+00	9.450412130713134755e-05
7.943282347242821045e+11	2.500000000000000000e+00	1.237173780889576249e-04
1.000000000000000000e+12	2.500000000000000000e+00	1.398539489012010268e-04
1.260000000000000000e+12	2.500000000000000000e+00	1.464745272654909599e-04
1.580000000000000000e+12	2.500000000000000000e+00	1.680704734615851861e-04
2.000000000000000000e+12	2.500000000000000000e+00	2.007660793596013102e-04
2.510000000000000000e+12	2.500000000000000000e+00	2.434005296413455186e-04
3.160000000000000000e+12	2.500000000000000000e+00	3.000402972947397232e-04
3.980000000000000000e+12	2.500000000000000000e+00	3.726598907460366744e-04
5.010000000000000000e+12	2.500000000000000000e+00	4.652481556451171577e-04
6.310000000000000000e+12	2.500000000000000000e+00	5.831094633477898817e-04
7.940000000000000000e+12	2.500000000000000000e+00	7.317162996659618435e-04
1.000000000000000000e+13	2.500000000000000000e+00	9.190356144380323672e-04
1.260000000000000000e+13	2.500000000000000000e+00	1.152209410763347340e-03
1.580000000000000000e+13	2.500000000000000000e+00	1.436462754482773461e-03
2.000000000000000000e+13	2.500000000000000000e+00	1.811408995893614999e-03
2.510000000000000000e+13	2.500000000000000000e+00	2.271295089332411692e-03
3.160000000000000000e+13	2.500000000000000000e+00	2.863549610503246003e-03
3.980000000000000000e+13	2.500000000000000000e+00	3.616089479146289767e-03
5.010000000000000000e+13	2.500000000000000000e+00	4.555603397566317624e-03
6.310000000000000000e+13	2.500000000000000000e+00	5.731759383809172277e-03
7.940000000000000000e+13	2.500000000000000000e+00	7.195900648537368639e-03
1.000000000000000000e+14	2.500000000000000000e+00	9.047537339939236076e-03
1.260000000000000000e+14	2.500000000000000000e+00	1.145993354856200339e-02
1.580000000000000000e+14	2.500000000000000000e+00	1.462766847592833659e-02
2.000000000000000000e+14	2.500000000000000000e+00	1.903420705117988068e-02
2.510000000000000000e+14	2.500000000000000000e+00	2.431408432455499716e-02
3.160000000000000000e+14	2.500000000000000000e+00	3.014905192466476452e-02
3.980000000000000000e+14	2.500000000000000000e+00	3.542674981340689089e-02
5.010000000000000000e+14	2.500000000000000000e+00	3.880192851762651052e-02
6.310000000000000000e+14	2.500000000000000000e+00	3.955100519982282514e-02
7.940000000000000000e+14	2.500000000000000000e+00	3.748881075453098372e-02
1.000000000000000000e+15	2.500000000000000000e+00	3.270829570695481942e-02
1.260000000000000000e+15	2.500000000000000000e+00	2.568155909924658281e-02
1.580000000000000000e+15	2.500000000000000000e+00	1.769458308881371664e-02
2.000000000000000000e+15	2.500000000000000000e+00	9.260383139476675504e-03
2.510000000000000000e+15	2.500000000000000000e+00	9.656334468357138587e-04
3.160000000000000000e+15	2.500000000000000000e+00	-6.438014084990971442e-03
3.980000000000000000e+15	2.500000000000000000e+00	-1.263166780301606777e-02
5.010000000000000000e+15	2.500000000000000000e+00	-1.746452028817188987e-02
6.310000000000000000e+15	2.500000000000000000e+00	-2.097146345870231146e-02
7.940000000000000000e+15	2.500000000000000000e+00	-2.324391642230239086e-02
1.000000000000000000e+16	2.500000000000000000e+00	-2.445976210363891637e-02
1.260000000000000000e+16	2.500000000000000000e+00	-2.478839293960873047e-02
1.580000000000000000e+16	2.500000000000000000e+00	-2.444687581686599484e-02
2.000000000000000000e+16	2.500000000000000000e+00	-2.352968497148284072e-02
2.510000000000000000e+16	2.500000000000000000e+00	-2.229977842797411375e-02
3.160000000000000000e+16	2.500000000000000000e+00	-2.080552275361687714e-02
3.980000000000000000e+16	2.500000000000000000e+00	-1.916865827348473994e-02
5.010000000000000000e+16	2.500000000000000000e+00	-1.747880801559920788e-02
6.310000000000000000e+16	2.500000000000000000e+00	-1.578912570422297615e-02
7.940000000000000000e+16	2.500000000000000000e+00	-1.415803996252452956e-02
1.000000000000000000e+17	2.500000000000000000e+00	-1.260028862075903214e-02
1.000000000000000000e+11	3.500000000000000000e+00	1.286033824841912055e-05
1.258925411794166107e+11	3.500000000000000000e+00	1.621114248900146448e-05
1.584893192461110840e+11	3.500000000000000000e+00	2.045230707012760579e-05
1.995262314968882751e+11	3.500000000000000000e+00	2.583827027972374125e-05
2.511886431509582214e+11	3.500000000000000000e+00	3.271661450236179971e-05
3.162277660168379517e+11	3.500000000000000000e+00	4.157942418322989884e-05
3.981071705534969482e+11	3.500000000000000000e+00	5.315957795015085563e-05
5.011872336272714844e+11	3.500000000000000000e+00	6.857254450788022489e-05
6.309573444801943359e+11	3.500000000000000000e+00	8.937212184435136477e-05
7.943282347242821045e+11	3.500000000000000000e+00	1.157121254338757896e-04
1.000000000000000000e+12	3.500000000000000000e+00	1.309465765580061748e-04
1.260000000000000000e+12	3.500000000000000000e+00	1.390430767334090590e-04
1.580000000000000000e+12	3.500000000000000000e+00	1.603971078611603272e-04
2.000000000000000000e+12	3.500000000000000000e+00	1.927790695995160023e-04
2.510000000000000000e+12	3.500000000000000000e+00	2.342968239583488371e-04
3.160000000000000000e+12	3.500000000000000000e+00	2.892638537304423503e-04
3.980000000000000000e+12	3.500000000000000000e+00	3.601281045154540493e-04
5.010000000000000000e+12	3.500000000000000000e+00	4.501986648556078664e-04
6.310000000000000000e+12	3.500000000000000000e+00	5.646529355289037081e-04
7.940000000000000000e+12	3.500000000000000000e+00	7.088097187953023822e-04
1.000000000000000000e+13	3.500000000000000000e+00	8.908409436638782151e-04
1.260000000000000000e+13	3.500000000000000000e+00	1.117980577061690071e-03
1.580000000000000000e+13	3.500000000000000000e+00	1.395338286737773156e-03
2.000000000000000000e+13	3.500000000000000000e+00	1.760610636701567030e-03
2.510000000000000000e+13	3.500000000000000000e+00	2.207983627616336240e-03
3.160000000000000000e+13	3.500000000000000000e+00	2.782570487328886715e-03
3.980000000000000000e+13	3.500000000000000000e+00	3.508644851379646035e-03
5.010000000000000000e+13	3.500000000000000000e+00	4.418556125878260639e-03
6.310000000000000000e+13	3.500000000000000000e+00	5.560203017820651746e-03
7.940000000000000000e+13	3.500000000000000000e+00	6.995537825737855285e-03
1.000000000000000000e+14	3.500000000000000000e+00	8.834661882987385195e-03
1.260000000000000000e+14	3.500000000000000000e+00	1.127387058969797975e-02
1.580000000000000000e+14	3.500000000000000000e+00	1.444793714562394096e-02
2.000000000000000000e+14	3.500000000000000000e+00	1.883383023043922258e-02
2.510000000000000000e+14	3.500000000000000000e+00	2.415305200810793571e-02
3.160000000000000000e+14	3.500000000000000000e+00	2.999083305832908261e-02
3.980000000000000000e+14	3.500000000000000000e+00	3.531636666208116948e-02
5.010000000000000000e+14	3.500000000000000000e+00	3.883087578450682836e-02
6.310000000000000000e+14	3.500000000000000000e+00	3.979195380554976375e-02
7.940000000000000000e+14	3.500000000000000000e+00	3.769721419895041836e-02
1.000000000000000000e+15	3.500000000000000000e+00	3.254874816635373869e-02
1.260000000000000000e+15	3.500000000000000000e+00	2.557803520454009216e-02
1.580000000000000000e+15	3.500000000000000000e+00	1.759647436457587380e-02
2.000000000000000000e+15	3.500000000000000000e+00	8.983789601611648357e-03
2.510000000000000000e+15	3.500000000000000000e+00	8.864578336599902159e-04
3.160000000000000000e+15	3.500000000000000000e+00	-6.435445169363203724e-03
3.980000000000000000e+15	3.500000000000000000e+00	-1.257183740578801841e-02
5.010000000000000000e+15	3.500000000000000000e+00	-1.736288636932030796e-02
6.310000000000000000e+15	3.500000000000000000e+00	-2.084012743082125363e-02
7.940000000000000000e+15	3.500000000000000000e+00	-2.309388470526776635e-02
1.000000000000000000e+16	3.500000000000000000e+00	-2.429779901549924612e-02
1.260000000000000000e+16	3.500000000000000000e+00	-2.462215077582099662e-02
1.580000000000000000e+16	3.500000000000000000e+00	-2.428153350059768928e-02
2.000000000000000000e+16	3.500000000000000000e+00	-2.336955036319185094e-02
2.510000000000000000e+16	3.500000000000000000e+00	-2.214735097625730731e-02
3.160000000000000000e+16	3.500000000000000000e+00	-2.066280448142582271e-02
3.980000000000000000e+16	3.500000000000000000e+00	-1.903680653231143091e-02
5.010000000000000000e+16	3.500000000000000000e+00	-1.735832500011811816e-02
6.310000000000000000e+16	3.500000000000000000e+00	-1.568009882869880744e-02
7.940000000000000000e+16	3.500000000000000000e+00	-1.406013056031299967e-02
1.000000000000000000e+17	3.500000000000000000e+00	-1.251304425639506758e-02
1.000000000000000000e+11	4.500000000000000000e+00	1.237711984233759030e-05
1.258925411794166107e+11	4.500000000000000000e+00	1.560167845004402753e-05
1.584893192461110840e+11	4.500000000000000000e+00	1.968276028188691132e-05
1.995262314968882751e+11	4.500000000000000000e+00	2.486488564580030983e-05
2.511886431509582214e+11	4.500000000000000000e+00	3.148179926851016726e-05
3.162277660168379517e+11	4.500000000000000000e+00	4.000631124125100948e-05
3.981071705534969482e+11	4.500000000000000000e+00	5.113458737697015757e-05
5.011872336272714844e+11	4.500000000000000000e+00	6.592639107299457695e-05
6.309573444801943359e+11	4.500000000000000000e+00	8.577569042331251354e-05
7.943282347242821045e+11	4.500000000000000000e+00	1.098835130784013575e-04
1.000000000000000000e+12	4.500000000000000000e+00	1.243354313557453340e-04
1.260000000000000000e+12	4.500000000000000000e+00	1.342766282259582743e-04
1.580000000000000000e+12	4.500000000000000000e+00	1.562614255404394883e-04
2.000000000000000000e+12	4.500000000000000000e+00	1.885632331217530116e-04
2.510000000000000000e+12	4.500000000000000000e+00	2.300538112186300860e-04
3.160000000000000000e+12	4.500000000000000000e+00	2.845981214284661878e-04
3.980000000000000000e+12	4.500000000000000000e+00	3.547048881096025803e-04
5.010000000000000000e+12	4.500000000000000000e+00	4.433510282350660095e-04
6.310000000000000000e+12	4.500000000000000000e+00	5.567100709589959230e-04
7.940000000000000000e+12	4.500000000000000000e+00	6.995282827560115723e-04
1.000000000000000000e+13	4.500000000000000000e+00	8.795480570062457143e-04
1.260000000000000000e+13	4.500000000000000000e+00	1.104847436012689442e-03
1.580000000000000000e+13	4.500000000000000000e+00	1.379562430405488569e-03
2.000000000000000000e+13	4.500000000000000000e+00	1.743011215170042847e-03
2.510000000000000000e+13	4.500000000000000000e+00	2.184929350546199658e-03
3.160000000000000000e+13	4.500000000000000000e+00	2.751943794199152374e-03
3.980000000000000000e+13	4.500000000000000000e+00	3.471218675415999912e-03
5.010000000000000000e+13	4.500000000000000000e+00	4.367396463452796057e-03
6.310000000000000000e+13	4.500000000000000000e+00	5.497980565696133567e-03
7.940000000000000000e+13	4.500000000000000000e+00	6.923181235180255085e-03
1.000000000000000000e+14	4.500000000000000000e+00	8.766515034501100659e-03
1.260000000000000000e+14	4.500000000000000000e+00	1.120637592061319958e-02
1.580000000000000000e+14	4.500000000000000000e+00	1.441193685707023268e-02
2.000000000000000000e+14	4.500000000000000000e+00	1.889223773323145394e-02
2.510000000000000000e+14	4.500000000000000000e+00	2.426404757486113825e-02
3.160000000000000000e+14	4.500000000000000000e+00	3.016437608723207195e-02
3.980000000000000000e+14	4.500000000000000000e+00	3.550814622554487876e-02
5.010000000000000000e+14	4.500000000000000000e+00	3.896681339433664959e-02
6.310000000000000000e+14	4.500000000000000000e+00	3.991220229761015953e-02
7.940000000000000000e+14	4.500000000000000000e+00	3.774788137231462753e-02
1.000000000000000000e+15	4.500000000000000000e+00	3.294258918457140112e-02
1.260000000000000000e+15	4.500000000000000000e+00	2.608628040460659117e-02
1.580000000000000000e+15	4.500000000000000000e+00	1.791002109399368256e-02
2.000000000000000000e+15	4.500000000000000000e+00	9.412994243635560560e-03
2.510000000000000000e+15	4.500000000000000000e+00	1.080976338790752816e-03
3.160000000000000000e+15	4.500000000000000000e+00	-6.349196981437938390e-03
3.980000000000000000e+15	4.500000000000000000e+00	-1.256239372761555617e-02
5.010000000000000000e+15	4.500000000000000000e+00	-1.741008152151411748e-02
6.310000000000000000e+15	4.500000000000000000e+00	-2.092852638222163220e-02
7.940000000000000000e+15	4.500000000000000000e+00	-2.321022922250351450e-02
1.000000000000000000e+16	4.500000000000000000e+00	-2.443284904978626493e-02
1.260000000000000000e+16	4.500000000000000000e+00	-2.476706829605506213e-02
1.580000000000000000e+16	4.500000000000000000e+00	-2.442988872184514645e-02
2.000000000000000000e+16	4.500000000000000000e+00	-2.351627164720768853e-02
2.510000000000000000e+16	4.500000000000000000e+00	-2.228909534649901533e-02
3.160000000000000000e+16	4.500000000000000000e+00	-2.079704204710569604e-02
3.980000000000000000e+16	4.500000000000000000e+00	-1.916191373853491989e-02
5.010000000000000000e+16	4.500000000000000000e+00	-1.747347556507269917e-02
6.310000000000000000e+16	4.500000000000000000e+00	-1.578484051176894803e-02
7.940000000000000000e+16	4.500000000000000000e+00	-1.415466327087283593e-02
1.000000000000000000e+17	4.500000000000000000e+00	-1.259760497782041327e-02
1.000000000000000000e+11	5.500000000000000000e+00	1.189347984461962141e-05
1.258925411794166107e+11	5.500000000000000000e+00	1.499186249543781141e-05
1.584893192461110840e+11	5.500000000000000000e+00	1.891295565150349944e-05
1.995262314968882751e+11	5.500000000000000000e+00	2.389152617870216042e-05
2.511886431509582214e+11	5.500000000000000000e+00	3.024740148520200768e-05
3.162277660168379517e+11	5.500000000000000000e+00	3.843245561125539577e-05
3.981071705534969482e+11	5.500000000000000000e+00	4.911444238367999925e-05
5.011872336272714844e+11	5.500000000000000000e+00	6.329410380434547087e-05
6.309573444801943359e+11	5.500000000000000000e+00	8.220517599179691750e-05
7.943282347242821045e+11	5.500000000000000000e+00	1.041261846768319854e-04
1.000000000000000000e+12	5.500000000000000000e+00	1.180500568250436361e-04
1.260000000000000000e+12	5.500000000000000000e+00	1.294526372386595517e-04
1.580000000000000000e+12	5.500000000000000000e+00	1.516854206089981332e-04
2.000000000000000000e+12	5.500000000000000000e+00	1.840795891527226443e-04
2.510000000000000000e+12	5.500000000000000000e+00	2.252156730884723190e-04
3.160000000000000000e+12	5.500000000000000000e+00	2.789686638532125167e-04
3.980000000000000000e+12	5.500000000000000000e+00	3.480882037853979855e-04
5.010000000000000000e+12	5.500000000000000000e+00	4.360753255548858532e-04
6.310000000000000000e+12	5.500000000000000000e+00	5.478484258729246839e-04
7.940000000000000000e+12	5.500000000000000000e+00	6.884388568484656450e-04
1.000000000000000000e+13	5.500000000000000000e+00	8.658405174182069036e-04
1.260000000000000000e+13	5.500000000000000000e+00	1.088151387700787799e-03
1.580000000000000000e+13	5.500000000000000000e+00	1.359636408526578889e-03
2.000000000000000000e+13	5.500000000000000000e+00	1.715474914141190948e-03
2.510000000000000000e+13	5.500000000000000000e+00	2.152171690004968559e-03
3.160000000000000000e+13	5.500000000000000000e+00	2.711837993745218854e-03
3.980000000000000000e+13	5.500000000000000000e+00	3.416838563209260646e-03
5.010000000000000000e+13	5.500000000000000000e+00	4.300783656151089922e-03
6.310000000000000000e+13	5.500000000000000000e+00	5.410937567677993366e-03
7.940000000000000000e+13	5.500000000000000000e+00	6.812390644622628479e-03
1.000000000000000000e+14	5.500000000000000000e+00	8.629520461270511270e-03
1.260000000000000000e+14	5.500000000000000000e+00	1.104905714377173685e-02
1.580000000000000000e+14	5.500000000000000000e+00	1.427786681563289126e-02
2.000000000000000000e+14	5.500000000000000000e+00	1.875193222198334037e-02
2.510000000000000000e+14	5.500000000000000000e+00	2.405122987844532031e-02
3.160000000000000000e+14	5.500000000000000000e+00	2.989946089846901023e-02
3.980000000000000000e+14	5.500000000000000000e+00	3.534497175103201716e-02
5.010000000000000000e+14	5.500000000000000000e+00	3.911138422568344319e-02
6.310000000000000000e+14	5.500000000000000000e+00	3.999126477844854727e-02
7.940000000000000000e+14	5.500000000000000000e+00	3.790405679809723954e-02
1.000000000000000000e+15	5.500000000000000000e+00	3.291960844923538104e-02
1.260000000000000000e+15	5.500000000000000000e+00	2.576730177981186726e-02
1.580000000000000000e+15	5.500000000000000000e+00	1.772920428786108407e-02
2.000000000000000000e+15	5.500000000000000000e+00	9.082164192425428231e-03
2.510000000000000000e+15	5.500000000000000000e+00	9.622535558920712433e-04
3.160000000000000000e+15	5.500000000000000000e+00	-6.376456615713180925e-03
3.980000000000000000e+15	5.500000000000000000e+00	-1.252557698366135903e-02
5.010000000000000000e+15	5.500000000000000000e+00	-1.732573676181747499e-02
6.310000000000000000e+15	5.500000000000000000e+00	-2.081130717366837246e-02
7.940000000000000000e+15	5.500000000000000000e+00	-2.307067490360902723e-02
1.000000000000000000e+16	5.500000000000000000e+00	-2.427969878326383807e-02
1.260000000000000000e+16	5.500000000000000000e+00	-2.460779696150246568e-02
1.580000000000000000e+16	5.500000000000000000e+00	-2.426994419680965007e-02
2.000000000000000000e+16	5.500000000000000000e+00	-2.336051987561992005e-02
2.510000000000000000e+16	5.500000000000000000e+00	-2.214016223745228149e-02
3.160000000000000000e+16	5.500000000000000000e+00	-2.065743242526895188e-02
3.980000000000000000e+16	5.500000000000000000e+00	-1.903228104538848275e-02
5.010000000000000000e+16	5.500000000000000000e+00	-1.735459027797072937e-02
6.310000000000000000e+16	5.500000000000000000e+00	-1.567718652820799738e-02
7.940000000000000000e+16	5.500000000000000000e+00	-1.405786016284892720e-02
1.000000000000000000e+17	5.500000000000000000e+00	-1.251126586595815993e-02
1.000000000000000000e+11	6.500000000000000000e+00	1.159865989619359511e-05
1.258925411794166107e+11	6.500000000000000000e+00	1.461970636620790295e-05
1.584893192461110840e+11	6.500000000000000000e+00	1.844259337439210271e-05
1.995262314968882751e+11	6.500000000000000000e+00	2.329554761986718051e-05
2.511886431509582214e+11	6.500000000000000000e+00	2.948953003058811295e-05
3.162277660168379517e+11	6.500000000000000000e+00	3.746294271811509338e-05
3.981071705534969482e+11	6.500000000000000000e+00	4.785784544694244121e-05
5.011872336272714844e+11	6.500000000000000000e+00	6.162606322673803635e-05
6.309573444801943359e+11	6.500000000000000000e+00	7.989094287909544753e-05
7.943282347242821045e+11	6.500000000000000000e+00	1.000993927946591355e-04
1.000000000000000000e+12	6.500000000000000000e+00	1.138532482090417352e-04
1.260000000000000000e+12	6.500000000000000000e+00	1.270290116355623795e-04
1.580000000000000000e+12	6.500000000000000000e+00	1.498457457145700223e-04
2.000000000000000000e+12	6.500000000000000000e+00	1.824582695472437989e-04
2.510000000000000000e+12	6.500000000000000000e+00	2.238844948154717588e-04
3.160000000000000000e+12	6.500000000000000000e+00	2.781224704834463148e-04
3.980000000000000000e+12	6.500000000000000000e+00	3.476219119848209384e-04
5.010000000000000000e+12	6.500000000000000000e+00	4.355667159701907647e-04
6.310000000000000000e+12	6.500000000000000000e+00	5.470312844892252693e-04
7.940000000000000000e+12	6.500000000000000000e+00	6.876716236936433312e-04
1.000000000000000000e+13	6.500000000000000000e+00	8.658320086222834160e-04
1.260000000000000000e+13	6.500000000000000000e+00	1.087490361903457490e-03
1.580000000000000000e+13	6.500000000000000000e+00	1.359491461868934372e-03
2.000000000000000000e+13	6.500000000000000000e+00	1.720266618535729822e-03
2.510000000000000000e+13	6.500000000000000000e+00	2.158648001151467800e-03
3.160000000000000000e+13	6.500000000000000000e+00	2.716290289618559714e-03
3.980000000000000000e+13	6.500000000000000000e+00	3.423550373902214342e-03
5.010000000000000000e+13	6.500000000000000000e+00	4.308441784190435338e-03
6.310000000000000000e+13	6.500000000000000000e+00	5.419229196162237729e-03
7.940000000000000000e+13	6.500000000000000000e+00	6.829842105759900001e-03
1.000000000000000000e+14	6.500000000000000000e+00	8.664978343056035232e-03
1.260000000000000000e+14	6.500000000000000000e+00	1.109180166908942111e-02
1.580000000000000000e+14	6.500000000000000000e+00	1.431841197996474441e-02
2.000000000000000000e+14	6.500000000000000000e+00	1.880092277121813565e-02
2.510000000000000000e+14	6.500000000000000000e+00	2.424155587635712719e-02
3.160000000000000000e+14	6.500000000000000000e+00	3.023425570258157433e-02
3.980000000000000000e+14	6.500000000000000000e+00	3.544263372896685332e-02
5.010000000000000000e+14	6.500000000000000000e+00	3.900247361032797844e-02
6.310000000000000000e+14	6.500000000000000000e+00	4.015121974713088682e-02
7.940000000000000000e+14	6.500000000000000000e+00	3.779572499999701157e-02
1.000000000000000000e+15	6.500000000000000000e+00	3.281659106562696826e-02
1.260000000000000000e+15	6.500000000000000000e+00	2.613319544331672156e-02
1.580000000000000000e+15	6.500000000000000000e+00	1.818479428142059928e-02
2.000000000000000000e+15	6.500000000000000000e+00	9.529318017825701148e-03
2.510000000000000000e+15	6.500000000000000000e+00	1.159491914051762355e-03
3.160000000000000000e+15	6.500000000000000000e+00	-6.291788951209747668e-03
3.980000000000000000e+15	6.500000000000000000e+00	-1.251884557087419234e-02
5.010000000000000000e+15	6.500000000000000000e+00	-1.737627144541834673e-02
6.310000000000000000e+15	6.500000000000000000e+00	-2.090220641001205512e-02
7.940000000000000000e+15	6.500000000000000000e+00	-2.318951800255923679e-02
1.000000000000000000e+16	6.500000000000000000e+00	-2.441649788277890434e-02
1.260000000000000000e+16	6.500000000000000000e+00	-2.475414562050824371e-02
1.580000000000000000e+16	6.500000000000000000e+00	-2.441960505108627111e-02
2.000000000000000000e+16	6.500000000000000000e+00	-2.350816006224711388e-02
2.510000000000000000e+16	6.500000000000000000e+00	-2.228264209102575472e-02
3.160000000000000000e+16	6.500000000000000000e+00	-2.079191559443403781e-02
3.980000000000000000e+16	6.500000000000000000e+00	-1.915787033072297724e-02
5.010000000000000000e+16	6.500000000000000000e+00	-1.747024613155143125e-02
6.310000000000000000e+16	6.500000000000000000e+00	-1.578227885282535575e-02
7.940000000000000000e+16	6.500000000000000000e+00	-1.415264099397199431e-02
1.000000000000000000e+17	6.500000000000000000e+00	-1.259598813810424399e-02
1.000000000000000000e+11	8.000000000000000000e+00	1.095999810603813321e-05
1.258925411794166107e+11	8.000000000000000000e+00	1.381401525493917135e-05
1.584893192461110840e+11	8.000000000000000000e+00	1.742497805581370447e-05
1.995262314968882751e+11	8.000000000000000000e+00	2.200773191443294199e-05
2.511886431509582214e+11	8.000000000000000000e+00	2.785536797844164958e-05
3.162277660168379517e+11	8.000000000000000000e+00	3.537528106207531229e-05
3.981071705534969482e+11	8.000000000000000000e+00	4.516623536193569815e-05
5.011872336272714844e+11	8.000000000000000000e+00	5.809448756712426432e-05
6.309573444801943359e+11	8.000000000000000000e+00	7.505176386889208671e-05
7.943282347242821045e+11	8.000000000000000000e+00	9.203586561543484926e-05
1.000000000000000000e+12	8.000000000000000000e+00	1.050592416117697198e-04
1.260000000000000000e+12	8.000000000000000000e+00	1.211482082180786969e-04
1.580000000000000000e+12	8.000000000000000000e+00	1.449749216449232195e-04
2.000000000000000000e+12	8.000000000000000000e+00	1.780123963073605611e-04
2.510000000000000000e+12	8.000000000000000000e+00	2.193792133473855901e-04
3.160000000000000000e+12	8.000000000000000000e+00	2.731237482959703879e-04
3.980000000000000000e+12	8.000000000000000000e+00	3.418475081954425372e-04
5.010000000000000000e+12	8.000000000000000000e+00	4.288176823501666695e-04
6.310000000000000000e+12	8.000000000000000000e+00	5.391465550516183871e-04
7.940000000000000000e+12	8.000000000000000000e+00	6.775888919481439432e-04
1.000000000000000000e+13	8.000000000000000000e+00	8.528845931679867763e-04
1.260000000000000000e+13	8.000000000000000000e+00	1.073526049077446745e-03
1.580000000000000000e+13	8.000000000000000000e+00	1.343713238302468756e-03
2.000000000000000000e+13	8.000000000000000000e+00	1.697075169184467363e-03
2.510000000000000000e+13	8.000000000000000000e+00	2.128114417740575599e-03
3.160000000000000000e+13	8.000000000000000000e+00	2.682601971496515782e-03
3.980000000000000000e+13	8.000000000000000000e+00	3.380193393881430163e-03
5.010000000000000000e+13	8.000000000000000000e+00	4.248786509596737260e-03
6.310000000000000000e+13	8.000000000000000000e+00	5.342277344269059751e-03
7.940000000000000000e+13	8.000000000000000000e+00	6.728170542089098767e-03
1.000000000000000000e+14	8.000000000000000000e+00	8.530585071751492152e-03
1.260000000000000000e+14	8.000000000000000000e+00	1.095215668956414992e-02
1.580000000000000000e+14	8.000000000000000000e+00	1.416817750098130733e-02
2.000000000000000000e+14	8.000000000000000000e+00	1.865627587840567800e-02
2.510000000000000000e+14	8.000000000000000000e+00	2.403291354471146640e-02
3.160000000000000000e+14	8.000000000000000000e+00	2.997968515330393449e-02
3.980000000000000000e+14	8.000000000000000000e+00	3.548077581868527147e-02
5.010000000000000000e+14	8.000000000000000000e+00	3.898635110039224555e-02
6.310000000000000000e+14	8.000000000000000000e+00	3.980984164635716777e-02
7.940000000000000000e+14	8.000000000000000000e+00	3.803333547873378323e-02
1.000000000000000000e+15	8.000000000000000000e+00	3.266153686527876326e-02
1.260000000000000000e+15	8.000000000000000000e+00	2.445046022151349877e-02
1.580000000000000000e+15	8.000000000000000000e+00	1.645908793352846011e-02
2.000000000000000000e+15	8.000000000000000000e+00	8.616832374618339438e-03
2.510000000000000000e+15	8.000000000000000000e+00	6.820284283960251388e-04
3.160000000000000000e+15	8.000000000000000000e+00	-6.485220378770359569e-03
3.980000000000000000e+15	8.000000000000000000e+00	-1.250064772314306641e-02
5.010000000000000000e+15	8.000000000000000000e+00	-1.719979987836327620e-02
6.310000000000000000e+15	8.000000000000000000e+00	-2.060999706181564778e-02
7.940000000000000000e+15	8.000000000000000000e+00	-2.281800284343073887e-02
1.000000000000000000e+16	8.000000000000000000e+00	-2.399476991963055833e-02
1.260000000000000000e+16	8.000000000000000000e+00	-2.430631538162517438e-02
1.580000000000000000e+16	8.000000000000000000e+00	-2.396414713510381864e-02
2.000000000000000000e+16	8.000000000000000000e+00	-2.305980035881751919e-02
2.510000000000000000e+16	8.000000000000000000e+00	-2.185086798101450178e-02
3.160000000000000000e+16	8.000000000000000000e+00	-2.038403414114923692e-02
3.980000000000000000e+16	8.000000000000000000e+00	-1.877840727408832538e-02
5.010000000000000000e+16	8.000000000000000000e+00	-1.712155265258819697e-02
6.310000000000000000e+16	8.000000000000000000e+00	-1.546538190824718433e-02
7.940000000000000000e+16	8.000000000000000000e+00	-1.386697205925068593e-02
1.000000000000000000e+17	8.000000000000000000e+00	-1.234067422041839994e-02
1.000000000000000000e+11	1.000000000000000000e+01	1.055928552004175264e-05
1.258925411794166107e+11	1.000000000000000000e+01	1.330832645971232810e-05
1.584893192461110840e+11	1.000000000000000000e+01	1.678583801906438237e-05
1.995262314968882751e+11	1.000000000000000000e+01	2.119808202948643354e-05
2.511886431509582214e+11	1.000000000000000000e+01	2.682451911452465399e-05
3.162277660168379517e+11	1.000000000000000000e+01	3.405692313151357993e-05
3.981071705534969482e+11	1.000000000000000000e+01	4.346318439331006960e-05
5.011872336272714844e+11	1.000000000000000000e+01	5.583471524820568874e-05
6.309573444801943359e+11	1.000000000000000000e+01	7.191279130274622706e-05
7.943282347242821045e+11	1.000000000000000000e+01	8.660299832057287862e-05
1.000000000000000000e+12	1.000000000000000000e+01	9.932128076990525691e-05
1.260000000000000000e+12	1.000000000000000000e+01	1.176215153647478163e-04
1.580000000000000000e+12	1.000000000000000000e+01	1.423093829185235180e-04
2.000000000000000000e+12	1.000000000000000000e+01	1.760921075215006893e-04
2.510000000000000000e+12	1.000000000000000000e+01	2.180607236881737683e-04
3.160000000000000000e+12	1.000000000000000000e+01	2.722996212625821127e-04
3.980000000000000000e+12	1.000000000000000000e+01	3.413229205692274782e-04
5.010000000000000000e+12	1.000000000000000000e+01	4.284046423054091771e-04
6.310000000000000000e+12	1.000000000000000000e+01	5.387251964736470200e-04
7.940000000000000000e+12	1.000000000000000000e+01	6.777644664805051273e-04
1.000000000000000000e+13	1.000000000000000000e+01	8.534604888853838944e-04
1.260000000000000000e+13	1.000000000000000000e+01	1.072867381643700284e-03
1.580000000000000000e+13	1.000000000000000000e+01	1.342632926431875078e-03
2.000000000000000000e+13	1.000000000000000000e+01	1.698443126521597237e-03
2.510000000000000000e+13	1.000000000000000000e+01	2.132642453651967251e-03
3.160000000000000000e+13	1.000000000000000000e+01	2.686439319680077216e-03
3.980000000000000000e+13	1.000000000000000000e+01	3.383735717561963102e-03
5.010000000000000000e+13	1.000000000000000000e+01	4.254119230380261525e-03
6.310000000000000000e+13	1.000000000000000000e+01	5.348200588254079131e-03
7.940000000000000000e+13	1.000000000000000000e+01	6.733961394521546621e-03
1.000000000000000000e+14	1.000000000000000000e+01	8.548231005317550105e-03
1.260000000000000000e+14	1.000000000000000000e+01	1.097447253571602784e-02
1.580000000000000000e+14	1.000000000000000000e+01	1.419209257271760068e-02
2.000000000000000000e+14	1.000000000000000000e+01	1.871770089298922801e-02
2.510000000000000000e+14	1.000000000000000000e+01	2.414319159264049358e-02
3.160000000000000000e+14	1.000000000000000000e+01	2.994141734226571372e-02
3.980000000000000000e+14	1.000000000000000000e+01	3.517710423277794346e-02
5.010000000000000000e+14	1.000000000000000000e+01	3.919174340856545341e-02
6.310000000000000000e+14	1.000000000000000000e+01	3.970766998376407814e-02
7.940000000000000000e+14	1.000000000000000000e+01	3.745312657994465805e-02
1.000000000000000000e+15	1.000000000000000000e+01	3.331146339176139365e-02
1.260000000000000000e+15	1.000000000000000000e+01	2.796588090862390033e-02
1.580000000000000000e+15	1.000000000000000000e+01	2.023016206460987246e-02
2.000000000000000000e+15	1.000000000000000000e+01	1.049357195140719623e-02
2.510000000000000000e+15	1.000000000000000000e+01	1.747767794171777283e-03
3.160000000000000000e+15	1.000000000000000000e+01	-5.960140220949677881e-03
3.980000000000000000e+15	1.000000000000000000e+01	-1.237566121003731527e-02
5.010000000000000000e+15	1.000000000000000000e+01	-1.737336164839559452e-02
6.310000000000000000e+15	1.000000000000000000e+01	-2.100237418586537244e-02
7.940000000000000000e+15	1.000000000000000000e+01	-2.336320797762728510e-02
1.000000000000000000e+16	1.000000000000000000e+01	-2.463874889177292138e-02
1.260000000000000000e+16	1.000000000000000000e+01	-2.500609475369162601e-02
1.580000000000000000e+16	1.000000000000000000e+01	-2.468614712331696978e-02
2.000000000000000000e+16	1.000000000000000000e+01	-2.377781499111156910e-02
2.510000000000000000e+16	1.000000000000000000e+01	-2.254722666511183027e-02
3.160000000000000000e+16	1.000000000000000000e+01	-2.104575993356968405e-02
3.980000000000000000e+16	1.000000000000000000e+01	-1.939614426940133168e-02
5.010000000000000000e+16	1.000000000000000000e+01	-1.769102976341987987e-02
6.310000000000000000e+16	1.000000000000000000e+01	-1.598428431225555266e-02
7.940000000000000000e+16	1.000000000000000000e+01	-1.433570701479066831e-02
1.000000000000000000e+17	1.000000000000000000e+01	-1.276035886003460545e-02
1.000000000000000000e+11	1.200000000000000000e+01	1.022027511033759761e-05
1.258925411794166107e+11	1.200000000000000000e+01	1.288056941219986121e-05
1.584893192461110840e+11	1.200000000000000000e+01	1.624507732005701167e-05
1.995262314968882751e+11	1.200000000000000000e+01	2.051346382692511504e-05
2.511886431509582214e+11	1.200000000000000000e+01	2.595444520839043363e-05
3.162277660168379517e+11	1.200000000000000000e+01	3.294398291998823291e-05
3.981071705534969482e+11	1.200000000000000000e+01	4.201961968942675188e-05
5.011872336272714844e+11	1.200000000000000000e+01	5.393246160103740058e-05
6.309573444801943359e+11	1.200000000000000000e+01	6.928505483741855334e-05
7.943282347242821045e+11	1.200000000000000000e+01	8.210333043813351707e-05
1.000000000000000000e+12	1.200000000000000000e+01	9.457092343191404878e-05
1.260000000000000000e+12	1.200000000000000000e+01	1.145338567393962195e-04
1.580000000000000000e+12	1.200000000000000000e+01	1.397447480256040731e-04
2.000000000000000000e+12	1.200000000000000000e+01	1.747607420068757157e-04
2.510000000000000000e+12	1.200000000000000000e+01	2.173659554005539076e-04
3.160000000000000000e+12	1.200000000000000000e+01	2.707135274084602832e-04
3.980000000000000000e+12	1.200000000000000000e+01	3.394339007640962747e-04
5.010000000000000000e+12	1.200000000000000000e+01	4.265240489918619565e-04
6.310000000000000000e+12	1.200000000000000000e+01	5.361333783715785872e-04
7.940000000000000000e+12	1.200000000000000000e+01	6.743886485057239968e-04
1.000000000000000000e+13	1.200000000000000000e+01	8.492900201540636886e-04
1.260000000000000000e+13	1.200000000000000000e+01	1.069453315423769943e-03
1.580000000000000000e+13	1.200000000000000000e+01	1.339393844377302157e-03
2.000000000000000000e+13	1.200000000000000000e+01	1.695661929613485365e-03
2.510000000000000000e+13	1.200000000000000000e+01	2.128658504616739305e-03
3.160000000000000000e+13	1.200000000000000000e+01	2.679084354415745862e-03
3.980000000000000000e+13	1.200000000000000000e+01	3.375075055227160035e-03
5.010000000000000000e+13	1.200000000000000000e+01	4.242981133710186856e-03
6.310000000000000000e+13	1.200000000000000000e+01	5.333050508544324476e-03
7.940000000000000000e+13	1.200000000000000000e+01	6.714775694861242414e-03
1.000000000000000000e+14	1.200000000000000000e+01	8.516208568493478792e-03
1.260000000000000000e+14	1.200000000000000000e+01	1.093092813141951884e-02
1.580000000000000000e+14	1.200000000000000000e+01	1.413798769494349801e-02
2.000000000000000000e+14	1.200000000000000000e+01	1.861099613609411979e-02
2.510000000000000000e+14	1.200000000000000000e+01	2.402854696578408944e-02
3.160000000000000000e+14	1.200000000000000000e+01	3.015367061536154691e-02
3.980000000000000000e+14	1.200000000000000000e+01	3.569233696311584214e-02
5.010000000000000000e+14	1.200000000000000000e+01	3.925498330015234072e-02
6.310000000000000000e+14	1.200000000000000000e+01	4.035004840700332635e-02
7.940000000000000000e+14	1.200000000000000000e+01	3.832476634205131405e-02
1.000000000000000000e+15	1.200000000000000000e+01	3.304853185266146132e-02
1.260000000000000000e+15	1.200000000000000000e+01	2.549960383198219757e-02
1.580000000000000000e+15	1.200000000000000000e+01	1.636241328437974818e-02
2.000000000000000000e+15	1.200000000000000000e+01	7.537995408079306917e-03
2.510000000000000000e+15	1.200000000000000000e+01	2.723959449184244134e-04
3.160000000000000000e+15	1.200000000000000000e+01	-6.741848244517944892e-03
3.980000000000000000e+15	1.200000000000000000e+01	-1.268092628951870797e-02
5.010000000000000000e+15	1.200000000000000000e+01	-1.733342221545534217e-02
6.310000000000000000e+15	1.200000000000000000e+01	-2.071179027086180596e-02
7.940000000000000000e+15	1.200000000000000000e+01	-2.289726556029756180e-02
1.000000000000000000e+16	1.200000000000000000e+01	-2.405644985855770468e-02
1.260000000000000000e+16	1.200000000000000000e+01	-2.435479899340584412e-02
1.580000000000000000e+16	1.200000000000000000e+01	-2.400256640437841912e-02
2.000000000000000000e+16	1.200000000000000000e+01	-2.309004488130586910e-02
2.510000000000000000e+16	1.200000000000000000e+01	-2.187491390298785740e-02
3.160000000000000000e+16	1.200000000000000000e+01	-2.040344488630662853e-02
3.980000000000000000e+16	1.200000000000000000e+01	-1.879353342770984786e-02
5.010000000000000000e+16	1.200000000000000000e+01	-1.713344176931497903e-02
6.310000000000000000e+16	1.200000000000000000e+01	-1.547486252521408645e-02
7.940000000000000000e+16	1.200000000000000000e+01	-1.387454585063333835e-02
1.000000000000000000e+17	1.200000000000000000e+01	-1.234668597279071738e-02
1.000000000000000000e+11	1.400000000000000000e+01	9.980946506249761588e-06
1.258925411794166107e+11	1.400000000000000000e+01	1.257846826277854546e-05
1.584893192461110840e+11	1.400000000000000000e+01	1.586340326677245023e-05
1.995262314968882751e+11	1.400000000000000000e+01	2.002941026459651024e-05
2.511886431509582214e+11	1.400000000000000000e+01	2.533832154450100003e-05
3.162277660168379517e+11	1.400000000000000000e+01	3.215477960924110714e-05
3.981071705534969482e+11	1.400000000000000000e+01	4.099530043922769169e-05
5.011872336272714844e+11	1.400000000000000000e+01	5.255839823260196529e-05
6.309573444801943359e+11	1.400000000000000000e+01	6.738550486924564577e-05
7.943282347242821045e+11	1.400000000000000000e+01	7.878954287000897682e-05
1.000000000000000000e+12	1.400000000000000000e+01	9.098407127199819938e-05
1.260000000000000000e+12	1.400000000000000000e+01	1.125253070817343874e-04
1.580000000000000000e+12	1.400000000000000000e+01	1.387065648333430713e-04
2.000000000000000000e+12	1.400000000000000000e+01	1.725214851887100066e-04
2.510000000000000000e+12	1.400000000000000000e+01	2.150835431807307280e-04
3.160000000000000000e+12	1.400000000000000000e+01	2.719137865297441498e-04
3.980000000000000000e+12	1.400000000000000000e+01	3.417209961802244122e-04
5.010000000000000000e+12	1.400000000000000000e+01	4.283105857184544207e-04
6.310000000000000000e+12	1.400000000000000000e+01	5.394171532306407842e-04
7.940000000000000000e+12	1.400000000000000000e+01	6.785480906065119401e-04
1.000000000000000000e+13	1.400000000000000000e+01	8.529928824730857164e-04
1.260000000000000000e+13	1.400000000000000000e+01	1.073004115517160956e-03
1.580000000000000000e+13	1.400000000000000000e+01	1.345093497799505723e-03
2.000000000000000000e+13	1.400000000000000000e+01	1.701418471140437542e-03
2.510000000000000000e+13	1.400000000000000000e+01	2.135279560296591585e-03
3.160000000000000000e+13	1.400000000000000000e+01	2.691282409631700658e-03
3.980000000000000000e+13	1.400000000000000000e+01	3.390957874820964366e-03
5.010000000000000000e+13	1.400000000000000000e+01	4.262454084264657474e-03
6.310000000000000000e+13	1.400000000000000000e+01	5.359630045177679949e-03
7.940000000000000000e+13	1.400000000000000000e+01	6.744424005088629770e-03
1.000000000000000000e+14	1.400000000000000000e+01	8.546173658755705158e-03
1.260000000000000000e+14	1.400000000000000000e+01	1.096520954267092562e-02
1.580000000000000000e+14	1.400000000000000000e+01	1.419485284318331743e-02
2.000000000000000000e+14	1.400000000000000000e+01	1.870188156209045410e-02
2.510000000000000000e+14	1.400000000000000000e+01	2.418073311794401159e-02
3.160000000000000000e+14	1.400000000000000000e+01	3.016652966189843632e-02
3.980000000000000000e+14	1.400000000000000000e+01	3.570937474607575185e-02
5.010000000000000000e+14	1.400000000000000000e+01	3.965197822125839794e-02
6.310000000000000000e+14	1.400000000000000000e+01	4.031133522251379581e-02
7.940000000000000000e+14	1.400000000000000000e+01	3.732516926075814256e-02
1.000000000000000000e+15	1.400000000000000000e+01	3.329754609167119572e-02
1.260000000000000000e+15	1.400000000000000000e+01	2.670495235328831235e-02
1.580000000000000000e+15	1.400000000000000000e+01	1.880324263382616642e-02
2.000000000000000000e+15	1.400000000000000000e+01	1.109942890038830010e-02
2.510000000000000000e+15	1.400000000000000000e+01	1.820165546305816447e-03
3.160000000000000000e+15	1.400000000000000000e+01	-5.948064854377482259e-03
3.980000000000000000e+15	1.400000000000000000e+01	-1.237921095034759909e-02
5.010000000000000000e+15	1.400000000000000000e+01	-1.738102600069111464e-02
6.310000000000000000e+15	1.400000000000000000e+01	-2.101052546669427562e-02
7.940000000000000000e+15	1.400000000000000000e+01	-2.337058438446473416e-02
1.000000000000000000e+16	1.400000000000000000e+01	-2.464503225205821879e-02
1.260000000000000000e+16	1.400000000000000000e+01	-2.501129796444245476e-02
1.580000000000000000e+16	1.400000000000000000e+01	-2.469036676999863261e-02
2.000000000000000000e+16	1.400000000000000000e+01	-2.378120806194002068e-02
2.510000000000000000e+16	1.400000000000000000e+01	-2.254997644290708883e-02
3.160000000000000000e+16	1.400000000000000000e+01	-2.104735152606549559e-02
3.980000000000000000e+16	1.400000000000000000e+01	-1.939789780502464839e-02
5.010000000000000000e+16	1.400000000000000000e+01	-1.769238116904516336e-02
6.310000000000000000e+16	1.400000000000000000e+01	-1.598542473636107089e-02
7.940000000000000000e+16	1.400000000000000000e+01	-1.433658165076123411e-02
1.000000000000000000e+17	1.400000000000000000e+01	-1.276105959662462291e-02
1.000000000000000000e+11	1.600000000000000000e+01	9.707739685755143526e-06
1.258925411794166107e+11	1.600000000000000000e+01	1.223387468380248542e-05
1.584893192461110840e+11	1.600000000000000000e+01	1.542823865656324343e-05
1.995262314968882751e+11	1.600000000000000000e+01	1.947876552401571463e-05
2.511886431509582214e+11	1.600000000000000000e+01	2.463936311000252432e-05
3.162277660168379517e+11	1.600000000000000000e+01	3.126300400266937991e-05
3.981071705534969482e+11	1.600000000000000000e+01	3.984663824074931120e-05
5.011872336272714844e+11	1.600000000000000000e+01	5.105219536309867588e-05
6.309573444801943359e+11	1.600000000000000000e+01	6.532908702599983432e-05
7.943282347242821045e+11	1.600000000000000000e+01	7.540518529664033676e-05
1.000000000000000000e+12	1.600000000000000000e+01	8.714006347404556834e-05
1.260000000000000000e+12	1.600000000000000000e+01	1.097963722768950786e-04
1.580000000000000000e+12	1.600000000000000000e+01	1.372698280164419817e-04
2.000000000000000000e+12	1.600000000000000000e+01	1.722166602960724499e-04
2.510000000000000000e+12	1.600000000000000000e+01	2.135596315204188781e-04
3.160000000000000000e+12	1.600000000000000000e+01	2.669620036797742957e-04
3.980000000000000000e+12	1.600000000000000000e+01	3.365926208485703949e-04
5.010000000000000000e+12	1.600000000000000000e+01	4.244085225053363403e-04
6.310000000000000000e+12	1.600000000000000000e+01	5.338390553221099939e-04
7.940000000000000000e+12	1.600000000000000000e+01	6.708900982998028091e-04
1.000000000000000000e+13	1.600000000000000000e+01	8.440426604869304822e-04
1.260000000000000000e+13	1.600000000000000000e+01	1.064123630965249168e-03
1.580000000000000000e+13	1.600000000000000000e+01	1.333142000810404312e-03
2.000000000000000000e+13	1.600000000000000000e+01	1.687561150620889208e-03
2.510000000000000000e+13	1.600000000000000000e+01	2.120091401742771157e-03
3.160000000000000000e+13	1.600000000000000000e+01	2.670401748408334636e-03
3.980000000000000000e+13	1.600000000000000000e+01	3.362675228045975632e-03
5.010000000000000000e+13	1.600000000000000000e+01	4.225227054891623167e-03
6.310000000000000000e+13	1.600000000000000000e+01	5.307546617964751211e-03
7.940000000000000000e+13	1.600000000000000000e+01	6.690217955377364065e-03
1.000000000000000000e+14	1.600000000000000000e+01	8.491511535058650362e-03
1.260000000000000000e+14	1.600000000000000000e+01	1.089371180579571351e-02
1.580000000000000000e+14	1.600000000000000000e+01	1.409734050480701030e-02
2.000000000000000000e+14	1.600000000000000000e+01	1.861880518468864501e-02
2.510000000000000000e+14	1.600000000000000000e+01	2.395934789520143965e-02
3.160000000000000000e+14	1.600000000000000000e+01	2.979045262665004634e-02
3.980000000000000000e+14	1.600000000000000000e+01	3.509539118891206316e-02
5.010000000000000000e+14	1.600000000000000000e+01	3.847789065012080512e-02
6.310000000000000000e+14	1.600000000000000000e+01	4.012726198781262077e-02
7.940000000000000000e+14	1.600000000000000000e+01	3.850682667512248664e-02
1.000000000000000000e+15	1.600000000000000000e+01	3.219931982204681659e-02
1.260000000000000000e+15	1.600000000000000000e+01	2.554883399051322695e-02
1.580000000000000000e+15	1.600000000000000000e+01	1.758687708548942533e-02
2.000000000000000000e+15	1.600000000000000000e+01	8.002765665959055488e-03
2.510000000000000000e+15	1.600000000000000000e+01	5.718613323801328627e-04
3.160000000000000000e+15	1.600000000000000000e+01	-6.528698890002041996e-03
3.980000000000000000e+15	1.600000000000000000e+01	-1.252185160512554740e-02
5.010000000000000000e+15	1.600000000000000000e+01	-1.721154630739514524e-02
6.310000000000000000e+15	1.600000000000000000e+01	-2.061713785416862191e-02
7.940000000000000000e+15	1.600000000000000000e+01	-2.282305559935380451e-02
1.000000000000000000e+16	1.600000000000000000e+01	-2.399802604980998122e-02
1.260000000000000000e+16	1.600000000000000000e+01	-2.430867463653828275e-02
1.580000000000000000e+16	1.600000000000000000e+01	-2.396593725020363178e-02
2.000000000000000000e+16	1.600000000000000000e+01	-2.306115308754393828e-02
2.510000000000000000e+16	1.600000000000000000e+01	-2.185191460275341668e-02
3.160000000000000000e+16	1.600000000000000000e+01	-2.038486053212680560e-02
3.980000000000000000e+16	1.600000000000000000e+01	-1.877904310585109399e-02
5.010000000000000000e+16	1.600000000000000000e+01	-1.712208202784497660e-02
6.310000000000000000e+16	1.600000000000000000e+01	-1.546576525301253564e-02
7.940000000000000000e+16	1.600000000000000000e+01	-1.386729596478980184e-02
1.000000000000000000e+17	1.600000000000000000e+01	-1.234092730170275112e-02
1.000000000000000000e+11	1.800000000000000000e+01	9.570924446536293912e-06
1.258925411794166107e+11	1.800000000000000000e+01	1.206118555195252119e-05
1.584893192461110840e+11	1.800000000000000000e+01	1.520991054571701453e-05
1.995262314968882751e+11	1.800000000000000000e+01	1.920215247732169636e-05
2.511886431509582214e+11	1.800000000000000000e+01	2.428739805851491145e-05
3.162277660168379517e+11	1.800000000000000000e+01	3.081187801218808112e-05
3.981071705534969482e+11	1.800000000000000000e+01	3.926098468858579040e-05
5.011872336272714844e+11	1.800000000000000000e+01	5.029236170577039606e-05
6.309573444801943359e+11	1.800000000000000000e+01	6.423105776005581433e-05
7.943282347242821045e+11	1.800000000000000000e+01	7.331455652634871019e-05
1.000000000000000000e+12	1.800000000000000000e+01	8.592523130530707630e-05
1.260000000000000000e+12	1.800000000000000000e+01	1.095516707921017371e-04
1.580000000000000000e+12	1.800000000000000000e+01	1.355550045417948770e-04
2.000000000000000000e+12	1.800000000000000000e+01	1.705519873966063866e-04
2.510000000000000000e+12	1.800000000000000000e+01	2.140463832244837120e-04
3.160000000000000000e+12	1.800000000000000000e+01	2.677650829883282272e-04
3.980000000000000000e+12	1.800000000000000000e+01	3.365041879730088512e-04
5.010000000000000000e+12	1.800000000000000000e+01	4.232073713175407226e-04
6.310000000000000000e+12	1.800000000000000000e+01	5.330369485763567557e-04
7.940000000000000000e+12	1.800000000000000000e+01	6.721894122571223313e-04
1.000000000000000000e+13	1.800000000000000000e+01	8.465128206229410217e-04
1.260000000000000000e+13	1.800000000000000000e+01	1.063995514663778046e-03
1.580000000000000000e+13	1.800000000000000000e+01	1.333258023506646208e-03
2.000000000000000000e+13	1.800000000000000000e+01	1.688302286422217573e-03
2.510000000000000000e+13	1.800000000000000000e+01	2.118950051388994275e-03
3.160000000000000000e+13	1.800000000000000000e+01	2.669141523204876867e-03
3.980000000000000000e+13	1.800000000000000000e+01	3.362613461559316782e-03
5.010000000000000000e+13	1.800000000000000000e+01	4.226334613058889238e-03
6.310000000000000000e+13	1.800000000000000000e+01	5.314983250188693234e-03
7.940000000000000000e+13	1.800000000000000000e+01	6.685297326848257428e-03
1.000000000000000000e+14	1.800000000000000000e+01	8.463114414401409769e-03
1.260000000000000000e+14	1.800000000000000000e+01	1.087116758553829075e-02
1.580000000000000000e+14	1.800000000000000000e+01	1.408275068773710489e-02
2.000000000000000000e+14	1.800000000000000000e+01	1.856106366922130949e-02
2.510000000000000000e+14	1.800000000000000000e+01	2.401223725170788248e-02
3.160000000000000000e+14	1.800000000000000000e+01	2.994049918511143202e-02
3.980000000000000000e+14	1.800000000000000000e+01	3.541859479508750047e-02
5.010000000000000000e+14	1.800000000000000000e+01	3.933439998129997089e-02
6.310000000000000000e+14	1.800000000000000000e+01	3.917560801913699819e-02
7.940000000000000000e+14	1.800000000000000000e+01	3.742662297801609139e-02
1.000000000000000000e+15	1.800000000000000000e+01	3.358273344883851153e-02
1.260000000000000000e+15	1.800000000000000000e+01	2.471305696745911343e-02
1.580000000000000000e+15	1.800000000000000000e+01	1.640737604573302283e-02
2.000000000000000000e+15	1.800000000000000000e+01	8.774857432489674772e-03
2.510000000000000000e+15	1.800000000000000000e+01	7.654302080850276108e-04
3.160000000000000000e+15	1.800000000000000000e+01	-6.425326833400909349e-03
3.980000000000000000e+15	1.800000000000000000e+01	-1.245522142751286782e-02
5.010000000000000000e+15	1.800000000000000000e+01	-1.716461238315946866e-02
6.310000000000000000e+15	1.800000000000000000e+01	-2.058245981080569775e-02
7.940000000000000000e+15	1.800000000000000000e+01	-2.279632338899514887e-02
1.000000000000000000e+16	1.800000000000000000e+01	-2.397765048947443633e-02
1.260000000000000000e+16	1.800000000000000000e+01	-2.429277048584865470e-02
1.580000000000000000e+16	1.800000000000000000e+01	-2.395336870677090835e-02
2.000000000000000000e+16	1.800000000000000000e+01	-2.305130725802469194e-02
2.510000000000000000e+16	1.800000000000000000e+01	-2.184409519135278172e-02
3.160000000000000000e+16	1.800000000000000000e+01	-2.037865949711540128e-02
3.980000000000000000e+16	1.800000000000000000e+01	-1.877416352968463639e-02
5.010000000000000000e+16	1.800000000000000000e+01	-1.711819896392085746e-02
6.310000000000000000e+16	1.800000000000000000e+01	-1.546269454466356504e-02
7.940000000000000000e+16	1.800000000000000000e+01	-1.386483802743264729e-02
1.000000000000000000e+17	1.800000000000000000e+01	-1.233903511403132772e-02
1.000000000000000000e+11	2.000000000000000000e+01	9.460173710014879191e-06
1.258925411794166107e+11	2.000000000000000000e+01	1.192143875461702590e-05
1.584893192461110840e+11	2.000000000000000000e+01	1.503333362682220506e-05
1.995262314968882751e+11	2.000000000000000000e+01	1.897854169963482856e-05
2.511886431509582214e+11	2.000000000000000000e+01	2.400364651829721158e-05
3.162277660168379517e+11	2.000000000000000000e+01	3.044858443174561357e-05
3.981071705534969482e+11	2.000000000000000000e+01	3.879209778940307112e-05
5.011872336272714844e+11	2.000000000000000000e+01	4.967755656326761272e-05
6.309573444801943359e+11	2.000000000000000000e+01	6.340039044210217523e-05
7.943282347242821045e+11	2.000000000000000000e+01	7.217345088896570562e-05
1.000000000000000000e+12	2.000000000000000000e+01	8.302403413669170670e-05
1.260000000000000000e+12	2.000000000000000000e+01	1.075359179505380980e-04
1.580000000000000000e+12	2.000000000000000000e+01	1.357769372110894930e-04
2.000000000000000000e+12	2.000000000000000000e+01	1.704569262293815590e-04
2.510000000000000000e+12	2.000000000000000000e+01	2.134036114741643016e-04
3.160000000000000000e+12	2.000000000000000000e+01	2.688439106096106117e-04
3.980000000000000000e+12	2.000000000000000000e+01	3.372171716757425310e-04
5.010000000000000000e+12	2.000000000000000000e+01	4.237968547630103101e-04
6.310000000000000000e+12	2.000000000000000000e+01	5.343373183827974113e-04
7.940000000000000000e+12	2.000000000000000000e+01	6.717683784483816783e-04
1.000000000000000000e+13	2.000000000000000000e+01	8.460041924048245215e-04
1.260000000000000000e+13	2.000000000000000000e+01	1.064799482617418856e-03
1.580000000000000000e+13	2.000000000000000000e+01	1.334713377607488422e-03
2.000000000000000000e+13	2.000000000000000000e+01	1.689888486442700857e-03
2.510000000000000000e+13	2.000000000000000000e+01	2.122371395615757234e-03
3.160000000000000000e+13	2.000000000000000000e+01	2.674632071630118207e-03
3.980000000000000000e+13	2.000000000000000000e+01	3.368431310098564304e-03
5.010000000000000000e+13	2.000000000000000000e+01	4.232557583567890698e-03
6.310000000000000000e+13	2.000000000000000000e+01	5.317147736763425808e-03
7.940000000000000000e+13	2.000000000000000000e+01	6.694865153127198786e-03
1.000000000000000000e+14	2.000000000000000000e+01	8.503749478864968195e-03
1.260000000000000000e+14	2.000000000000000000e+01	1.091032470304320601e-02
1.580000000000000000e+14	2.000000000000000000e+01	1.410837309196447641e-02
2.000000000000000000e+14	2.000000000000000000e+01	1.857678954435972377e-02
2.510000000000000000e+14	2.000000000000000000e+01	2.396354825144379405e-02
3.160000000000000000e+14	2.000000000000000000e+01	3.004526798443312580e-02
3.980000000000000000e+14	2.000000000000000000e+01	3.548540141346879367e-02
5.010000000000000000e+14	2.000000000000000000e+01	3.869019550465109536e-02
6.310000000000000000e+14	2.000000000000000000e+01	4.015231830822719311e-02
7.940000000000000000e+14	2.000000000000000000e+01	3.807873300554961288e-02
1.000000000000000000e+15	2.000000000000000000e+01	3.296370513832251603e-02
1.260000000000000000e+15	2.000000000000000000e+01	2.790149833412212260e-02
1.580000000000000000e+15	2.000000000000000000e+01	2.020251265804649463e-02
2.000000000000000000e+15	2.000000000000000000e+01	1.047924596517518792e-02
2.510000000000000000e+15	2.000000000000000000e+01	1.739065801517022817e-03
3.160000000000000000e+15	2.000000000000000000e+01	-5.965897942336468793e-03
3.980000000000000000e+15	2.000000000000000000e+01	-1.237966679856573361e-02
5.010000000000000000e+15	2.000000000000000000e+01	-1.737628516182571081e-02
6.310000000000000000e+15	2.000000000000000000e+01	-2.100459705721320972e-02
7.940000000000000000e+15	2.000000000000000000e+01	-2.336489629355764652e-02
1.000000000000000000e+16	2.000000000000000000e+01	-2.464005695307436641e-02
1.260000000000000000e+16	2.000000000000000000e+01	-2.500711765778203255e-02
1.580000000000000000e+16	2.000000000000000000e+01	-2.468683886535698313e-02
2.000000000000000000e+16	2.000000000000000000e+01	-2.377844841160808853e-02
2.510000000000000000e+16	2.000000000000000000e+01	-2.254778949705751878e-02
3.160000000000000000e+16	2.000000000000000000e+01	-2.104610246959230310e-02
3.980000000000000000e+16	2.000000000000000000e+01	-1.939643831326816337e-02
5.010000000000000000e+16	2.000000000000000000e+01	-1.769127153840554037e-02
6.310000000000000000e+16	2.000000000000000000e+01	-1.598449473830572051e-02
7.940000000000000000e+16	2.000000000000000000e+01	-1.433586540796192611e-02
1.000000000000000000e+17	2.000000000000000000e+01	-1.276048503078573010e-02
1.000000000000000000e+11	2.200000000000000000e+01	9.288241341861339548e-06
1.258925411794166107e+11	2.200000000000000000e+01	1.170453281379345371e-05
1.584893192461110840e+11	2.200000000000000000e+01	1.475944064809728570e-05
1.995262314968882751e+11	2.200000000000000000e+01	1.863200912105112355e-05
2.511886431509582214e+11	2.200000000000000000e+01	2.356323500963221885e-05
3.162277660168379517e+11	2.200000000000000000e+01	2.988665381155615922e-05
3.981071705534969482e+11	2.200000000000000000e+01	3.807288428392433487e-05
5.011872336272714844e+11	2.200000000000000000e+01	4.872102613919318276e-05
6.309573444801943359e+11	2.200000000000000000e+01	6.209817063639775324e-05
7.943282347242821045e+11	2.200000000000000000e+01	6.992162851733372912e-05
1.000000000000000000e+12	2.200000000000000000e+01	8.129064282828831021e-05
1.260000000000000000e+12	2.200000000000000000e+01	1.058968808711278881e-04
1.580000000000000000e+12	2.200000000000000000e+01	1.332512290632854586e-04
2.000000000000000000e+12	2.200000000000000000e+01	1.688025585114955843e-04
2.510000000000000000e+12	2.200000000000000000e+01	2.119151401570713530e-04
3.160000000000000000e+12	2.200000000000000000e+01	2.669407955497646442e-04
3.980000000000000000e+12	2.200000000000000000e+01	3.369627638830091513e-04
5.010000000000000000e+12	2.200000000000000000e+01	4.238156709447188581e-04
6.310000000000000000e+12	2.200000000000000000e+01	5.328289119527041635e-04
7.940000000000000000e+12	2.200000000000000000e+01	6.695320649706091058e-04
1.000000000000000000e+13	2.200000000000000000e+01	8.422331174394899478e-04
1.260000000000000000e+13	2.200000000000000000e+01	1.060953970422704763e-03
1.580000000000000000e+13	2.200000000000000000e+01	1.331427447322901638e-03
2.000000000000000000e+13	2.200000000000000000e+01	1.685399873728413590e-03
2.510000000000000000e+13	2.200000000000000000e+01	2.115105570693871437e-03
3.160000000000000000e+13	2.200000000000000000e+01	2.664434737788691498e-03
3.980000000000000000e+13	2.200000000000000000e+01	3.356892293260174600e-03
5.010000000000000000e+13	2.200000000000000000e+01	4.222004122471451938e-03
6.310000000000000000e+13	2.200000000000000000e+01	5.296933449976418302e-03
7.940000000000000000e+13	2.200000000000000000e+01	6.667509610328845038e-03
1.000000000000000000e+14	2.200000000000000000e+01	8.456192932812018129e-03
1.260000000000000000e+14	2.200000000000000000e+01	1.085188608277759710e-02
1.580000000000000000e+14	2.200000000000000000e+01	1.405495412610976470e-02
2.000000000000000000e+14	2.200000000000000000e+01	1.852206561049950240e-02
2.510000000000000000e+14	2.200000000000000000e+01	2.395858898785022811e-02
3.160000000000000000e+14	2.200000000000000000e+01	2.989376640364732607e-02
3.980000000000000000e+14	2.200000000000000000e+01	3.506537719178097479e-02
5.010000000000000000e+14	2.200000000000000000e+01	3.854151620233617348e-02
6.310000000000000000e+14	2.200000000000000000e+01	4.033308194178752970e-02
7.940000000000000000e+14	2.200000000000000000e+01	3.870884741450195815e-02
1.000000000000000000e+15	2.200000000000000000e+01	3.289158646627095284e-02
1.260000000000000000e+15	2.200000000000000000e+01	2.458139225092745642e-02
1.580000000000000000e+15	2.200000000000000000e+01	1.634752485525233986e-02
2.000000000000000000e+15	2.200000000000000000e+01	8.741377012466401003e-03
2.510000000000000000e+15	2.200000000000000000e+01	7.437241060488036055e-04
3.160000000000000000e+15	2.200000000000000000e+01	-6.440416193074268401e-03
3.980000000000000000e+15	2.200000000000000000e+01	-1.246622130618660514e-02
5.010000000000000000e+15	2.200000000000000000e+01	-1.717288678797677243e-02
6.310000000000000000e+15	2.200000000000000000e+01	-2.058881486046796466e-02
7.940000000000000000e+15	2.200000000000000000e+01	-2.280162409512571930e-02
1.000000000000000000e+16	2.200000000000000000e+01	-2.398151451817344751e-02
1.260000000000000000e+16	2.200000000000000000e+01	-2.429581492327921935e-02
1.580000000000000000e+16	2.200000000000000000e+01	-2.395580192936138872e-02
2.000000000000000000e+16	2.200000000000000000e+01	-2.305319939343149910e-02
2.510000000000000000e+16	2.200000000000000000e+01	-2.184561519062030652e-02
3.160000000000000000e+16	2.200000000000000000e+01	-2.037986620969490376e-02
3.980000000000000000e+16	2.200000000000000000e+01	-1.877508912709140165e-02
5.010000000000000000e+16	2.200000000000000000e+01	-1.711895403782191794e-02
6.310000000000000000e+16	2.200000000000000000e+01	-1.546325275202197792e-02
7.940000000000000000e+16	2.200000000000000000e+01	-1.386530452824181504e-02
1.000000000000000000e+17	2.200000000000000000e+01	-1.233936073684183121e-02
1.000000000000000000e+11	2.400000000000000000e+01	9.358466365049540541e-06
1.258925411794166107e+11	2.400000000000000000e+01	1.179267942028617354e-05
1.584893192461110840e+11	2.400000000000000000e+01	1.486984038285129995e-05
1.995262314968882751e+11	2.400000000000000000e+01	1.876980375693150746e-05
2.511886431509582214e+11	2.400000000000000000e+01	2.373443808381092341e-05
3.162277660168379517e+11	2.400000000000000000e+01	3.009749539137062874e-05
3.981071705534969482e+11	2.400000000000000000e+01	3.832212538203440922e-05
5.011872336272714844e+11	2.400000000000000000e+01	4.901866887863526328e-05
6.309573444801943359e+11	2.400000000000000000e+01	6.237985902627466730e-05
7.943282347242821045e+11	2.400000000000000000e+01	6.971828451010076680e-05
1.000000000000000000e+12	2.400000000000000000e+01	8.229371306107158041e-05
1.260000000000000000e+12	2.400000000000000000e+01	1.084286618947233560e-04
1.580000000000000000e+12	2.400000000000000000e+01	1.354475821112751364e-04
2.000000000000000000e+12	2.400000000000000000e+01	1.714268696925556239e-04
2.510000000000000000e+12	2.400000000000000000e+01	2.156921307687438094e-04
3.160000000000000000e+12	2.400000000000000000e+01	2.709277520302059744e-04
3.980000000000000000e+12	2.400000000000000000e+01	3.394062660076006539e-04
5.010000000000000000e+12	2.400000000000000000e+01	4.265013528745125707e-04
6.310000000000000000e+12	2.400000000000000000e+01	5.369013447386970089e-04
7.940000000000000000e+12	2.400000000000000000e+01	6.762678100344223864e-04
1.000000000000000000e+13	2.400000000000000000e+01	8.521340060956385850e-04
1.260000000000000000e+13	2.400000000000000000e+01	1.072850295275681485e-03
1.580000000000000000e+13	2.400000000000000000e+01	1.345123943548839907e-03
2.000000000000000000e+13	2.400000000000000000e+01	1.703893855884622017e-03
2.510000000000000000e+13	2.400000000000000000e+01	2.139443457855226376e-03
3.160000000000000000e+13	2.400000000000000000e+01	2.693789897844508195e-03
3.980000000000000000e+13	2.400000000000000000e+01	3.392557800148336081e-03
5.010000000000000000e+13	2.400000000000000000e+01	4.263721412949098358e-03
6.310000000000000000e+13	2.400000000000000000e+01	5.367286806231331454e-03
7.940000000000000000e+13	2.400000000000000000e+01	6.749741865471264174e-03
1.000000000000000000e+14	2.400000000000000000e+01	8.557037602104229299e-03
1.260000000000000000e+14	2.400000000000000000e+01	1.098964127734148449e-02
1.580000000000000000e+14	2.400000000000000000e+01	1.421537825830978923e-02
2.000000000000000000e+14	2.400000000000000000e+01	1.879150346548808317e-02
2.510000000000000000e+14	2.400000000000000000e+01	2.417535023428321606e-02
3.160000000000000000e+14	2.400000000000000000e+01	3.000907813449082626e-02
3.980000000000000000e+14	2.400000000000000000e+01	3.551107125806923781e-02
5.010000000000000000e+14	2.400000000000000000e+01	3.978037507294587827e-02
6.310000000000000000e+14	2.400000000000000000e+01	4.046968116247103703e-02
7.940000000000000000e+14	2.400000000000000000e+01	3.702345978926506465e-02
1.000000000000000000e+15	2.400000000000000000e+01	3.260299994500043957e-02
1.260000000000000000e+15	2.400000000000000000e+01	2.768104796062304668e-02
1.580000000000000000e+15	2.400000000000000000e+01	2.004816444781890722e-02
2.000000000000000000e+15	2.400000000000000000e+01	1.036623287940886123e-02
2.510000000000000000e+15	2.400000000000000000e+01	1.652836328522103810e-03
3.160000000000000000e+15	2.400000000000000000e+01	-6.031783907422506689e-03
3.980000000000000000e+15	2.400000000000000000e+01	-1.243172326586065163e-02
5.010000000000000000e+15	2.400000000000000000e+01	-1.741722397330053643e-02
6.310000000000000000e+15	2.400000000000000000e+01	-2.103689339285196719e-02
7.940000000000000000e+15	2.400000000000000000e+01	-2.338995012632750711e-02
1.000000000000000000e+16	2.400000000000000000e+01	-2.466030126131481606e-02
1.260000000000000000e+16	2.400000000000000000e+01	-2.502316596959832523e-02
1.580000000000000000e+16	2.400000000000000000e+01	-2.469976118317674177e-02
2.000000000000000000e+16	2.400000000000000000e+01	-2.378852334625676870e-02
2.510000000000000000e+16	2.400000000000000000e+01	-2.255577028658948407e-02
3.160000000000000000e+16	2.400000000000000000e+01	-2.105213015738283122e-02
3.980000000000000000e+16	2.400000000000000000e+01	-1.940153336887496735e-02
5.010000000000000000e+16	2.400000000000000000e+01	-1.769550925519412440e-02
6.310000000000000000e+16	2.400000000000000000e+01	-1.598771484636286530e-02
7.940000000000000000e+16	2.400000000000000000e+01	-1.433840665876926282e-02
1.000000000000000000e+17	2.400000000000000000e+01	-1.276250220764119266e-02
