1.000000000000000000e+11	5.000000000000000000e-01	1.834943109690955008e-05
1.258925411794166107e+11	5.000000000000000000e-01	2.312527880070867824e-05
1.584893192461110840e+11	5.000000000000000000e-01	2.916475986531776298e-05
1.995262314968882751e+11	5.000000000000000000e-01	3.682271242180983962e-05
2.511886431509582214e+11	5.000000000000000000e-01	4.657805275574706388e-05
3.162277660168379517e+11	5.000000000000000000e-01	5.910054671201843678e-05
3.981071705534969482e+11	5.000000000000000000e-01	7.536565947299618475e-05
5.011872336272714844e+11	5.000000000000000000e-01	9.686349486835302617e-05
6.309573444801943359e+11	5.000000000000000000e-01	1.259199268053941745e-04
7.943282347242821045e+11	5.000000000000000000e-01	1.662797137433461351e-04
1.000000000000000000e+12	5.000000000000000000e-01	1.915005481301073221e-04
1.260000000000000000e+12	5.000000000000000000e-01	2.040722227199349092e-04
1.580000000000000000e+12	5.000000000000000000e-01	2.367795728689731831e-04
2.000000000000000000e+12	5.000000000000000000e-01	2.855505582220489637e-04
2.510000000000000000e+12	5.000000000000000000e-01	3.474266266792140189e-04
3.160000000000000000e+12	5.000000000000000000e-01	4.284011854422072377e-04
3.980000000000000000e+12	5.000000000000000000e-01	5.320109246065416906e-04
5.010000000000000000e+12	5.000000000000000000e-01	6.630810556874490534e-04
6.310000000000000000e+12	5.000000000000000000e-01	8.299324373063053390e-04
7.940000000000000000e+12	5.000000000000000000e-01	1.041312807629046723e-03
1.000000000000000000e+13	5.000000000000000000e-01	1.311561197528761727e-03
1.260000000000000000e+13	5.000000000000000000e-01	1.654505192497089574e-03
1.580000000000000000e+13	5.000000000000000000e-01	2.078718255166704405e-03
2.000000000000000000e+13	5.000000000000000000e-01	2.643014701048944544e-03
2.510000000000000000e+13	5.000000000000000000e-01	3.334053187385805240e-03
3.160000000000000000e+13	5.000000000000000000e-01	4.192070913822214945e-03
3.980000000000000000e+13	5.000000000000000000e-01	5.189736208328634207e-03
5.010000000000000000e+13	5.000000000000000000e-01	6.259628733045028044e-03
6.310000000000000000e+13	5.000000000000000000e-01	7.358286296095944978e-03
7.940000000000000000e+13	5.000000000000000000e-01	8.523550823457464939e-03
1.000000000000000000e+14	5.000000000000000000e-01	9.919685503321980583e-03
1.260000000000000000e+14	5.000000000000000000e-01	1.182338429226188065e-02
1.580000000000000000e+14	5.000000000000000000e-01	1.451515370002493151e-02
2.000000000000000000e+14	5.000000000000000000e-01	1.852970764698215825e-02
2.510000000000000000e+14	5.000000000000000000e-01	2.355241514487799517e-02
3.160000000000000000e+14	5.000000000000000000e-01	2.919257881282678879e-02
3.980000000000000000e+14	5.000000000000000000e-01	3.441623186985067612e-02
5.010000000000000000e+14	5.000000000000000000e-01	3.793280962589801186e-02
6.310000000000000000e+14	5.000000000000000000e-01	3.881565793232286815e-02
7.940000000000000000e+14	5.000000000000000000e-01	3.671170190549669782e-02
1.000000000000000000e+15	5.000000000000000000e-01	3.193778465966148894e-02
1.260000000000000000e+15	5.000000000000000000e-01	2.501098131868674870e-02
1.580000000000000000e+15	5.000000000000000000e-01	1.689156070550088332e-02
2.000000000000000000e+15	5.000000000000000000e-01	8.486018413192273485e-03
2.510000000000000000e+15	5.000000000000000000e-01	4.328791843561648287e-04
3.160000000000000000e+15	5.000000000000000000e-01	-6.885686991384860726e-03
3.980000000000000000e+15	5.000000000000000000e-01	-1.302979845569351459e-02
5.010000000000000000e+15	5.000000000000000000e-01	-1.782846761069215372e-02
6.310000000000000000e+15	5.000000000000000000e-01	-2.130812722434137843e-02
7.940000000000000000e+15	5.000000000000000000e-01	-2.355732409513227807e-02
1.000000000000000000e+16	5.000000000000000000e-01	-2.474948605428537243e-02
1.260000000000000000e+16	5.000000000000000000e-01	-2.505569939676863950e-02
1.580000000000000000e+16	5.000000000000000000e-01	-2.469265273805179225e-02
2.000000000000000000e+16	5.000000000000000000e-01	-2.375327660535575883e-02
2.510000000000000000e+16	5.000000000000000000e-01	-2.250275968091302800e-02
3.160000000000000000e+16	5.000000000000000000e-01	-2.098835410330723850e-02
3.980000000000000000e+16	5.000000000000000000e-01	-1.933228774614853887e-02
5.010000000000000000e+16	5.000000000000000000e-01	-1.762457813609230942e-02
6.310000000000000000e+16	5.000000000000000000e-01	-1.591761732890855166e-02
7.940000000000000000e+16	5.000000000000000000e-01	-1.427187391352699453e-02
1.000000000000000000e+17	5.000000000000000000e-01	-1.270021561794886997e-02
1.000000000000000000e+11	1.500000000000000000e+00	1.560415993758957842e-05
1.258925411794166107e+11	1.500000000000000000e+00	1.966645107326094158e-05
1.584893192461110840e+11	1.500000000000000000e+00	2.480466277238365841e-05
1.995262314968882751e+11	1.500000000000000000e+00	3.132194606132455002e-05
2.511886431509582214e+11	1.500000000000000000e+00	3.962914278827684464e-05
3.162277660168379517e+11	1.500000000000000000e+00	5.030180022874584180e-05
3.981071705534969482e+11	1.500000000000000000e+00	6.417958779396519032e-05
5.011872336272714844e+11	1.500000000000000000e+00	8.252932803235701030e-05
6.309573444801943359e+11	1.500000000000000000e+00	1.072074738822523054e-04
7.943282347242821045e+11	1.500000000000000000e+00	1.394207432157676732e-04
1.000000000000000000e+12	1.500000000000000000e+00	1.597479439664872120e-04
1.260000000000000000e+12	1.500000000000000000e+00	1.725504495111928010e-04
1.580000000000000000e+12	1.500000000000000000e+00	2.014053574899812079e-04
2.000000000000000000e+12	1.500000000000000000e+00	2.433345498022262325e-04
2.510000000000000000e+12	1.500000000000000000e+00	2.969667001945205985e-04
3.160000000000000000e+12	1.500000000000000000e+00	3.670759146031089240e-04
3.980000000000000000e+12	1.500000000000000000e+00	4.570832715082489357e-04
5.010000000000000000e+12	1.500000000000000000e+00	5.712948734115208104e-04
6.310000000000000000e+12	1.500000000000000000e+00	7.163074270118477676e-04
7.940000000000000000e+12	1.500000000000000000e+00	8.996798316897476871e-04
1.000000000000000000e+13	1.500000000000000000e+00	1.132925822193811853e-03
1.260000000000000000e+13	1.500000000000000000e+00	1.428267428505257527e-03
1.580000000000000000e+13	1.500000000000000000e+00	1.793532266873935519e-03
2.000000000000000000e+13	1.500000000000000000e+00	2.278704784998956349e-03
2.510000000000000000e+13	1.500000000000000000e+00	2.873744982017654385e-03
3.160000000000000000e+13	1.500000000000000000e+00	3.623089331932330057e-03
3.980000000000000000e+13	1.500000000000000000e+00	4.520190040982184111e-03
5.010000000000000000e+13	1.500000000000000000e+00	5.533145543492751402e-03
6.310000000000000000e+13	1.500000000000000000e+00	6.653173356001767201e-03
7.940000000000000000e+13	1.500000000000000000e+00	7.919839800240184580e-03
1.000000000000000000e+14	1.500000000000000000e+00	9.451944289543297642e-03
1.260000000000000000e+14	1.500000000000000000e+00	1.153896534744554975e-02
1.580000000000000000e+14	1.500000000000000000e+00	1.442230003557223514e-02
2.000000000000000000e+14	1.500000000000000000e+00	1.856407074984140274e-02
2.510000000000000000e+14	1.500000000000000000e+00	2.371891497932591616e-02
3.160000000000000000e+14	1.500000000000000000e+00	2.951151107311909480e-02
3.980000000000000000e+14	1.500000000000000000e+00	3.484594347588305940e-02
5.010000000000000000e+14	1.500000000000000000e+00	3.835002200937222272e-02
6.310000000000000000e+14	1.500000000000000000e+00	3.911637073248119129e-02
7.940000000000000000e+14	1.500000000000000000e+00	3.693515691237055781e-02
1.000000000000000000e+15	1.500000000000000000e+00	3.199236565441483660e-02
1.260000000000000000e+15	1.500000000000000000e+00	2.519300317785969773e-02
1.580000000000000000e+15	1.500000000000000000e+00	1.728821582878780835e-02
2.000000000000000000e+15	1.500000000000000000e+00	8.722352707119086432e-03
2.510000000000000000e+15	1.500000000000000000e+00	6.433201028922455730e-04
3.160000000000000000e+15	1.500000000000000000e+00	-6.675031655453928653e-03
3.980000000000000000e+15	1.500000000000000000e+00	-1.281304032047855639e-02
5.010000000000000000e+15	1.500000000000000000e+00	-1.760569885261789244e-02
6.310000000000000000e+15	1.500000000000000000e+00	-2.108223343930311702e-02
7.940000000000000000e+15	1.500000000000000000e+00	-2.333173822109897017e-02
1.000000000000000000e+16	1.500000000000000000e+00	-2.452884180726556951e-02
1.260000000000000000e+16	1.500000000000000000e+00	-2.484306862813407887e-02
1.580000000000000000e+16	1.500000000000000000e+00	-2.449040477201485516e-02
2.000000000000000000e+16	1.500000000000000000e+00	-2.356403420130759319e-02
2.510000000000000000e+16	1.500000000000000000e+00	-2.232714510213932788e-02
3.160000000000000000e+16	1.500000000000000000e+00	-2.082765990624108055e-02
3.980000000000000000e+16	1.500000000000000000e+00	-1.918589556818034447e-02
5.010000000000000000e+16	1.500000000000000000e+00	-1.749236961778431396e-02
6.310000000000000000e+16	1.500000000000000000e+00	-1.579994569773629162e-02
7.940000000000000000e+16	1.500000000000000000e+00	-1.416667822438309396e-02
1.000000000000000000e+17	1.500000000000000000e+00	-1.260716825879024811e-02
1.000000000000000000e+11	2.500000000000000000e+00	1.411186316394450085e-05
1.258925411794166107e+11	2.500000000000000000e+00	1.778565171269514891e-05
1.584893192461110840e+11	2.500000000000000000e+00	2.243196616751129058e-05
1.995262314968882751e+11	2.500000000000000000e+00	2.832551901910966002e-05
2.511886431509582214e+11	2.500000000000000000e+00	3.583756598398432565e-05
3.162277660168379517e+11	2.500000000000000000e+00	4.548780417449488513e-05
3.981071705534969482e+11	2.500000000000000000e+00	5.803087874968109264e-05
5.011872336272714844e+11	2.500000000000000000e+00	7.460321849329393663e-05
6.309573444801943359e+11	2.500000000000000000e+00	9.665668950262320039e-05
7.943282347242821045e+11	2.500000000000000000e+00	1.233569261223360766e-04
1.000000000000000000e+12	2.500000000000000000e+00	1.417933876517755640e-04
1.260000000000000000e+12	2.500000000000000000e+00	1.566908608969604013e-04
1.580000000000000000e+12	2.500000000000000000e+00	1.842649075056420954e-04
2.000000000000000000e+12	2.500000000000000000e+00	2.243786925707039507e-04
2.510000000000000000e+12	2.500000000000000000e+00	2.749089087229981401e-04
3.160000000000000000e+12	2.500000000000000000e+00	3.409416567516624806e-04
3.980000000000000000e+12	2.500000000000000000e+00	4.252986221461554006e-04
5.010000000000000000e+12	2.500000000000000000e+00	5.320390212607851175e-04
6.310000000000000000e+12	2.500000000000000000e+00	6.681013584346673015e-04
7.940000000000000000e+12	2.500000000000000000e+00	8.395059876633997886e-04
1.000000000000000000e+13	2.500000000000000000e+00	1.056893434867161316e-03
1.260000000000000000e+13	2.500000000000000000e+00	1.331970320256980036e-03
1.580000000000000000e+13	2.500000000000000000e+00	1.672733981751570696e-03
2.000000000000000000e+13	2.500000000000000000e+00	2.125279894779952272e-03
2.510000000000000000e+13	2.500000000000000000e+00	2.676721749231191806e-03
3.160000000000000000e+13	2.500000000000000000e+00	3.375402069459012330e-03
3.980000000000000000e+13	2.500000000000000000e+00	4.224952806229130900e-03
5.010000000000000000e+13	2.500000000000000000e+00	5.208084617406035129e-03
6.310000000000000000e+13	2.500000000000000000e+00	6.323772830921645799e-03
7.940000000000000000e+13	2.500000000000000000e+00	7.621119406757957161e-03
1.000000000000000000e+14	2.500000000000000000e+00	9.269298483475411216e-03
1.260000000000000000e+14	2.500000000000000000e+00	1.142647942949447278e-02
1.580000000000000000e+14	2.500000000000000000e+00	1.433195756586824743e-02
2.000000000000000000e+14	2.500000000000000000e+00	1.857889635762679723e-02
2.510000000000000000e+14	2.500000000000000000e+00	2.377369593674832915e-02
3.160000000000000000e+14	2.500000000000000000e+00	2.949336905561087893e-02
3.980000000000000000e+14	2.500000000000000000e+00	3.479718404528321651e-02
5.010000000000000000e+14	2.500000000000000000e+00	3.840534985946273544e-02
6.310000000000000000e+14	2.500000000000000000e+00	3.934787804714822562e-02
7.940000000000000000e+14	2.500000000000000000e+00	3.751480212111726192e-02
1.000000000000000000e+15	2.500000000000000000e+00	3.262560341857256851e-02
1.260000000000000000e+15	2.500000000000000000e+00	2.552828651599065718e-02
1.580000000000000000e+15	2.500000000000000000e+00	1.752525170436190424e-02
2.000000000000000000e+15	2.500000000000000000e+00	8.898074286882719577e-03
2.510000000000000000e+15	2.500000000000000000e+00	7.790084418824748174e-04
3.160000000000000000e+15	2.500000000000000000e+00	-6.569800258484897321e-03
3.980000000000000000e+15	2.500000000000000000e+00	-1.273054529866727951e-02
5.010000000000000000e+15	2.500000000000000000e+00	-1.754055569967843259e-02
6.310000000000000000e+15	2.500000000000000000e+00	-2.103085338783185904e-02
7.940000000000000000e+15	2.500000000000000000e+00	-2.329089648689546335e-02
1.000000000000000000e+16	2.500000000000000000e+00	-2.449658166603715936e-02
1.260000000000000000e+16	2.500000000000000000e+00	-2.481749325363508465e-02
1.580000000000000000e+16	2.500000000000000000e+00	-2.447002571247663613e-02
2.000000000000000000e+16	2.500000000000000000e+00	-2.354794168051032102e-02
2.510000000000000000e+16	2.500000000000000000e+00	-2.231432685874838728e-02
3.160000000000000000e+16	2.500000000000000000e+00	-2.081706008277513578e-02
3.980000000000000000e+16	2.500000000000000000e+00	-1.917782829319699886e-02
5.010000000000000000e+16	2.500000000000000000e+00	-1.748608156939698496e-02
6.310000000000000000e+16	2.500000000000000000e+00	-1.579487345240147139e-02
7.940000000000000000e+16	2.500000000000000000e+00	-1.416263049167271540e-02
1.000000000000000000e+17	2.500000000000000000e+00	-1.260395297366706871e-02
1.000000000000000000e+11	3.500000000000000000e+00	1.303307854349205201e-05
1.258925411794166107e+11	3.500000000000000000e+00	1.642554001237957621e-05
1.584893192461110840e+11	3.500000000000000000e+00	2.071599430814444670e-05
1.995262314968882751e+11	3.500000000000000000e+00	2.615790762824262753e-05
2.511886431509582214e+11	3.500000000000000000e+00	3.309289421115827303e-05
3.162277660168379517e+11	3.500000000000000000e+00	4.199934798691936592e-05
3.981071705534969482e+11	3.500000000000000000e+00	5.356796937851058545e-05
5.011872336272714844e+11	3.500000000000000000e+00	6.881499700576244926e-05
6.309573444801943359e+11	3.500000000000000000e+00	8.893964413760565061e-05
7.943282347242821045e+11	3.500000000000000000e+00	1.114812658596843503e-04
1.000000000000000000e+12	3.500000000000000000e+00	1.280881428087041771e-04
1.260000000000000000e+12	3.500000000000000000e+00	1.452543544912579781e-04
1.580000000000000000e+12	3.500000000000000000e+00	1.730376286768640025e-04
2.000000000000000000e+12	3.500000000000000000e+00	2.119906533206732579e-04
2.510000000000000000e+12	3.500000000000000000e+00	2.610456651801248539e-04
3.160000000000000000e+12	3.500000000000000000e+00	3.242167373247730150e-04
3.980000000000000000e+12	3.500000000000000000e+00	4.050060898970491330e-04
5.010000000000000000e+12	3.500000000000000000e+00	5.073000907769659390e-04
6.310000000000000000e+12	3.500000000000000000e+00	6.368764410907129785e-04
7.940000000000000000e+12	3.500000000000000000e+00	8.004817181141769778e-04
1.000000000000000000e+13	3.500000000000000000e+00	1.007867090158977037e-03
1.260000000000000000e+13	3.500000000000000000e+00	1.269839181369473947e-03
1.580000000000000000e+13	3.500000000000000000e+00	1.593360603453760098e-03
2.000000000000000000e+13	3.500000000000000000e+00	2.022884129417105471e-03
2.510000000000000000e+13	3.500000000000000000e+00	2.549457450503390867e-03
3.160000000000000000e+13	3.500000000000000000e+00	3.216470093886985779e-03
3.980000000000000000e+13	3.500000000000000000e+00	4.035749322756134252e-03
5.010000000000000000e+13	3.500000000000000000e+00	5.001009499342856830e-03
6.310000000000000000e+13	3.500000000000000000e+00	6.134725723436066855e-03
7.940000000000000000e+13	3.500000000000000000e+00	7.456130061295767990e-03
1.000000000000000000e+14	3.500000000000000000e+00	9.100434841704837033e-03
1.260000000000000000e+14	3.500000000000000000e+00	1.131098194855079814e-02
1.580000000000000000e+14	3.500000000000000000e+00	1.431313279928958168e-02
2.000000000000000000e+14	3.500000000000000000e+00	1.859732924498070164e-02
2.510000000000000000e+14	3.500000000000000000e+00	2.382727730055325330e-02
3.160000000000000000e+14	3.500000000000000000e+00	2.967608644326354475e-02
3.980000000000000000e+14	3.500000000000000000e+00	3.493578058439034129e-02
5.010000000000000000e+14	3.500000000000000000e+00	3.865004924013377280e-02
6.310000000000000000e+14	3.500000000000000000e+00	3.983210230710179656e-02
7.940000000000000000e+14	3.500000000000000000e+00	3.746870126455684180e-02
1.000000000000000000e+15	3.500000000000000000e+00	3.243863176088881972e-02
1.260000000000000000e+15	3.500000000000000000e+00	2.542788618134948428e-02
1.580000000000000000e+15	3.500000000000000000e+00	1.761140070806217067e-02
2.000000000000000000e+15	3.500000000000000000e+00	9.199253515707241785e-03
2.510000000000000000e+15	3.500000000000000000e+00	9.185452459054903014e-04
3.160000000000000000e+15	3.500000000000000000e+00	-6.474696906784957288e-03
3.980000000000000000e+15	3.500000000000000000e+00	-1.266047838533980972e-02
5.010000000000000000e+15	3.500000000000000000e+00	-1.748653810064169922e-02
6.310000000000000000e+15	3.500000000000000000e+00	-2.098941298116539442e-02
7.940000000000000000e+15	3.500000000000000000e+00	-2.325894427970861753e-02
1.000000000000000000e+16	3.500000000000000000e+00	-2.447103622402149736e-02
1.260000000000000000e+16	3.500000000000000000e+00	-2.479733181015043517e-02
1.580000000000000000e+16	3.500000000000000000e+00	-2.445399991217525257e-02
2.000000000000000000e+16	3.500000000000000000e+00	-2.353530956255394518e-02
2.510000000000000000e+16	3.500000000000000000e+00	-2.230427784552365886e-02
3.160000000000000000e+16	3.500000000000000000e+00	-2.080908210405564562e-02
3.980000000000000000e+16	3.500000000000000000e+00	-1.917163576850371490e-02
5.010000000000000000e+16	3.500000000000000000e+00	-1.748107111710704015e-02
6.310000000000000000e+16	3.500000000000000000e+00	-1.579087078729659796e-02
7.940000000000000000e+16	3.500000000000000000e+00	-1.415945645822556248e-02
1.000000000000000000e+17	3.500000000000000000e+00	-1.260141006370181678e-02
1.000000000000000000e+11	5.000000000000000000e+00	1.184564701442182093e-05
1.258925411794166107e+11	5.000000000000000000e+00	1.492824371339102951e-05
1.584893192461110840e+11	5.000000000000000000e+00	1.882610882868003140e-05
1.995262314968882751e+11	5.000000000000000000e+00	2.376844673457508672e-05
2.511886431509582214e+11	5.000000000000000000e+00	3.006441305855548783e-05
3.162277660168379517e+11	5.000000000000000000e+00	3.814425109696175135e-05
3.981071705534969482e+11	5.000000000000000000e+00	4.862157017420148041e-05
5.011872336272714844e+11	5.000000000000000000e+00	6.235797255424639185e-05
6.309573444801943359e+11	5.000000000000000000e+00	8.025037586721280069e-05
7.943282347242821045e+11	5.000000000000000000e+00	9.761377801016361973e-05
1.000000000000000000e+12	5.000000000000000000e+00	1.128680228083281877e-04
1.260000000000000000e+12	5.000000000000000000e+00	1.334670301600569754e-04
1.580000000000000000e+12	5.000000000000000000e+00	1.617125184498335194e-04
2.000000000000000000e+12	5.000000000000000000e+00	2.001934992205823389e-04
2.510000000000000000e+12	5.000000000000000000e+00	2.477159047369208210e-04
3.160000000000000000e+12	5.000000000000000000e+00	3.091485393327566525e-04
3.980000000000000000e+12	5.000000000000000000e+00	3.870078081797107927e-04
5.010000000000000000e+12	5.000000000000000000e+00	4.852747909930495997e-04
6.310000000000000000e+12	5.000000000000000000e+00	6.097297043130887970e-04
7.940000000000000000e+12	5.000000000000000000e+00	7.662354705049958430e-04
1.000000000000000000e+13	5.000000000000000000e+00	9.644307581240906934e-04
1.260000000000000000e+13	5.000000000000000000e+00	1.214425213748116308e-03
1.580000000000000000e+13	5.000000000000000000e+00	1.523492013825374861e-03
2.000000000000000000e+13	5.000000000000000000e+00	1.932757694819896722e-03
2.510000000000000000e+13	5.000000000000000000e+00	2.433765681301093727e-03
3.160000000000000000e+13	5.000000000000000000e+00	3.071389833390420366e-03
3.980000000000000000e+13	5.000000000000000000e+00	3.860919876232115928e-03
5.010000000000000000e+13	5.000000000000000000e+00	4.808052541726926497e-03
6.310000000000000000e+13	5.000000000000000000e+00	5.932352571439931076e-03
7.940000000000000000e+13	5.000000000000000000e+00	7.273173571393954685e-03
1.000000000000000000e+14	5.000000000000000000e+00	8.962622708878566907e-03
1.260000000000000000e+14	5.000000000000000000e+00	1.122516937553343606e-02
1.580000000000000000e+14	5.000000000000000000e+00	1.427711872517176996e-02
2.000000000000000000e+14	5.000000000000000000e+00	1.860943166582417277e-02
2.510000000000000000e+14	5.000000000000000000e+00	2.386010956812670974e-02
3.160000000000000000e+14	5.000000000000000000e+00	2.975140975701404816e-02
3.980000000000000000e+14	5.000000000000000000e+00	3.516893210179325435e-02
5.010000000000000000e+14	5.000000000000000000e+00	3.863071737348783286e-02
6.310000000000000000e+14	5.000000000000000000e+00	3.943344821677864653e-02
7.940000000000000000e+14	5.000000000000000000e+00	3.741409070751201132e-02
1.000000000000000000e+15	5.000000000000000000e+00	3.267635160689069673e-02
1.260000000000000000e+15	5.000000000000000000e+00	2.573961889238655237e-02
1.580000000000000000e+15	5.000000000000000000e+00	1.767692547576690462e-02
2.000000000000000000e+15	5.000000000000000000e+00	9.137397408561370726e-03
2.510000000000000000e+15	5.000000000000000000e+00	9.352166159183726178e-04
3.160000000000000000e+15	5.000000000000000000e+00	-6.430998812118293891e-03
3.980000000000000000e+15	5.000000000000000000e+00	-1.259782218141232250e-02
5.010000000000000000e+15	5.000000000000000000e+00	-1.741087348640714752e-02
6.310000000000000000e+15	5.000000000000000000e+00	-2.090369421943666373e-02
7.940000000000000000e+15	5.000000000000000000e+00	-2.316769236896428635e-02
1.000000000000000000e+16	5.000000000000000000e+00	-2.437753959411865026e-02
1.260000000000000000e+16	5.000000000000000000e+00	-2.470430619120194543e-02
1.580000000000000000e+16	5.000000000000000000e+00	-2.436344135375357114e-02
2.000000000000000000e+16	5.000000000000000000e+00	-2.344901795009823875e-02
2.510000000000000000e+16	5.000000000000000000e+00	-2.222309562598747540e-02
3.160000000000000000e+16	5.000000000000000000e+00	-2.073378756229657047e-02
3.980000000000000000e+16	5.000000000000000000e+00	-1.910242931875221969e-02
5.010000000000000000e+16	5.000000000000000000e+00	-1.741832691787991230e-02
6.310000000000000000e+16	5.000000000000000000e+00	-1.573438845694406438e-02
7.940000000000000000e+16	5.000000000000000000e+00	-1.410893735065259919e-02
1.000000000000000000e+17	5.000000000000000000e+00	-1.255654976850757894e-02
1.000000000000000000e+11	7.000000000000000000e+00	1.089231038783434987e-05
1.258925411794166107e+11	7.000000000000000000e+00	1.372630295361264813e-05
1.584893192461110840e+11	7.000000000000000000e+00	1.730932671843541068e-05
1.995262314968882751e+11	7.000000000000000000e+00	2.185160994105947324e-05
2.511886431509582214e+11	7.000000000000000000e+00	2.763616830721304330e-05
3.162277660168379517e+11	7.000000000000000000e+00	3.505565836157025275e-05
3.981071705534969482e+11	7.000000000000000000e+00	4.466544298712723908e-05
5.011872336272714844e+11	7.000000000000000000e+00	5.723063637806359371e-05
6.309573444801943359e+11	7.000000000000000000e+00	7.335684756605413172e-05
7.943282347242821045e+11	7.000000000000000000e+00	8.681005796329061117e-05
1.000000000000000000e+12	7.000000000000000000e+00	1.007863355016207820e-04
1.260000000000000000e+12	7.000000000000000000e+00	1.236040059672753437e-04
1.580000000000000000e+12	7.000000000000000000e+00	1.519204234333243692e-04
2.000000000000000000e+12	7.000000000000000000e+00	1.900028994223323627e-04
2.510000000000000000e+12	7.000000000000000000e+00	2.363101803315282667e-04
3.160000000000000000e+12	7.000000000000000000e+00	2.958267962978807799e-04
3.980000000000000000e+12	7.000000000000000000e+00	3.710835936577784513e-04
5.010000000000000000e+12	7.000000000000000000e+00	4.658599654383724213e-04
6.310000000000000000e+12	7.000000000000000000e+00	5.858148511645793963e-04
7.940000000000000000e+12	7.000000000000000000e+00	7.364298927554647481e-04
1.000000000000000000e+13	7.000000000000000000e+00	9.267977453867076894e-04
1.260000000000000000e+13	7.000000000000000000e+00	1.166395102206431011e-03
1.580000000000000000e+13	7.000000000000000000e+00	1.463001028532885488e-03
2.000000000000000000e+13	7.000000000000000000e+00	1.855341804255723369e-03
2.510000000000000000e+13	7.000000000000000000e+00	2.333750135573217904e-03
3.160000000000000000e+13	7.000000000000000000e+00	2.944507352647927640e-03
3.980000000000000000e+13	7.000000000000000000e+00	3.704017052115433483e-03
5.010000000000000000e+13	7.000000000000000000e+00	4.632825789017952674e-03
6.310000000000000000e+13	7.000000000000000000e+00	5.759517826101935578e-03
7.940000000000000000e+13	7.000000000000000000e+00	7.117329587063310654e-03
1.000000000000000000e+14	7.000000000000000000e+00	8.844496818577581021e-03
1.260000000000000000e+14	7.000000000000000000e+00	1.114613366676370579e-02
1.580000000000000000e+14	7.000000000000000000e+00	1.422270018096761721e-02
2.000000000000000000e+14	7.000000000000000000e+00	1.861248888033848262e-02
2.510000000000000000e+14	7.000000000000000000e+00	2.396337209553719635e-02
3.160000000000000000e+14	7.000000000000000000e+00	2.976543801836041558e-02
3.980000000000000000e+14	7.000000000000000000e+00	3.499388527959915174e-02
5.010000000000000000e+14	7.000000000000000000e+00	3.866378932082051301e-02
6.310000000000000000e+14	7.000000000000000000e+00	3.974868124681883025e-02
7.940000000000000000e+14	7.000000000000000000e+00	3.758457857625936011e-02
1.000000000000000000e+15	7.000000000000000000e+00	3.233649831858585039e-02
1.260000000000000000e+15	7.000000000000000000e+00	2.552812898710174819e-02
1.580000000000000000e+15	7.000000000000000000e+00	1.728280467193188050e-02
2.000000000000000000e+15	7.000000000000000000e+00	8.344878639948620155e-03
2.510000000000000000e+15	7.000000000000000000e+00	6.239321414678764780e-04
3.160000000000000000e+15	7.000000000000000000e+00	-6.561083641012394746e-03
3.980000000000000000e+15	7.000000000000000000e+00	-1.260772287064854981e-02
5.010000000000000000e+15	7.000000000000000000e+00	-1.733475952103233700e-02
6.310000000000000000e+15	7.000000000000000000e+00	-2.076595701878179712e-02
7.940000000000000000e+15	7.000000000000000000e+00	-2.298796381056563906e-02
1.000000000000000000e+16	7.000000000000000000e+00	-2.417124251699336382e-02
1.260000000000000000e+16	7.000000000000000000e+00	-2.448387648163586824e-02
1.580000000000000000e+16	7.000000000000000000e+00	-2.413843103175121810e-02
2.000000000000000000e+16	7.000000000000000000e+00	-2.322696110990259827e-02
2.510000000000000000e+16	7.000000000000000000e+00	-2.200886948762849349e-02
3.160000000000000000e+16	7.000000000000000000e+00	-2.053116449340549113e-02
3.980000000000000000e+16	7.000000000000000000e+00	-1.891375378178931574e-02
5.010000000000000000e+16	7.000000000000000000e+00	-1.724469788924322747e-02
6.310000000000000000e+16	7.000000000000000000e+00	-1.557659122918459392e-02
7.940000000000000000e+16	7.000000000000000000e+00	-1.396663397950616281e-02
1.000000000000000000e+17	7.000000000000000000e+00	-1.242930301619796576e-02
1.000000000000000000e+11	9.000000000000000000e+00	1.033561332055494361e-05
1.258925411794166107e+11	9.000000000000000000e+00	1.302419164649020776e-05
1.584893192461110840e+11	9.000000000000000000e+00	1.642299134803539633e-05
1.995262314968882751e+11	9.000000000000000000e+00	2.073084526461116612e-05
2.511886431509582214e+11	9.000000000000000000e+00	2.290373371849065856e-05
3.162277660168379517e+11	9.000000000000000000e+00	3.324427798935647129e-05
3.981071705534969482e+11	9.000000000000000000e+00	4.233768452657967076e-05
5.011872336272714844e+11	9.000000000000000000e+00	5.418998745622204100e-05
6.309573444801943359e+11	9.000000000000000000e+00	6.923955284180951424e-05
7.943282347242821045e+11	9.000000000000000000e+00	8.015478928589971877e-05
1.000000000000000000e+12	9.000000000000000000e+00	9.350086526756831154e-05
1.260000000000000000e+12	9.000000000000000000e+00	1.182406503843397744e-04
1.580000000000000000e+12	9.000000000000000000e+00	1.469718691191975357e-04
2.000000000000000000e+12	9.000000000000000000e+00	1.847382035663521079e-04
2.510000000000000000e+12	9.000000000000000000e+00	2.307067074777542604e-04
3.160000000000000000e+12	9.000000000000000000e+00	2.883736667125278764e-04
3.980000000000000000e+12	9.000000000000000000e+00	3.638048863465210962e-04
5.010000000000000000e+12	9.000000000000000000e+00	4.568458939711500305e-04
6.310000000000000000e+12	9.000000000000000000e+00	5.743009531016919980e-04
7.940000000000000000e+12	9.000000000000000000e+00	7.219062533399181860e-04
1.000000000000000000e+13	9.000000000000000000e+00	9.083157575285023084e-04
1.260000000000000000e+13	9.000000000000000000e+00	1.145204477008336620e-03
1.580000000000000000e+13	9.000000000000000000e+00	1.435302590024919826e-03
2.000000000000000000e+13	9.000000000000000000e+00	1.818436390399365710e-03
2.510000000000000000e+13	9.000000000000000000e+00	2.286675472381259275e-03
3.160000000000000000e+13	9.000000000000000000e+00	2.884224385507242784e-03
3.980000000000000000e+13	9.000000000000000000e+00	3.635295943166725469e-03
5.010000000000000000e+13	9.000000000000000000e+00	4.546574158767905348e-03
6.310000000000000000e+13	9.000000000000000000e+00	5.659443887788823471e-03
7.940000000000000000e+13	9.000000000000000000e+00	7.045837204890583773e-03
1.000000000000000000e+14	9.000000000000000000e+00	8.799593175292528408e-03
1.260000000000000000e+14	9.000000000000000000e+00	1.113881246059673751e-02
1.580000000000000000e+14	9.000000000000000000e+00	1.426893065879883231e-02
2.000000000000000000e+14	9.000000000000000000e+00	1.866146832782579479e-02
2.510000000000000000e+14	9.000000000000000000e+00	2.404729817823047025e-02
3.160000000000000000e+14	9.000000000000000000e+00	2.993547325961430292e-02
3.980000000000000000e+14	9.000000000000000000e+00	3.531513553890685414e-02
5.010000000000000000e+14	9.000000000000000000e+00	3.901237235157813121e-02
6.310000000000000000e+14	9.000000000000000000e+00	3.990808743978242062e-02
7.940000000000000000e+14	9.000000000000000000e+00	3.783814352828615557e-02
1.000000000000000000e+15	9.000000000000000000e+00	3.348801802873513367e-02
1.260000000000000000e+15	9.000000000000000000e+00	2.614693937350571692e-02
1.580000000000000000e+15	9.000000000000000000e+00	1.858716535892566274e-02
2.000000000000000000e+15	9.000000000000000000e+00	1.096006004419096229e-02
2.510000000000000000e+15	9.000000000000000000e+00	1.718701976069610549e-03
3.160000000000000000e+15	9.000000000000000000e+00	-6.024724857327213960e-03
3.980000000000000000e+15	9.000000000000000000e+00	-1.243836293843484687e-02
5.010000000000000000e+15	9.000000000000000000e+00	-1.742724373229729770e-02
6.310000000000000000e+15	9.000000000000000000e+00	-2.104681376528620695e-02
7.940000000000000000e+15	9.000000000000000000e+00	-2.339923433118216295e-02
1.000000000000000000e+16	9.000000000000000000e+00	-2.466771261921665154e-02
1.260000000000000000e+16	9.000000000000000000e+00	-2.502925325951757193e-02
1.580000000000000000e+16	9.000000000000000000e+00	-2.470468913549625847e-02
2.000000000000000000e+16	9.000000000000000000e+00	-2.379249294284732988e-02
2.510000000000000000e+16	9.000000000000000000e+00	-2.255895766994816046e-02
3.160000000000000000e+16	9.000000000000000000e+00	-2.105465795888454214e-02
3.980000000000000000e+16	9.000000000000000000e+00	-1.940377509535964884e-02
5.010000000000000000e+16	9.000000000000000000e+00	-1.769688196498982527e-02
6.310000000000000000e+16	9.000000000000000000e+00	-1.598900336836355657e-02
7.940000000000000000e+16	9.000000000000000000e+00	-1.433942020486939604e-02
1.000000000000000000e+17	9.000000000000000000e+00	-1.276330656661089219e-02
1.000000000000000000e+11	1.100000000000000000e+01	9.910776674536270881e-06
1.258925411794166107e+11	1.100000000000000000e+01	1.248866161902809287e-05
1.584893192461110840e+11	1.100000000000000000e+01	1.574734440146538490e-05
1.995262314968882751e+11	1.100000000000000000e+01	1.987720996676523664e-05
2.511886431509582214e+11	1.100000000000000000e+01	2.513417772653321120e-05
3.162277660168379517e+11	1.100000000000000000e+01	3.187019220257182231e-05
3.981071705534969482e+11	1.100000000000000000e+01	4.058120429580384226e-05
5.011872336272714844e+11	1.100000000000000000e+01	5.192358093711554900e-05
6.309573444801943359e+11	1.100000000000000000e+01	6.620522045322284983e-05
7.943282347242821045e+11	1.100000000000000000e+01	7.547422085837835512e-05
1.000000000000000000e+12	1.100000000000000000e+01	8.818767987712306617e-05
1.260000000000000000e+12	1.100000000000000000e+01	1.136999055976454403e-04
1.580000000000000000e+12	1.100000000000000000e+01	1.424346651531468208e-04
2.000000000000000000e+12	1.100000000000000000e+01	1.799570968311392288e-04
2.510000000000000000e+12	1.100000000000000000e+01	2.252025071950130696e-04
3.160000000000000000e+12	1.100000000000000000e+01	2.827481229329256501e-04
3.980000000000000000e+12	1.100000000000000000e+01	3.554286290137591829e-04
5.010000000000000000e+12	1.100000000000000000e+01	4.467937865225107656e-04
6.310000000000000000e+12	1.100000000000000000e+01	5.622403198611440655e-04
7.940000000000000000e+12	1.100000000000000000e+01	7.070799508299738896e-04
1.000000000000000000e+13	1.100000000000000000e+01	8.903596652299904145e-04
1.260000000000000000e+13	1.100000000000000000e+01	1.119618384809671066e-03
1.580000000000000000e+13	1.100000000000000000e+01	1.402390515024650635e-03
2.000000000000000000e+13	1.100000000000000000e+01	1.778490444482348689e-03
2.510000000000000000e+13	1.100000000000000000e+01	2.235754494303745891e-03
3.160000000000000000e+13	1.100000000000000000e+01	2.819022320504826692e-03
3.980000000000000000e+13	1.100000000000000000e+01	3.552301748767077317e-03
5.010000000000000000e+13	1.100000000000000000e+01	4.454768114946671548e-03
6.310000000000000000e+13	1.100000000000000000e+01	5.557115875010667713e-03
7.940000000000000000e+13	1.100000000000000000e+01	6.920591378366241359e-03
1.000000000000000000e+14	1.100000000000000000e+01	8.678495643930769429e-03
1.260000000000000000e+14	1.100000000000000000e+01	1.103067904848670407e-02
1.580000000000000000e+14	1.100000000000000000e+01	1.417233794214612513e-02
2.000000000000000000e+14	1.100000000000000000e+01	1.858546998337926720e-02
2.510000000000000000e+14	1.100000000000000000e+01	2.389674153549945987e-02
3.160000000000000000e+14	1.100000000000000000e+01	2.981215117439266898e-02
3.980000000000000000e+14	1.100000000000000000e+01	3.523252759105474641e-02
5.010000000000000000e+14	1.100000000000000000e+01	3.879203830418577470e-02
6.310000000000000000e+14	1.100000000000000000e+01	3.959255318658900374e-02
7.940000000000000000e+14	1.100000000000000000e+01	3.761862824414832079e-02
1.000000000000000000e+15	1.100000000000000000e+01	3.204948294999278302e-02
1.260000000000000000e+15	1.100000000000000000e+01	2.538082592413457017e-02
1.580000000000000000e+15	1.100000000000000000e+01	1.745576176661856396e-02
2.000000000000000000e+15	1.100000000000000000e+01	7.901552389358818679e-03
2.510000000000000000e+15	1.100000000000000000e+01	4.919655491617279429e-04
3.160000000000000000e+15	1.100000000000000000e+01	-6.591138311635916583e-03
3.980000000000000000e+15	1.100000000000000000e+01	-1.257106908178544542e-02
5.010000000000000000e+15	1.100000000000000000e+01	-1.725050868241869220e-02
6.310000000000000000e+15	1.100000000000000000e+01	-2.064799521164055116e-02
7.940000000000000000e+15	1.100000000000000000e+01	-2.284754112074243240e-02
1.000000000000000000e+16	1.100000000000000000e+01	-2.401744673263386809e-02
1.260000000000000000e+16	1.100000000000000000e+01	-2.432407274552510559e-02
1.580000000000000000e+16	1.100000000000000000e+01	-2.397819353887709753e-02
2.000000000000000000e+16	1.100000000000000000e+01	-2.307084889724614341e-02
2.510000000000000000e+16	1.100000000000000000e+01	-2.185964294844513350e-02
3.160000000000000000e+16	1.100000000000000000e+01	-2.039139490878218164e-02
3.980000000000000000e+16	1.100000000000000000e+01	-1.878392756818722184e-02
5.010000000000000000e+16	1.100000000000000000e+01	-1.712609903087767421e-02
6.310000000000000000e+16	1.100000000000000000e+01	-1.546886025264870498e-02
7.940000000000000000e+16	1.100000000000000000e+01	-1.386972818311256288e-02
1.000000000000000000e+17	1.100000000000000000e+01	-1.234286647270688327e-02
1.000000000000000000e+11	1.300000000000000000e+01	9.735546251032013148e-06
1.258925411794166107e+11	1.300000000000000000e+01	1.226763180872192560e-05
1.584893192461110840e+11	1.300000000000000000e+01	1.546822102026856619e-05
1.995262314968882751e+11	1.300000000000000000e+01	1.952406532371066199e-05
2.511886431509582214e+11	1.300000000000000000e+01	2.468595015529507852e-05
3.162277660168379517e+11	1.300000000000000000e+01	3.129918270695838798e-05
3.981071705534969482e+11	1.300000000000000000e+01	3.984475706393264159e-05
5.011872336272714844e+11	1.300000000000000000e+01	5.094945134736700884e-05
6.309573444801943359e+11	1.300000000000000000e+01	6.488889937885792051e-05
7.943282347242821045e+11	1.300000000000000000e+01	7.332320828657233191e-05
1.000000000000000000e+12	1.300000000000000000e+01	8.578253001329282968e-05
1.260000000000000000e+12	1.300000000000000000e+01	1.119737414987627611e-04
1.580000000000000000e+12	1.300000000000000000e+01	1.409588875720472459e-04
2.000000000000000000e+12	1.300000000000000000e+01	1.784090058525142255e-04
2.510000000000000000e+12	1.300000000000000000e+01	2.237493497417869927e-04
3.160000000000000000e+12	1.300000000000000000e+01	2.814663802698082282e-04
3.980000000000000000e+12	1.300000000000000000e+01	3.540072430267714372e-04
5.010000000000000000e+12	1.300000000000000000e+01	4.448564030935628529e-04
6.310000000000000000e+12	1.300000000000000000e+01	5.598823227966246525e-04
7.940000000000000000e+12	1.300000000000000000e+01	7.040234516079656689e-04
1.000000000000000000e+13	1.300000000000000000e+01	8.854332895860039711e-04
1.260000000000000000e+13	1.300000000000000000e+01	1.115859115580947452e-03
1.580000000000000000e+13	1.300000000000000000e+01	1.399202605667431354e-03
2.000000000000000000e+13	1.300000000000000000e+01	1.770981777013813565e-03
2.510000000000000000e+13	1.300000000000000000e+01	2.227987131959901189e-03
3.160000000000000000e+13	1.300000000000000000e+01	2.807485759740517648e-03
3.980000000000000000e+13	1.300000000000000000e+01	3.533738679123855052e-03
5.010000000000000000e+13	1.300000000000000000e+01	4.443457379308684771e-03
6.310000000000000000e+13	1.300000000000000000e+01	5.563439801121745215e-03
7.940000000000000000e+13	1.300000000000000000e+01	6.947265170637853884e-03
1.000000000000000000e+14	1.300000000000000000e+01	8.744310986901619384e-03
1.260000000000000000e+14	1.300000000000000000e+01	1.111547209901446974e-02
1.580000000000000000e+14	1.300000000000000000e+01	1.427385347499445303e-02
2.000000000000000000e+14	1.300000000000000000e+01	1.876433357918759828e-02
2.510000000000000000e+14	1.300000000000000000e+01	2.412147904755927025e-02
3.160000000000000000e+14	1.300000000000000000e+01	3.002578168419093099e-02
3.980000000000000000e+14	1.300000000000000000e+01	3.541721343835181612e-02
5.010000000000000000e+14	1.300000000000000000e+01	3.907642960855332165e-02
6.310000000000000000e+14	1.300000000000000000e+01	4.026551735266949150e-02
7.940000000000000000e+14	1.300000000000000000e+01	3.777888721801141159e-02
1.000000000000000000e+15	1.300000000000000000e+01	3.373034475971395385e-02
1.260000000000000000e+15	1.300000000000000000e+01	2.777657115767953946e-02
1.580000000000000000e+15	1.300000000000000000e+01	1.891971690507562170e-02
2.000000000000000000e+15	1.300000000000000000e+01	9.968564016611074566e-03
2.510000000000000000e+15	1.300000000000000000e+01	1.403196312012008678e-03
3.160000000000000000e+15	1.300000000000000000e+01	-6.207944261799705141e-03
3.980000000000000000e+15	1.300000000000000000e+01	-1.256167901523583957e-02
5.010000000000000000e+15	1.300000000000000000e+01	-1.751634300405133932e-02
6.310000000000000000e+15	1.300000000000000000e+01	-2.111367084361296872e-02
7.940000000000000000e+15	1.300000000000000000e+01	-2.345055921269163790e-02
1.000000000000000000e+16	1.300000000000000000e+01	-2.470757452610482241e-02
1.260000000000000000e+16	1.300000000000000000e+01	-2.506045188057635931e-02
1.580000000000000000e+16	1.300000000000000000e+01	-2.472938207540899963e-02
2.000000000000000000e+16	1.300000000000000000e+01	-2.381188733270866650e-02
2.510000000000000000e+16	1.300000000000000000e+01	-2.257434784971389455e-02
3.160000000000000000e+16	1.300000000000000000e+01	-2.106687164354007630e-02
3.980000000000000000e+16	1.300000000000000000e+01	-1.941320836455168175e-02
5.010000000000000000e+16	1.300000000000000000e+01	-1.770459287584182778e-02
6.310000000000000000e+16	1.300000000000000000e+01	-1.599509487678345276e-02
7.940000000000000000e+16	1.300000000000000000e+01	-1.434427012674205359e-02
1.000000000000000000e+17	1.300000000000000000e+01	-1.276715479713354078e-02
1.000000000000000000e+11	1.500000000000000000e+01	9.525313072153150412e-06
1.258925411794166107e+11	1.500000000000000000e+01	1.200267584522757046e-05
1.584893192461110840e+11	1.500000000000000000e+01	1.513407720873213546e-05
1.995262314968882751e+11	1.500000000000000000e+01	1.910224425421874335e-05
2.511886431509582214e+11	1.500000000000000000e+01	2.415253463067958982e-05
3.162277660168379517e+11	1.500000000000000000e+01	3.062303272962096256e-05
3.981071705534969482e+11	1.500000000000000000e+01	3.898209999174337425e-05
5.011872336272714844e+11	1.500000000000000000e+01	4.984692160786257910e-05
6.309573444801943359e+11	1.500000000000000000e+01	6.342209765612201640e-05
7.943282347242821045e+11	1.500000000000000000e+01	7.112681852664088570e-05
1.000000000000000000e+12	1.500000000000000000e+01	8.330083748378813463e-05
1.260000000000000000e+12	1.500000000000000000e+01	1.097899126996403817e-04
1.580000000000000000e+12	1.500000000000000000e+01	1.384177639671344267e-04
2.000000000000000000e+12	1.500000000000000000e+01	1.754409249003791992e-04
2.510000000000000000e+12	1.500000000000000000e+01	2.203447053792516753e-04
3.160000000000000000e+12	1.500000000000000000e+01	2.772254437231955865e-04
3.980000000000000000e+12	1.500000000000000000e+01	3.489989202172130798e-04
5.010000000000000000e+12	1.500000000000000000e+01	4.390220087585641989e-04
6.310000000000000000e+12	1.500000000000000000e+01	5.525064574466181542e-04
7.940000000000000000e+12	1.500000000000000000e+01	6.951138599096137001e-04
1.000000000000000000e+13	1.500000000000000000e+01	8.744169561240946499e-04
1.260000000000000000e+13	1.500000000000000000e+01	1.099952494540860698e-03
1.580000000000000000e+13	1.500000000000000000e+01	1.379716485930711049e-03
2.000000000000000000e+13	1.500000000000000000e+01	1.749077652789146663e-03
2.510000000000000000e+13	1.500000000000000000e+01	2.197165460108985256e-03
3.160000000000000000e+13	1.500000000000000000e+01	2.770068767815884753e-03
3.980000000000000000e+13	1.500000000000000000e+01	3.490498794334535946e-03
5.010000000000000000e+13	1.500000000000000000e+01	4.377938016412172458e-03
6.310000000000000000e+13	1.500000000000000000e+01	5.490436138539302874e-03
7.940000000000000000e+13	1.500000000000000000e+01	6.874454136524051941e-03
1.000000000000000000e+14	1.500000000000000000e+01	8.641270819290124833e-03
1.260000000000000000e+14	1.500000000000000000e+01	1.102215005608394964e-02
1.580000000000000000e+14	1.500000000000000000e+01	1.419540238165816620e-02
2.000000000000000000e+14	1.500000000000000000e+01	1.861392413761423989e-02
2.510000000000000000e+14	1.500000000000000000e+01	2.398104686919597453e-02
3.160000000000000000e+14	1.500000000000000000e+01	3.003132520901398428e-02
3.980000000000000000e+14	1.500000000000000000e+01	3.566213563507947271e-02
5.010000000000000000e+14	1.500000000000000000e+01	3.954500615096694094e-02
6.310000000000000000e+14	1.500000000000000000e+01	4.002232081479499548e-02
7.940000000000000000e+14	1.500000000000000000e+01	3.740635839799221624e-02
1.000000000000000000e+15	1.500000000000000000e+01	3.237229652031980986e-02
1.260000000000000000e+15	1.500000000000000000e+01	2.424672902294642413e-02
1.580000000000000000e+15	1.500000000000000000e+01	1.610802675844252504e-02
2.000000000000000000e+15	1.500000000000000000e+01	8.563480754381172164e-03
2.510000000000000000e+15	1.500000000000000000e+01	6.069591096246978968e-04
3.160000000000000000e+15	1.500000000000000000e+01	-6.546780144715172445e-03
3.980000000000000000e+15	1.500000000000000000e+01	-1.254962849773538953e-02
5.010000000000000000e+15	1.500000000000000000e+01	-1.723853854789745774e-02
6.310000000000000000e+15	1.500000000000000000e+01	-2.064066639197684877e-02
7.940000000000000000e+15	1.500000000000000000e+01	-2.284224578506253642e-02
1.000000000000000000e+16	1.500000000000000000e+01	-2.401406290320703615e-02
1.260000000000000000e+16	1.500000000000000000e+01	-2.432161092449563675e-02
1.580000000000000000e+16	1.500000000000000000e+01	-2.397635866470359395e-02
2.000000000000000000e+16	1.500000000000000000e+01	-2.306943826266912370e-02
2.510000000000000000e+16	1.500000000000000000e+01	-2.185851697363092039e-02
3.160000000000000000e+16	1.500000000000000000e+01	-2.039011986978577634e-02
3.980000000000000000e+16	1.500000000000000000e+01	-1.878326452445169131e-02
5.010000000000000000e+16	1.500000000000000000e+01	-1.712540247624297005e-02
6.310000000000000000e+16	1.500000000000000000e+01	-1.546839257953977129e-02
7.940000000000000000e+16	1.500000000000000000e+01	-1.386939294970218096e-02
1.000000000000000000e+17	1.500000000000000000e+01	-1.234259953444509506e-02
1.000000000000000000e+11	1.700000000000000000e+01	9.379922256885897384e-06
1.258925411794166107e+11	1.700000000000000000e+01	1.181946460919755511e-05
1.584893192461110840e+11	1.700000000000000000e+01	1.490309184548390362e-05
1.995262314968882751e+11	1.700000000000000000e+01	1.881069836106758438e-05
2.511886431509582214e+11	1.700000000000000000e+01	2.378400424708004154e-05
3.162277660168379517e+11	1.700000000000000000e+01	3.015544216775881649e-05
3.981071705534969482e+11	1.700000000000000000e+01	3.838815190575441989e-05
5.011872336272714844e+11	1.700000000000000000e+01	4.907695007164344372e-05
6.309573444801943359e+11	1.700000000000000000e+01	6.241856624314447957e-05
7.943282347242821045e+11	1.700000000000000000e+01	6.965046194879093188e-05
1.000000000000000000e+12	1.700000000000000000e+01	8.159030329393174091e-05
1.260000000000000000e+12	1.700000000000000000e+01	1.081265241262924172e-04
1.580000000000000000e+12	1.700000000000000000e+01	1.366835095791504070e-04
2.000000000000000000e+12	1.700000000000000000e+01	1.735337009164088099e-04
2.510000000000000000e+12	1.700000000000000000e+01	2.179591705446089168e-04
3.160000000000000000e+12	1.700000000000000000e+01	2.743209916417135570e-04
3.980000000000000000e+12	1.700000000000000000e+01	3.451828694171763033e-04
5.010000000000000000e+12	1.700000000000000000e+01	4.341729181099894313e-04
6.310000000000000000e+12	1.700000000000000000e+01	5.466365394775127675e-04
7.940000000000000000e+12	1.700000000000000000e+01	6.874616075514132551e-04
1.000000000000000000e+13	1.700000000000000000e+01	8.652669993002708474e-04
1.260000000000000000e+13	1.700000000000000000e+01	1.090116817013666705e-03
1.580000000000000000e+13	1.700000000000000000e+01	1.366572575300474936e-03
2.000000000000000000e+13	1.700000000000000000e+01	1.730904694964471510e-03
2.510000000000000000e+13	1.700000000000000000e+01	2.175417990619387103e-03
3.160000000000000000e+13	1.700000000000000000e+01	2.743506308571822330e-03
3.980000000000000000e+13	1.700000000000000000e+01	3.459562843000492556e-03
5.010000000000000000e+13	1.700000000000000000e+01	4.336308672551024077e-03
6.310000000000000000e+13	1.700000000000000000e+01	5.421867042928484037e-03
7.940000000000000000e+13	1.700000000000000000e+01	6.798397170411362399e-03
1.000000000000000000e+14	1.700000000000000000e+01	8.586649830739397429e-03
1.260000000000000000e+14	1.700000000000000000e+01	1.095632935408336235e-02
1.580000000000000000e+14	1.700000000000000000e+01	1.410038695484120037e-02
2.000000000000000000e+14	1.700000000000000000e+01	1.855352665943020216e-02
2.510000000000000000e+14	1.700000000000000000e+01	2.396350350779062263e-02
3.160000000000000000e+14	1.700000000000000000e+01	2.986178445700764933e-02
3.980000000000000000e+14	1.700000000000000000e+01	3.503940382731699638e-02
5.010000000000000000e+14	1.700000000000000000e+01	3.829045327790581849e-02
6.310000000000000000e+14	1.700000000000000000e+01	3.991527179310493806e-02
7.940000000000000000e+14	1.700000000000000000e+01	3.839787417030093852e-02
1.000000000000000000e+15	1.700000000000000000e+01	3.212358196808324379e-02
1.260000000000000000e+15	1.700000000000000000e+01	2.549265925296891749e-02
1.580000000000000000e+15	1.700000000000000000e+01	1.754373240363339692e-02
2.000000000000000000e+15	1.700000000000000000e+01	7.969454561165403156e-03
2.510000000000000000e+15	1.700000000000000000e+01	5.455941320032130963e-04
3.160000000000000000e+15	1.700000000000000000e+01	-6.549318247678653782e-03
3.980000000000000000e+15	1.700000000000000000e+01	-1.253810214051134624e-02
5.010000000000000000e+15	1.700000000000000000e+01	-1.722443717137648461e-02
6.310000000000000000e+15	1.700000000000000000e+01	-2.062735380090520432e-02
7.940000000000000000e+15	1.700000000000000000e+01	-2.283117345737337850e-02
1.000000000000000000e+16	1.700000000000000000e+01	-2.400446205443438480e-02
1.260000000000000000e+16	1.700000000000000000e+01	-2.431377738756037438e-02
1.580000000000000000e+16	1.700000000000000000e+01	-2.397000646997701420e-02
2.000000000000000000e+16	1.700000000000000000e+01	-2.306436605934928177e-02
2.510000000000000000e+16	1.700000000000000000e+01	-2.185434190913305985e-02
3.160000000000000000e+16	1.700000000000000000e+01	-2.038674083409836024e-02
3.980000000000000000e+16	1.700000000000000000e+01	-1.878065711280627742e-02
5.010000000000000000e+16	1.700000000000000000e+01	-1.712336852871423898e-02
6.310000000000000000e+16	1.700000000000000000e+01	-1.546678355111465869e-02
7.940000000000000000e+16	1.700000000000000000e+01	-1.386810148184212943e-02
1.000000000000000000e+17	1.700000000000000000e+01	-1.234159077518745193e-02
1.000000000000000000e+11	1.900000000000000000e+01	9.359453448519062250e-06
1.258925411794166107e+11	1.900000000000000000e+01	1.179358267356174058e-05
1.584893192461110840e+11	1.900000000000000000e+01	1.487027587713326307e-05
1.995262314968882751e+11	1.900000000000000000e+01	1.876894095304966980e-05
2.511886431509582214e+11	1.900000000000000000e+01	2.373046091218475963e-05
3.162277660168379517e+11	1.900000000000000000e+01	3.008651514891005406e-05
3.981071705534969482e+11	1.900000000000000000e+01	3.830028792980168072e-05
5.011872336272714844e+11	1.900000000000000000e+01	4.895041489240733985e-05
6.309573444801943359e+11	1.900000000000000000e+01	6.223256006664419485e-05
7.943282347242821045e+11	1.900000000000000000e+01	6.928238908893407776e-05
1.000000000000000000e+12	1.900000000000000000e+01	8.124345781796869694e-05
1.260000000000000000e+12	1.900000000000000000e+01	1.080436420453994531e-04
1.580000000000000000e+12	1.900000000000000000e+01	1.367809755903476852e-04
2.000000000000000000e+12	1.900000000000000000e+01	1.736151802675434434e-04
2.510000000000000000e+12	1.900000000000000000e+01	2.179384683009935912e-04
3.160000000000000000e+12	1.900000000000000000e+01	2.744668758497020747e-04
3.980000000000000000e+12	1.900000000000000000e+01	3.457893803487763922e-04
5.010000000000000000e+12	1.900000000000000000e+01	4.350419965335722392e-04
6.310000000000000000e+12	1.900000000000000000e+01	5.475855797871990007e-04
7.940000000000000000e+12	1.900000000000000000e+01	6.882608471006844116e-04
1.000000000000000000e+13	1.900000000000000000e+01	8.671492045159544118e-04
1.260000000000000000e+13	1.900000000000000000e+01	1.092721498887661924e-03
1.580000000000000000e+13	1.900000000000000000e+01	1.369610666383070958e-03
2.000000000000000000e+13	1.900000000000000000e+01	1.734686121675673483e-03
2.510000000000000000e+13	1.900000000000000000e+01	2.178826788164076132e-03
3.160000000000000000e+13	1.900000000000000000e+01	2.746418992329036687e-03
3.980000000000000000e+13	1.900000000000000000e+01	3.461770096178768807e-03
5.010000000000000000e+13	1.900000000000000000e+01	4.348905648640266630e-03
6.310000000000000000e+13	1.900000000000000000e+01	5.456827238875385649e-03
7.940000000000000000e+13	1.900000000000000000e+01	6.841600104835190641e-03
1.000000000000000000e+14	1.900000000000000000e+01	8.614756964102611436e-03
1.260000000000000000e+14	1.900000000000000000e+01	1.100499533156277729e-02
1.580000000000000000e+14	1.900000000000000000e+01	1.419618490924260540e-02
2.000000000000000000e+14	1.900000000000000000e+01	1.866016484102704653e-02
2.510000000000000000e+14	1.900000000000000000e+01	2.403983548882571500e-02
3.160000000000000000e+14	1.900000000000000000e+01	3.004048678189697591e-02
3.980000000000000000e+14	1.900000000000000000e+01	3.567075103029153371e-02
5.010000000000000000e+14	1.900000000000000000e+01	3.930909930054252155e-02
6.310000000000000000e+14	1.900000000000000000e+01	3.895409158875905858e-02
7.940000000000000000e+14	1.900000000000000000e+01	3.686416683568758540e-02
1.000000000000000000e+15	1.900000000000000000e+01	3.425173014911668534e-02
1.260000000000000000e+15	1.900000000000000000e+01	2.699102775700340517e-02
1.580000000000000000e+15	1.900000000000000000e+01	1.896845865159424438e-02
2.000000000000000000e+15	1.900000000000000000e+01	1.120873285254644393e-02
2.510000000000000000e+15	1.900000000000000000e+01	1.899096799273240115e-03
3.160000000000000000e+15	1.900000000000000000e+01	-5.889029993852330780e-03
3.980000000000000000e+15	1.900000000000000000e+01	-1.233403152417224258e-02
5.010000000000000000e+15	1.900000000000000000e+01	-1.734594492980888469e-02
6.310000000000000000e+15	1.900000000000000000e+01	-2.098306771360146372e-02
7.940000000000000000e+15	1.900000000000000000e+01	-2.334770902829218231e-02
1.000000000000000000e+16	1.900000000000000000e+01	-2.462795667230771243e-02
1.260000000000000000e+16	1.900000000000000000e+01	-2.499778823065555364e-02
1.580000000000000000e+16	1.900000000000000000e+01	-2.467966857930810679e-02
2.000000000000000000e+16	1.900000000000000000e+01	-2.377273131402455816e-02
2.510000000000000000e+16	1.900000000000000000e+01	-2.254320683545570081e-02
3.160000000000000000e+16	1.900000000000000000e+01	-2.104217589198326133e-02
3.980000000000000000e+16	1.900000000000000000e+01	-1.939363511005292098e-02
5.010000000000000000e+16	1.900000000000000000e+01	-1.768916868528921937e-02
6.310000000000000000e+16	1.900000000000000000e+01	-1.598275038002787418e-02
7.940000000000000000e+16	1.900000000000000000e+01	-1.433445065545201416e-02
1.000000000000000000e+17	1.900000000000000000e+01	-1.275936405507761134e-02
