1.000000000000000000e+11	5.000000000000000000e-01	2.290340436815459932e-05
1.258925411794166107e+11	5.000000000000000000e-01	2.885948664769630507e-05
1.584893192461110840e+11	5.000000000000000000e-01	3.638591838357089039e-05
1.995262314968882751e+11	5.000000000000000000e-01	4.591790015478328010e-05
2.511886431509582214e+11	5.000000000000000000e-01	5.803739520911666022e-05
3.162277660168379517e+11	5.000000000000000000e-01	7.354571303891566005e-05
3.981071705534969482e+11	5.000000000000000000e-01	9.359119688858816180e-05
5.011872336272714844e+11	5.000000000000000000e-01	1.199003921509411420e-04
6.309573444801943359e+11	5.000000000000000000e-01	1.551612223691623232e-04
7.943282347242821045e+11	5.000000000000000000e-01	2.042650812123657678e-04
1.000000000000000000e+12	5.000000000000000000e-01	2.386515290885468351e-04
1.260000000000000000e+12	5.000000000000000000e-01	2.607332354240048610e-04
1.580000000000000000e+12	5.000000000000000000e-01	3.064370476417040113e-04
2.000000000000000000e+12	5.000000000000000000e-01	3.727574240916374407e-04
2.510000000000000000e+12	5.000000000000000000e-01	4.562116181530992778e-04
3.160000000000000000e+12	5.000000000000000000e-01	5.644733145086578471e-04
3.980000000000000000e+12	5.000000000000000000e-01	7.025823594983038366e-04
5.010000000000000000e+12	5.000000000000000000e-01	8.774890037475419503e-04
6.310000000000000000e+12	5.000000000000000000e-01	1.101248613090467700e-03
7.940000000000000000e+12	5.000000000000000000e-01	1.389123161022947500e-03
1.000000000000000000e+13	5.000000000000000000e-01	1.763790525058183669e-03
1.260000000000000000e+13	5.000000000000000000e-01	2.243564192843679368e-03
1.580000000000000000e+13	5.000000000000000000e-01	2.834274861374114305e-03
2.000000000000000000e+13	5.000000000000000000e-01	3.609183509810038552e-03
2.510000000000000000e+13	5.000000000000000000e-01	4.518289654805899593e-03
3.160000000000000000e+13	5.000000000000000000e-01	5.534489855614731051e-03
3.980000000000000000e+13	5.000000000000000000e-01	6.538541223576326000e-03
5.010000000000000000e+13	5.000000000000000000e-01	7.412397619760932067e-03
6.310000000000000000e+13	5.000000000000000000e-01	8.152204937022296261e-03
7.940000000000000000e+13	5.000000000000000000e-01	8.896795546884349315e-03
1.000000000000000000e+14	5.000000000000000000e-01	9.901908886519433448e-03
1.260000000000000000e+14	5.000000000000000000e-01	1.148943370388881904e-02
1.580000000000000000e+14	5.000000000000000000e-01	1.396634918063201919e-02
2.000000000000000000e+14	5.000000000000000000e-01	1.783367750790698300e-02
2.510000000000000000e+14	5.000000000000000000e-01	2.278036760883504069e-02
3.160000000000000000e+14	5.000000000000000000e-01	2.842008495303898624e-02
3.980000000000000000e+14	5.000000000000000000e-01	3.364456210605571568e-02
5.010000000000000000e+14	5.000000000000000000e-01	3.718261161021472333e-02
6.310000000000000000e+14	5.000000000000000000e-01	3.813749803540424088e-02
7.940000000000000000e+14	5.000000000000000000e-01	3.609655680437236225e-02
1.000000000000000000e+15	5.000000000000000000e-01	3.130237761540874408e-02
1.260000000000000000e+15	5.000000000000000000e-01	2.467804658581089147e-02
1.580000000000000000e+15	5.000000000000000000e-01	1.685503673939470551e-02
2.000000000000000000e+15	5.000000000000000000e-01	8.336248017206140254e-03
2.510000000000000000e+15	5.000000000000000000e-01	2.630700123944900164e-04
3.160000000000000000e+15	5.000000000000000000e-01	-7.072179825608752857e-03
3.980000000000000000e+15	5.000000000000000000e-01	-1.323113836448720250e-02
5.010000000000000000e+15	5.000000000000000000e-01	-1.804062313588057631e-02
6.310000000000000000e+15	5.000000000000000000e-01	-2.152637585396938863e-02
7.940000000000000000e+15	5.000000000000000000e-01	-2.377644869406465161e-02
1.000000000000000000e+16	5.000000000000000000e-01	-2.496577686655324438e-02
1.260000000000000000e+16	5.000000000000000000e-01	-2.526496362667665987e-02
1.580000000000000000e+16	5.000000000000000000e-01	-2.489225895972007122e-02
2.000000000000000000e+16	5.000000000000000000e-01	-2.394045764622067252e-02
2.510000000000000000e+16	5.000000000000000000e-01	-2.267674510622365303e-02
3.160000000000000000e+16	5.000000000000000000e-01	-2.114817526113640239e-02
3.980000000000000000e+16	5.000000000000000000e-01	-1.947776519324307190e-02
5.010000000000000000e+16	5.000000000000000000e-01	-1.775609598833056274e-02
6.310000000000000000e+16	5.000000000000000000e-01	-1.603579904933117445e-02
7.940000000000000000e+16	5.000000000000000000e-01	-1.437658813055782588e-02
1.000000000000000000e+17	5.000000000000000000e-01	-1.279285893889664516e-02
1.000000000000000000e+11	1.500000000000000000e+00	2.045702225734554765e-05
1.258925411794166107e+11	1.500000000000000000e+00	2.577714286429766318e-05
1.584893192461110840e+11	1.500000000000000000e+00	3.249894080198111225e-05
1.995262314968882751e+11	1.500000000000000000e+00	4.101544931688250086e-05
2.511886431509582214e+11	1.500000000000000000e+00	5.184339588394254212e-05
3.162277660168379517e+11	1.500000000000000000e+00	6.570134944303272393e-05
3.981071705534969482e+11	1.500000000000000000e+00	8.361499424037065924e-05
5.011872336272714844e+11	1.500000000000000000e+00	1.071094156451792251e-04
6.309573444801943359e+11	1.500000000000000000e+00	1.384458378414294886e-04
7.943282347242821045e+11	1.500000000000000000e+00	1.801945906576880461e-04
1.000000000000000000e+12	1.500000000000000000e+00	2.101792541457700567e-04
1.260000000000000000e+12	1.500000000000000000e+00	2.325254310442531613e-04
1.580000000000000000e+12	1.500000000000000000e+00	2.751937169746733361e-04
2.000000000000000000e+12	1.500000000000000000e+00	3.359796779319753441e-04
2.510000000000000000e+12	1.500000000000000000e+00	4.121703504021733203e-04
3.160000000000000000e+12	1.500000000000000000e+00	5.109897627581840842e-04
3.980000000000000000e+12	1.500000000000000000e+00	6.370709786674223817e-04
5.010000000000000000e+12	1.500000000000000000e+00	7.968877022997290348e-04
6.310000000000000000e+12	1.500000000000000000e+00	1.000925708371616304e-03
7.940000000000000000e+12	1.500000000000000000e+00	1.262856071837418961e-03
1.000000000000000000e+13	1.500000000000000000e+00	1.603337653003584617e-03
1.260000000000000000e+13	1.500000000000000000e+00	2.038941420146202829e-03
1.580000000000000000e+13	1.500000000000000000e+00	2.575859762900569762e-03
2.000000000000000000e+13	1.500000000000000000e+00	3.279556408091257279e-03
2.510000000000000000e+13	1.500000000000000000e+00	4.108929281487327251e-03
3.160000000000000000e+13	1.500000000000000000e+00	5.051364095529527025e-03
3.980000000000000000e+13	1.500000000000000000e+00	6.002064724794444611e-03
5.010000000000000000e+13	1.500000000000000000e+00	6.872114059003234070e-03
6.310000000000000000e+13	1.500000000000000000e+00	7.671954899043674503e-03
7.940000000000000000e+13	1.500000000000000000e+00	8.529181923841161819e-03
1.000000000000000000e+14	1.500000000000000000e+00	9.659705483915233606e-03
1.260000000000000000e+14	1.500000000000000000e+00	1.136816878208683247e-02
1.580000000000000000e+14	1.500000000000000000e+00	1.397796374492295442e-02
2.000000000000000000e+14	1.500000000000000000e+00	1.796146561797262037e-02
2.510000000000000000e+14	1.500000000000000000e+00	2.300234754521612510e-02
3.160000000000000000e+14	1.500000000000000000e+00	2.870263467326297085e-02
3.980000000000000000e+14	1.500000000000000000e+00	3.404472922869069412e-02
5.010000000000000000e+14	1.500000000000000000e+00	3.757663879793023132e-02
6.310000000000000000e+14	1.500000000000000000e+00	3.847473150378132034e-02
7.940000000000000000e+14	1.500000000000000000e+00	3.650838517301736169e-02
1.000000000000000000e+15	1.500000000000000000e+00	3.154135218928644235e-02
1.260000000000000000e+15	1.500000000000000000e+00	2.452686502009993399e-02
1.580000000000000000e+15	1.500000000000000000e+00	1.661740239778261921e-02
2.000000000000000000e+15	1.500000000000000000e+00	8.289198686296402746e-03
2.510000000000000000e+15	1.500000000000000000e+00	2.821958711964676729e-04
3.160000000000000000e+15	1.500000000000000000e+00	-7.001773125673316570e-03
3.980000000000000000e+15	1.500000000000000000e+00	-1.312062229826929834e-02
5.010000000000000000e+15	1.500000000000000000e+00	-1.789997240888173066e-02
6.310000000000000000e+15	1.500000000000000000e+00	-2.136459377300014770e-02
7.940000000000000000e+15	1.500000000000000000e+00	-2.360201343103218372e-02
1.000000000000000000e+16	1.500000000000000000e+00	-2.478491908987814560e-02
1.260000000000000000e+16	1.500000000000000000e+00	-2.508378325672697140e-02
1.580000000000000000e+16	1.500000000000000000e+00	-2.471504620271237559e-02
2.000000000000000000e+16	1.500000000000000000e+00	-2.377095281242149957e-02
2.510000000000000000e+16	1.500000000000000000e+00	-2.251683446843306610e-02
3.160000000000000000e+16	1.500000000000000000e+00	-2.099995952842161062e-02
3.980000000000000000e+16	1.500000000000000000e+00	-1.934121604351227500e-02
5.010000000000000000e+16	1.500000000000000000e+00	-1.763163132276188150e-02
6.310000000000000000e+16	1.500000000000000000e+00	-1.592380457609579233e-02
7.940000000000000000e+16	1.500000000000000000e+00	-1.427634475062433683e-02
1.000000000000000000e+17	1.500000000000000000e+00	-1.270372927921086317e-02
1.000000000000000000e+11	2.500000000000000000e+00	1.833290620696509252e-05
1.258925411794166107e+11	2.500000000000000000e+00	2.310062087636257614e-05
1.584893192461110840e+11	2.500000000000000000e+00	2.912570807001576363e-05
1.995262314968882751e+11	2.500000000000000000e+00	3.675721127126279378e-05
2.511886431509582214e+11	2.500000000000000000e+00	4.646193120322875185e-05
3.162277660168379517e+11	2.500000000000000000e+00	5.888357286589652334e-05
3.981071705534969482e+11	2.500000000000000000e+00	7.493864154523766270e-05
5.011872336272714844e+11	2.500000000000000000e+00	9.596932811750335753e-05
6.309573444801943359e+11	2.500000000000000000e+00	1.238422993995286995e-04
7.943282347242821045e+11	2.500000000000000000e+00	1.588725404030269669e-04
1.000000000000000000e+12	2.500000000000000000e+00	1.856145597802907399e-04
1.260000000000000000e+12	2.500000000000000000e+00	2.090414899297412328e-04
1.580000000000000000e+12	2.500000000000000000e+00	2.486171747046604825e-04
2.000000000000000000e+12	2.500000000000000000e+00	3.045647151834140164e-04
2.510000000000000000e+12	2.500000000000000000e+00	3.748351879183020791e-04
3.160000000000000000e+12	2.500000000000000000e+00	4.654953843389472929e-04
3.980000000000000000e+12	2.500000000000000000e+00	5.810688330972036504e-04
5.010000000000000000e+12	2.500000000000000000e+00	7.275533479336606475e-04
6.310000000000000000e+12	2.500000000000000000e+00	9.144251775255148647e-04
7.940000000000000000e+12	2.500000000000000000e+00	1.154266409406587337e-03
1.000000000000000000e+13	2.500000000000000000e+00	1.465550565431109412e-03
1.260000000000000000e+13	2.500000000000000000e+00	1.864149669899315114e-03
1.580000000000000000e+13	2.500000000000000000e+00	2.352612733272621461e-03
2.000000000000000000e+13	2.500000000000000000e+00	2.992673981718677219e-03
2.510000000000000000e+13	2.500000000000000000e+00	3.750778084334460173e-03
3.160000000000000000e+13	2.500000000000000000e+00	4.620170886003111856e-03
3.980000000000000000e+13	2.500000000000000000e+00	5.526385915866270822e-03
5.010000000000000000e+13	2.500000000000000000e+00	6.382980041907218918e-03
6.310000000000000000e+13	2.500000000000000000e+00	7.204497970279579583e-03
7.940000000000000000e+13	2.500000000000000000e+00	8.113451906259380730e-03
1.000000000000000000e+14	2.500000000000000000e+00	9.356559653121217235e-03
1.260000000000000000e+14	2.500000000000000000e+00	1.121858807563628699e-02
1.580000000000000000e+14	2.500000000000000000e+00	1.389730636459887703e-02
2.000000000000000000e+14	2.500000000000000000e+00	1.795911028091865674e-02
2.510000000000000000e+14	2.500000000000000000e+00	2.308278336204412987e-02
3.160000000000000000e+14	2.500000000000000000e+00	2.880098138943950128e-02
3.980000000000000000e+14	2.500000000000000000e+00	3.408152169317810870e-02
5.010000000000000000e+14	2.500000000000000000e+00	3.767387328547771447e-02
6.310000000000000000e+14	2.500000000000000000e+00	3.859906082602906213e-02
7.940000000000000000e+14	2.500000000000000000e+00	3.643168716305283938e-02
1.000000000000000000e+15	2.500000000000000000e+00	3.167849675613183813e-02
1.260000000000000000e+15	2.500000000000000000e+00	2.486816282520428953e-02
1.580000000000000000e+15	2.500000000000000000e+00	1.680516105576778871e-02
2.000000000000000000e+15	2.500000000000000000e+00	8.446143966452752602e-03
2.510000000000000000e+15	2.500000000000000000e+00	4.393533414194840132e-04
3.160000000000000000e+15	2.500000000000000000e+00	-6.831015047423141112e-03
3.980000000000000000e+15	2.500000000000000000e+00	-1.293444318017704028e-02
5.010000000000000000e+15	2.500000000000000000e+00	-1.770095596290668233e-02
6.310000000000000000e+15	2.500000000000000000e+00	-2.115732997717363617e-02
7.940000000000000000e+15	2.500000000000000000e+00	-2.339154304893574510e-02
1.000000000000000000e+16	2.500000000000000000e+00	-2.457589176174383716e-02
1.260000000000000000e+16	2.500000000000000000e+00	-2.488034620190560098e-02
1.580000000000000000e+16	2.500000000000000000e+00	-2.452010610533198950e-02
2.000000000000000000e+16	2.500000000000000000e+00	-2.358748099758254183e-02
2.510000000000000000e+16	2.500000000000000000e+00	-2.234582041364865934e-02
3.160000000000000000e+16	2.500000000000000000e+00	-2.084207072456727150e-02
3.980000000000000000e+16	2.500000000000000000e+00	-1.919765937169250203e-02
5.010000000000000000e+16	2.500000000000000000e+00	-1.750187357271542482e-02
6.310000000000000000e+16	2.500000000000000000e+00	-1.580681255955216150e-02
7.940000000000000000e+16	2.500000000000000000e+00	-1.417257937303649691e-02
1.000000000000000000e+17	2.500000000000000000e+00	-1.261183410601772296e-02
1.000000000000000000e+11	4.000000000000000000e+00	1.600919320043861724e-05
1.258925411794166107e+11	4.000000000000000000e+00	2.018681917082228294e-05
1.584893192461110840e+11	4.000000000000000000e+00	2.543360114801119379e-05
1.995262314968882751e+11	4.000000000000000000e+00	3.209983515566079947e-05
2.511886431509582214e+11	4.000000000000000000e+00	4.057202133396832115e-05
3.162277660168379517e+11	4.000000000000000000e+00	5.141851063456887765e-05
3.981071705534969482e+11	4.000000000000000000e+00	6.543315729131107448e-05
5.011872336272714844e+11	4.000000000000000000e+00	8.377273104195565934e-05
6.309573444801943359e+11	4.000000000000000000e+00	1.078006596557504383e-04
7.943282347242821045e+11	4.000000000000000000e+00	1.353966171684182346e-04
1.000000000000000000e+12	4.000000000000000000e+00	1.581623983885889582e-04
1.260000000000000000e+12	4.000000000000000000e+00	1.827638695939005616e-04
1.580000000000000000e+12	4.000000000000000000e+00	2.201407443819639086e-04
2.000000000000000000e+12	4.000000000000000000e+00	2.715953449674263329e-04
2.510000000000000000e+12	4.000000000000000000e+00	3.354122140242637453e-04
3.160000000000000000e+12	4.000000000000000000e+00	4.179524442668908798e-04
3.980000000000000000e+12	4.000000000000000000e+00	5.228764519146576317e-04
5.010000000000000000e+12	4.000000000000000000e+00	6.555768504073596027e-04
6.310000000000000000e+12	4.000000000000000000e+00	8.249933696103050294e-04
7.940000000000000000e+12	4.000000000000000000e+00	1.041554811632245444e-03
1.000000000000000000e+13	4.000000000000000000e+00	1.321443717353583056e-03
1.260000000000000000e+13	4.000000000000000000e+00	1.678210564994696069e-03
1.580000000000000000e+13	4.000000000000000000e+00	2.118065837724504921e-03
2.000000000000000000e+13	4.000000000000000000e+00	2.695511132194447056e-03
2.510000000000000000e+13	4.000000000000000000e+00	3.378439526935047253e-03
3.160000000000000000e+13	4.000000000000000000e+00	4.173026044936897772e-03
3.980000000000000000e+13	4.000000000000000000e+00	5.011698762191249545e-03
5.010000000000000000e+13	4.000000000000000000e+00	5.857090579695716469e-03
6.310000000000000000e+13	4.000000000000000000e+00	6.744847570901122379e-03
7.940000000000000000e+13	4.000000000000000000e+00	7.761751194640885768e-03
1.000000000000000000e+14	4.000000000000000000e+00	9.124964422638841624e-03
1.260000000000000000e+14	4.000000000000000000e+00	1.110097974179163720e-02
1.580000000000000000e+14	4.000000000000000000e+00	1.393138898330917134e-02
2.000000000000000000e+14	4.000000000000000000e+00	1.809455907084774398e-02
2.510000000000000000e+14	4.000000000000000000e+00	2.324799238262525991e-02
3.160000000000000000e+14	4.000000000000000000e+00	2.909704071622477503e-02
3.980000000000000000e+14	4.000000000000000000e+00	3.442008699620590501e-02
5.010000000000000000e+14	4.000000000000000000e+00	3.805695098515291669e-02
6.310000000000000000e+14	4.000000000000000000e+00	3.913313840073569250e-02
7.940000000000000000e+14	4.000000000000000000e+00	3.707423196736124582e-02
1.000000000000000000e+15	4.000000000000000000e+00	3.225937150739620340e-02
1.260000000000000000e+15	4.000000000000000000e+00	2.533428555024757819e-02
1.580000000000000000e+15	4.000000000000000000e+00	1.739576791365525163e-02
2.000000000000000000e+15	4.000000000000000000e+00	8.902050847529818789e-03
2.510000000000000000e+15	4.000000000000000000e+00	7.142377487340675294e-04
3.160000000000000000e+15	4.000000000000000000e+00	-6.652819884218468330e-03
3.980000000000000000e+15	4.000000000000000000e+00	-1.282478238383270852e-02
5.010000000000000000e+15	4.000000000000000000e+00	-1.764230713768036307e-02
6.310000000000000000e+15	4.000000000000000000e+00	-2.113673496321491832e-02
7.940000000000000000e+15	4.000000000000000000e+00	-2.339820347107282941e-02
1.000000000000000000e+16	4.000000000000000000e+00	-2.460285259653591239e-02
1.260000000000000000e+16	4.000000000000000000e+00	-2.492066951032473679e-02
1.580000000000000000e+16	4.000000000000000000e+00	-2.456867936166702918e-02
2.000000000000000000e+16	4.000000000000000000e+00	-2.364063303403459576e-02
2.510000000000000000e+16	4.000000000000000000e+00	-2.240061476440113539e-02
3.160000000000000000e+16	4.000000000000000000e+00	-2.089640671376350942e-02
3.980000000000000000e+16	4.000000000000000000e+00	-1.925007869687720558e-02
5.010000000000000000e+16	4.000000000000000000e+00	-1.755153995194027802e-02
6.310000000000000000e+16	4.000000000000000000e+00	-1.585337759942999011e-02
7.940000000000000000e+16	4.000000000000000000e+00	-1.421475912795487628e-02
1.000000000000000000e+17	4.000000000000000000e+00	-1.265007534390578600e-02
1.000000000000000000e+11	6.000000000000000000e+00	1.382801259375604365e-05
1.258925411794166107e+11	6.000000000000000000e+00	1.742372706729966562e-05
1.584893192461110840e+11	6.000000000000000000e+00	2.196772365197199921e-05
1.995262314968882751e+11	6.000000000000000000e+00	2.772295689235931165e-05
2.511886431509582214e+11	6.000000000000000000e+00	3.504186478569485536e-05
3.162277660168379517e+11	6.000000000000000000e+00	4.440805244138766394e-05
3.981071705534969482e+11	6.000000000000000000e+00	5.650214855551837303e-05
5.011872336272714844e+11	6.000000000000000000e+00	7.226693989521581769e-05
6.309573444801943359e+11	6.000000000000000000e+00	9.269290210965672302e-05
7.943282347242821045e+11	6.000000000000000000e+00	1.130852757665967245e-04
1.000000000000000000e+12	6.000000000000000000e+00	1.326375245764994373e-04
1.260000000000000000e+12	6.000000000000000000e+00	1.588098959956416847e-04
1.580000000000000000e+12	6.000000000000000000e+00	1.935394954604430500e-04
2.000000000000000000e+12	6.000000000000000000e+00	2.408295719364351637e-04
2.510000000000000000e+12	6.000000000000000000e+00	2.990467023152563217e-04
3.160000000000000000e+12	6.000000000000000000e+00	3.738397861869064798e-04
3.980000000000000000e+12	6.000000000000000000e+00	4.686845229472464064e-04
5.010000000000000000e+12	6.000000000000000000e+00	5.884606165587471594e-04
6.310000000000000000e+12	6.000000000000000000e+00	7.408986799490855681e-04
7.940000000000000000e+12	6.000000000000000000e+00	9.350830150050828612e-04
1.000000000000000000e+13	6.000000000000000000e+00	1.184788733290104623e-03
1.260000000000000000e+13	6.000000000000000000e+00	1.503626016909280060e-03
1.580000000000000000e+13	6.000000000000000000e+00	1.897185040855876208e-03
2.000000000000000000e+13	6.000000000000000000e+00	2.411935745930890006e-03
2.510000000000000000e+13	6.000000000000000000e+00	3.019831249229239407e-03
3.160000000000000000e+13	6.000000000000000000e+00	3.739321304721498779e-03
3.980000000000000000e+13	6.000000000000000000e+00	4.546916265436946533e-03
5.010000000000000000e+13	6.000000000000000000e+00	5.386091946783846604e-03
6.310000000000000000e+13	6.000000000000000000e+00	6.306648130672787463e-03
7.940000000000000000e+13	6.000000000000000000e+00	7.425678762954769467e-03
1.000000000000000000e+14	6.000000000000000000e+00	8.887835086004757315e-03
1.260000000000000000e+14	6.000000000000000000e+00	1.096779729795422167e-02
1.580000000000000000e+14	6.000000000000000000e+00	1.391283869224870136e-02
2.000000000000000000e+14	6.000000000000000000e+00	1.819955696761657582e-02
2.510000000000000000e+14	6.000000000000000000e+00	2.348103952303698047e-02
3.160000000000000000e+14	6.000000000000000000e+00	2.929068486680415362e-02
3.980000000000000000e+14	6.000000000000000000e+00	3.454601589788255239e-02
5.010000000000000000e+14	6.000000000000000000e+00	3.809018920049860035e-02
6.310000000000000000e+14	6.000000000000000000e+00	3.907218948842083872e-02
7.940000000000000000e+14	6.000000000000000000e+00	3.701277457496495588e-02
1.000000000000000000e+15	6.000000000000000000e+00	3.198758175119324060e-02
1.260000000000000000e+15	6.000000000000000000e+00	2.484863269501545041e-02
1.580000000000000000e+15	6.000000000000000000e+00	1.639860115056379630e-02
2.000000000000000000e+15	6.000000000000000000e+00	7.885852240035941263e-03
2.510000000000000000e+15	6.000000000000000000e+00	3.123438959456447967e-04
3.160000000000000000e+15	6.000000000000000000e+00	-6.770833477903364858e-03
3.980000000000000000e+15	6.000000000000000000e+00	-1.274259713003341940e-02
5.010000000000000000e+15	6.000000000000000000e+00	-1.741348460270843168e-02
6.310000000000000000e+15	6.000000000000000000e+00	-2.080249923688282446e-02
7.940000000000000000e+15	6.000000000000000000e+00	-2.299306729191261806e-02
1.000000000000000000e+16	6.000000000000000000e+00	-2.415431313718249470e-02
1.260000000000000000e+16	6.000000000000000000e+00	-2.445150919320922961e-02
1.580000000000000000e+16	6.000000000000000000e+00	-2.409619248535315589e-02
2.000000000000000000e+16	6.000000000000000000e+00	-2.317880791853390091e-02
2.510000000000000000e+16	6.000000000000000000e+00	-2.195807190615793950e-02
3.160000000000000000e+16	6.000000000000000000e+00	-2.047999426822490199e-02
3.980000000000000000e+16	6.000000000000000000e+00	-1.886385793686804618e-02
5.010000000000000000e+16	6.000000000000000000e+00	-1.719731643507606614e-02
6.310000000000000000e+16	6.000000000000000000e+00	-1.553217219448665282e-02
7.940000000000000000e+16	6.000000000000000000e+00	-1.392568229208481813e-02
1.000000000000000000e+17	6.000000000000000000e+00	-1.239208318991514082e-02
1.000000000000000000e+11	8.000000000000000000e+00	1.255790803198780018e-05
1.258925411794166107e+11	8.000000000000000000e+00	1.582320408723767371e-05
1.584893192461110840e+11	8.000000000000000000e+00	1.994898533215163126e-05
1.995262314968882751e+11	8.000000000000000000e+00	2.517433183119350770e-05
2.511886431509582214e+11	8.000000000000000000e+00	3.181857701195239146e-05
3.162277660168379517e+11	8.000000000000000000e+00	4.031922817391449379e-05
3.981071705534969482e+11	8.000000000000000000e+00	5.128730952406697959e-05
5.011872336272714844e+11	8.000000000000000000e+00	6.554631511845744986e-05
6.309573444801943359e+11	8.000000000000000000e+00	8.381431555303623672e-05
7.943282347242821045e+11	8.000000000000000000e+00	9.984719840256294149e-05
1.000000000000000000e+12	8.000000000000000000e+00	1.173227683975865793e-04
1.260000000000000000e+12	8.000000000000000000e+00	1.448294554671257040e-04
1.580000000000000000e+12	8.000000000000000000e+00	1.787952659475020424e-04
2.000000000000000000e+12	8.000000000000000000e+00	2.240089211836474156e-04
2.510000000000000000e+12	8.000000000000000000e+00	2.792182820301371141e-04
3.160000000000000000e+12	8.000000000000000000e+00	3.497773423560784998e-04
3.980000000000000000e+12	8.000000000000000000e+00	4.392276571622276177e-04
5.010000000000000000e+12	8.000000000000000000e+00	5.521448041478188270e-04
6.310000000000000000e+12	8.000000000000000000e+00	6.952620526881351983e-04
7.940000000000000000e+12	8.000000000000000000e+00	8.770014962894799723e-04
1.000000000000000000e+13	8.000000000000000000e+00	1.111642178573464968e-03
1.260000000000000000e+13	8.000000000000000000e+00	1.409510796065295384e-03
1.580000000000000000e+13	8.000000000000000000e+00	1.774970837240259173e-03
2.000000000000000000e+13	8.000000000000000000e+00	2.256974840031846733e-03
2.510000000000000000e+13	8.000000000000000000e+00	2.832690419739956455e-03
3.160000000000000000e+13	8.000000000000000000e+00	3.508557620166347785e-03
3.980000000000000000e+13	8.000000000000000000e+00	4.260834735879861189e-03
5.010000000000000000e+13	8.000000000000000000e+00	5.111096630012916704e-03
6.310000000000000000e+13	8.000000000000000000e+00	6.085586771903408847e-03
7.940000000000000000e+13	8.000000000000000000e+00	7.263235497632102890e-03
1.000000000000000000e+14	8.000000000000000000e+00	8.828491814029677809e-03
1.260000000000000000e+14	8.000000000000000000e+00	1.102875763189228517e-02
1.580000000000000000e+14	8.000000000000000000e+00	1.407329549792936049e-02
2.000000000000000000e+14	8.000000000000000000e+00	1.841384910120093948e-02
2.510000000000000000e+14	8.000000000000000000e+00	2.378804436564063360e-02
3.160000000000000000e+14	8.000000000000000000e+00	2.972577327015184234e-02
3.980000000000000000e+14	8.000000000000000000e+00	3.521829071726718940e-02
5.010000000000000000e+14	8.000000000000000000e+00	3.897296129960988592e-02
6.310000000000000000e+14	8.000000000000000000e+00	3.994526117447837893e-02
7.940000000000000000e+14	8.000000000000000000e+00	3.819645580841397187e-02
1.000000000000000000e+15	8.000000000000000000e+00	3.330389950540679767e-02
1.260000000000000000e+15	8.000000000000000000e+00	2.557968504661084844e-02
1.580000000000000000e+15	8.000000000000000000e+00	1.801504577682351907e-02
2.000000000000000000e+15	8.000000000000000000e+00	1.000719555475783513e-02
2.510000000000000000e+15	8.000000000000000000e+00	1.228932593458593103e-03
3.160000000000000000e+15	8.000000000000000000e+00	-6.367053416478388357e-03
3.980000000000000000e+15	8.000000000000000000e+00	-1.269330998841313590e-02
5.010000000000000000e+15	8.000000000000000000e+00	-1.762266273617830656e-02
6.310000000000000000e+15	8.000000000000000000e+00	-2.119876167165357303e-02
7.940000000000000000e+15	8.000000000000000000e+00	-2.351802891286087702e-02
1.000000000000000000e+16	8.000000000000000000e+00	-2.476161668408216263e-02
1.260000000000000000e+16	8.000000000000000000e+00	-2.510338739808940997e-02
1.580000000000000000e+16	8.000000000000000000e+00	-2.476364312562694819e-02
2.000000000000000000e+16	8.000000000000000000e+00	-2.383898159723611687e-02
2.510000000000000000e+16	8.000000000000000000e+00	-2.259595932564484669e-02
3.160000000000000000e+16	8.000000000000000000e+00	-2.108385978505948610e-02
3.980000000000000000e+16	8.000000000000000000e+00	-1.942685148984755680e-02
5.010000000000000000e+16	8.000000000000000000e+00	-1.771540328613485302e-02
6.310000000000000000e+16	8.000000000000000000e+00	-1.600371171157625311e-02
7.940000000000000000e+16	8.000000000000000000e+00	-1.435109457039878030e-02
1.000000000000000000e+17	8.000000000000000000e+00	-1.277261343430208945e-02
1.000000000000000000e+11	1.000000000000000000e+01	1.153151040844264004e-05
1.258925411794166107e+11	1.000000000000000000e+01	1.452970661599506376e-05
1.584893192461110840e+11	1.000000000000000000e+01	1.831833739092631006e-05
1.995262314968882751e+11	1.000000000000000000e+01	2.311676369796333166e-05
2.511886431509582214e+11	1.000000000000000000e+01	2.921852369122861708e-05
3.162277660168379517e+11	1.000000000000000000e+01	3.702460262904079530e-05
3.981071705534969482e+11	1.000000000000000000e+01	4.709735217680674642e-05
5.011872336272714844e+11	1.000000000000000000e+01	6.018966815787350050e-05
6.309573444801943359e+11	1.000000000000000000e+01	7.677874382196616754e-05
7.943282347242821045e+11	1.000000000000000000e+01	8.963736053885314919e-05
1.000000000000000000e+12	1.000000000000000000e+01	1.053767374329033315e-04
1.260000000000000000e+12	1.000000000000000000e+01	1.332822332309302308e-04
1.580000000000000000e+12	1.000000000000000000e+01	1.660923976601274643e-04
2.000000000000000000e+12	1.000000000000000000e+01	2.089934110323602844e-04
2.510000000000000000e+12	1.000000000000000000e+01	2.610943501920822188e-04
3.160000000000000000e+12	1.000000000000000000e+01	3.278754889625943051e-04
3.980000000000000000e+12	1.000000000000000000e+01	4.123496076170016949e-04
5.010000000000000000e+12	1.000000000000000000e+01	5.185299847468973020e-04
6.310000000000000000e+12	1.000000000000000000e+01	6.535292312911617028e-04
7.940000000000000000e+12	1.000000000000000000e+01	8.242883618157785704e-04
1.000000000000000000e+13	1.000000000000000000e+01	1.041844636140882045e-03
1.260000000000000000e+13	1.000000000000000000e+01	1.320291831722658106e-03
1.580000000000000000e+13	1.000000000000000000e+01	1.664455837219329902e-03
2.000000000000000000e+13	1.000000000000000000e+01	2.109947574006752757e-03
2.510000000000000000e+13	1.000000000000000000e+01	2.644657238262638262e-03
3.160000000000000000e+13	1.000000000000000000e+01	3.287915718438307305e-03
3.980000000000000000e+13	1.000000000000000000e+01	4.027178844118202601e-03
5.010000000000000000e+13	1.000000000000000000e+01	4.850618957652612709e-03
6.310000000000000000e+13	1.000000000000000000e+01	5.813301473274191424e-03
7.940000000000000000e+13	1.000000000000000000e+01	7.024526637768610179e-03
1.000000000000000000e+14	1.000000000000000000e+01	8.638451144325683465e-03
1.260000000000000000e+14	1.000000000000000000e+01	1.086334828979954384e-02
1.580000000000000000e+14	1.000000000000000000e+01	1.390100610767022217e-02
2.000000000000000000e+14	1.000000000000000000e+01	1.826969649919278627e-02
2.510000000000000000e+14	1.000000000000000000e+01	2.355982962146579984e-02
3.160000000000000000e+14	1.000000000000000000e+01	2.937256188369277710e-02
3.980000000000000000e+14	1.000000000000000000e+01	3.475089386782915374e-02
5.010000000000000000e+14	1.000000000000000000e+01	3.831932644641969365e-02
6.310000000000000000e+14	1.000000000000000000e+01	3.934618912744732716e-02
7.940000000000000000e+14	1.000000000000000000e+01	3.636945769673032708e-02
1.000000000000000000e+15	1.000000000000000000e+01	3.121728255397447638e-02
1.260000000000000000e+15	1.000000000000000000e+01	2.617924286799832093e-02
1.580000000000000000e+15	1.000000000000000000e+01	1.763697267473591720e-02
2.000000000000000000e+15	1.000000000000000000e+01	7.984782885586646714e-03
2.510000000000000000e+15	1.000000000000000000e+01	5.404416724182469628e-04
3.160000000000000000e+15	1.000000000000000000e+01	-6.560301159173701283e-03
3.980000000000000000e+15	1.000000000000000000e+01	-1.254980529581443786e-02
5.010000000000000000e+15	1.000000000000000000e+01	-1.723509694471814235e-02
6.310000000000000000e+15	1.000000000000000000e+01	-2.063646429244959946e-02
7.940000000000000000e+15	1.000000000000000000e+01	-2.283871345410113524e-02
1.000000000000000000e+16	1.000000000000000000e+01	-2.401061005354539202e-02
1.260000000000000000e+16	1.000000000000000000e+01	-2.431873765504670784e-02
1.580000000000000000e+16	1.000000000000000000e+01	-2.397398555770131542e-02
2.000000000000000000e+16	1.000000000000000000e+01	-2.306753530836296723e-02
2.510000000000000000e+16	1.000000000000000000e+01	-2.185699673942073304e-02
3.160000000000000000e+16	1.000000000000000000e+01	-2.038931312965931025e-02
3.980000000000000000e+16	1.000000000000000000e+01	-1.878224855656449380e-02
5.010000000000000000e+16	1.000000000000000000e+01	-1.712464474617504673e-02
6.310000000000000000e+16	1.000000000000000000e+01	-1.546778828131062378e-02
7.940000000000000000e+16	1.000000000000000000e+01	-1.386891146232559560e-02
1.000000000000000000e+17	1.000000000000000000e+01	-1.234223012762392969e-02
1.000000000000000000e+11	1.200000000000000000e+01	1.090592334920006235e-05
1.258925411794166107e+11	1.200000000000000000e+01	1.374148480718045371e-05
1.584893192461110840e+11	1.200000000000000000e+01	1.732455085903583441e-05
1.995262314968882751e+11	1.200000000000000000e+01	2.186280035106685232e-05
2.511886431509582214e+11	1.200000000000000000e+01	2.763403626104427374e-05
3.162277660168379517e+11	1.200000000000000000e+01	3.501855557559918679e-05
3.981071705534969482e+11	1.200000000000000000e+01	4.454323107760723436e-05
5.011872336272714844e+11	1.200000000000000000e+01	5.689198454704110403e-05
6.309573444801943359e+11	1.200000000000000000e+01	7.248477325499186276e-05
7.943282347242821045e+11	1.200000000000000000e+01	8.338882514276792365e-05
1.000000000000000000e+12	1.200000000000000000e+01	9.815617357698564350e-05
1.260000000000000000e+12	1.200000000000000000e+01	1.262463014081043370e-04
1.580000000000000000e+12	1.200000000000000000e+01	1.581696888218206507e-04
2.000000000000000000e+12	1.200000000000000000e+01	1.998381846823689867e-04
2.510000000000000000e+12	1.200000000000000000e+01	2.503197943448022696e-04
3.160000000000000000e+12	1.200000000000000000e+01	3.145892038498512714e-04
3.980000000000000000e+12	1.200000000000000000e+01	3.956152544873585810e-04
5.010000000000000000e+12	1.200000000000000000e+01	4.978005496423347498e-04
6.310000000000000000e+12	1.200000000000000000e+01	6.268486643014831248e-04
7.940000000000000000e+12	1.200000000000000000e+01	7.904969125577821767e-04
1.000000000000000000e+13	1.200000000000000000e+01	1.000502242109056663e-03
1.260000000000000000e+13	1.200000000000000000e+01	1.266173223060263614e-03
1.580000000000000000e+13	1.200000000000000000e+01	1.592577274745542691e-03
2.000000000000000000e+13	1.200000000000000000e+01	2.021476361019076528e-03
2.510000000000000000e+13	1.200000000000000000e+01	2.534909582716490632e-03
3.160000000000000000e+13	1.200000000000000000e+01	3.154775887721813880e-03
3.980000000000000000e+13	1.200000000000000000e+01	3.879860758729496064e-03
5.010000000000000000e+13	1.200000000000000000e+01	4.724931374752182334e-03
6.310000000000000000e+13	1.200000000000000000e+01	5.733727716576288852e-03
7.940000000000000000e+13	1.200000000000000000e+01	6.985087723887129993e-03
1.000000000000000000e+14	1.200000000000000000e+01	8.634800327516890112e-03
1.260000000000000000e+14	1.200000000000000000e+01	1.091335092951745828e-02
1.580000000000000000e+14	1.200000000000000000e+01	1.402133285325232390e-02
2.000000000000000000e+14	1.200000000000000000e+01	1.844940690828987193e-02
2.510000000000000000e+14	1.200000000000000000e+01	2.380496901258243037e-02
3.160000000000000000e+14	1.200000000000000000e+01	2.973052885069209228e-02
3.980000000000000000e+14	1.200000000000000000e+01	3.507365951484323757e-02
5.010000000000000000e+14	1.200000000000000000e+01	3.860425508913486320e-02
6.310000000000000000e+14	1.200000000000000000e+01	3.914025326425632501e-02
7.940000000000000000e+14	1.200000000000000000e+01	3.820975462968543429e-02
1.000000000000000000e+15	1.200000000000000000e+01	3.437502208300567685e-02
1.260000000000000000e+15	1.200000000000000000e+01	2.585707811336849377e-02
1.580000000000000000e+15	1.200000000000000000e+01	1.854563365697733598e-02
2.000000000000000000e+15	1.200000000000000000e+01	1.094425573198599087e-02
2.510000000000000000e+15	1.200000000000000000e+01	1.710583368038761471e-03
3.160000000000000000e+15	1.200000000000000000e+01	-6.029894796827261344e-03
3.980000000000000000e+15	1.200000000000000000e+01	-1.244184880876693378e-02
5.010000000000000000e+15	1.200000000000000000e+01	-1.742975815188487279e-02
6.310000000000000000e+15	1.200000000000000000e+01	-2.104872037298986462e-02
7.940000000000000000e+15	1.200000000000000000e+01	-2.340018725143725581e-02
1.000000000000000000e+16	1.200000000000000000e+01	-2.466885499695543882e-02
1.260000000000000000e+16	1.200000000000000000e+01	-2.503012517710579560e-02
1.580000000000000000e+16	1.200000000000000000e+01	-2.470538073619571798e-02
2.000000000000000000e+16	1.200000000000000000e+01	-2.379304568084251656e-02
2.510000000000000000e+16	1.200000000000000000e+01	-2.255937571976834519e-02
3.160000000000000000e+16	1.200000000000000000e+01	-2.105533891249021169e-02
3.980000000000000000e+16	1.200000000000000000e+01	-1.940381994554160605e-02
5.010000000000000000e+16	1.200000000000000000e+01	-1.769708554400397510e-02
6.310000000000000000e+16	1.200000000000000000e+01	-1.598908752936661209e-02
7.940000000000000000e+16	1.200000000000000000e+01	-1.433955136613718900e-02
1.000000000000000000e+17	1.200000000000000000e+01	-1.276346989890264627e-02
1.000000000000000000e+11	1.400000000000000000e+01	1.039111697240183293e-05
1.258925411794166107e+11	1.400000000000000000e+01	1.309290833116794406e-05
1.584893192461110840e+11	1.400000000000000000e+01	1.650713305041031221e-05
1.995262314968882751e+11	1.400000000000000000e+01	2.083182857293069615e-05
2.511886431509582214e+11	1.400000000000000000e+01	2.633217616476002699e-05
3.162277660168379517e+11	1.400000000000000000e+01	3.337141616952302002e-05
3.981071705534969482e+11	1.400000000000000000e+01	4.245166947496856912e-05
5.011872336272714844e+11	1.400000000000000000e+01	5.423189626853085118e-05
6.309573444801943359e+11	1.400000000000000000e+01	6.900797802713962050e-05
7.943282347242821045e+11	1.400000000000000000e+01	7.844907035248506184e-05
1.000000000000000000e+12	1.400000000000000000e+01	9.232027376774567997e-05
1.260000000000000000e+12	1.400000000000000000e+01	1.203801782329414090e-04
1.580000000000000000e+12	1.400000000000000000e+01	1.513494027954957462e-04
2.000000000000000000e+12	1.400000000000000000e+01	1.916659656441018324e-04
2.510000000000000000e+12	1.400000000000000000e+01	2.404455548389289982e-04
3.160000000000000000e+12	1.400000000000000000e+01	3.024807885342269999e-04
3.980000000000000000e+12	1.400000000000000000e+01	3.807131459165771867e-04
5.010000000000000000e+12	1.400000000000000000e+01	4.786401758044250658e-04
6.310000000000000000e+12	1.400000000000000000e+01	6.035737556254743442e-04
7.940000000000000000e+12	1.400000000000000000e+01	7.619439530123819611e-04
1.000000000000000000e+13	1.400000000000000000e+01	9.624211168470244403e-04
1.260000000000000000e+13	1.400000000000000000e+01	1.216050144589092422e-03
1.580000000000000000e+13	1.400000000000000000e+01	1.528737536613118588e-03
2.000000000000000000e+13	1.400000000000000000e+01	1.940637219494257019e-03
2.510000000000000000e+13	1.400000000000000000e+01	2.428265168107894122e-03
3.160000000000000000e+13	1.400000000000000000e+01	3.038525176017786971e-03
3.980000000000000000e+13	1.400000000000000000e+01	3.756908067024553651e-03
5.010000000000000000e+13	1.400000000000000000e+01	4.590398808430821292e-03
6.310000000000000000e+13	1.400000000000000000e+01	5.604462806006548989e-03
7.940000000000000000e+13	1.400000000000000000e+01	6.876322233537832118e-03
1.000000000000000000e+14	1.400000000000000000e+01	8.560133323825177762e-03
1.260000000000000000e+14	1.400000000000000000e+01	1.085796770672933093e-02
1.580000000000000000e+14	1.400000000000000000e+01	1.396171251472007671e-02
2.000000000000000000e+14	1.400000000000000000e+01	1.836769387094745395e-02
2.510000000000000000e+14	1.400000000000000000e+01	2.374155935897142439e-02
3.160000000000000000e+14	1.400000000000000000e+01	2.971126326467982484e-02
3.980000000000000000e+14	1.400000000000000000e+01	3.513159047423200509e-02
5.010000000000000000e+14	1.400000000000000000e+01	3.844634942365630914e-02
6.310000000000000000e+14	1.400000000000000000e+01	3.995777697117338517e-02
7.940000000000000000e+14	1.400000000000000000e+01	3.856150472502352378e-02
1.000000000000000000e+15	1.400000000000000000e+01	3.305230586289049227e-02
1.260000000000000000e+15	1.400000000000000000e+01	2.547926968015527815e-02
1.580000000000000000e+15	1.400000000000000000e+01	1.633896579923175760e-02
2.000000000000000000e+15	1.400000000000000000e+01	7.516556273395346051e-03
2.510000000000000000e+15	1.400000000000000000e+01	2.543095743432378800e-04
3.160000000000000000e+15	1.400000000000000000e+01	-6.756947460705251852e-03
3.980000000000000000e+15	1.400000000000000000e+01	-1.269318898860438173e-02
5.010000000000000000e+15	1.400000000000000000e+01	-1.734329265017838309e-02
6.310000000000000000e+15	1.400000000000000000e+01	-2.071968912576333324e-02
7.940000000000000000e+15	1.400000000000000000e+01	-2.290358277463187125e-02
1.000000000000000000e+16	1.400000000000000000e+01	-2.406147652546157881e-02
1.260000000000000000e+16	1.400000000000000000e+01	-2.435879084940744538e-02
1.580000000000000000e+16	1.400000000000000000e+01	-2.400578906588212574e-02
2.000000000000000000e+16	1.400000000000000000e+01	-2.309256903708372527e-02
2.510000000000000000e+16	1.400000000000000000e+01	-2.187690488732121907e-02
3.160000000000000000e+16	1.400000000000000000e+01	-2.040471020067709598e-02
3.980000000000000000e+16	1.400000000000000000e+01	-1.879479138396086824e-02
5.010000000000000000e+16	1.400000000000000000e+01	-1.713482834804016045e-02
6.310000000000000000e+16	1.400000000000000000e+01	-1.547571785969240055e-02
7.940000000000000000e+16	1.400000000000000000e+01	-1.387518405070546114e-02
1.000000000000000000e+17	1.400000000000000000e+01	-1.234715897198881973e-02
1.000000000000000000e+11	1.600000000000000000e+01	1.019485820831208126e-05
1.258925411794166107e+11	1.600000000000000000e+01	1.284562199737893920e-05
1.584893192461110840e+11	1.600000000000000000e+01	1.619529434671179588e-05
1.995262314968882751e+11	1.600000000000000000e+01	2.043822331358138860e-05
2.511886431509582214e+11	1.600000000000000000e+01	2.583441665243817458e-05
3.162277660168379517e+11	1.600000000000000000e+01	3.274044718029569032e-05
3.981071705534969482e+11	1.600000000000000000e+01	4.164781497527325730e-05
5.011872336272714844e+11	1.600000000000000000e+01	5.320237290350667431e-05
6.309573444801943359e+11	1.600000000000000000e+01	6.764710174794871453e-05
7.943282347242821045e+11	1.600000000000000000e+01	7.644798842855040169e-05
1.000000000000000000e+12	1.600000000000000000e+01	8.999266512083776168e-05
1.260000000000000000e+12	1.600000000000000000e+01	1.181783862424081529e-04
1.580000000000000000e+12	1.600000000000000000e+01	1.491217269381951292e-04
2.000000000000000000e+12	1.600000000000000000e+01	1.890077740323266114e-04
2.510000000000000000e+12	1.600000000000000000e+01	2.371914892104698630e-04
3.160000000000000000e+12	1.600000000000000000e+01	2.986385628150660322e-04
3.980000000000000000e+12	1.600000000000000000e+01	3.759888958851142007e-04
5.010000000000000000e+12	1.600000000000000000e+01	4.731788670254700709e-04
6.310000000000000000e+12	1.600000000000000000e+01	5.964259228466835478e-04
7.940000000000000000e+12	1.600000000000000000e+01	7.511780417703936997e-04
1.000000000000000000e+13	1.600000000000000000e+01	9.486725421349137977e-04
1.260000000000000000e+13	1.600000000000000000e+01	1.199210270790780457e-03
1.580000000000000000e+13	1.600000000000000000e+01	1.507162288885543783e-03
2.000000000000000000e+13	1.600000000000000000e+01	1.912734071871976605e-03
2.510000000000000000e+13	1.600000000000000000e+01	2.399178467484560685e-03
3.160000000000000000e+13	1.600000000000000000e+01	2.986143411850074574e-03
3.980000000000000000e+13	1.600000000000000000e+01	3.703137239131068688e-03
5.010000000000000000e+13	1.600000000000000000e+01	4.554590549564490991e-03
6.310000000000000000e+13	1.600000000000000000e+01	5.575066170288103980e-03
7.940000000000000000e+13	1.600000000000000000e+01	6.875617545424721547e-03
1.000000000000000000e+14	1.600000000000000000e+01	8.594814068023415993e-03
1.260000000000000000e+14	1.600000000000000000e+01	1.093079954098706737e-02
1.580000000000000000e+14	1.600000000000000000e+01	1.410878841357130105e-02
2.000000000000000000e+14	1.600000000000000000e+01	1.851126111932591134e-02
2.510000000000000000e+14	1.600000000000000000e+01	2.380532621447942893e-02
3.160000000000000000e+14	1.600000000000000000e+01	2.974684994768439852e-02
3.980000000000000000e+14	1.600000000000000000e+01	3.529313046349633054e-02
5.010000000000000000e+14	1.600000000000000000e+01	3.935051193272478404e-02
6.310000000000000000e+14	1.600000000000000000e+01	3.987789294793418760e-02
7.940000000000000000e+14	1.600000000000000000e+01	3.655377723351197622e-02
1.000000000000000000e+15	1.600000000000000000e+01	3.204698770081463449e-02
1.260000000000000000e+15	1.600000000000000000e+01	2.649220559975680109e-02
1.580000000000000000e+15	1.600000000000000000e+01	1.983386061658880956e-02
2.000000000000000000e+15	1.600000000000000000e+01	1.141948906442278450e-02
2.510000000000000000e+15	1.600000000000000000e+01	2.007600066277832624e-03
3.160000000000000000e+15	1.600000000000000000e+01	-5.822266940107162676e-03
3.980000000000000000e+15	1.600000000000000000e+01	-1.228866377969815502e-02
5.010000000000000000e+15	1.600000000000000000e+01	-1.731255894607028681e-02
6.310000000000000000e+15	1.600000000000000000e+01	-2.095865102499721438e-02
7.940000000000000000e+15	1.600000000000000000e+01	-2.332990862895739301e-02
1.000000000000000000e+16	1.600000000000000000e+01	-2.461348639766197666e-02
1.260000000000000000e+16	1.600000000000000000e+01	-2.498648340862183806e-02
1.580000000000000000e+16	1.600000000000000000e+01	-2.467073634320468556e-02
2.000000000000000000e+16	1.600000000000000000e+01	-2.376572873637779887e-02
2.510000000000000000e+16	1.600000000000000000e+01	-2.253764619088928153e-02
3.160000000000000000e+16	1.600000000000000000e+01	-2.103776712669712737e-02
3.980000000000000000e+16	1.600000000000000000e+01	-1.939014924818013505e-02
5.010000000000000000e+16	1.600000000000000000e+01	-1.768627063319019865e-02
6.310000000000000000e+16	1.600000000000000000e+01	-1.598053067181777823e-02
7.940000000000000000e+16	1.600000000000000000e+01	-1.433270569844767063e-02
1.000000000000000000e+17	1.600000000000000000e+01	-1.275797711180909691e-02
1.000000000000000000e+11	1.800000000000000000e+01	9.989578891304514924e-06
1.258925411794166107e+11	1.800000000000000000e+01	1.258698335107422486e-05
1.584893192461110840e+11	1.800000000000000000e+01	1.586934311480165671e-05
1.995262314968882751e+11	1.800000000000000000e+01	2.002715789018821475e-05
2.511886431509582214e+11	1.800000000000000000e+01	2.531548596729188050e-05
3.162277660168379517e+11	1.800000000000000000e+01	3.208269168048415789e-05
3.981071705534969482e+11	1.800000000000000000e+01	4.081463135283996182e-05
5.011872336272714844e+11	1.800000000000000000e+01	5.212956437530290218e-05
6.309573444801943359e+11	1.800000000000000000e+01	6.626527157249614320e-05
7.943282347242821045e+11	1.800000000000000000e+01	7.449867078700172672e-05
1.000000000000000000e+12	1.800000000000000000e+01	8.770024617208650362e-05
1.260000000000000000e+12	1.800000000000000000e+01	1.158174901025728299e-04
1.580000000000000000e+12	1.800000000000000000e+01	1.463346937079606483e-04
2.000000000000000000e+12	1.800000000000000000e+01	1.857666204648349704e-04
2.510000000000000000e+12	1.800000000000000000e+01	2.333378884683250532e-04
3.160000000000000000e+12	1.800000000000000000e+01	2.937074381205913320e-04
3.980000000000000000e+12	1.800000000000000000e+01	3.699799643620510330e-04
5.010000000000000000e+12	1.800000000000000000e+01	4.656910694469295546e-04
6.310000000000000000e+12	1.800000000000000000e+01	5.858928261334526294e-04
7.940000000000000000e+12	1.800000000000000000e+01	7.383495312908750245e-04
1.000000000000000000e+13	1.800000000000000000e+01	9.318752958720703111e-04
1.260000000000000000e+13	1.800000000000000000e+01	1.177218298516006026e-03
1.580000000000000000e+13	1.800000000000000000e+01	1.480720001693753250e-03
2.000000000000000000e+13	1.800000000000000000e+01	1.874907441196615359e-03
2.510000000000000000e+13	1.800000000000000000e+01	2.351471519237766875e-03
3.160000000000000000e+13	1.800000000000000000e+01	2.949787059123578151e-03
3.980000000000000000e+13	1.800000000000000000e+01	3.662207654631260880e-03
5.010000000000000000e+13	1.800000000000000000e+01	4.507778789987685990e-03
6.310000000000000000e+13	1.800000000000000000e+01	5.549820919451776448e-03
7.940000000000000000e+13	1.800000000000000000e+01	6.854910875531026668e-03
1.000000000000000000e+14	1.800000000000000000e+01	8.585076101832690362e-03
1.260000000000000000e+14	1.800000000000000000e+01	1.094234390517078576e-02
1.580000000000000000e+14	1.800000000000000000e+01	1.411124410752112764e-02
2.000000000000000000e+14	1.800000000000000000e+01	1.863262190369037105e-02
2.510000000000000000e+14	1.800000000000000000e+01	2.402558229764534606e-02
3.160000000000000000e+14	1.800000000000000000e+01	2.995113763912935975e-02
3.980000000000000000e+14	1.800000000000000000e+01	3.534431701483096294e-02
5.010000000000000000e+14	1.800000000000000000e+01	3.943217563945648069e-02
6.310000000000000000e+14	1.800000000000000000e+01	4.031570159059105068e-02
7.940000000000000000e+14	1.800000000000000000e+01	3.765394726732249758e-02
1.000000000000000000e+15	1.800000000000000000e+01	3.276057699895500858e-02
1.260000000000000000e+15	1.800000000000000000e+01	2.530666157079190445e-02
1.580000000000000000e+15	1.800000000000000000e+01	1.622049621782048132e-02
2.000000000000000000e+15	1.800000000000000000e+01	7.430955942257231814e-03
2.510000000000000000e+15	1.800000000000000000e+01	1.892961167686756866e-04
3.160000000000000000e+15	1.800000000000000000e+01	-6.806810542720619257e-03
3.980000000000000000e+15	1.800000000000000000e+01	-1.273200303168136281e-02
5.010000000000000000e+15	1.800000000000000000e+01	-1.737375479808076981e-02
6.310000000000000000e+15	1.800000000000000000e+01	-2.074369242940583835e-02
7.940000000000000000e+15	1.800000000000000000e+01	-2.292219996714311980e-02
1.000000000000000000e+16	1.800000000000000000e+01	-2.407650211451394309e-02
1.260000000000000000e+16	1.800000000000000000e+01	-2.437069416816938644e-02
1.580000000000000000e+16	1.800000000000000000e+01	-2.401526779940831718e-02
2.000000000000000000e+16	1.800000000000000000e+01	-2.310005851018354442e-02
2.510000000000000000e+16	1.800000000000000000e+01	-2.188287941095426459e-02
3.160000000000000000e+16	1.800000000000000000e+01	-2.040944054788916551e-02
3.980000000000000000e+16	1.800000000000000000e+01	-1.879857246913593447e-02
5.010000000000000000e+16	1.800000000000000000e+01	-1.713756238055899953e-02
6.310000000000000000e+16	1.800000000000000000e+01	-1.547808744198208956e-02
7.940000000000000000e+16	1.800000000000000000e+01	-1.387706320458908377e-02
1.000000000000000000e+17	1.800000000000000000e+01	-1.234868862792321692e-02
