1.000000000000000000e+11	5.000000000000000000e-01	2.178010473909116742e-05
1.258925411794166107e+11	5.000000000000000000e-01	2.744659158468439151e-05
1.584893192461110840e+11	5.000000000000000000e-01	3.460946649748497582e-05
1.995262314968882751e+11	5.000000000000000000e-01	4.368633030901231438e-05
2.511886431509582214e+11	5.000000000000000000e-01	5.523765762078944119e-05
3.162277660168379517e+11	5.000000000000000000e-01	7.004156397033095517e-05
3.981071705534969482e+11	5.000000000000000000e-01	8.922454765734483273e-05
5.011872336272714844e+11	5.000000000000000000e-01	1.145070286389080649e-04
6.309573444801943359e+11	5.000000000000000000e-01	1.486485499697006980e-04
7.943282347242821045e+11	5.000000000000000000e-01	1.974667409950643898e-04
1.000000000000000000e+12	5.000000000000000000e-01	2.290233924123222741e-04
1.260000000000000000e+12	5.000000000000000000e-01	2.451524442667041000e-04
1.580000000000000000e+12	5.000000000000000000e-01	2.852807538484942139e-04
2.000000000000000000e+12	5.000000000000000000e-01	3.446716366992251968e-04
2.510000000000000000e+12	5.000000000000000000e-01	4.199365649984342541e-04
3.160000000000000000e+12	5.000000000000000000e-01	5.177905256327173253e-04
3.980000000000000000e+12	5.000000000000000000e-01	6.427923062898184808e-04
5.010000000000000000e+12	5.000000000000000000e-01	8.011064381931870277e-04
6.310000000000000000e+12	5.000000000000000000e-01	1.003163634447150907e-03
7.940000000000000000e+12	5.000000000000000000e-01	1.261281888919159799e-03
1.000000000000000000e+13	5.000000000000000000e-01	1.595034270324599893e-03
1.260000000000000000e+13	5.000000000000000000e-01	2.014809501671499699e-03
1.580000000000000000e+13	5.000000000000000000e-01	2.540796634871563854e-03
2.000000000000000000e+13	5.000000000000000000e-01	3.227632059668017733e-03
2.510000000000000000e+13	5.000000000000000000e-01	4.046581338837292041e-03
3.160000000000000000e+13	5.000000000000000000e-01	5.000937859046089909e-03
3.980000000000000000e+13	5.000000000000000000e-01	6.004712885266032078e-03
5.010000000000000000e+13	5.000000000000000000e-01	6.978658320634684165e-03
6.310000000000000000e+13	5.000000000000000000e-01	7.905095624792383632e-03
7.940000000000000000e+13	5.000000000000000000e-01	8.864857368369755131e-03
1.000000000000000000e+14	5.000000000000000000e-01	1.006017925260519613e-02
1.260000000000000000e+14	5.000000000000000000e-01	1.179351463788305167e-02
1.580000000000000000e+14	5.000000000000000000e-01	1.435746614559202383e-02
2.000000000000000000e+14	5.000000000000000000e-01	1.824367685019106372e-02
2.510000000000000000e+14	5.000000000000000000e-01	2.317578822101239513e-02
3.160000000000000000e+14	5.000000000000000000e-01	2.878366622223276980e-02
3.980000000000000000e+14	5.000000000000000000e-01	3.396975303521684170e-02
5.010000000000000000e+14	5.000000000000000000e-01	3.748874611153108632e-02
6.310000000000000000e+14	5.000000000000000000e-01	3.840430637466735880e-02
7.940000000000000000e+14	5.000000000000000000e-01	3.630683461669091672e-02
1.000000000000000000e+15	5.000000000000000000e-01	3.147466067110993304e-02
1.260000000000000000e+15	5.000000000000000000e-01	2.480040674213604412e-02
1.580000000000000000e+15	5.000000000000000000e-01	1.694931041514826167e-02
2.000000000000000000e+15	5.000000000000000000e-01	8.409273432677411356e-03
2.510000000000000000e+15	5.000000000000000000e-01	3.213526957697222818e-04
3.160000000000000000e+15	5.000000000000000000e-01	-7.026705430101315084e-03
3.980000000000000000e+15	5.000000000000000000e-01	-1.319516162517421487e-02
5.010000000000000000e+15	5.000000000000000000e-01	-1.801211650331038111e-02
6.310000000000000000e+15	5.000000000000000000e-01	-2.150377850873332747e-02
7.940000000000000000e+15	5.000000000000000000e-01	-2.375836987360471775e-02
1.000000000000000000e+16	5.000000000000000000e-01	-2.495116202606154771e-02
1.260000000000000000e+16	5.000000000000000000e-01	-2.525366226308827997e-02
1.580000000000000000e+16	5.000000000000000000e-01	-2.488325182834104365e-02
2.000000000000000000e+16	5.000000000000000000e-01	-2.393315826072069802e-02
2.510000000000000000e+16	5.000000000000000000e-01	-2.267107474315614712e-02
3.160000000000000000e+16	5.000000000000000000e-01	-2.114367428063404150e-02
3.980000000000000000e+16	5.000000000000000000e-01	-1.947419019825660791e-02
5.010000000000000000e+16	5.000000000000000000e-01	-1.775325726599075865e-02
6.310000000000000000e+16	5.000000000000000000e-01	-1.603354286650185423e-02
7.940000000000000000e+16	5.000000000000000000e-01	-1.437481838201805535e-02
1.000000000000000000e+17	5.000000000000000000e-01	-1.279143691725053746e-02
1.000000000000000000e+11	1.500000000000000000e+00	2.078069051357577630e-05
1.258925411794166107e+11	1.500000000000000000e+00	2.618758814580578190e-05
1.584893192461110840e+11	1.500000000000000000e+00	3.302283116350958315e-05
1.995262314968882751e+11	1.500000000000000000e+00	4.168557210947491850e-05
2.511886431509582214e+11	1.500000000000000000e+00	5.271225691880993621e-05
3.162277660168379517e+11	1.500000000000000000e+00	6.684828528092229261e-05
3.981071705534969482e+11	1.500000000000000000e+00	8.517420422878997492e-05
5.011872336272714844e+11	1.500000000000000000e+00	1.093386572945221849e-04
6.309573444801943359e+11	1.500000000000000000e+00	1.419594812329371672e-04
7.943282347242821045e+11	1.500000000000000000e+00	1.881651059229580523e-04
1.000000000000000000e+12	1.500000000000000000e+00	2.177865559574883574e-04
1.260000000000000000e+12	1.500000000000000000e+00	2.330785633126008637e-04
1.580000000000000000e+12	1.500000000000000000e+00	2.714127412904812652e-04
2.000000000000000000e+12	1.500000000000000000e+00	3.277921570723464303e-04
2.510000000000000000e+12	1.500000000000000000e+00	3.996331739027061871e-04
3.160000000000000000e+12	1.500000000000000000e+00	4.932984031813824645e-04
3.980000000000000000e+12	1.500000000000000000e+00	6.127602910241037497e-04
5.010000000000000000e+12	1.500000000000000000e+00	7.642147601977105926e-04
6.310000000000000000e+12	1.500000000000000000e+00	9.574879170459957029e-04
7.940000000000000000e+12	1.500000000000000000e+00	1.204787518732791229e-03
1.000000000000000000e+13	1.500000000000000000e+00	1.523645787642348816e-03
1.260000000000000000e+13	1.500000000000000000e+00	1.929941326693655973e-03
1.580000000000000000e+13	1.500000000000000000e+00	2.428685239684945374e-03
2.000000000000000000e+13	1.500000000000000000e+00	3.088170133210652903e-03
2.510000000000000000e+13	1.500000000000000000e+00	3.876640268400549823e-03
3.160000000000000000e+13	1.500000000000000000e+00	4.797455992815545002e-03
3.980000000000000000e+13	1.500000000000000000e+00	5.785423289007850245e-03
5.010000000000000000e+13	1.500000000000000000e+00	6.748550333821592626e-03
6.310000000000000000e+13	1.500000000000000000e+00	7.693767154952683290e-03
7.940000000000000000e+13	1.500000000000000000e+00	8.683082905755529560e-03
1.000000000000000000e+14	1.500000000000000000e+00	9.912369780728319535e-03
1.260000000000000000e+14	1.500000000000000000e+00	1.170377814880351440e-02
1.580000000000000000e+14	1.500000000000000000e+00	1.429683111147584881e-02
2.000000000000000000e+14	1.500000000000000000e+00	1.824105076816241039e-02
2.510000000000000000e+14	1.500000000000000000e+00	2.324738261399708628e-02
3.160000000000000000e+14	1.500000000000000000e+00	2.888795443552560904e-02
3.980000000000000000e+14	1.500000000000000000e+00	3.411270023913813565e-02
5.010000000000000000e+14	1.500000000000000000e+00	3.751525716833351010e-02
6.310000000000000000e+14	1.500000000000000000e+00	3.840609485806168594e-02
7.940000000000000000e+14	1.500000000000000000e+00	3.643910671445279442e-02
1.000000000000000000e+15	1.500000000000000000e+00	3.149110300413257568e-02
1.260000000000000000e+15	1.500000000000000000e+00	2.450123666267563227e-02
1.580000000000000000e+15	1.500000000000000000e+00	1.659933351944627850e-02
2.000000000000000000e+15	1.500000000000000000e+00	8.276487201245399591e-03
2.510000000000000000e+15	1.500000000000000000e+00	2.725817942763930136e-04
3.160000000000000000e+15	1.500000000000000000e+00	-7.009170404491701749e-03
3.980000000000000000e+15	1.500000000000000000e+00	-1.312637482434339184e-02
5.010000000000000000e+15	1.500000000000000000e+00	-1.790448158387368538e-02
6.310000000000000000e+15	1.500000000000000000e+00	-2.136814322587139367e-02
7.940000000000000000e+15	1.500000000000000000e+00	-2.360447476587640078e-02
1.000000000000000000e+16	1.500000000000000000e+00	-2.478713903703142277e-02
1.260000000000000000e+16	1.500000000000000000e+00	-2.508554686288287996e-02
1.580000000000000000e+16	1.500000000000000000e+00	-2.471643439052562466e-02
2.000000000000000000e+16	1.500000000000000000e+00	-2.377205505505170305e-02
2.510000000000000000e+16	1.500000000000000000e+00	-2.251771516821871044e-02
3.160000000000000000e+16	1.500000000000000000e+00	-2.100023342485923122e-02
3.980000000000000000e+16	1.500000000000000000e+00	-1.934176851726144078e-02
5.010000000000000000e+16	1.500000000000000000e+00	-1.763206507095378336e-02
6.310000000000000000e+16	1.500000000000000000e+00	-1.592415245846614744e-02
7.940000000000000000e+16	1.500000000000000000e+00	-1.427660925010660296e-02
1.000000000000000000e+17	1.500000000000000000e+00	-1.270394948128703363e-02
1.000000000000000000e+11	2.500000000000000000e+00	1.972281663995131560e-05
1.258925411794166107e+11	2.500000000000000000e+00	2.485461821642307774e-05
1.584893192461110840e+11	2.500000000000000000e+00	3.134241350697412393e-05
1.995262314968882751e+11	2.500000000000000000e+00	3.956515244645671499e-05
2.511886431509582214e+11	2.500000000000000000e+00	5.003249820627916726e-05
3.162277660168379517e+11	2.500000000000000000e+00	6.345371453352625013e-05
3.981071705534969482e+11	2.500000000000000000e+00	8.085503170569640187e-05
5.011872336272714844e+11	2.500000000000000000e+00	1.037952698991990373e-04
6.309573444801943359e+11	2.500000000000000000e+00	1.346999667092078879e-04
7.943282347242821045e+11	2.500000000000000000e+00	1.776169171567305687e-04
1.000000000000000000e+12	2.500000000000000000e+00	2.055592455448930543e-04
1.260000000000000000e+12	2.500000000000000000e+00	2.210791693821646277e-04
1.580000000000000000e+12	2.500000000000000000e+00	2.578247390431157439e-04
2.000000000000000000e+12	2.500000000000000000e+00	3.120338561625647525e-04
2.510000000000000000e+12	2.500000000000000000e+00	3.807046650483519932e-04
3.160000000000000000e+12	2.500000000000000000e+00	4.701089506409478571e-04
3.980000000000000000e+12	2.500000000000000000e+00	5.846334196240057747e-04
5.010000000000000000e+12	2.500000000000000000e+00	7.299552507003194586e-04
6.310000000000000000e+12	2.500000000000000000e+00	9.151584134011057827e-04
7.940000000000000000e+12	2.500000000000000000e+00	1.152223672955107617e-03
1.000000000000000000e+13	2.500000000000000000e+00	1.458313267310542985e-03
1.260000000000000000e+13	2.500000000000000000e+00	1.846623032851842268e-03
1.580000000000000000e+13	2.500000000000000000e+00	2.326124793697433892e-03
2.000000000000000000e+13	2.500000000000000000e+00	2.959477102303896111e-03
2.510000000000000000e+13	2.500000000000000000e+00	3.715872672691534692e-03
3.160000000000000000e+13	2.500000000000000000e+00	4.605640640296836640e-03
3.980000000000000000e+13	2.500000000000000000e+00	5.559141327970001066e-03
5.010000000000000000e+13	2.500000000000000000e+00	6.533180288957154622e-03
6.310000000000000000e+13	2.500000000000000000e+00	7.476308411667373019e-03
7.940000000000000000e+13	2.500000000000000000e+00	8.481427466605575075e-03
1.000000000000000000e+14	2.500000000000000000e+00	9.772945194713127462e-03
1.260000000000000000e+14	2.500000000000000000e+00	1.158830143891841774e-02
1.580000000000000000e+14	2.500000000000000000e+00	1.425147245757515772e-02
2.000000000000000000e+14	2.500000000000000000e+00	1.825875925004263184e-02
2.510000000000000000e+14	2.500000000000000000e+00	2.328564278800820259e-02
3.160000000000000000e+14	2.500000000000000000e+00	2.896156193840622797e-02
3.980000000000000000e+14	2.500000000000000000e+00	3.422805225621634861e-02
5.010000000000000000e+14	2.500000000000000000e+00	3.779482819746043248e-02
6.310000000000000000e+14	2.500000000000000000e+00	3.867372885501941387e-02
7.940000000000000000e+14	2.500000000000000000e+00	3.648064996169927271e-02
1.000000000000000000e+15	2.500000000000000000e+00	3.170490773736878848e-02
1.260000000000000000e+15	2.500000000000000000e+00	2.487400024043286834e-02
1.580000000000000000e+15	2.500000000000000000e+00	1.679103288341881120e-02
2.000000000000000000e+15	2.500000000000000000e+00	8.409877806605282197e-03
2.510000000000000000e+15	2.500000000000000000e+00	3.730173600496325880e-04
3.160000000000000000e+15	2.500000000000000000e+00	-6.932102613309945247e-03
3.980000000000000000e+15	2.500000000000000000e+00	-1.306633796803127225e-02
5.010000000000000000e+15	2.500000000000000000e+00	-1.785734516186464338e-02
6.310000000000000000e+15	2.500000000000000000e+00	-2.133099245477042272e-02
7.940000000000000000e+15	2.500000000000000000e+00	-2.357507215403971054e-02
1.000000000000000000e+16	2.500000000000000000e+00	-2.476386216339133625e-02
1.260000000000000000e+16	2.500000000000000000e+00	-2.506709573177040920e-02
1.580000000000000000e+16	2.500000000000000000e+00	-2.470173892012459890e-02
2.000000000000000000e+16	2.500000000000000000e+00	-2.376045295175628277e-02
2.510000000000000000e+16	2.500000000000000000e+00	-2.250847886397490394e-02
3.160000000000000000e+16	2.500000000000000000e+00	-2.099289476741432806e-02
3.980000000000000000e+16	2.500000000000000000e+00	-1.933594525448298351e-02
5.010000000000000000e+16	2.500000000000000000e+00	-1.762745501016362709e-02
6.310000000000000000e+16	2.500000000000000000e+00	-1.592046305306397957e-02
7.940000000000000000e+16	2.500000000000000000e+00	-1.427373524883240354e-02
1.000000000000000000e+17	2.500000000000000000e+00	-1.270162513493109345e-02
1.000000000000000000e+11	3.500000000000000000e+00	1.859276160686171452e-05
1.258925411794166107e+11	3.500000000000000000e+00	2.343050648634099046e-05
1.584893192461110840e+11	3.500000000000000000e+00	2.954663323329706113e-05
1.995262314968882751e+11	3.500000000000000000e+00	3.729844848352620990e-05
2.511886431509582214e+11	3.500000000000000000e+00	4.716692167063136468e-05
3.162277660168379517e+11	3.500000000000000000e+00	5.982024351102787697e-05
3.981071705534969482e+11	3.500000000000000000e+00	7.622502067051280998e-05
5.011872336272714844e+11	3.500000000000000000e+00	9.783790795747986330e-05
6.309573444801943359e+11	3.500000000000000000e+00	1.268592981144166427e-04
7.943282347242821045e+11	3.500000000000000000e+00	1.660404963766769877e-04
1.000000000000000000e+12	3.500000000000000000e+00	1.921423660489830808e-04
1.260000000000000000e+12	3.500000000000000000e+00	2.085459150041702272e-04
1.580000000000000000e+12	3.500000000000000000e+00	2.440976670798844451e-04
2.000000000000000000e+12	3.500000000000000000e+00	2.959799782402822155e-04
2.510000000000000000e+12	3.500000000000000000e+00	3.616712577907391546e-04
3.160000000000000000e+12	3.500000000000000000e+00	4.474751033826517444e-04
3.980000000000000000e+12	3.500000000000000000e+00	5.571069025878317609e-04
5.010000000000000000e+12	3.500000000000000000e+00	6.960590952406618855e-04
6.310000000000000000e+12	3.500000000000000000e+00	8.737255816962898785e-04
7.940000000000000000e+12	3.500000000000000000e+00	1.100512470489700256e-03
1.000000000000000000e+13	3.500000000000000000e+00	1.393278240555627682e-03
1.260000000000000000e+13	3.500000000000000000e+00	1.765932813013013037e-03
1.580000000000000000e+13	3.500000000000000000e+00	2.226403562443646407e-03
2.000000000000000000e+13	3.500000000000000000e+00	2.833991755893886660e-03
2.510000000000000000e+13	3.500000000000000000e+00	3.558668983970874906e-03
3.160000000000000000e+13	3.500000000000000000e+00	4.415122556361616123e-03
3.980000000000000000e+13	3.500000000000000000e+00	5.344543146894789078e-03
5.010000000000000000e+13	3.500000000000000000e+00	6.272301830148326908e-03
6.310000000000000000e+13	3.500000000000000000e+00	7.219519761163728164e-03
7.940000000000000000e+13	3.500000000000000000e+00	8.258783042059777979e-03
1.000000000000000000e+14	3.500000000000000000e+00	9.567740930142626041e-03
1.260000000000000000e+14	3.500000000000000000e+00	1.146761700112550880e-02
1.580000000000000000e+14	3.500000000000000000e+00	1.417562198394163760e-02
2.000000000000000000e+14	3.500000000000000000e+00	1.820278535443753745e-02
2.510000000000000000e+14	3.500000000000000000e+00	2.329532731003485652e-02
3.160000000000000000e+14	3.500000000000000000e+00	2.902038803291711461e-02
3.980000000000000000e+14	3.500000000000000000e+00	3.422076170879680829e-02
5.010000000000000000e+14	3.500000000000000000e+00	3.776563022457227192e-02
6.310000000000000000e+14	3.500000000000000000e+00	3.878529012173588530e-02
7.940000000000000000e+14	3.500000000000000000e+00	3.678250029611506572e-02
1.000000000000000000e+15	3.500000000000000000e+00	3.187873763186269138e-02
1.260000000000000000e+15	3.500000000000000000e+00	2.489372446965469610e-02
1.580000000000000000e+15	3.500000000000000000e+00	1.717037336506630971e-02
2.000000000000000000e+15	3.500000000000000000e+00	8.846063672421126955e-03
2.510000000000000000e+15	3.500000000000000000e+00	6.063821896425326168e-04
3.160000000000000000e+15	3.500000000000000000e+00	-6.767423785598180967e-03
3.980000000000000000e+15	3.500000000000000000e+00	-1.294308371676280815e-02
5.010000000000000000e+15	3.500000000000000000e+00	-1.776258913487942584e-02
6.310000000000000000e+15	3.500000000000000000e+00	-2.125720521199389937e-02
7.940000000000000000e+15	3.500000000000000000e+00	-2.351699008459387161e-02
1.000000000000000000e+16	3.500000000000000000e+00	-2.471773734137544185e-02
1.260000000000000000e+16	3.500000000000000000e+00	-2.503100505701012085e-02
1.580000000000000000e+16	3.500000000000000000e+00	-2.467303504773054809e-02
2.000000000000000000e+16	3.500000000000000000e+00	-2.373760337895143568e-02
2.510000000000000000e+16	3.500000000000000000e+00	-2.249046728656536875e-02
3.160000000000000000e+16	3.500000000000000000e+00	-2.097859515697886312e-02
3.980000000000000000e+16	3.500000000000000000e+00	-1.932459759372421107e-02
5.010000000000000000e+16	3.500000000000000000e+00	-1.761843477026186350e-02
6.310000000000000000e+16	3.500000000000000000e+00	-1.591338902787487256e-02
7.940000000000000000e+16	3.500000000000000000e+00	-1.426802022768775512e-02
1.000000000000000000e+17	3.500000000000000000e+00	-1.269711961570423563e-02
1.000000000000000000e+11	4.500000000000000000e+00	1.757726144091144570e-05
1.258925411794166107e+11	4.500000000000000000e+00	2.215050663541121541e-05
1.584893192461110840e+11	4.500000000000000000e+00	2.793205806052628581e-05
1.995262314968882751e+11	4.500000000000000000e+00	3.525934330335863689e-05
2.511886431509582214e+11	4.500000000000000000e+00	4.458641125128057117e-05
3.162277660168379517e+11	4.500000000000000000e+00	5.654401817452623475e-05
3.981071705534969482e+11	4.500000000000000000e+00	7.204020353982929989e-05
5.011872336272714844e+11	4.500000000000000000e+00	9.243002512391809049e-05
6.309573444801943359e+11	4.500000000000000000e+00	1.196824445327986433e-04
7.943282347242821045e+11	4.500000000000000000e+00	1.551620151019463890e-04
1.000000000000000000e+12	4.500000000000000000e+00	1.796874470595826204e-04
1.260000000000000000e+12	4.500000000000000000e+00	1.974748914776873249e-04
1.580000000000000000e+12	4.500000000000000000e+00	2.326140390924478856e-04
2.000000000000000000e+12	4.500000000000000000e+00	2.831496809511106121e-04
2.510000000000000000e+12	4.500000000000000000e+00	3.466812267460182254e-04
3.160000000000000000e+12	4.500000000000000000e+00	4.296706104404286720e-04
3.980000000000000000e+12	4.500000000000000000e+00	5.360129298505220911e-04
5.010000000000000000e+12	4.500000000000000000e+00	6.707045789396824838e-04
6.310000000000000000e+12	4.500000000000000000e+00	8.422781507801843605e-04
7.940000000000000000e+12	4.500000000000000000e+00	1.061668903007640221e-03
1.000000000000000000e+13	4.500000000000000000e+00	1.342228126070084274e-03
1.260000000000000000e+13	4.500000000000000000e+00	1.702685366208669514e-03
1.580000000000000000e+13	4.500000000000000000e+00	2.149876401798183918e-03
2.000000000000000000e+13	4.500000000000000000e+00	2.736902021944913593e-03
2.510000000000000000e+13	4.500000000000000000e+00	3.436706918114007872e-03
3.160000000000000000e+13	4.500000000000000000e+00	4.268601739126342935e-03
3.980000000000000000e+13	4.500000000000000000e+00	5.173882548306698095e-03
5.010000000000000000e+13	4.500000000000000000e+00	6.083384677348912910e-03
6.310000000000000000e+13	4.500000000000000000e+00	7.032548405247492258e-03
7.940000000000000000e+13	4.500000000000000000e+00	8.084423189902633852e-03
1.000000000000000000e+14	4.500000000000000000e+00	9.427594134462402228e-03
1.260000000000000000e+14	4.500000000000000000e+00	1.134438574366745944e-02
1.580000000000000000e+14	4.500000000000000000e+00	1.410402190215109125e-02
2.000000000000000000e+14	4.500000000000000000e+00	1.822798043026003373e-02
2.510000000000000000e+14	4.500000000000000000e+00	2.337336762991271827e-02
3.160000000000000000e+14	4.500000000000000000e+00	2.896166575514994013e-02
3.980000000000000000e+14	4.500000000000000000e+00	3.411912347736947848e-02
5.010000000000000000e+14	4.500000000000000000e+00	3.800073004913846059e-02
6.310000000000000000e+14	4.500000000000000000e+00	3.904160906077398102e-02
7.940000000000000000e+14	4.500000000000000000e+00	3.669511461719961870e-02
1.000000000000000000e+15	4.500000000000000000e+00	3.190910364660477089e-02
1.260000000000000000e+15	4.500000000000000000e+00	2.519517166195411190e-02
1.580000000000000000e+15	4.500000000000000000e+00	1.691689028383035892e-02
2.000000000000000000e+15	4.500000000000000000e+00	8.288960860453610871e-03
2.510000000000000000e+15	4.500000000000000000e+00	4.110802064586526654e-04
3.160000000000000000e+15	4.500000000000000000e+00	-6.839829452729651038e-03
3.980000000000000000e+15	4.500000000000000000e+00	-1.293674117414023335e-02
5.010000000000000000e+15	4.500000000000000000e+00	-1.770084165571515419e-02
6.310000000000000000e+15	4.500000000000000000e+00	-2.115648364518979418e-02
7.940000000000000000e+15	4.500000000000000000e+00	-2.339010870320716931e-02
1.000000000000000000e+16	4.500000000000000000e+00	-2.457487522099956537e-02
1.260000000000000000e+16	4.500000000000000000e+00	-2.487946315408349346e-02
1.580000000000000000e+16	4.500000000000000000e+00	-2.451932104636033935e-02
2.000000000000000000e+16	4.500000000000000000e+00	-2.358685844507689769e-02
2.510000000000000000e+16	4.500000000000000000e+00	-2.234533611020412744e-02
3.160000000000000000e+16	4.500000000000000000e+00	-2.084206890925130104e-02
3.980000000000000000e+16	4.500000000000000000e+00	-1.919735665053636312e-02
5.010000000000000000e+16	4.500000000000000000e+00	-1.750161429385757236e-02
6.310000000000000000e+16	4.500000000000000000e+00	-1.580717486463422902e-02
7.940000000000000000e+16	4.500000000000000000e+00	-1.417244231879289003e-02
1.000000000000000000e+17	4.500000000000000000e+00	-1.261170432905782401e-02
1.000000000000000000e+11	5.500000000000000000e+00	1.658595297865462899e-05
1.258925411794166107e+11	5.500000000000000000e+00	2.090096531725680996e-05
1.584893192461110840e+11	5.500000000000000000e+00	2.635587362835089271e-05
1.995262314968882751e+11	5.500000000000000000e+00	3.326854847210419406e-05
2.511886431509582214e+11	5.500000000000000000e+00	4.206727872324748056e-05
3.162277660168379517e+11	5.500000000000000000e+00	5.334516856252479675e-05
3.981071705534969482e+11	5.500000000000000000e+00	6.795352762656372842e-05
5.011872336272714844e+11	5.500000000000000000e+00	8.714695770650120275e-05
6.309573444801943359e+11	5.500000000000000000e+00	1.126623637596375508e-04
7.943282347242821045e+11	5.500000000000000000e+00	1.444748683251719510e-04
1.000000000000000000e+12	5.500000000000000000e+00	1.675082622386412528e-04
1.260000000000000000e+12	5.500000000000000000e+00	1.869017029687576993e-04
1.580000000000000000e+12	5.500000000000000000e+00	2.215418187015489768e-04
2.000000000000000000e+12	5.500000000000000000e+00	2.707588187991836321e-04
2.510000000000000000e+12	5.500000000000000000e+00	3.324714883562118425e-04
3.160000000000000000e+12	5.500000000000000000e+00	4.125065610072170649e-04
3.980000000000000000e+12	5.500000000000000000e+00	5.148404516840618134e-04
5.010000000000000000e+12	5.500000000000000000e+00	6.447058517580853696e-04
6.310000000000000000e+12	5.500000000000000000e+00	8.113508127002929836e-04
7.940000000000000000e+12	5.500000000000000000e+00	1.021395437141697869e-03
1.000000000000000000e+13	5.500000000000000000e+00	1.294015457025524986e-03
1.260000000000000000e+13	5.500000000000000000e+00	1.644397576337904400e-03
1.580000000000000000e+13	5.500000000000000000e+00	2.071663856284509941e-03
2.000000000000000000e+13	5.500000000000000000e+00	2.632495058251198890e-03
2.510000000000000000e+13	5.500000000000000000e+00	3.308110229358188215e-03
3.160000000000000000e+13	5.500000000000000000e+00	4.098953568990855965e-03
3.980000000000000000e+13	5.500000000000000000e+00	4.990352947620520230e-03
5.010000000000000000e+13	5.500000000000000000e+00	5.912491790055519024e-03
6.310000000000000000e+13	5.500000000000000000e+00	6.836282768213401695e-03
7.940000000000000000e+13	5.500000000000000000e+00	7.917144575165032880e-03
1.000000000000000000e+14	5.500000000000000000e+00	9.308735029177395148e-03
1.260000000000000000e+14	5.500000000000000000e+00	1.126009202389147840e-02
1.580000000000000000e+14	5.500000000000000000e+00	1.406892758330868971e-02
2.000000000000000000e+14	5.500000000000000000e+00	1.821589071157317732e-02
2.510000000000000000e+14	5.500000000000000000e+00	2.327790390240812302e-02
3.160000000000000000e+14	5.500000000000000000e+00	2.926908683399625372e-02
3.980000000000000000e+14	5.500000000000000000e+00	3.483948879609387317e-02
5.010000000000000000e+14	5.500000000000000000e+00	3.805093917567404366e-02
6.310000000000000000e+14	5.500000000000000000e+00	3.883282048011636040e-02
7.940000000000000000e+14	5.500000000000000000e+00	3.703361846240675603e-02
1.000000000000000000e+15	5.500000000000000000e+00	3.235961179770967949e-02
1.260000000000000000e+15	5.500000000000000000e+00	2.539928582490573114e-02
1.580000000000000000e+15	5.500000000000000000e+00	1.745403199982823242e-02
2.000000000000000000e+15	5.500000000000000000e+00	9.047851954189061949e-03
2.510000000000000000e+15	5.500000000000000000e+00	7.590376589993330257e-04
3.160000000000000000e+15	5.500000000000000000e+00	-6.649488890761930636e-03
3.980000000000000000e+15	5.500000000000000000e+00	-1.285104948611861565e-02
5.010000000000000000e+15	5.500000000000000000e+00	-1.769024178505773648e-02
6.310000000000000000e+15	5.500000000000000000e+00	-2.120011735070168046e-02
7.940000000000000000e+15	5.500000000000000000e+00	-2.347180571966387894e-02
1.000000000000000000e+16	5.500000000000000000e+00	-2.468239640896146073e-02
1.260000000000000000e+16	5.500000000000000000e+00	-2.500264808643676978e-02
1.580000000000000000e+16	5.500000000000000000e+00	-2.465047075953962288e-02
2.000000000000000000e+16	5.500000000000000000e+00	-2.371998189562118942e-02
2.510000000000000000e+16	5.500000000000000000e+00	-2.247625178884489483e-02
3.160000000000000000e+16	5.500000000000000000e+00	-2.096731751089903756e-02
3.980000000000000000e+16	5.500000000000000000e+00	-1.931563220094922873e-02
5.010000000000000000e+16	5.500000000000000000e+00	-1.761147522381104058e-02
6.310000000000000000e+16	5.500000000000000000e+00	-1.590766244463727441e-02
7.940000000000000000e+16	5.500000000000000000e+00	-1.426353701348350572e-02
1.000000000000000000e+17	5.500000000000000000e+00	-1.269356334828729282e-02
1.000000000000000000e+11	6.500000000000000000e+00	1.574850015424580430e-05
1.258925411794166107e+11	6.500000000000000000e+00	1.984505250102557480e-05
1.584893192461110840e+11	6.500000000000000000e+00	2.502342599996230986e-05
1.995262314968882751e+11	6.500000000000000000e+00	3.158500627054767633e-05
2.511886431509582214e+11	6.500000000000000000e+00	3.993477082166660137e-05
3.162277660168379517e+11	6.500000000000000000e+00	5.063320924061942720e-05
3.981071705534969482e+11	6.500000000000000000e+00	6.448126611356225181e-05
5.011872336272714844e+11	6.500000000000000000e+00	8.264093503060004702e-05
6.309573444801943359e+11	6.500000000000000000e+00	1.066312244190962378e-04
7.943282347242821045e+11	6.500000000000000000e+00	1.350589148928912030e-04
1.000000000000000000e+12	6.500000000000000000e+00	1.570930743637872855e-04
1.260000000000000000e+12	6.500000000000000000e+00	1.782164950104276431e-04
1.580000000000000000e+12	6.500000000000000000e+00	2.126091164531713487e-04
2.000000000000000000e+12	6.500000000000000000e+00	2.613055082972229218e-04
2.510000000000000000e+12	6.500000000000000000e+00	3.220750952193336745e-04
3.160000000000000000e+12	6.500000000000000000e+00	4.004011190816673688e-04
3.980000000000000000e+12	6.500000000000000000e+00	5.003888623376966322e-04
5.010000000000000000e+12	6.500000000000000000e+00	6.266877157360176663e-04
6.310000000000000000e+12	6.500000000000000000e+00	7.881529886941519110e-04
7.940000000000000000e+12	6.500000000000000000e+00	9.940705334458592099e-04
1.000000000000000000e+13	6.500000000000000000e+00	1.258379170925169425e-03
1.260000000000000000e+13	6.500000000000000000e+00	1.594337740738761919e-03
1.580000000000000000e+13	6.500000000000000000e+00	2.011236956283705447e-03
2.000000000000000000e+13	6.500000000000000000e+00	2.561746474578202419e-03
2.510000000000000000e+13	6.500000000000000000e+00	3.218520793191930428e-03
3.160000000000000000e+13	6.500000000000000000e+00	3.994711876624828031e-03
3.980000000000000000e+13	6.500000000000000000e+00	4.850830887595907782e-03
5.010000000000000000e+13	6.500000000000000000e+00	5.761257695712234880e-03
6.310000000000000000e+13	6.500000000000000000e+00	6.704704317524712819e-03
7.940000000000000000e+13	6.500000000000000000e+00	7.770871507649024755e-03
1.000000000000000000e+14	6.500000000000000000e+00	9.207774352970635526e-03
1.260000000000000000e+14	6.500000000000000000e+00	1.124060160751888526e-02
1.580000000000000000e+14	6.500000000000000000e+00	1.410420342941789452e-02
2.000000000000000000e+14	6.500000000000000000e+00	1.831270603588170884e-02
2.510000000000000000e+14	6.500000000000000000e+00	2.361868059633611544e-02
3.160000000000000000e+14	6.500000000000000000e+00	2.928732877396566375e-02
3.980000000000000000e+14	6.500000000000000000e+00	3.441935190132158762e-02
5.010000000000000000e+14	6.500000000000000000e+00	3.838291389108334367e-02
6.310000000000000000e+14	6.500000000000000000e+00	3.954140109258875296e-02
7.940000000000000000e+14	6.500000000000000000e+00	3.744901472285273869e-02
1.000000000000000000e+15	6.500000000000000000e+00	3.264837244239534447e-02
1.260000000000000000e+15	6.500000000000000000e+00	2.598417212953000113e-02
1.580000000000000000e+15	6.500000000000000000e+00	1.864820485887645762e-02
2.000000000000000000e+15	6.500000000000000000e+00	1.008265211522611608e-02
2.510000000000000000e+15	6.500000000000000000e+00	1.256402343777308916e-03
3.160000000000000000e+15	6.500000000000000000e+00	-6.401946017933406868e-03
3.980000000000000000e+15	6.500000000000000000e+00	-1.277680919474837029e-02
5.010000000000000000e+15	6.500000000000000000e+00	-1.774248815130094123e-02
6.310000000000000000e+15	6.500000000000000000e+00	-2.134433345963043446e-02
7.940000000000000000e+15	6.500000000000000000e+00	-2.368013943580615094e-02
1.000000000000000000e+16	6.500000000000000000e+00	-2.493245191316681778e-02
1.260000000000000000e+16	6.500000000000000000e+00	-2.527667319976764984e-02
1.580000000000000000e+16	6.500000000000000000e+00	-2.493457703785263366e-02
2.000000000000000000e+16	6.500000000000000000e+00	-2.400353693423646836e-02
2.510000000000000000e+16	6.500000000000000000e+00	-2.275190252394312246e-02
3.160000000000000000e+16	6.500000000000000000e+00	-2.122952979666348217e-02
3.980000000000000000e+16	6.500000000000000000e+00	-1.956093031627500686e-02
5.010000000000000000e+16	6.500000000000000000e+00	-1.783765403343571046e-02
6.310000000000000000e+16	6.500000000000000000e+00	-1.611417527959543503e-02
7.940000000000000000e+16	6.500000000000000000e+00	-1.445011817924409837e-02
1.000000000000000000e+17	6.500000000000000000e+00	-1.286070599273973422e-02
1.000000000000000000e+11	8.000000000000000000e+00	1.447877463784846229e-05
1.258925411794166107e+11	8.000000000000000000e+00	1.824461085098834934e-05
1.584893192461110840e+11	8.000000000000000000e+00	2.300438825324826195e-05
1.995262314968882751e+11	8.000000000000000000e+00	2.903473478175100809e-05
2.511886431509582214e+11	8.000000000000000000e+00	3.670695187706327935e-05
3.162277660168379517e+11	8.000000000000000000e+00	4.653295878397514069e-05
3.981071705534969482e+11	8.000000000000000000e+00	5.923944477597698068e-05
5.011872336272714844e+11	8.000000000000000000e+00	7.585723851973329070e-05
6.309573444801943359e+11	8.000000000000000000e+00	9.759636728723092151e-05
7.943282347242821045e+11	8.000000000000000000e+00	1.212140740331015031e-04
1.000000000000000000e+12	8.000000000000000000e+00	1.414017735387169505e-04
1.260000000000000000e+12	8.000000000000000000e+00	1.649243252525406345e-04
1.580000000000000000e+12	8.000000000000000000e+00	1.990552795459391965e-04
2.000000000000000000e+12	8.000000000000000000e+00	2.455032364752637386e-04
2.510000000000000000e+12	8.000000000000000000e+00	3.037445431964034366e-04
3.160000000000000000e+12	8.000000000000000000e+00	3.797659185758856643e-04
3.980000000000000000e+12	8.000000000000000000e+00	4.754426629136191459e-04
5.010000000000000000e+12	8.000000000000000000e+00	5.959375591979998053e-04
6.310000000000000000e+12	8.000000000000000000e+00	7.492489804702375444e-04
7.940000000000000000e+12	8.000000000000000000e+00	9.444576483264928608e-04
1.000000000000000000e+13	8.000000000000000000e+00	1.196555867888747385e-03
1.260000000000000000e+13	8.000000000000000000e+00	1.519545122644526229e-03
1.580000000000000000e+13	8.000000000000000000e+00	1.916985027808178026e-03
2.000000000000000000e+13	8.000000000000000000e+00	2.438199564803354095e-03
2.510000000000000000e+13	8.000000000000000000e+00	3.060809462191681901e-03
3.160000000000000000e+13	8.000000000000000000e+00	3.802520955571682317e-03
3.980000000000000000e+13	8.000000000000000000e+00	4.617678243721125807e-03
5.010000000000000000e+13	8.000000000000000000e+00	5.481050137239926352e-03
6.310000000000000000e+13	8.000000000000000000e+00	6.443478737946631632e-03
7.940000000000000000e+13	8.000000000000000000e+00	7.570232059131506638e-03
1.000000000000000000e+14	8.000000000000000000e+00	9.018621609066232447e-03
1.260000000000000000e+14	8.000000000000000000e+00	1.108025446549971808e-02
1.580000000000000000e+14	8.000000000000000000e+00	1.399327544590487325e-02
2.000000000000000000e+14	8.000000000000000000e+00	1.824225444080777858e-02
2.510000000000000000e+14	8.000000000000000000e+00	2.341081748107912835e-02
3.160000000000000000e+14	8.000000000000000000e+00	2.925378360984485018e-02
3.980000000000000000e+14	8.000000000000000000e+00	3.461248362557878960e-02
5.010000000000000000e+14	8.000000000000000000e+00	3.804556946995185651e-02
6.310000000000000000e+14	8.000000000000000000e+00	3.891208885073701995e-02
7.940000000000000000e+14	8.000000000000000000e+00	3.685281701105547897e-02
1.000000000000000000e+15	8.000000000000000000e+00	3.198659559499789085e-02
1.260000000000000000e+15	8.000000000000000000e+00	2.518287301510464468e-02
1.580000000000000000e+15	8.000000000000000000e+00	1.614971981402033366e-02
2.000000000000000000e+15	8.000000000000000000e+00	7.054027384724275047e-03
2.510000000000000000e+15	8.000000000000000000e+00	-2.796243178569306749e-05
3.160000000000000000e+15	8.000000000000000000e+00	-6.968933208787958349e-03
3.980000000000000000e+15	8.000000000000000000e+00	-1.285763621543864650e-02
5.010000000000000000e+15	8.000000000000000000e+00	-1.747235170213562797e-02
6.310000000000000000e+15	8.000000000000000000e+00	-2.082144604329225560e-02
7.940000000000000000e+15	8.000000000000000000e+00	-2.298410875276104062e-02
1.000000000000000000e+16	8.000000000000000000e+00	-2.412525699647660032e-02
1.260000000000000000e+16	8.000000000000000000e+00	-2.440933931592317863e-02
1.580000000000000000e+16	8.000000000000000000e+00	-2.404603892508757473e-02
2.000000000000000000e+16	8.000000000000000000e+00	-2.312436519674885421e-02
2.510000000000000000e+16	8.000000000000000000e+00	-2.190223146073685956e-02
3.160000000000000000e+16	8.000000000000000000e+00	-2.042465426624470379e-02
3.980000000000000000e+16	8.000000000000000000e+00	-1.881077328179252620e-02
5.010000000000000000e+16	8.000000000000000000e+00	-1.714713709668655439e-02
6.310000000000000000e+16	8.000000000000000000e+00	-1.548575958701639381e-02
7.940000000000000000e+16	8.000000000000000000e+00	-1.388318976776186341e-02
1.000000000000000000e+17	8.000000000000000000e+00	-1.235354454511014034e-02
1.000000000000000000e+11	1.000000000000000000e+01	1.312748502036342919e-05
1.258925411794166107e+11	1.000000000000000000e+01	1.654141197131297957e-05
1.584893192461110840e+11	1.000000000000000000e+01	2.085627292374995348e-05
1.995262314968882751e+11	1.000000000000000000e+01	2.632220108189485829e-05
2.511886431509582214e+11	1.000000000000000000e+01	3.327517261183139267e-05
3.162277660168379517e+11	1.000000000000000000e+01	4.217781362752180788e-05
3.981071705534969482e+11	1.000000000000000000e+01	5.368045477039225721e-05
5.011872336272714844e+11	1.000000000000000000e+01	6.868277617809589401e-05
6.309573444801943359e+11	1.000000000000000000e+01	8.809600864639851637e-05
7.943282347242821045e+11	1.000000000000000000e+01	1.068790762786265674e-04
1.000000000000000000e+12	1.000000000000000000e+01	1.251229594317704937e-04
1.260000000000000000e+12	1.000000000000000000e+01	1.501113287359574550e-04
1.580000000000000000e+12	1.000000000000000000e+01	1.833559766684343412e-04
2.000000000000000000e+12	1.000000000000000000e+01	2.292734403411908635e-04
2.510000000000000000e+12	1.000000000000000000e+01	2.840287539220510624e-04
3.160000000000000000e+12	1.000000000000000000e+01	3.537384695521883439e-04
3.980000000000000000e+12	1.000000000000000000e+01	4.436423752341552224e-04
5.010000000000000000e+12	1.000000000000000000e+01	5.583564634675127186e-04
6.310000000000000000e+12	1.000000000000000000e+01	7.040849744274108339e-04
7.940000000000000000e+12	1.000000000000000000e+01	8.888404868998189736e-04
1.000000000000000000e+13	1.000000000000000000e+01	1.124587179971406293e-03
1.260000000000000000e+13	1.000000000000000000e+01	1.422470009116238044e-03
1.580000000000000000e+13	1.000000000000000000e+01	1.792697613274030731e-03
2.000000000000000000e+13	1.000000000000000000e+01	2.280653528187382394e-03
2.510000000000000000e+13	1.000000000000000000e+01	2.858684531145950364e-03
3.160000000000000000e+13	1.000000000000000000e+01	3.565959706743451578e-03
3.980000000000000000e+13	1.000000000000000000e+01	4.360087085870018898e-03
5.010000000000000000e+13	1.000000000000000000e+01	5.207863332196810066e-03
6.310000000000000000e+13	1.000000000000000000e+01	6.166417237702572461e-03
7.940000000000000000e+13	1.000000000000000000e+01	7.330403166249959204e-03
1.000000000000000000e+14	1.000000000000000000e+01	8.885865094486442711e-03
1.260000000000000000e+14	1.000000000000000000e+01	1.103375804163613319e-02
1.580000000000000000e+14	1.000000000000000000e+01	1.400192010917223825e-02
2.000000000000000000e+14	1.000000000000000000e+01	1.826764083271475644e-02
2.510000000000000000e+14	1.000000000000000000e+01	2.364373093601547168e-02
3.160000000000000000e+14	1.000000000000000000e+01	2.952585510402928881e-02
3.980000000000000000e+14	1.000000000000000000e+01	3.488632149775087316e-02
5.010000000000000000e+14	1.000000000000000000e+01	3.866871343789447801e-02
6.310000000000000000e+14	1.000000000000000000e+01	3.947661229955356371e-02
7.940000000000000000e+14	1.000000000000000000e+01	3.775334364647805335e-02
1.000000000000000000e+15	1.000000000000000000e+01	3.316928920093024230e-02
1.260000000000000000e+15	1.000000000000000000e+01	2.531566748863333174e-02
1.580000000000000000e+15	1.000000000000000000e+01	1.817808838211848813e-02
2.000000000000000000e+15	1.000000000000000000e+01	1.067700634279534523e-02
2.510000000000000000e+15	1.000000000000000000e+01	1.506732601257895028e-03
3.160000000000000000e+15	1.000000000000000000e+01	-6.187482559918354962e-03
3.980000000000000000e+15	1.000000000000000000e+01	-1.256497739966995660e-02
5.010000000000000000e+15	1.000000000000000000e+01	-1.752661208289821998e-02
6.310000000000000000e+15	1.000000000000000000e+01	-2.112515472804072855e-02
7.940000000000000000e+15	1.000000000000000000e+01	-2.346083334558686506e-02
1.000000000000000000e+16	1.000000000000000000e+01	-2.471675996208980153e-02
1.260000000000000000e+16	1.000000000000000000e+01	-2.506810001166461313e-02
1.580000000000000000e+16	1.000000000000000000e+01	-2.473561936493630722e-02
2.000000000000000000e+16	1.000000000000000000e+01	-2.381692824281603574e-02
2.510000000000000000e+16	1.000000000000000000e+01	-2.257840217662594393e-02
3.160000000000000000e+16	1.000000000000000000e+01	-2.107010105795329227e-02
3.980000000000000000e+16	1.000000000000000000e+01	-1.941582723671096342e-02
5.010000000000000000e+16	1.000000000000000000e+01	-1.770660335197243862e-02
6.310000000000000000e+16	1.000000000000000000e+01	-1.599671309805301977e-02
7.940000000000000000e+16	1.000000000000000000e+01	-1.434556709798357442e-02
1.000000000000000000e+17	1.000000000000000000e+01	-1.276819604751504474e-02
1.000000000000000000e+11	1.200000000000000000e+01	1.208059042341078440e-05
1.258925411794166107e+11	1.200000000000000000e+01	1.522191662831600224e-05
1.584893192461110840e+11	1.200000000000000000e+01	1.919142739853188273e-05
1.995262314968882751e+11	1.200000000000000000e+01	2.421946349412990000e-05
2.511886431509582214e+11	1.200000000000000000e+01	3.061412778599243546e-05
3.162277660168379517e+11	1.200000000000000000e+01	3.879794161466646200e-05
3.981071705534969482e+11	1.200000000000000000e+01	4.936172641714409892e-05
5.011872336272714844e+11	1.200000000000000000e+01	6.309800546807247171e-05
6.309573444801943359e+11	1.200000000000000000e+01	8.067256246728302528e-05
7.943282347242821045e+11	1.200000000000000000e+01	9.562228033255316451e-05
1.000000000000000000e+12	1.200000000000000000e+01	1.117679032278450722e-04
1.260000000000000000e+12	1.200000000000000000e+01	1.392667655061264015e-04
1.580000000000000000e+12	1.200000000000000000e+01	1.726426648730402006e-04
2.000000000000000000e+12	1.200000000000000000e+01	2.155092793572987271e-04
2.510000000000000000e+12	1.200000000000000000e+01	2.694621094778378088e-04
3.160000000000000000e+12	1.200000000000000000e+01	3.376826070280560324e-04
3.980000000000000000e+12	1.200000000000000000e+01	4.236660280907841533e-04
5.010000000000000000e+12	1.200000000000000000e+01	5.325987646538936013e-04
6.310000000000000000e+12	1.200000000000000000e+01	6.689348920853444404e-04
7.940000000000000000e+12	1.200000000000000000e+01	8.428143232748962167e-04
1.000000000000000000e+13	1.200000000000000000e+01	1.067859465619124849e-03
1.260000000000000000e+13	1.200000000000000000e+01	1.354320969658649385e-03
1.580000000000000000e+13	1.200000000000000000e+01	1.706013115587305499e-03
2.000000000000000000e+13	1.200000000000000000e+01	2.168692565318403043e-03
2.510000000000000000e+13	1.200000000000000000e+01	2.717853327537689354e-03
3.160000000000000000e+13	1.200000000000000000e+01	3.370575027072671582e-03
3.980000000000000000e+13	1.200000000000000000e+01	4.133983394967123172e-03
5.010000000000000000e+13	1.200000000000000000e+01	4.992470476629661674e-03
6.310000000000000000e+13	1.200000000000000000e+01	5.976144051520027901e-03
7.940000000000000000e+13	1.200000000000000000e+01	7.183259811925059302e-03
1.000000000000000000e+14	1.200000000000000000e+01	8.767176844569792363e-03
1.260000000000000000e+14	1.200000000000000000e+01	1.097414665014937764e-02
1.580000000000000000e+14	1.200000000000000000e+01	1.403661093549094137e-02
2.000000000000000000e+14	1.200000000000000000e+01	1.836105790371189359e-02
2.510000000000000000e+14	1.200000000000000000e+01	2.352910281982647372e-02
3.160000000000000000e+14	1.200000000000000000e+01	2.943618335254748197e-02
3.980000000000000000e+14	1.200000000000000000e+01	3.487689691574383244e-02
5.010000000000000000e+14	1.200000000000000000e+01	3.843960219693575570e-02
6.310000000000000000e+14	1.200000000000000000e+01	3.957705837392013620e-02
7.940000000000000000e+14	1.200000000000000000e+01	3.772832367804193621e-02
1.000000000000000000e+15	1.200000000000000000e+01	3.265354505341293984e-02
1.260000000000000000e+15	1.200000000000000000e+01	2.520459142057627361e-02
1.580000000000000000e+15	1.200000000000000000e+01	1.613443480463622182e-02
2.000000000000000000e+15	1.200000000000000000e+01	7.361250478411789956e-03
2.510000000000000000e+15	1.200000000000000000e+01	1.330885200591224587e-04
3.160000000000000000e+15	1.200000000000000000e+01	-6.851756512993047860e-03
3.980000000000000000e+15	1.200000000000000000e+01	-1.276782956963070682e-02
5.010000000000000000e+15	1.200000000000000000e+01	-1.740227871276294608e-02
6.310000000000000000e+15	1.200000000000000000e+01	-2.076637146524724573e-02
7.940000000000000000e+15	1.200000000000000000e+01	-2.294060246362234282e-02
1.000000000000000000e+16	1.200000000000000000e+01	-2.409083324156618272e-02
1.260000000000000000e+16	1.200000000000000000e+01	-2.438207343004622496e-02
1.580000000000000000e+16	1.200000000000000000e+01	-2.402433169385561132e-02
2.000000000000000000e+16	1.200000000000000000e+01	-2.310722265059092853e-02
2.510000000000000000e+16	1.200000000000000000e+01	-2.188859954339579181e-02
3.160000000000000000e+16	1.200000000000000000e+01	-2.041397298389852413e-02
3.980000000000000000e+16	1.200000000000000000e+01	-1.880215952600266041e-02
5.010000000000000000e+16	1.200000000000000000e+01	-1.714043130809017601e-02
6.310000000000000000e+16	1.200000000000000000e+01	-1.548035741674975291e-02
7.940000000000000000e+16	1.200000000000000000e+01	-1.387887261888367391e-02
1.000000000000000000e+17	1.200000000000000000e+01	-1.235012101806982378e-02
1.000000000000000000e+11	1.400000000000000000e+01	1.132791808343631096e-05
1.258925411794166107e+11	1.400000000000000000e+01	1.427354263697540151e-05
1.584893192461110840e+11	1.400000000000000000e+01	1.799590046838152687e-05
1.995262314968882751e+11	1.400000000000000000e+01	2.271106965122035164e-05
2.511886431509582214e+11	1.400000000000000000e+01	2.870843239774482060e-05
3.162277660168379517e+11	1.400000000000000000e+01	3.638470085695943897e-05
3.981071705534969482e+11	1.400000000000000000e+01	4.629288824974724342e-05
5.011872336272714844e+11	1.400000000000000000e+01	5.918389597818075318e-05
6.309573444801943359e+11	1.400000000000000000e+01	7.553484182221275353e-05
7.943282347242821045e+11	1.400000000000000000e+01	8.823367856256135856e-05
1.000000000000000000e+12	1.400000000000000000e+01	1.032585919851970480e-04
1.260000000000000000e+12	1.400000000000000000e+01	1.299958757220820806e-04
1.580000000000000000e+12	1.400000000000000000e+01	1.619761951360373562e-04
2.000000000000000000e+12	1.400000000000000000e+01	2.041843393569433120e-04
2.510000000000000000e+12	1.400000000000000000e+01	2.557752895201425300e-04
3.160000000000000000e+12	1.400000000000000000e+01	3.224210589550747445e-04
3.980000000000000000e+12	1.400000000000000000e+01	4.060843561439637364e-04
5.010000000000000000e+12	1.400000000000000000e+01	5.092361098004923080e-04
6.310000000000000000e+12	1.400000000000000000e+01	6.405891637893548025e-04
7.940000000000000000e+12	1.400000000000000000e+01	8.078959024025987069e-04
1.000000000000000000e+13	1.400000000000000000e+01	1.021281905727789612e-03
1.260000000000000000e+13	1.400000000000000000e+01	1.292365181645035348e-03
1.580000000000000000e+13	1.400000000000000000e+01	1.627523789697684275e-03
2.000000000000000000e+13	1.400000000000000000e+01	2.063871596794839350e-03
2.510000000000000000e+13	1.400000000000000000e+01	2.592421588405402228e-03
3.160000000000000000e+13	1.400000000000000000e+01	3.236478113632289873e-03
3.980000000000000000e+13	1.400000000000000000e+01	3.979759378767887094e-03
5.010000000000000000e+13	1.400000000000000000e+01	4.825847129947428114e-03
6.310000000000000000e+13	1.400000000000000000e+01	5.821744232705418527e-03
7.940000000000000000e+13	1.400000000000000000e+01	7.044457288447802598e-03
1.000000000000000000e+14	1.400000000000000000e+01	8.655868399723468457e-03
1.260000000000000000e+14	1.400000000000000000e+01	1.089842411373722827e-02
1.580000000000000000e+14	1.400000000000000000e+01	1.394626801811096363e-02
2.000000000000000000e+14	1.400000000000000000e+01	1.837546904747928977e-02
2.510000000000000000e+14	1.400000000000000000e+01	2.370716961631167199e-02
3.160000000000000000e+14	1.400000000000000000e+01	2.946097040803273559e-02
3.980000000000000000e+14	1.400000000000000000e+01	3.480497775220765810e-02
5.010000000000000000e+14	1.400000000000000000e+01	3.816392323715567941e-02
6.310000000000000000e+14	1.400000000000000000e+01	3.933919616408097092e-02
7.940000000000000000e+14	1.400000000000000000e+01	3.708985684382670733e-02
1.000000000000000000e+15	1.400000000000000000e+01	3.215004870821094179e-02
1.260000000000000000e+15	1.400000000000000000e+01	2.653253889450663677e-02
1.580000000000000000e+15	1.400000000000000000e+01	1.985272257601009005e-02
2.000000000000000000e+15	1.400000000000000000e+01	1.142938874218257100e-02
2.510000000000000000e+15	1.400000000000000000e+01	2.013288656781912940e-03
3.160000000000000000e+15	1.400000000000000000e+01	-5.818799255158618559e-03
3.980000000000000000e+15	1.400000000000000000e+01	-1.228640456326780123e-02
5.010000000000000000e+15	1.400000000000000000e+01	-1.731169785447201140e-02
6.310000000000000000e+15	1.400000000000000000e+01	-2.095753901747876569e-02
7.940000000000000000e+15	1.400000000000000000e+01	-2.332945613292706361e-02
1.000000000000000000e+16	1.400000000000000000e+01	-2.461285407580593790e-02
1.260000000000000000e+16	1.400000000000000000e+01	-2.498599912652533367e-02
1.580000000000000000e+16	1.400000000000000000e+01	-2.467035416075765222e-02
2.000000000000000000e+16	1.400000000000000000e+01	-2.376542225644318398e-02
2.510000000000000000e+16	1.400000000000000000e+01	-2.253740658263422500e-02
3.160000000000000000e+16	1.400000000000000000e+01	-2.103757780534429300e-02
3.980000000000000000e+16	1.400000000000000000e+01	-1.938997189507432606e-02
5.010000000000000000e+16	1.400000000000000000e+01	-1.768614004416891108e-02
6.310000000000000000e+16	1.400000000000000000e+01	-1.598043854351454893e-02
7.940000000000000000e+16	1.400000000000000000e+01	-1.433263095587647244e-02
1.000000000000000000e+17	1.400000000000000000e+01	-1.275791811059905079e-02
1.000000000000000000e+11	1.600000000000000000e+01	1.090932587578154951e-05
1.258925411794166107e+11	1.600000000000000000e+01	1.374580238411386487e-05
1.584893192461110840e+11	1.600000000000000000e+01	1.732989034968292319e-05
1.995262314968882751e+11	1.600000000000000000e+01	2.186918473979970455e-05
2.511886431509582214e+11	1.600000000000000000e+01	2.764142268875173188e-05
3.162277660168379517e+11	1.600000000000000000e+01	3.502655205054701950e-05
3.981071705534969482e+11	1.600000000000000000e+01	4.455005174008742609e-05
5.011872336272714844e+11	1.600000000000000000e+01	5.689189951242335620e-05
6.309573444801943359e+11	1.600000000000000000e+01	7.245642031319928314e-05
7.943282347242821045e+11	1.600000000000000000e+01	8.310899196948252584e-05
1.000000000000000000e+12	1.600000000000000000e+01	9.861213866548779422e-05
1.260000000000000000e+12	1.600000000000000000e+01	1.272222688422032424e-04
1.580000000000000000e+12	1.600000000000000000e+01	1.583612849714699619e-04
2.000000000000000000e+12	1.600000000000000000e+01	2.004984199953014127e-04
2.510000000000000000e+12	1.600000000000000000e+01	2.506665885468910477e-04
3.160000000000000000e+12	1.600000000000000000e+01	3.135172092172174713e-04
3.980000000000000000e+12	1.600000000000000000e+01	3.941088635233324852e-04
5.010000000000000000e+12	1.600000000000000000e+01	4.961068228159132331e-04
6.310000000000000000e+12	1.600000000000000000e+01	6.263831319638032708e-04
7.940000000000000000e+12	1.600000000000000000e+01	7.915420248647657420e-04
1.000000000000000000e+13	1.600000000000000000e+01	9.998651707347643892e-04
1.260000000000000000e+13	1.600000000000000000e+01	1.264011502664870012e-03
1.580000000000000000e+13	1.600000000000000000e+01	1.590336900463851190e-03
2.000000000000000000e+13	1.600000000000000000e+01	2.021213101148575195e-03
2.510000000000000000e+13	1.600000000000000000e+01	2.533318212425439333e-03
3.160000000000000000e+13	1.600000000000000000e+01	3.149399819538763450e-03
3.980000000000000000e+13	1.600000000000000000e+01	3.874380256922832586e-03
5.010000000000000000e+13	1.600000000000000000e+01	4.717457692144196545e-03
6.310000000000000000e+13	1.600000000000000000e+01	5.718554727008391680e-03
7.940000000000000000e+13	1.600000000000000000e+01	6.977637263058370301e-03
1.000000000000000000e+14	1.600000000000000000e+01	8.636109309080626864e-03
1.260000000000000000e+14	1.600000000000000000e+01	1.089855530798961199e-02
1.580000000000000000e+14	1.600000000000000000e+01	1.396691437856047505e-02
2.000000000000000000e+14	1.600000000000000000e+01	1.839019358924811817e-02
2.510000000000000000e+14	1.600000000000000000e+01	2.392407865633379080e-02
3.160000000000000000e+14	1.600000000000000000e+01	2.997793145466131487e-02
3.980000000000000000e+14	1.600000000000000000e+01	3.533288505490430470e-02
5.010000000000000000e+14	1.600000000000000000e+01	3.920661012501484854e-02
6.310000000000000000e+14	1.600000000000000000e+01	3.994389185628500344e-02
7.940000000000000000e+14	1.600000000000000000e+01	3.747552286302382324e-02
1.000000000000000000e+15	1.600000000000000000e+01	3.263699749351956642e-02
1.260000000000000000e+15	1.600000000000000000e+01	2.521499070073595153e-02
1.580000000000000000e+15	1.600000000000000000e+01	1.615084884853081743e-02
2.000000000000000000e+15	1.600000000000000000e+01	7.376556691100208570e-03
2.510000000000000000e+15	1.600000000000000000e+01	1.465182913853444781e-04
3.160000000000000000e+15	1.600000000000000000e+01	-6.840516337776368985e-03
3.980000000000000000e+15	1.600000000000000000e+01	-1.275870184424989298e-02
5.010000000000000000e+15	1.600000000000000000e+01	-1.739483424675441689e-02
6.310000000000000000e+15	1.600000000000000000e+01	-2.076039625949527637e-02
7.940000000000000000e+15	1.600000000000000000e+01	-2.293545549822097879e-02
1.000000000000000000e+16	1.600000000000000000e+01	-2.408701584491633463e-02
1.260000000000000000e+16	1.600000000000000000e+01	-2.437901741610441417e-02
1.580000000000000000e+16	1.600000000000000000e+01	-2.402192050281281785e-02
2.000000000000000000e+16	1.600000000000000000e+01	-2.310531246841118769e-02
2.510000000000000000e+16	1.600000000000000000e+01	-2.188705879928021583e-02
3.160000000000000000e+16	1.600000000000000000e+01	-2.041274841679604005e-02
3.980000000000000000e+16	1.600000000000000000e+01	-1.880121204903065571e-02
5.010000000000000000e+16	1.600000000000000000e+01	-1.713966465769563643e-02
6.310000000000000000e+16	1.600000000000000000e+01	-1.547975297555494525e-02
7.940000000000000000e+16	1.600000000000000000e+01	-1.387838259368910643e-02
1.000000000000000000e+17	1.600000000000000000e+01	-1.234974124036552177e-02
1.000000000000000000e+11	1.800000000000000000e+01	1.048300671788422188e-05
1.258925411794166107e+11	1.800000000000000000e+01	1.320861316588552070e-05
1.584893192461110840e+11	1.800000000000000000e+01	1.665316041135118212e-05
1.995262314968882751e+11	1.800000000000000000e+01	2.101606471309257779e-05
2.511886431509582214e+11	1.800000000000000000e+01	2.656487583880752415e-05
3.162277660168379517e+11	1.800000000000000000e+01	3.366599211604695340e-05
3.981071705534969482e+11	1.800000000000000000e+01	4.282632941507341818e-05
5.011872336272714844e+11	1.800000000000000000e+01	5.469824347600866577e-05
6.309573444801943359e+11	1.800000000000000000e+01	6.964086207950007503e-05
7.943282347242821045e+11	1.800000000000000000e+01	7.942036225615249276e-05
1.000000000000000000e+12	1.800000000000000000e+01	9.326884162500004088e-05
1.260000000000000000e+12	1.800000000000000000e+01	1.209843441812031699e-04
1.580000000000000000e+12	1.800000000000000000e+01	1.521963092140463537e-04
2.000000000000000000e+12	1.800000000000000000e+01	1.928445543277639061e-04
2.510000000000000000e+12	1.800000000000000000e+01	2.422385120986711199e-04
3.160000000000000000e+12	1.800000000000000000e+01	3.058110061447048790e-04
3.980000000000000000e+12	1.800000000000000000e+01	3.849560900486468078e-04
5.010000000000000000e+12	1.800000000000000000e+01	4.840315321977105983e-04
6.310000000000000000e+12	1.800000000000000000e+01	6.099513743884272306e-04
7.940000000000000000e+12	1.800000000000000000e+01	7.672342975838688899e-04
1.000000000000000000e+13	1.800000000000000000e+01	9.686209638194238003e-04
1.260000000000000000e+13	1.800000000000000000e+01	1.224970994371095802e-03
1.580000000000000000e+13	1.800000000000000000e+01	1.539479343210817253e-03
2.000000000000000000e+13	1.800000000000000000e+01	1.950230870277984072e-03
2.510000000000000000e+13	1.800000000000000000e+01	2.448247237028090481e-03
3.160000000000000000e+13	1.800000000000000000e+01	3.067192793232773138e-03
3.980000000000000000e+13	1.800000000000000000e+01	3.798761182254390724e-03
5.010000000000000000e+13	1.800000000000000000e+01	4.654763498441839148e-03
6.310000000000000000e+13	1.800000000000000000e+01	5.680667878011878835e-03
7.940000000000000000e+13	1.800000000000000000e+01	6.957882162602350290e-03
1.000000000000000000e+14	1.800000000000000000e+01	8.654678638413185882e-03
1.260000000000000000e+14	1.800000000000000000e+01	1.096763137345472747e-02
1.580000000000000000e+14	1.800000000000000000e+01	1.413788390958272724e-02
2.000000000000000000e+14	1.800000000000000000e+01	1.864752560307780110e-02
2.510000000000000000e+14	1.800000000000000000e+01	2.391690548845608680e-02
3.160000000000000000e+14	1.800000000000000000e+01	2.983232762149085407e-02
3.980000000000000000e+14	1.800000000000000000e+01	3.529677488620672904e-02
5.010000000000000000e+14	1.800000000000000000e+01	3.955378413748313754e-02
6.310000000000000000e+14	1.800000000000000000e+01	4.060600539151888039e-02
7.940000000000000000e+14	1.800000000000000000e+01	3.789597664129520926e-02
1.000000000000000000e+15	1.800000000000000000e+01	3.255398808948604256e-02
1.260000000000000000e+15	1.800000000000000000e+01	2.643737248721288527e-02
1.580000000000000000e+15	1.800000000000000000e+01	1.955061381374072205e-02
2.000000000000000000e+15	1.800000000000000000e+01	1.004769117152622473e-02
2.510000000000000000e+15	1.800000000000000000e+01	1.422353379472857766e-03
3.160000000000000000e+15	1.800000000000000000e+01	-6.205711893363636579e-03
3.980000000000000000e+15	1.800000000000000000e+01	-1.256477304971454802e-02
5.010000000000000000e+15	1.800000000000000000e+01	-1.752085447335385501e-02
6.310000000000000000e+15	1.800000000000000000e+01	-2.111818604109062109e-02
7.940000000000000000e+15	1.800000000000000000e+01	-2.345458484131697496e-02
1.000000000000000000e+16	1.800000000000000000e+01	-2.471097543583129774e-02
1.260000000000000000e+16	1.800000000000000000e+01	-2.506326450136010797e-02
1.580000000000000000e+16	1.800000000000000000e+01	-2.473168303250667180e-02
2.000000000000000000e+16	1.800000000000000000e+01	-2.381370936983233724e-02
2.510000000000000000e+16	1.800000000000000000e+01	-2.257582802166625824e-02
3.160000000000000000e+16	1.800000000000000000e+01	-2.106805451503519777e-02
3.980000000000000000e+16	1.800000000000000000e+01	-1.941416766299072436e-02
5.010000000000000000e+16	1.800000000000000000e+01	-1.770532305995703090e-02
6.310000000000000000e+16	1.800000000000000000e+01	-1.599571468948768685e-02
7.940000000000000000e+16	1.800000000000000000e+01	-1.434473300708260374e-02
1.000000000000000000e+17	1.800000000000000000e+01	-1.276753941431596137e-02
1.000000000000000000e+11	2.000000000000000000e+01	1.014815332461116410e-05
1.258925411794166107e+11	2.000000000000000000e+01	1.278663704373651411e-05
1.584893192461110840e+11	2.000000000000000000e+01	1.612071876613121999e-05
1.995262314968882751e+11	2.000000000000000000e+01	2.034367909168073094e-05
2.511886431509582214e+11	2.000000000000000000e+01	2.571407677117605042e-05
3.162277660168379517e+11	2.000000000000000000e+01	3.258593789521614919e-05
3.981071705534969482e+11	2.000000000000000000e+01	4.144680699788324787e-05
5.011872336272714844e+11	2.000000000000000000e+01	5.291486772943845542e-05
6.309573444801943359e+11	2.000000000000000000e+01	6.726653934984435713e-05
7.943282347242821045e+11	2.000000000000000000e+01	7.575917923918800345e-05
1.000000000000000000e+12	2.000000000000000000e+01	8.924354725382164448e-05
1.260000000000000000e+12	2.000000000000000000e+01	1.178560867486828538e-04
1.580000000000000000e+12	2.000000000000000000e+01	1.497323678809835113e-04
2.000000000000000000e+12	2.000000000000000000e+01	1.896108402489164746e-04
2.510000000000000000e+12	2.000000000000000000e+01	2.366638228366076276e-04
3.160000000000000000e+12	2.000000000000000000e+01	2.976702735533094408e-04
3.980000000000000000e+12	2.000000000000000000e+01	3.754921163520709925e-04
5.010000000000000000e+12	2.000000000000000000e+01	4.723427630257514133e-04
6.310000000000000000e+12	2.000000000000000000e+01	5.939468090816328897e-04
7.940000000000000000e+12	2.000000000000000000e+01	7.495488058990122920e-04
1.000000000000000000e+13	2.000000000000000000e+01	9.473198619914802165e-04
1.260000000000000000e+13	2.000000000000000000e+01	1.197178002527727074e-03
1.580000000000000000e+13	2.000000000000000000e+01	1.507045457978209652e-03
2.000000000000000000e+13	2.000000000000000000e+01	1.913002690568915871e-03
2.510000000000000000e+13	2.000000000000000000e+01	2.399119059592673148e-03
3.160000000000000000e+13	2.000000000000000000e+01	2.991516963764526572e-03
3.980000000000000000e+13	2.000000000000000000e+01	3.697608459826097569e-03
5.010000000000000000e+13	2.000000000000000000e+01	4.535228407647503950e-03
6.310000000000000000e+13	2.000000000000000000e+01	5.567818004993112246e-03
7.940000000000000000e+13	2.000000000000000000e+01	6.864959508820569350e-03
1.000000000000000000e+14	2.000000000000000000e+01	8.560939036226844490e-03
1.260000000000000000e+14	2.000000000000000000e+01	1.090515065762101901e-02
1.580000000000000000e+14	2.000000000000000000e+01	1.405641775109829628e-02
2.000000000000000000e+14	2.000000000000000000e+01	1.841853823145818414e-02
2.510000000000000000e+14	2.000000000000000000e+01	2.374181822534108741e-02
3.160000000000000000e+14	2.000000000000000000e+01	2.977281460357760617e-02
3.980000000000000000e+14	2.000000000000000000e+01	3.557325888630451238e-02
5.010000000000000000e+14	2.000000000000000000e+01	3.803665094398939184e-02
6.310000000000000000e+14	2.000000000000000000e+01	3.858887087241082148e-02
7.940000000000000000e+14	2.000000000000000000e+01	3.708522085189668027e-02
1.000000000000000000e+15	2.000000000000000000e+01	3.242817841510799853e-02
1.260000000000000000e+15	2.000000000000000000e+01	2.544424764067248004e-02
1.580000000000000000e+15	2.000000000000000000e+01	1.655604042945304014e-02
2.000000000000000000e+15	2.000000000000000000e+01	8.837812252640913843e-03
2.510000000000000000e+15	2.000000000000000000e+01	7.995333151653850586e-04
3.160000000000000000e+15	2.000000000000000000e+01	-6.404912490386890402e-03
3.980000000000000000e+15	2.000000000000000000e+01	-1.244184247628938624e-02
5.010000000000000000e+15	2.000000000000000000e+01	-1.715528289949718940e-02
6.310000000000000000e+15	2.000000000000000000e+01	-2.057567171101053541e-02
7.940000000000000000e+15	2.000000000000000000e+01	-2.279158989936421603e-02
1.000000000000000000e+16	2.000000000000000000e+01	-2.397375300402468726e-02
1.260000000000000000e+16	2.000000000000000000e+01	-2.428975152264845061e-02
1.580000000000000000e+16	2.000000000000000000e+01	-2.395101703499013038e-02
2.000000000000000000e+16	2.000000000000000000e+01	-2.304944451918131132e-02
2.510000000000000000e+16	2.000000000000000000e+01	-2.184260881166147014e-02
3.160000000000000000e+16	2.000000000000000000e+01	-2.037751236052015580e-02
3.980000000000000000e+16	2.000000000000000000e+01	-1.877324221875240409e-02
5.010000000000000000e+16	2.000000000000000000e+01	-1.711746577614947987e-02
6.310000000000000000e+16	2.000000000000000000e+01	-1.546211668133366628e-02
7.940000000000000000e+16	2.000000000000000000e+01	-1.386437699939314927e-02
1.000000000000000000e+17	2.000000000000000000e+01	-1.233863454249429017e-02
1.000000000000000000e+11	2.200000000000000000e+01	1.001422888162544895e-05
1.258925411794166107e+11	2.200000000000000000e+01	1.261800419416376102e-05
1.584893192461110840e+11	2.200000000000000000e+01	1.590860874956536136e-05
1.995262314968882751e+11	2.200000000000000000e+01	2.007671306798048855e-05
2.511886431509582214e+11	2.200000000000000000e+01	2.537819588518820031e-05
3.162277660168379517e+11	2.200000000000000000e+01	3.216326924667394394e-05
3.981071705534969482e+11	2.200000000000000000e+01	4.091528789556061221e-05
5.011872336272714844e+11	2.200000000000000000e+01	5.224740314867715087e-05
6.309573444801943359e+11	2.200000000000000000e+01	6.643191300273928990e-05
7.943282347242821045e+11	2.200000000000000000e+01	7.470554924552511608e-05
1.000000000000000000e+12	2.200000000000000000e+01	8.799067933952879324e-05
1.260000000000000000e+12	2.200000000000000000e+01	1.167113668075346920e-04
1.580000000000000000e+12	2.200000000000000000e+01	1.463953564150941174e-04
2.000000000000000000e+12	2.200000000000000000e+01	1.852556915565983916e-04
2.510000000000000000e+12	2.200000000000000000e+01	2.341039837619807498e-04
3.160000000000000000e+12	2.200000000000000000e+01	2.948016938687592417e-04
3.980000000000000000e+12	2.200000000000000000e+01	3.701677313695939781e-04
5.010000000000000000e+12	2.200000000000000000e+01	4.664652258811725449e-04
6.310000000000000000e+12	2.200000000000000000e+01	5.874364283826964944e-04
7.940000000000000000e+12	2.200000000000000000e+01	7.394392727495687455e-04
1.000000000000000000e+13	2.200000000000000000e+01	9.349024961376795929e-04
1.260000000000000000e+13	2.200000000000000000e+01	1.180880055689353990e-03
1.580000000000000000e+13	2.200000000000000000e+01	1.482517550345005715e-03
2.000000000000000000e+13	2.200000000000000000e+01	1.879125398819596207e-03
2.510000000000000000e+13	2.200000000000000000e+01	2.292732107857199750e-03
3.160000000000000000e+13	2.200000000000000000e+01	2.956720013267348079e-03
3.980000000000000000e+13	2.200000000000000000e+01	3.670101486414904281e-03
5.010000000000000000e+13	2.200000000000000000e+01	4.513808230741136497e-03
6.310000000000000000e+13	2.200000000000000000e+01	5.554803928545137999e-03
7.940000000000000000e+13	2.200000000000000000e+01	6.867177884001451384e-03
1.000000000000000000e+14	2.200000000000000000e+01	8.591777649831379773e-03
1.260000000000000000e+14	2.200000000000000000e+01	1.095813362657695536e-02
1.580000000000000000e+14	2.200000000000000000e+01	1.419212260781829195e-02
2.000000000000000000e+14	2.200000000000000000e+01	1.868380077960877378e-02
2.510000000000000000e+14	2.200000000000000000e+01	2.415945759539819479e-02
3.160000000000000000e+14	2.200000000000000000e+01	3.016995443966794671e-02
3.980000000000000000e+14	2.200000000000000000e+01	3.558136998799912853e-02
5.010000000000000000e+14	2.200000000000000000e+01	3.995228773719679272e-02
6.310000000000000000e+14	2.200000000000000000e+01	4.098680017533581216e-02
7.940000000000000000e+14	2.200000000000000000e+01	3.837935808370885465e-02
1.000000000000000000e+15	2.200000000000000000e+01	3.367551890485329102e-02
1.260000000000000000e+15	2.200000000000000000e+01	2.656549795075350412e-02
1.580000000000000000e+15	2.200000000000000000e+01	1.845459165453248659e-02
2.000000000000000000e+15	2.200000000000000000e+01	9.678686183348779448e-03
2.510000000000000000e+15	2.200000000000000000e+01	1.196884186571186941e-03
3.160000000000000000e+15	2.200000000000000000e+01	-6.361318596308533288e-03
3.980000000000000000e+15	2.200000000000000000e+01	-1.267874971433947603e-02
5.010000000000000000e+15	2.200000000000000000e+01	-1.760714556147708817e-02
6.310000000000000000e+15	2.200000000000000000e+01	-2.118471599217027282e-02
7.940000000000000000e+15	2.200000000000000000e+01	-2.350612996320798273e-02
1.000000000000000000e+16	2.200000000000000000e+01	-2.475173717280244184e-02
1.260000000000000000e+16	2.200000000000000000e+01	-2.509538606553395751e-02
1.580000000000000000e+16	2.200000000000000000e+01	-2.475717977810626760e-02
2.000000000000000000e+16	2.200000000000000000e+01	-2.383380820992196669e-02
2.510000000000000000e+16	2.200000000000000000e+01	-2.259180862711263754e-02
3.160000000000000000e+16	2.200000000000000000e+01	-2.108113352086611256e-02
3.980000000000000000e+16	2.200000000000000000e+01	-1.942423508084913791e-02
5.010000000000000000e+16	2.200000000000000000e+01	-1.771331865324125843e-02
6.310000000000000000e+16	2.200000000000000000e+01	-1.600201959918271313e-02
7.940000000000000000e+16	2.200000000000000000e+01	-1.434978575680569655e-02
1.000000000000000000e+17	2.200000000000000000e+01	-1.277153691144816000e-02
