1.000000000000000000e+11	5.000000000000000000e-01	2.155079534341423821e-05
1.258925411794166107e+11	5.000000000000000000e-01	2.715996093498934121e-05
1.584893192461110840e+11	5.000000000000000000e-01	3.425272306196296845e-05
1.995262314968882751e+11	5.000000000000000000e-01	4.324531656370424269e-05
2.511886431509582214e+11	5.000000000000000000e-01	5.469930107628557885e-05
3.162277660168379517e+11	5.000000000000000000e-01	6.939905309971343254e-05
3.981071705534969482e+11	5.000000000000000000e-01	8.849259176110218909e-05
5.011872336272714844e+11	5.000000000000000000e-01	1.137631196452433264e-04
6.309573444801943359e+11	5.000000000000000000e-01	1.481861829300805281e-04
7.943282347242821045e+11	5.000000000000000000e-01	1.992942249391938783e-04
1.000000000000000000e+12	5.000000000000000000e-01	2.296010542371055966e-04
1.260000000000000000e+12	5.000000000000000000e-01	2.396522242225642102e-04
1.580000000000000000e+12	5.000000000000000000e-01	2.755513501506227621e-04
2.000000000000000000e+12	5.000000000000000000e-01	3.301501728552741770e-04
2.510000000000000000e+12	5.000000000000000000e-01	4.002330122843101808e-04
3.160000000000000000e+12	5.000000000000000000e-01	4.920393860369827585e-04
3.980000000000000000e+12	5.000000000000000000e-01	6.092992299920230344e-04
5.010000000000000000e+12	5.000000000000000000e-01	7.579050695720459477e-04
6.310000000000000000e+12	5.000000000000000000e-01	9.475550356193324520e-04
7.940000000000000000e+12	5.000000000000000000e-01	1.189796816835815042e-03
1.000000000000000000e+13	5.000000000000000000e-01	1.501589701270549231e-03
1.260000000000000000e+13	5.000000000000000000e-01	1.895884043150092898e-03
1.580000000000000000e+13	5.000000000000000000e-01	2.378596356315410085e-03
2.000000000000000000e+13	5.000000000000000000e-01	3.013943331459749235e-03
2.510000000000000000e+13	5.000000000000000000e-01	3.773017858695568681e-03
3.160000000000000000e+13	5.000000000000000000e-01	4.666620413979031406e-03
3.980000000000000000e+13	5.000000000000000000e-01	5.631518965244693489e-03
5.010000000000000000e+13	5.000000000000000000e-01	6.598036352914535101e-03
6.310000000000000000e+13	5.000000000000000000e-01	7.569686824674552554e-03
7.940000000000000000e+13	5.000000000000000000e-01	8.626865569266456077e-03
1.000000000000000000e+14	5.000000000000000000e-01	9.951433115373315916e-03
1.260000000000000000e+14	5.000000000000000000e-01	1.181575961066497725e-02
1.580000000000000000e+14	5.000000000000000000e-01	1.448279657949738154e-02
2.000000000000000000e+14	5.000000000000000000e-01	1.846211503132016638e-02
2.510000000000000000e+14	5.000000000000000000e-01	2.346352560252380759e-02
3.160000000000000000e+14	5.000000000000000000e-01	2.914093763252162059e-02
3.980000000000000000e+14	5.000000000000000000e-01	3.427343355643139994e-02
5.010000000000000000e+14	5.000000000000000000e-01	3.777218577390378113e-02
6.310000000000000000e+14	5.000000000000000000e-01	3.866887302166483603e-02
7.940000000000000000e+14	5.000000000000000000e-01	3.656589586570949818e-02
1.000000000000000000e+15	5.000000000000000000e-01	3.168818955237846097e-02
1.260000000000000000e+15	5.000000000000000000e-01	2.494144140967352249e-02
1.580000000000000000e+15	5.000000000000000000e-01	1.705570847785140357e-02
2.000000000000000000e+15	5.000000000000000000e-01	8.490909260120827265e-03
2.510000000000000000e+15	5.000000000000000000e-01	3.852353720396638269e-04
3.160000000000000000e+15	5.000000000000000000e-01	-6.976393823245365979e-03
3.980000000000000000e+15	5.000000000000000000e-01	-1.315545658298003170e-02
5.010000000000000000e+15	5.000000000000000000e-01	-1.798069034797765420e-02
6.310000000000000000e+15	5.000000000000000000e-01	-2.147889293437111810e-02
7.940000000000000000e+15	5.000000000000000000e-01	-2.373861414444965526e-02
1.000000000000000000e+16	5.000000000000000000e-01	-2.493586704342313012e-02
1.260000000000000000e+16	5.000000000000000000e-01	-2.524123872534225071e-02
1.580000000000000000e+16	5.000000000000000000e-01	-2.487334364978216125e-02
2.000000000000000000e+16	5.000000000000000000e-01	-2.392551858106751680e-02
2.510000000000000000e+16	5.000000000000000000e-01	-2.266483931842533384e-02
3.160000000000000000e+16	5.000000000000000000e-01	-2.113872182592494917e-02
3.980000000000000000e+16	5.000000000000000000e-01	-1.947025800318955696e-02
5.010000000000000000e+16	5.000000000000000000e-01	-1.775006705514966046e-02
6.310000000000000000e+16	5.000000000000000000e-01	-1.603105962505006754e-02
7.940000000000000000e+16	5.000000000000000000e-01	-1.437284758811320853e-02
1.000000000000000000e+17	5.000000000000000000e-01	-1.278987195273925855e-02
1.000000000000000000e+11	1.500000000000000000e+00	2.253581316029232946e-05
1.258925411794166107e+11	1.500000000000000000e+00	2.840314725944368901e-05
1.584893192461110840e+11	1.500000000000000000e+00	3.582425967008803194e-05
1.995262314968882751e+11	1.500000000000000000e+00	4.523703397654197858e-05
2.511886431509582214e+11	1.500000000000000000e+00	5.723403161152965899e-05
3.162277660168379517e+11	1.500000000000000000e+00	7.264721270105682475e-05
3.981071705534969482e+11	1.500000000000000000e+00	9.270575171617750584e-05
5.011872336272714844e+11	1.500000000000000000e+00	1.193552294548262042e-04
6.309573444801943359e+11	1.500000000000000000e+00	1.559969315912925673e-04
7.943282347242821045e+11	1.500000000000000000e+00	2.130345894261608951e-04
1.000000000000000000e+12	1.500000000000000000e+00	2.439706436523044527e-04
1.260000000000000000e+12	1.500000000000000000e+00	2.475587259248328764e-04
1.580000000000000000e+12	1.500000000000000000e+00	2.808062185871453269e-04
2.000000000000000000e+12	1.500000000000000000e+00	3.335847376548254023e-04
2.510000000000000000e+12	1.500000000000000000e+00	4.021080510612135592e-04
3.160000000000000000e+12	1.500000000000000000e+00	4.923120747377073003e-04
3.980000000000000000e+12	1.500000000000000000e+00	6.086506455167296640e-04
5.010000000000000000e+12	1.500000000000000000e+00	7.570179478924338352e-04
6.310000000000000000e+12	1.500000000000000000e+00	9.468643140572992160e-04
7.940000000000000000e+12	1.500000000000000000e+00	1.189791148012378117e-03
1.000000000000000000e+13	1.500000000000000000e+00	1.502713677155680409e-03
1.260000000000000000e+13	1.500000000000000000e+00	1.898841361288528028e-03
1.580000000000000000e+13	1.500000000000000000e+00	2.382741525331949235e-03
2.000000000000000000e+13	1.500000000000000000e+00	3.021717305164445082e-03
2.510000000000000000e+13	1.500000000000000000e+00	3.789074158837057570e-03
3.160000000000000000e+13	1.500000000000000000e+00	4.688528085560402479e-03
3.980000000000000000e+13	1.500000000000000000e+00	5.660880422982033158e-03
5.010000000000000000e+13	1.500000000000000000e+00	6.646968118545561882e-03
6.310000000000000000e+13	1.500000000000000000e+00	7.632692552211044201e-03
7.940000000000000000e+13	1.500000000000000000e+00	8.680458536829053703e-03
1.000000000000000000e+14	1.500000000000000000e+00	9.994449687385399336e-03
1.260000000000000000e+14	1.500000000000000000e+00	1.185793890054905389e-02
1.580000000000000000e+14	1.500000000000000000e+00	1.451618490077417889e-02
2.000000000000000000e+14	1.500000000000000000e+00	1.846638165318909702e-02
2.510000000000000000e+14	1.500000000000000000e+00	2.340482834277373900e-02
3.160000000000000000e+14	1.500000000000000000e+00	2.900168872521658586e-02
3.980000000000000000e+14	1.500000000000000000e+00	3.422960346728134984e-02
5.010000000000000000e+14	1.500000000000000000e+00	3.758876287126688975e-02
6.310000000000000000e+14	1.500000000000000000e+00	3.839928796568554958e-02
7.940000000000000000e+14	1.500000000000000000e+00	3.641365533580048081e-02
1.000000000000000000e+15	1.500000000000000000e+00	3.160784633458857407e-02
1.260000000000000000e+15	1.500000000000000000e+00	2.446792743957632021e-02
1.580000000000000000e+15	1.500000000000000000e+00	1.633885020084062042e-02
2.000000000000000000e+15	1.500000000000000000e+00	8.172130283584362262e-03
2.510000000000000000e+15	1.500000000000000000e+00	2.041550793863259629e-04
3.160000000000000000e+15	1.500000000000000000e+00	-7.058583591765924675e-03
3.980000000000000000e+15	1.500000000000000000e+00	-1.316316525217448886e-02
5.010000000000000000e+15	1.500000000000000000e+00	-1.793298659687112689e-02
6.310000000000000000e+15	1.500000000000000000e+00	-2.139035483676032107e-02
7.940000000000000000e+15	1.500000000000000000e+00	-2.362175786623538221e-02
1.000000000000000000e+16	1.500000000000000000e+00	-2.480086779484909354e-02
1.260000000000000000e+16	1.500000000000000000e+00	-2.509639962607937078e-02
1.580000000000000000e+16	1.500000000000000000e+00	-2.472504883949789775e-02
2.000000000000000000e+16	1.500000000000000000e+00	-2.377885259244685856e-02
2.510000000000000000e+16	1.500000000000000000e+00	-2.252312642175456625e-02
3.160000000000000000e+16	1.500000000000000000e+00	-2.100452657120374308e-02
3.980000000000000000e+16	1.500000000000000000e+00	-1.934517677297331942e-02
5.010000000000000000e+16	1.500000000000000000e+00	-1.763495578761633750e-02
6.310000000000000000e+16	1.500000000000000000e+00	-1.592628326790581153e-02
7.940000000000000000e+16	1.500000000000000000e+00	-1.427833219320668624e-02
1.000000000000000000e+17	1.500000000000000000e+00	-1.270530411895079773e-02
1.000000000000000000e+11	2.500000000000000000e+00	2.336095875275739814e-05
1.258925411794166107e+11	2.500000000000000000e+00	2.944446048441907730e-05
1.584893192461110840e+11	2.500000000000000000e+00	3.714018343087246765e-05
1.995262314968882751e+11	2.500000000000000000e+00	4.690383298682697751e-05
2.511886431509582214e+11	2.500000000000000000e+00	5.935341194020981394e-05
3.162277660168379517e+11	2.500000000000000000e+00	7.535924928258180822e-05
3.981071705534969482e+11	2.500000000000000000e+00	9.621518602837534793e-05
5.011872336272714844e+11	2.500000000000000000e+00	1.239947418737527974e-04
6.309573444801943359e+11	2.500000000000000000e+00	1.624281916858917119e-04
7.943282347242821045e+11	2.500000000000000000e+00	2.241032025965871495e-04
1.000000000000000000e+12	2.500000000000000000e+00	2.558779285880622952e-04
1.260000000000000000e+12	2.500000000000000000e+00	2.548725352085360815e-04
1.580000000000000000e+12	2.500000000000000000e+00	2.857066930013932413e-04
2.000000000000000000e+12	2.500000000000000000e+00	3.365909082378655591e-04
2.510000000000000000e+12	2.500000000000000000e+00	4.040620701934577712e-04
3.160000000000000000e+12	2.500000000000000000e+00	4.943050976380287433e-04
3.980000000000000000e+12	2.500000000000000000e+00	6.112766713851796631e-04
5.010000000000000000e+12	2.500000000000000000e+00	7.605206382672457946e-04
6.310000000000000000e+12	2.500000000000000000e+00	9.514696424223436548e-04
7.940000000000000000e+12	2.500000000000000000e+00	1.196312486072423353e-03
1.000000000000000000e+13	2.500000000000000000e+00	1.512772749894142127e-03
1.260000000000000000e+13	2.500000000000000000e+00	1.911610550613528732e-03
1.580000000000000000e+13	2.500000000000000000e+00	2.402832050971227817e-03
2.000000000000000000e+13	2.500000000000000000e+00	3.053460537875967318e-03
2.510000000000000000e+13	2.500000000000000000e+00	3.829006590980445386e-03
3.160000000000000000e+13	2.500000000000000000e+00	4.744070373306162429e-03
3.980000000000000000e+13	2.500000000000000000e+00	5.733060144455906330e-03
5.010000000000000000e+13	2.500000000000000000e+00	6.735613293113733475e-03
6.310000000000000000e+13	2.500000000000000000e+00	7.726385374163447298e-03
7.940000000000000000e+13	2.500000000000000000e+00	8.766857552922502350e-03
1.000000000000000000e+14	2.500000000000000000e+00	1.006683764334080113e-02
1.260000000000000000e+14	2.500000000000000000e+00	1.188455058004869724e-02
1.580000000000000000e+14	2.500000000000000000e+00	1.448867977970973338e-02
2.000000000000000000e+14	2.500000000000000000e+00	1.843421432760700140e-02
2.510000000000000000e+14	2.500000000000000000e+00	2.342204728053844803e-02
3.160000000000000000e+14	2.500000000000000000e+00	2.906143996851482877e-02
3.980000000000000000e+14	2.500000000000000000e+00	3.423224997620406135e-02
5.010000000000000000e+14	2.500000000000000000e+00	3.771066542816622902e-02
6.310000000000000000e+14	2.500000000000000000e+00	3.861387443975691086e-02
7.940000000000000000e+14	2.500000000000000000e+00	3.638901343323862336e-02
1.000000000000000000e+15	2.500000000000000000e+00	3.147405618728491700e-02
1.260000000000000000e+15	2.500000000000000000e+00	2.483003010760420626e-02
1.580000000000000000e+15	2.500000000000000000e+00	1.697621976691625692e-02
2.000000000000000000e+15	2.500000000000000000e+00	8.431907388540283918e-03
2.510000000000000000e+15	2.500000000000000000e+00	3.398616881977104117e-04
3.160000000000000000e+15	2.500000000000000000e+00	-7.011780240272191475e-03
3.980000000000000000e+15	2.500000000000000000e+00	-1.318321056261202370e-02
5.010000000000000000e+15	2.500000000000000000e+00	-1.800257228816387611e-02
6.310000000000000000e+15	2.500000000000000000e+00	-2.149617656128093371e-02
7.940000000000000000e+15	2.500000000000000000e+00	-2.375282254039264365e-02
1.000000000000000000e+16	2.500000000000000000e+00	-2.494672512859908917e-02
1.260000000000000000e+16	2.500000000000000000e+00	-2.524984068517131461e-02
1.580000000000000000e+16	2.500000000000000000e+00	-2.488020434303384737e-02
2.000000000000000000e+16	2.500000000000000000e+00	-2.393093878176874231e-02
2.510000000000000000e+16	2.500000000000000000e+00	-2.266915363219098450e-02
3.160000000000000000e+16	2.500000000000000000e+00	-2.114214903743761448e-02
3.980000000000000000e+16	2.500000000000000000e+00	-1.947297921474633320e-02
5.010000000000000000e+16	2.500000000000000000e+00	-1.775222900715685975e-02
6.310000000000000000e+16	2.500000000000000000e+00	-1.603276537663954338e-02
7.940000000000000000e+16	2.500000000000000000e+00	-1.437420832521742707e-02
1.000000000000000000e+17	2.500000000000000000e+00	-1.279093339884466475e-02
1.000000000000000000e+11	3.500000000000000000e+00	2.358011229339133621e-05
1.258925411794166107e+11	3.500000000000000000e+00	2.972149486589030306e-05
1.584893192461110840e+11	3.500000000000000000e+00	3.749140599835685227e-05
1.995262314968882751e+11	3.500000000000000000e+00	4.735094976879040138e-05
2.511886431509582214e+11	3.500000000000000000e+00	5.992641873261507127e-05
3.162277660168379517e+11	3.500000000000000000e+00	7.610197067252568337e-05
3.981071705534969482e+11	3.500000000000000000e+00	9.719741682931375246e-05
5.011872336272714844e+11	3.500000000000000000e+00	1.253395504708133010e-04
6.309573444801943359e+11	3.500000000000000000e+00	1.644134759459921170e-04
7.943282347242821045e+11	3.500000000000000000e+00	2.281312679928746789e-04
1.000000000000000000e+12	3.500000000000000000e+00	2.596889755635813589e-04
1.260000000000000000e+12	3.500000000000000000e+00	2.555599466325603544e-04
1.580000000000000000e+12	3.500000000000000000e+00	2.849538819517049258e-04
2.000000000000000000e+12	3.500000000000000000e+00	3.346510906284662031e-04
2.510000000000000000e+12	3.500000000000000000e+00	4.009716741375334145e-04
3.160000000000000000e+12	3.500000000000000000e+00	4.898653170617538318e-04
3.980000000000000000e+12	3.500000000000000000e+00	6.051699561740672435e-04
5.010000000000000000e+12	3.500000000000000000e+00	7.534728755014878611e-04
6.310000000000000000e+12	3.500000000000000000e+00	9.430980464422436755e-04
7.940000000000000000e+12	3.500000000000000000e+00	1.186107610378474373e-03
1.000000000000000000e+13	3.500000000000000000e+00	1.500705944287173809e-03
1.260000000000000000e+13	3.500000000000000000e+00	1.899898049749994180e-03
1.580000000000000000e+13	3.500000000000000000e+00	2.392633205128892084e-03
2.000000000000000000e+13	3.500000000000000000e+00	3.041289208378411719e-03
2.510000000000000000e+13	3.500000000000000000e+00	3.818505324173027213e-03
3.160000000000000000e+13	3.500000000000000000e+00	4.742515830900245408e-03
3.980000000000000000e+13	3.500000000000000000e+00	5.731884341649934496e-03
5.010000000000000000e+13	3.500000000000000000e+00	6.690262750620818745e-03
6.310000000000000000e+13	3.500000000000000000e+00	7.644882566772074999e-03
7.940000000000000000e+13	3.500000000000000000e+00	8.705748059292263072e-03
1.000000000000000000e+14	3.500000000000000000e+00	9.958177844954112234e-03
1.260000000000000000e+14	3.500000000000000000e+00	1.176128486286790766e-02
1.580000000000000000e+14	3.500000000000000000e+00	1.436859470642256990e-02
2.000000000000000000e+14	3.500000000000000000e+00	1.829258148219971639e-02
2.510000000000000000e+14	3.500000000000000000e+00	2.323617800587823162e-02
3.160000000000000000e+14	3.500000000000000000e+00	2.872982341090413172e-02
3.980000000000000000e+14	3.500000000000000000e+00	3.391467012271569270e-02
5.010000000000000000e+14	3.500000000000000000e+00	3.773395804909632223e-02
6.310000000000000000e+14	3.500000000000000000e+00	3.858185302729111310e-02
7.940000000000000000e+14	3.500000000000000000e+00	3.632879615478538243e-02
1.000000000000000000e+15	3.500000000000000000e+00	3.153853900629177698e-02
1.260000000000000000e+15	3.500000000000000000e+00	2.451727809879702263e-02
1.580000000000000000e+15	3.500000000000000000e+00	1.661062488851255264e-02
2.000000000000000000e+15	3.500000000000000000e+00	8.284496671381862132e-03
2.510000000000000000e+15	3.500000000000000000e+00	2.789154928713960622e-04
3.160000000000000000e+15	3.500000000000000000e+00	-7.004363933442224119e-03
3.980000000000000000e+15	3.500000000000000000e+00	-1.312259904460853603e-02
5.010000000000000000e+15	3.500000000000000000e+00	-1.790150152063440039e-02
6.310000000000000000e+15	3.500000000000000000e+00	-2.136579115986305191e-02
7.940000000000000000e+15	3.500000000000000000e+00	-2.360295693630378236e-02
1.000000000000000000e+16	3.500000000000000000e+00	-2.478565979893441670e-02
1.260000000000000000e+16	3.500000000000000000e+00	-2.508436849568894747e-02
1.580000000000000000e+16	3.500000000000000000e+00	-2.471551688469437666e-02
2.000000000000000000e+16	3.500000000000000000e+00	-2.377131415418719598e-02
2.510000000000000000e+16	3.500000000000000000e+00	-2.251713404434653454e-02
3.160000000000000000e+16	3.500000000000000000e+00	-2.099975956219909956e-02
3.980000000000000000e+16	3.500000000000000000e+00	-1.934141569109425196e-02
5.010000000000000000e+16	3.500000000000000000e+00	-1.763177899921631459e-02
6.310000000000000000e+16	3.500000000000000000e+00	-1.592394920275613107e-02
7.940000000000000000e+16	3.500000000000000000e+00	-1.427643917211151268e-02
1.000000000000000000e+17	3.500000000000000000e+00	-1.270382076898555340e-02
1.000000000000000000e+11	4.500000000000000000e+00	2.325123929651943668e-05
1.258925411794166107e+11	4.500000000000000000e+00	2.930701263990172136e-05
1.584893192461110840e+11	4.500000000000000000e+00	3.696880599190392416e-05
1.995262314968882751e+11	4.500000000000000000e+00	4.669136411973688887e-05
2.511886431509582214e+11	4.500000000000000000e+00	5.909250398016064666e-05
3.162277660168379517e+11	4.500000000000000000e+00	7.504510173685761021e-05
3.981071705534969482e+11	4.500000000000000000e+00	9.585152316550654987e-05
5.011872336272714844e+11	4.500000000000000000e+00	1.236099004021967869e-04
6.309573444801943359e+11	4.500000000000000000e+00	1.621420296991415229e-04
7.943282347242821045e+11	4.500000000000000000e+00	2.248002184885198543e-04
1.000000000000000000e+12	4.500000000000000000e+00	2.554753790790400387e-04
1.260000000000000000e+12	4.500000000000000000e+00	2.529195296613415286e-04
1.580000000000000000e+12	4.500000000000000000e+00	2.820421140057949652e-04
2.000000000000000000e+12	4.500000000000000000e+00	3.277928637907607970e-04
2.510000000000000000e+12	4.500000000000000000e+00	3.928228737279454907e-04
3.160000000000000000e+12	4.500000000000000000e+00	4.825630054652321971e-04
3.980000000000000000e+12	4.500000000000000000e+00	5.963178653616079631e-04
5.010000000000000000e+12	4.500000000000000000e+00	7.415328000699386189e-04
6.310000000000000000e+12	4.500000000000000000e+00	9.298965364314316527e-04
7.940000000000000000e+12	4.500000000000000000e+00	1.171239322521625860e-03
1.000000000000000000e+13	4.500000000000000000e+00	1.483518986162536473e-03
1.260000000000000000e+13	4.500000000000000000e+00	1.882061724023356003e-03
1.580000000000000000e+13	4.500000000000000000e+00	2.372405817447889500e-03
2.000000000000000000e+13	4.500000000000000000e+00	3.017757344114857087e-03
2.510000000000000000e+13	4.500000000000000000e+00	3.789924500183601205e-03
3.160000000000000000e+13	4.500000000000000000e+00	4.692354512882872600e-03
3.980000000000000000e+13	4.500000000000000000e+00	5.688436252839844387e-03
5.010000000000000000e+13	4.500000000000000000e+00	6.701375522358781964e-03
6.310000000000000000e+13	4.500000000000000000e+00	7.677262451466881042e-03
7.940000000000000000e+13	4.500000000000000000e+00	8.709359319808181524e-03
1.000000000000000000e+14	4.500000000000000000e+00	9.982341552237131502e-03
1.260000000000000000e+14	4.500000000000000000e+00	1.177940169781181365e-02
1.580000000000000000e+14	4.500000000000000000e+00	1.441416019565934514e-02
2.000000000000000000e+14	4.500000000000000000e+00	1.835679081814293664e-02
2.510000000000000000e+14	4.500000000000000000e+00	2.333618426315111488e-02
3.160000000000000000e+14	4.500000000000000000e+00	2.911188688245313488e-02
3.980000000000000000e+14	4.500000000000000000e+00	3.426329116639692529e-02
5.010000000000000000e+14	4.500000000000000000e+00	3.745633101732740583e-02
6.310000000000000000e+14	4.500000000000000000e+00	3.839978179479577175e-02
7.940000000000000000e+14	4.500000000000000000e+00	3.658455633292515691e-02
1.000000000000000000e+15	4.500000000000000000e+00	3.173049142256146454e-02
1.260000000000000000e+15	4.500000000000000000e+00	2.476889477195452077e-02
1.580000000000000000e+15	4.500000000000000000e+00	1.705508100557723283e-02
2.000000000000000000e+15	4.500000000000000000e+00	8.731711194794133588e-03
2.510000000000000000e+15	4.500000000000000000e+00	4.790153721235390215e-04
3.160000000000000000e+15	4.500000000000000000e+00	-6.916998276231092410e-03
3.980000000000000000e+15	4.500000000000000000e+00	-1.311337812278468018e-02
5.010000000000000000e+15	4.500000000000000000e+00	-1.794934174970866381e-02
6.310000000000000000e+15	4.500000000000000000e+00	-2.145492418966373285e-02
7.940000000000000000e+15	4.500000000000000000e+00	-2.372052488708880150e-02
1.000000000000000000e+16	4.500000000000000000e+00	-2.492132127235665087e-02
1.260000000000000000e+16	4.500000000000000000e+00	-2.522977758534560369e-02
1.580000000000000000e+16	4.500000000000000000e+00	-2.486426657383408040e-02
2.000000000000000000e+16	4.500000000000000000e+00	-2.391837123185483471e-02
2.510000000000000000e+16	4.500000000000000000e+00	-2.265915240718663695e-02
3.160000000000000000e+16	4.500000000000000000e+00	-2.113421536018022032e-02
3.980000000000000000e+16	4.500000000000000000e+00	-1.946668342158849180e-02
5.010000000000000000e+16	4.500000000000000000e+00	-1.774704075511089260e-02
6.310000000000000000e+16	4.500000000000000000e+00	-1.602887858032810489e-02
7.940000000000000000e+16	4.500000000000000000e+00	-1.437105462649681045e-02
1.000000000000000000e+17	4.500000000000000000e+00	-1.278842718455656773e-02
1.000000000000000000e+11	5.500000000000000000e+00	2.249674043169051812e-05
1.258925411794166107e+11	5.500000000000000000e+00	2.835511247587582724e-05
1.584893192461110840e+11	5.500000000000000000e+00	3.576606632159616019e-05
1.995262314968882751e+11	5.500000000000000000e+00	4.516867047060150168e-05
2.511886431509582214e+11	5.500000000000000000e+00	5.715767460363828617e-05
3.162277660168379517e+11	5.500000000000000000e+00	7.257127884515784065e-05
3.981071705534969482e+11	5.500000000000000000e+00	9.265453128203546621e-05
5.011872336272714844e+11	5.500000000000000000e+00	1.193938524780083097e-04
6.309573444801943359e+11	5.500000000000000000e+00	1.563275583489567465e-04
7.943282347242821045e+11	5.500000000000000000e+00	2.148546433213983226e-04
1.000000000000000000e+12	5.500000000000000000e+00	2.454434335649600583e-04
1.260000000000000000e+12	5.500000000000000000e+00	2.447100534936169050e-04
1.580000000000000000e+12	5.500000000000000000e+00	2.756204694608654937e-04
2.000000000000000000e+12	5.500000000000000000e+00	3.274219696188462002e-04
2.510000000000000000e+12	5.500000000000000000e+00	3.914891339035674522e-04
3.160000000000000000e+12	5.500000000000000000e+00	4.767395931970702444e-04
3.980000000000000000e+12	5.500000000000000000e+00	5.912359364176611454e-04
5.010000000000000000e+12	5.500000000000000000e+00	7.366439365802370182e-04
6.310000000000000000e+12	5.500000000000000000e+00	9.239966070158445524e-04
7.940000000000000000e+12	5.500000000000000000e+00	1.164575704941422886e-03
1.000000000000000000e+13	5.500000000000000000e+00	1.472161875271512212e-03
1.260000000000000000e+13	5.500000000000000000e+00	1.865139414926452821e-03
1.580000000000000000e+13	5.500000000000000000e+00	2.351006331679062790e-03
2.000000000000000000e+13	5.500000000000000000e+00	2.997054099109858205e-03
2.510000000000000000e+13	5.500000000000000000e+00	3.762426623595292730e-03
3.160000000000000000e+13	5.500000000000000000e+00	4.678631575674803769e-03
3.980000000000000000e+13	5.500000000000000000e+00	5.642584394738766815e-03
5.010000000000000000e+13	5.500000000000000000e+00	6.607242459300249893e-03
6.310000000000000000e+13	5.500000000000000000e+00	7.559093631444527978e-03
7.940000000000000000e+13	5.500000000000000000e+00	8.559367113192167462e-03
1.000000000000000000e+14	5.500000000000000000e+00	9.837945089246017544e-03
1.260000000000000000e+14	5.500000000000000000e+00	1.163232414403534559e-02
1.580000000000000000e+14	5.500000000000000000e+00	1.425270253138719370e-02
2.000000000000000000e+14	5.500000000000000000e+00	1.822362353682010355e-02
2.510000000000000000e+14	5.500000000000000000e+00	2.318451318646317511e-02
3.160000000000000000e+14	5.500000000000000000e+00	2.888274140839363485e-02
3.980000000000000000e+14	5.500000000000000000e+00	3.413711731589805232e-02
5.010000000000000000e+14	5.500000000000000000e+00	3.764936559177595177e-02
6.310000000000000000e+14	5.500000000000000000e+00	3.862315201347570753e-02
7.940000000000000000e+14	5.500000000000000000e+00	3.646879520888190312e-02
1.000000000000000000e+15	5.500000000000000000e+00	3.173863489196124960e-02
1.260000000000000000e+15	5.500000000000000000e+00	2.505270661742934821e-02
1.580000000000000000e+15	5.500000000000000000e+00	1.678787564160296245e-02
2.000000000000000000e+15	5.500000000000000000e+00	8.163494362339030613e-03
2.510000000000000000e+15	5.500000000000000000e+00	2.742588086259452177e-04
3.160000000000000000e+15	5.500000000000000000e+00	-6.996447072876302471e-03
3.980000000000000000e+15	5.500000000000000000e+00	-1.311261385122300741e-02
5.010000000000000000e+15	5.500000000000000000e+00	-1.789213550165869027e-02
6.310000000000000000e+15	5.500000000000000000e+00	-2.135773274756416762e-02
7.940000000000000000e+15	5.500000000000000000e+00	-2.359630206222591148e-02
1.000000000000000000e+16	5.500000000000000000e+00	-2.478021911759444029e-02
1.260000000000000000e+16	5.500000000000000000e+00	-2.507997692553269944e-02
1.580000000000000000e+16	5.500000000000000000e+00	-2.471196911003448876e-02
2.000000000000000000e+16	5.500000000000000000e+00	-2.376851110572764103e-02
2.510000000000000000e+16	5.500000000000000000e+00	-2.251488788167506014e-02
3.160000000000000000e+16	5.500000000000000000e+00	-2.099797853328802533e-02
3.980000000000000000e+16	5.500000000000000000e+00	-1.933998787617178042e-02
5.010000000000000000e+16	5.500000000000000000e+00	-1.763079864596340043e-02
6.310000000000000000e+16	5.500000000000000000e+00	-1.592300810095019850e-02
7.940000000000000000e+16	5.500000000000000000e+00	-1.427575658034298256e-02
1.000000000000000000e+17	5.500000000000000000e+00	-1.270324176056644369e-02
1.000000000000000000e+11	6.500000000000000000e+00	2.140619117726959682e-05
1.258925411794166107e+11	6.500000000000000000e+00	2.697986658180068968e-05
1.584893192461110840e+11	6.500000000000000000e+00	3.403023036093308547e-05
1.995262314968882751e+11	6.500000000000000000e+00	4.297417342676271599e-05
2.511886431509582214e+11	6.500000000000000000e+00	5.437613556887694130e-05
3.162277660168379517e+11	6.500000000000000000e+00	6.903064107190303605e-05
3.981071705534969482e+11	6.500000000000000000e+00	8.811318866030591211e-05
5.011872336272714844e+11	6.500000000000000000e+00	1.134845394477111235e-04
6.309573444801943359e+11	6.500000000000000000e+00	1.483828278173821783e-04
7.943282347242821045e+11	6.500000000000000000e+00	2.024753829985981703e-04
1.000000000000000000e+12	6.500000000000000000e+00	2.309193989683651566e-04
1.260000000000000000e+12	6.500000000000000000e+00	2.322632493578777389e-04
1.580000000000000000e+12	6.500000000000000000e+00	2.623435297598201098e-04
2.000000000000000000e+12	6.500000000000000000e+00	3.128984070430507799e-04
2.510000000000000000e+12	6.500000000000000000e+00	3.806956225294013058e-04
3.160000000000000000e+12	6.500000000000000000e+00	4.682764239217040016e-04
3.980000000000000000e+12	6.500000000000000000e+00	5.793394130144396015e-04
5.010000000000000000e+12	6.500000000000000000e+00	7.247538956287336845e-04
6.310000000000000000e+12	6.500000000000000000e+00	9.109703254215117734e-04
7.940000000000000000e+12	6.500000000000000000e+00	1.147849358588018268e-03
1.000000000000000000e+13	6.500000000000000000e+00	1.453612641271490079e-03
1.260000000000000000e+13	6.500000000000000000e+00	1.846311619944018215e-03
1.580000000000000000e+13	6.500000000000000000e+00	2.331873389945666401e-03
2.000000000000000000e+13	6.500000000000000000e+00	2.969259528037416010e-03
2.510000000000000000e+13	6.500000000000000000e+00	3.734853130979510442e-03
3.160000000000000000e+13	6.500000000000000000e+00	4.620079222370934192e-03
3.980000000000000000e+13	6.500000000000000000e+00	5.574247698748345699e-03
5.010000000000000000e+13	6.500000000000000000e+00	6.512242631987719653e-03
6.310000000000000000e+13	6.500000000000000000e+00	7.435223697026859327e-03
7.940000000000000000e+13	6.500000000000000000e+00	8.462521082738469480e-03
1.000000000000000000e+14	6.500000000000000000e+00	9.715042479037845971e-03
1.260000000000000000e+14	6.500000000000000000e+00	1.153068528986656190e-02
1.580000000000000000e+14	6.500000000000000000e+00	1.418556797064360504e-02
2.000000000000000000e+14	6.500000000000000000e+00	1.815973079139415400e-02
2.510000000000000000e+14	6.500000000000000000e+00	2.318991756659415787e-02
3.160000000000000000e+14	6.500000000000000000e+00	2.876004199066940423e-02
3.980000000000000000e+14	6.500000000000000000e+00	3.410436649759515659e-02
5.010000000000000000e+14	6.500000000000000000e+00	3.780587005274786694e-02
6.310000000000000000e+14	6.500000000000000000e+00	3.857759031299823338e-02
7.940000000000000000e+14	6.500000000000000000e+00	3.632423060051699626e-02
1.000000000000000000e+15	6.500000000000000000e+00	3.146752146099064673e-02
1.260000000000000000e+15	6.500000000000000000e+00	2.442680541256900956e-02
1.580000000000000000e+15	6.500000000000000000e+00	1.633348471791631548e-02
2.000000000000000000e+15	6.500000000000000000e+00	8.196016631603646532e-03
2.510000000000000000e+15	6.500000000000000000e+00	2.618636772331241636e-04
3.160000000000000000e+15	6.500000000000000000e+00	-6.963695425197407446e-03
3.980000000000000000e+15	6.500000000000000000e+00	-1.303592821959121545e-02
5.010000000000000000e+15	6.500000000000000000e+00	-1.778025019291113243e-02
6.310000000000000000e+15	6.500000000000000000e+00	-2.121947871949357231e-02
7.940000000000000000e+15	6.500000000000000000e+00	-2.344020410971066684e-02
1.000000000000000000e+16	6.500000000000000000e+00	-2.461464893515305855e-02
1.260000000000000000e+16	6.500000000000000000e+00	-2.491100448596128558e-02
1.580000000000000000e+16	6.500000000000000000e+00	-2.454451668465758296e-02
2.000000000000000000e+16	6.500000000000000000e+00	-2.360674215448197236e-02
2.510000000000000000e+16	6.500000000000000000e+00	-2.236115718764515245e-02
3.160000000000000000e+16	6.500000000000000000e+00	-2.085424683214666050e-02
3.980000000000000000e+16	6.500000000000000000e+00	-1.920733301187182648e-02
5.010000000000000000e+16	6.500000000000000000e+00	-1.750955017508591324e-02
6.310000000000000000e+16	6.500000000000000000e+00	-1.581289918911163439e-02
7.940000000000000000e+16	6.500000000000000000e+00	-1.417745039213444587e-02
1.000000000000000000e+17	6.500000000000000000e+00	-1.261567259902525787e-02
1.000000000000000000e+11	7.500000000000000000e+00	1.986989648799132393e-05
1.258925411794166107e+11	7.500000000000000000e+00	2.504158788001252270e-05
1.584893192461110840e+11	7.500000000000000000e+00	3.158163535269558649e-05
1.995262314968882751e+11	7.500000000000000000e+00	3.987414832331474221e-05
2.511886431509582214e+11	7.500000000000000000e+00	5.043774012910086141e-05
3.162277660168379517e+11	7.500000000000000000e+00	6.399667029191347415e-05
3.981071705534969482e+11	7.500000000000000000e+00	8.161160969129097216e-05
5.011872336272714844e+11	7.500000000000000000e+00	1.049140644344296399e-04
6.309573444801943359e+11	7.500000000000000000e+00	1.365545223412875403e-04
7.943282347242821045e+11	7.500000000000000000e+00	1.821217941740122654e-04
1.000000000000000000e+12	7.500000000000000000e+00	2.099641793261469605e-04
1.260000000000000000e+12	7.500000000000000000e+00	2.217083347389437159e-04
1.580000000000000000e+12	7.500000000000000000e+00	2.542588034962428925e-04
2.000000000000000000e+12	7.500000000000000000e+00	3.042596315006635310e-04
2.510000000000000000e+12	7.500000000000000000e+00	3.678135130384678118e-04
3.160000000000000000e+12	7.500000000000000000e+00	4.533378410567603153e-04
3.980000000000000000e+12	7.500000000000000000e+00	5.670623418019724808e-04
5.010000000000000000e+12	7.500000000000000000e+00	7.060602265179606379e-04
6.310000000000000000e+12	7.500000000000000000e+00	8.850446517878371141e-04
7.940000000000000000e+12	7.500000000000000000e+00	1.116364295079565281e-03
1.000000000000000000e+13	7.500000000000000000e+00	1.417761809457929092e-03
1.260000000000000000e+13	7.500000000000000000e+00	1.799225464759710100e-03
1.580000000000000000e+13	7.500000000000000000e+00	2.267026681756548895e-03
2.000000000000000000e+13	7.500000000000000000e+00	2.888629207489109858e-03
2.510000000000000000e+13	7.500000000000000000e+00	3.621680735224073848e-03
3.160000000000000000e+13	7.500000000000000000e+00	4.507986473190318810e-03
3.980000000000000000e+13	7.500000000000000000e+00	5.449079359407639836e-03
5.010000000000000000e+13	7.500000000000000000e+00	6.373940147547929418e-03
6.310000000000000000e+13	7.500000000000000000e+00	7.303214222519929279e-03
7.940000000000000000e+13	7.500000000000000000e+00	8.276085756712483338e-03
1.000000000000000000e+14	7.500000000000000000e+00	9.545077441976114463e-03
1.260000000000000000e+14	7.500000000000000000e+00	1.139782903948834830e-02
1.580000000000000000e+14	7.500000000000000000e+00	1.408247656147021409e-02
2.000000000000000000e+14	7.500000000000000000e+00	1.814819335403343795e-02
2.510000000000000000e+14	7.500000000000000000e+00	2.321378975286002982e-02
3.160000000000000000e+14	7.500000000000000000e+00	2.865216788677459048e-02
3.980000000000000000e+14	7.500000000000000000e+00	3.369939456584439275e-02
5.010000000000000000e+14	7.500000000000000000e+00	3.735765902960321710e-02
6.310000000000000000e+14	7.500000000000000000e+00	3.835206010568851381e-02
7.940000000000000000e+14	7.500000000000000000e+00	3.630338200916381763e-02
1.000000000000000000e+15	7.500000000000000000e+00	3.147750539459677477e-02
1.260000000000000000e+15	7.500000000000000000e+00	2.369092252224124645e-02
1.580000000000000000e+15	7.500000000000000000e+00	1.489467231338450874e-02
2.000000000000000000e+15	7.500000000000000000e+00	7.105349534911838301e-03
2.510000000000000000e+15	7.500000000000000000e+00	-2.233451908504991248e-04
3.160000000000000000e+15	7.500000000000000000e+00	-7.148063247013616665e-03
3.980000000000000000e+15	7.500000000000000000e+00	-1.300594304326027975e-02
5.010000000000000000e+15	7.500000000000000000e+00	-1.759222816242885998e-02
6.310000000000000000e+15	7.500000000000000000e+00	-2.091751418514968541e-02
7.940000000000000000e+15	7.500000000000000000e+00	-2.306038451419058569e-02
1.000000000000000000e+16	7.500000000000000000e+00	-2.418626348885045962e-02
1.260000000000000000e+16	7.500000000000000000e+00	-2.445768485098909900e-02
1.580000000000000000e+16	7.500000000000000000e+00	-2.408472385926524462e-02
2.000000000000000000e+16	7.500000000000000000e+00	-2.315495738876182513e-02
2.510000000000000000e+16	7.500000000000000000e+00	-2.192663690884156732e-02
3.160000000000000000e+16	7.500000000000000000e+00	-2.044417322831163300e-02
3.980000000000000000e+16	7.500000000000000000e+00	-1.882614789849330547e-02
5.010000000000000000e+16	7.500000000000000000e+00	-1.715937290488276160e-02
6.310000000000000000e+16	7.500000000000000000e+00	-1.549543852089510336e-02
7.940000000000000000e+16	7.500000000000000000e+00	-1.389089904284865166e-02
1.000000000000000000e+17	7.500000000000000000e+00	-1.235967565762391071e-02
1.000000000000000000e+11	8.500000000000000000e+00	1.876392944493765331e-05
1.258925411794166107e+11	8.500000000000000000e+00	2.364687585038694750e-05
1.584893192461110840e+11	8.500000000000000000e+00	2.982061843557603370e-05
1.995262314968882751e+11	8.500000000000000000e+00	3.764648228642628183e-05
2.511886431509582214e+11	8.500000000000000000e+00	4.761166588856142882e-05
3.162277660168379517e+11	8.500000000000000000e+00	6.039398469424983444e-05
3.981071705534969482e+11	8.500000000000000000e+00	7.697777584505469681e-05
5.011872336272714844e+11	8.500000000000000000e+00	9.885618634317185354e-05
6.309573444801943359e+11	8.500000000000000000e+00	1.283335329725813578e-04
7.943282347242821045e+11	8.500000000000000000e+00	1.688858130744028564e-04
1.000000000000000000e+12	8.500000000000000000e+00	1.952097060677788500e-04
1.260000000000000000e+12	8.500000000000000000e+00	2.088690412615129598e-04
1.580000000000000000e+12	8.500000000000000000e+00	2.421654141247738846e-04
2.000000000000000000e+12	8.500000000000000000e+00	2.937322997129060225e-04
2.510000000000000000e+12	8.500000000000000000e+00	3.610686490686493386e-04
3.160000000000000000e+12	8.500000000000000000e+00	4.469544977879737679e-04
3.980000000000000000e+12	8.500000000000000000e+00	5.550654173168989049e-04
5.010000000000000000e+12	8.500000000000000000e+00	6.961262173962644382e-04
6.310000000000000000e+12	8.500000000000000000e+00	8.762607426448722637e-04
7.940000000000000000e+12	8.500000000000000000e+00	1.104804582375718642e-03
1.000000000000000000e+13	8.500000000000000000e+00	1.398176715078083224e-03
1.260000000000000000e+13	8.500000000000000000e+00	1.775609676686541478e-03
1.580000000000000000e+13	8.500000000000000000e+00	2.244146489878627495e-03
2.000000000000000000e+13	8.500000000000000000e+00	2.863518164659845881e-03
2.510000000000000000e+13	8.500000000000000000e+00	3.588331436790805073e-03
3.160000000000000000e+13	8.500000000000000000e+00	4.426969618778756749e-03
3.980000000000000000e+13	8.500000000000000000e+00	5.363812085397717463e-03
5.010000000000000000e+13	8.500000000000000000e+00	6.279546276383442607e-03
6.310000000000000000e+13	8.500000000000000000e+00	7.205838275555810808e-03
7.940000000000000000e+13	8.500000000000000000e+00	8.248557295828268243e-03
1.000000000000000000e+14	8.500000000000000000e+00	9.564054910602030196e-03
1.260000000000000000e+14	8.500000000000000000e+00	1.148057057790442814e-02
1.580000000000000000e+14	8.500000000000000000e+00	1.424784437745912034e-02
2.000000000000000000e+14	8.500000000000000000e+00	1.831228237933118716e-02
2.510000000000000000e+14	8.500000000000000000e+00	2.336418873781196531e-02
3.160000000000000000e+14	8.500000000000000000e+00	2.944275944036505235e-02
3.980000000000000000e+14	8.500000000000000000e+00	3.493558886361710497e-02
5.010000000000000000e+14	8.500000000000000000e+00	3.842524939916512616e-02
6.310000000000000000e+14	8.500000000000000000e+00	3.957038560515595271e-02
7.940000000000000000e+14	8.500000000000000000e+00	3.787242910489874159e-02
1.000000000000000000e+15	8.500000000000000000e+00	3.305071486710714490e-02
1.260000000000000000e+15	8.500000000000000000e+00	2.637665948286351328e-02
1.580000000000000000e+15	8.500000000000000000e+00	1.978131801430395645e-02
2.000000000000000000e+15	8.500000000000000000e+00	1.125882622966977754e-02
2.510000000000000000e+15	8.500000000000000000e+00	1.691686474328255680e-03
3.160000000000000000e+15	8.500000000000000000e+00	-6.315041008924127466e-03
3.980000000000000000e+15	8.500000000000000000e+00	-1.293872395556682972e-02
5.010000000000000000e+15	8.500000000000000000e+00	-1.808758704420753219e-02
6.310000000000000000e+15	8.500000000000000000e+00	-2.182102643829446700e-02
7.940000000000000000e+15	8.500000000000000000e+00	-2.424520566835463437e-02
1.000000000000000000e+16	8.500000000000000000e+00	-2.554964022409235772e-02
1.260000000000000000e+16	8.500000000000000000e+00	-2.591732320177816615e-02
1.580000000000000000e+16	8.500000000000000000e+00	-2.557660825996602508e-02
2.000000000000000000e+16	8.500000000000000000e+00	-2.462876775136874086e-02
2.510000000000000000e+16	8.500000000000000000e+00	-2.334947909588697135e-02
3.160000000000000000e+16	8.500000000000000000e+00	-2.179073427578026231e-02
3.980000000000000000e+16	8.500000000000000000e+00	-2.008061445591674543e-02
5.010000000000000000e+16	8.500000000000000000e+00	-1.831347733692911817e-02
6.310000000000000000e+16	8.500000000000000000e+00	-1.654540246918077134e-02
7.940000000000000000e+16	8.500000000000000000e+00	-1.483788567880933197e-02
1.000000000000000000e+17	8.500000000000000000e+00	-1.320659499226352167e-02
1.000000000000000000e+11	9.500000000000000000e+00	1.746672758172430209e-05
1.258925411794166107e+11	9.500000000000000000e+00	2.201118756699128970e-05
1.584893192461110840e+11	9.500000000000000000e+00	2.775644239140338340e-05
1.995262314968882751e+11	9.500000000000000000e+00	3.503785706000148408e-05
2.511886431509582214e+11	9.500000000000000000e+00	4.430692413518645830e-05
3.162277660168379517e+11	9.500000000000000000e+00	5.619017418962555561e-05
3.981071705534969482e+11	9.500000000000000000e+00	7.159126201715302316e-05
5.011872336272714844e+11	9.500000000000000000e+00	9.185612355972899983e-05
6.309573444801943359e+11	9.500000000000000000e+00	1.189372909503484796e-04
7.943282347242821045e+11	9.500000000000000000e+00	1.541400469439013874e-04
1.000000000000000000e+12	9.500000000000000000e+00	1.778093085320887033e-04
1.260000000000000000e+12	9.500000000000000000e+00	1.968702749381466891e-04
1.580000000000000000e+12	9.500000000000000000e+00	2.339183152417299155e-04
2.000000000000000000e+12	9.500000000000000000e+00	2.819880234070638826e-04
2.510000000000000000e+12	9.500000000000000000e+00	3.424834303699999258e-04
3.160000000000000000e+12	9.500000000000000000e+00	4.241362213255274374e-04
3.980000000000000000e+12	9.500000000000000000e+00	5.307581226092106426e-04
5.010000000000000000e+12	9.500000000000000000e+00	6.653961014221359454e-04
6.310000000000000000e+12	9.500000000000000000e+00	8.330618100187048465e-04
7.940000000000000000e+12	9.500000000000000000e+00	1.049171874456495280e-03
1.000000000000000000e+13	9.500000000000000000e+00	1.332695809726175927e-03
1.260000000000000000e+13	9.500000000000000000e+00	1.661359692468347042e-03
1.580000000000000000e+13	9.500000000000000000e+00	2.138748730374191893e-03
2.000000000000000000e+13	9.500000000000000000e+00	2.725266159997222562e-03
2.510000000000000000e+13	9.500000000000000000e+00	3.426122880448408820e-03
3.160000000000000000e+13	9.500000000000000000e+00	4.243095733295420592e-03
3.980000000000000000e+13	9.500000000000000000e+00	5.096862216821657597e-03
5.010000000000000000e+13	9.500000000000000000e+00	5.987734128159286767e-03
6.310000000000000000e+13	9.500000000000000000e+00	6.896524866266359223e-03
7.940000000000000000e+13	9.500000000000000000e+00	7.901775012420926905e-03
1.000000000000000000e+14	9.500000000000000000e+00	9.232517109197813099e-03
1.260000000000000000e+14	9.500000000000000000e+00	1.115149213226330864e-02
1.580000000000000000e+14	9.500000000000000000e+00	1.390862004508213595e-02
2.000000000000000000e+14	9.500000000000000000e+00	1.797599958730173447e-02
2.510000000000000000e+14	9.500000000000000000e+00	2.330671026162194417e-02
3.160000000000000000e+14	9.500000000000000000e+00	2.895778385087319912e-02
3.980000000000000000e+14	9.500000000000000000e+00	3.397417900989849887e-02
5.010000000000000000e+14	9.500000000000000000e+00	3.738636159386048846e-02
6.310000000000000000e+14	9.500000000000000000e+00	3.814513173964256126e-02
7.940000000000000000e+14	9.500000000000000000e+00	3.542629020475316498e-02
1.000000000000000000e+15	9.500000000000000000e+00	3.135677328116486667e-02
1.260000000000000000e+15	9.500000000000000000e+00	2.563133950430514577e-02
1.580000000000000000e+15	9.500000000000000000e+00	1.603138563343159753e-02
2.000000000000000000e+15	9.500000000000000000e+00	7.225446862474171894e-03
2.510000000000000000e+15	9.500000000000000000e+00	9.140462564422375654e-06
3.160000000000000000e+15	9.500000000000000000e+00	-6.956298223820637019e-03
3.980000000000000000e+15	9.500000000000000000e+00	-1.285341653141684921e-02
5.010000000000000000e+15	9.500000000000000000e+00	-1.747146674144686024e-02
6.310000000000000000e+15	9.500000000000000000e+00	-2.082183484634290982e-02
7.940000000000000000e+15	9.500000000000000000e+00	-2.298494029664887098e-02
1.000000000000000000e+16	9.500000000000000000e+00	-2.412616888413980643e-02
1.260000000000000000e+16	9.500000000000000000e+00	-2.441020821187313630e-02
1.580000000000000000e+16	9.500000000000000000e+00	-2.404666923691631611e-02
2.000000000000000000e+16	9.500000000000000000e+00	-2.312498412260356739e-02
2.510000000000000000e+16	9.500000000000000000e+00	-2.190273348263126543e-02
3.160000000000000000e+16	9.500000000000000000e+00	-2.042614272264357822e-02
3.980000000000000000e+16	9.500000000000000000e+00	-1.881108514871644710e-02
5.010000000000000000e+16	9.500000000000000000e+00	-1.714755525978746420e-02
6.310000000000000000e+16	9.500000000000000000e+00	-1.548604408914078245e-02
7.940000000000000000e+16	9.500000000000000000e+00	-1.388335624271581567e-02
1.000000000000000000e+17	9.500000000000000000e+00	-1.235368553083689494e-02
1.000000000000000000e+11	1.050000000000000000e+01	1.652004592736344200e-05
1.258925411794166107e+11	1.050000000000000000e+01	2.081831571554008573e-05
1.584893192461110840e+11	1.050000000000000000e+01	2.625245636725404087e-05
1.995262314968882751e+11	1.050000000000000000e+01	3.313985139304846499e-05
2.511886431509582214e+11	1.050000000000000000e+01	4.190776940206092648e-05
3.162277660168379517e+11	1.050000000000000000e+01	5.315025813941941078e-05
3.981071705534969482e+11	1.050000000000000000e+01	6.772151132063436321e-05
5.011872336272714844e+11	1.050000000000000000e+01	8.688632074989206800e-05
6.309573444801943359e+11	1.050000000000000000e+01	1.124224347986156657e-04
7.943282347242821045e+11	1.050000000000000000e+01	1.446128040446574504e-04
1.000000000000000000e+12	1.050000000000000000e+01	1.678115670349147057e-04
1.260000000000000000e+12	1.050000000000000000e+01	1.839078436638817563e-04
1.580000000000000000e+12	1.050000000000000000e+01	2.178112995218578019e-04
2.000000000000000000e+12	1.050000000000000000e+01	2.684266037412813555e-04
2.510000000000000000e+12	1.050000000000000000e+01	3.283997809832060006e-04
3.160000000000000000e+12	1.050000000000000000e+01	4.093279727203938357e-04
3.980000000000000000e+12	1.050000000000000000e+01	5.107444336023554514e-04
5.010000000000000000e+12	1.050000000000000000e+01	6.375229580613998122e-04
6.310000000000000000e+12	1.050000000000000000e+01	8.030667236731104351e-04
7.940000000000000000e+12	1.050000000000000000e+01	1.014374039732887948e-03
1.000000000000000000e+13	1.050000000000000000e+01	1.285437265100734718e-03
1.260000000000000000e+13	1.050000000000000000e+01	1.632763599892285986e-03
1.580000000000000000e+13	1.050000000000000000e+01	2.061555682901478927e-03
2.000000000000000000e+13	1.050000000000000000e+01	2.620407680454819171e-03
2.510000000000000000e+13	1.050000000000000000e+01	3.291151633459495334e-03
3.160000000000000000e+13	1.050000000000000000e+01	4.091922822834640275e-03
3.980000000000000000e+13	1.050000000000000000e+01	4.969262494562039223e-03
5.010000000000000000e+13	1.050000000000000000e+01	5.832457359554504318e-03
6.310000000000000000e+13	1.050000000000000000e+01	6.727088234364209454e-03
7.940000000000000000e+13	1.050000000000000000e+01	7.790519859300556148e-03
1.000000000000000000e+14	1.050000000000000000e+01	9.167547023150496993e-03
1.260000000000000000e+14	1.050000000000000000e+01	1.113443621935286849e-02
1.580000000000000000e+14	1.050000000000000000e+01	1.381502319290043267e-02
2.000000000000000000e+14	1.050000000000000000e+01	1.800626143361879969e-02
2.510000000000000000e+14	1.050000000000000000e+01	2.321503805541813570e-02
3.160000000000000000e+14	1.050000000000000000e+01	2.905044109245395398e-02
3.980000000000000000e+14	1.050000000000000000e+01	3.437457600045010220e-02
5.010000000000000000e+14	1.050000000000000000e+01	3.763188195343488557e-02
6.310000000000000000e+14	1.050000000000000000e+01	3.805928896457535376e-02
7.940000000000000000e+14	1.050000000000000000e+01	3.763599442005150647e-02
1.000000000000000000e+15	1.050000000000000000e+01	3.303981239990066987e-02
1.260000000000000000e+15	1.050000000000000000e+01	2.395917142291387192e-02
1.580000000000000000e+15	1.050000000000000000e+01	1.559312021632327377e-02
2.000000000000000000e+15	1.050000000000000000e+01	6.994578352062369268e-03
2.510000000000000000e+15	1.050000000000000000e+01	-1.398308823108642025e-04
3.160000000000000000e+15	1.050000000000000000e+01	-7.060564685009811103e-03
3.980000000000000000e+15	1.050000000000000000e+01	-1.293009085426474400e-02
5.010000000000000000e+15	1.050000000000000000e+01	-1.752955020122947197e-02
6.310000000000000000e+15	1.050000000000000000e+01	-2.086662702603181083e-02
7.940000000000000000e+15	1.050000000000000000e+01	-2.301953089795129997e-02
1.000000000000000000e+16	1.050000000000000000e+01	-2.415360086661389252e-02
1.260000000000000000e+16	1.050000000000000000e+01	-2.443180156189124833e-02
1.580000000000000000e+16	1.050000000000000000e+01	-2.406395089970369064e-02
2.000000000000000000e+16	1.050000000000000000e+01	-2.313848498989822325e-02
2.510000000000000000e+16	1.050000000000000000e+01	-2.191350319041168379e-02
3.160000000000000000e+16	1.050000000000000000e+01	-2.043414957172357341e-02
3.980000000000000000e+16	1.050000000000000000e+01	-1.881787260763366151e-02
5.010000000000000000e+16	1.050000000000000000e+01	-1.715291306042659308e-02
6.310000000000000000e+16	1.050000000000000000e+01	-1.549026145598322336e-02
7.940000000000000000e+16	1.050000000000000000e+01	-1.388674064668206191e-02
1.000000000000000000e+17	1.050000000000000000e+01	-1.235637038378959926e-02
1.000000000000000000e+11	1.150000000000000000e+01	1.557850989905691259e-05
1.258925411794166107e+11	1.150000000000000000e+01	1.962994510950978586e-05
1.584893192461110840e+11	1.150000000000000000e+01	2.475156812665277198e-05
1.995262314968882751e+11	1.150000000000000000e+01	3.124074531820996000e-05
2.511886431509582214e+11	1.150000000000000000e+01	3.949747233366660937e-05
3.162277660168379517e+11	1.150000000000000000e+01	5.007170789918723527e-05
3.981071705534969482e+11	1.150000000000000000e+01	6.375303281938704395e-05
5.011872336272714844e+11	1.150000000000000000e+01	8.167492384619659627e-05
6.309573444801943359e+11	1.150000000000000000e+01	1.052820989365587740e-04
7.943282347242821045e+11	1.150000000000000000e+01	1.327475722854517290e-04
1.000000000000000000e+12	1.150000000000000000e+01	1.540596520431831832e-04
1.260000000000000000e+12	1.150000000000000000e+01	1.774927116147655549e-04
1.580000000000000000e+12	1.150000000000000000e+01	2.128870288944025328e-04
2.000000000000000000e+12	1.150000000000000000e+01	2.598409991713036978e-04
2.510000000000000000e+12	1.150000000000000000e+01	3.214745257363869121e-04
3.160000000000000000e+12	1.150000000000000000e+01	3.983461839865291344e-04
3.980000000000000000e+12	1.150000000000000000e+01	4.979629795049616376e-04
5.010000000000000000e+12	1.150000000000000000e+01	6.265876890985910786e-04
6.310000000000000000e+12	1.150000000000000000e+01	7.882016879735021528e-04
7.940000000000000000e+12	1.150000000000000000e+01	9.956199287782054909e-04
1.000000000000000000e+13	1.150000000000000000e+01	1.261483316432162900e-03
1.260000000000000000e+13	1.150000000000000000e+01	1.600456745056994933e-03
1.580000000000000000e+13	1.150000000000000000e+01	2.019413315732834259e-03
2.000000000000000000e+13	1.150000000000000000e+01	2.575863692941788869e-03
2.510000000000000000e+13	1.150000000000000000e+01	3.221408185164076170e-03
3.160000000000000000e+13	1.150000000000000000e+01	3.992322912758610419e-03
3.980000000000000000e+13	1.150000000000000000e+01	4.831558463695044721e-03
5.010000000000000000e+13	1.150000000000000000e+01	5.700105828812434064e-03
6.310000000000000000e+13	1.150000000000000000e+01	6.658682846534993115e-03
7.940000000000000000e+13	1.150000000000000000e+01	7.750700785319042559e-03
1.000000000000000000e+14	1.150000000000000000e+01	9.183552145939900130e-03
1.260000000000000000e+14	1.150000000000000000e+01	1.121039253125128733e-02
1.580000000000000000e+14	1.150000000000000000e+01	1.416376190670102717e-02
2.000000000000000000e+14	1.150000000000000000e+01	1.840369987295133528e-02
2.510000000000000000e+14	1.150000000000000000e+01	2.365222587406851790e-02
3.160000000000000000e+14	1.150000000000000000e+01	2.963317073629792575e-02
3.980000000000000000e+14	1.150000000000000000e+01	3.501348279833295385e-02
5.010000000000000000e+14	1.150000000000000000e+01	3.894162060218731014e-02
6.310000000000000000e+14	1.150000000000000000e+01	4.055058097453319993e-02
7.940000000000000000e+14	1.150000000000000000e+01	3.716439507698662825e-02
1.000000000000000000e+15	1.150000000000000000e+01	3.267245957130507361e-02
1.260000000000000000e+15	1.150000000000000000e+01	2.802787297158827740e-02
1.580000000000000000e+15	1.150000000000000000e+01	2.044252558106375919e-02
2.000000000000000000e+15	1.150000000000000000e+01	1.168825941437215930e-02
2.510000000000000000e+15	1.150000000000000000e+01	2.004582604906748802e-03
3.160000000000000000e+15	1.150000000000000000e+01	-6.077522620659277577e-03
3.980000000000000000e+15	1.150000000000000000e+01	-1.275665229774663317e-02
5.010000000000000000e+15	1.150000000000000000e+01	-1.794544681053185028e-02
6.310000000000000000e+15	1.150000000000000000e+01	-2.170935817580051802e-02
7.940000000000000000e+15	1.150000000000000000e+01	-2.415653673167968488e-02
1.000000000000000000e+16	1.150000000000000000e+01	-2.547994257066795581e-02
1.260000000000000000e+16	1.150000000000000000e+01	-2.586214144160123296e-02
1.580000000000000000e+16	1.150000000000000000e+01	-2.553266628090461107e-02
2.000000000000000000e+16	1.150000000000000000e+01	-2.459409878751054462e-02
2.510000000000000000e+16	1.150000000000000000e+01	-2.332187974392980340e-02
3.160000000000000000e+16	1.150000000000000000e+01	-2.176881896062212926e-02
3.980000000000000000e+16	1.150000000000000000e+01	-2.006319388626140454e-02
5.010000000000000000e+16	1.150000000000000000e+01	-1.829925866716734795e-02
6.310000000000000000e+16	1.150000000000000000e+01	-1.653443617732288165e-02
7.940000000000000000e+16	1.150000000000000000e+01	-1.482917586475663435e-02
1.000000000000000000e+17	1.150000000000000000e+01	-1.319967452943915029e-02
1.000000000000000000e+11	1.300000000000000000e+01	1.426099154952521471e-05
1.258925411794166107e+11	1.300000000000000000e+01	1.797018894147673463e-05
1.584893192461110840e+11	1.300000000000000000e+01	2.265867414609340277e-05
1.995262314968882751e+11	1.300000000000000000e+01	2.859847696326582546e-05
2.511886431509582214e+11	1.300000000000000000e+01	3.615665975474527220e-05
3.162277660168379517e+11	1.300000000000000000e+01	4.583716962080895034e-05
3.981071705534969482e+11	1.300000000000000000e+01	5.835653611145771928e-05
5.011872336272714844e+11	1.300000000000000000e+01	7.471610872780141456e-05
6.309573444801943359e+11	1.300000000000000000e+01	9.614359559704462900e-05
7.943282347242821045e+11	1.300000000000000000e+01	1.191999239691955557e-04
1.000000000000000000e+12	1.300000000000000000e+01	1.390733041815297110e-04
1.260000000000000000e+12	1.300000000000000000e+01	1.620852151183097933e-04
1.580000000000000000e+12	1.300000000000000000e+01	1.952325427389102008e-04
2.000000000000000000e+12	1.300000000000000000e+01	2.424979358280886796e-04
2.510000000000000000e+12	1.300000000000000000e+01	3.002255236670701489e-04
3.160000000000000000e+12	1.300000000000000000e+01	3.741808582740777296e-04
3.980000000000000000e+12	1.300000000000000000e+01	4.683623029055908544e-04
5.010000000000000000e+12	1.300000000000000000e+01	5.873872686740378574e-04
6.310000000000000000e+12	1.300000000000000000e+01	7.398223637570592020e-04
7.940000000000000000e+12	1.300000000000000000e+01	9.337046896673668796e-04
1.000000000000000000e+13	1.300000000000000000e+01	1.182512437074715542e-03
1.260000000000000000e+13	1.300000000000000000e+01	1.499170039736735793e-03
1.580000000000000000e+13	1.300000000000000000e+01	1.890278508903237486e-03
2.000000000000000000e+13	1.300000000000000000e+01	2.399078610917540749e-03
2.510000000000000000e+13	1.300000000000000000e+01	3.024545121972192340e-03
3.160000000000000000e+13	1.300000000000000000e+01	3.762933712440935229e-03
3.980000000000000000e+13	1.300000000000000000e+01	4.558915934128769318e-03
5.010000000000000000e+13	1.300000000000000000e+01	5.417126446935626935e-03
6.310000000000000000e+13	1.300000000000000000e+01	6.349511826576587081e-03
7.940000000000000000e+13	1.300000000000000000e+01	7.433046223574791937e-03
1.000000000000000000e+14	1.300000000000000000e+01	8.958663783599217154e-03
1.260000000000000000e+14	1.300000000000000000e+01	1.109423497246693653e-02
1.580000000000000000e+14	1.300000000000000000e+01	1.394253828924282672e-02
2.000000000000000000e+14	1.300000000000000000e+01	1.823965527201934500e-02
2.510000000000000000e+14	1.300000000000000000e+01	2.342785244879201298e-02
3.160000000000000000e+14	1.300000000000000000e+01	2.911853069637958952e-02
3.980000000000000000e+14	1.300000000000000000e+01	3.448659852246596658e-02
5.010000000000000000e+14	1.300000000000000000e+01	3.821143660683155863e-02
6.310000000000000000e+14	1.300000000000000000e+01	3.880652021969585586e-02
7.940000000000000000e+14	1.300000000000000000e+01	3.644058674956622557e-02
1.000000000000000000e+15	1.300000000000000000e+01	3.115998595944447641e-02
1.260000000000000000e+15	1.300000000000000000e+01	2.482500318840235101e-02
1.580000000000000000e+15	1.300000000000000000e+01	1.704432770715324716e-02
2.000000000000000000e+15	1.300000000000000000e+01	7.589522483352125273e-03
2.510000000000000000e+15	1.300000000000000000e+01	2.493159111916045442e-04
3.160000000000000000e+15	1.300000000000000000e+01	-6.781617820118425628e-03
3.980000000000000000e+15	1.300000000000000000e+01	-1.272105711268203994e-02
5.010000000000000000e+15	1.300000000000000000e+01	-1.736905250412305521e-02
6.310000000000000000e+15	1.300000000000000000e+01	-2.074181184791941759e-02
7.940000000000000000e+15	1.300000000000000000e+01	-2.292146736991400313e-02
1.000000000000000000e+16	1.300000000000000000e+01	-2.407645432926774909e-02
1.260000000000000000e+16	1.300000000000000000e+01	-2.437086977028928014e-02
1.580000000000000000e+16	1.300000000000000000e+01	-2.401551544901343177e-02
2.000000000000000000e+16	1.300000000000000000e+01	-2.310030714865756590e-02
2.510000000000000000e+16	1.300000000000000000e+01	-2.188309856624169603e-02
3.160000000000000000e+16	1.300000000000000000e+01	-2.040961878740603710e-02
3.980000000000000000e+16	1.300000000000000000e+01	-1.879873184022267871e-02
5.010000000000000000e+16	1.300000000000000000e+01	-1.713786433078236249e-02
6.310000000000000000e+16	1.300000000000000000e+01	-1.547819130906592788e-02
7.940000000000000000e+16	1.300000000000000000e+01	-1.387714836065099405e-02
1.000000000000000000e+17	1.300000000000000000e+01	-1.234875580096285279e-02
1.000000000000000000e+11	1.500000000000000000e+01	1.295651518303269301e-05
1.258925411794166107e+11	1.500000000000000000e+01	1.632553422107779591e-05
1.584893192461110840e+11	1.500000000000000000e+01	2.058324257404548841e-05
1.995262314968882751e+11	1.500000000000000000e+01	2.597601649912858449e-05
2.511886431509582214e+11	1.500000000000000000e+01	3.283427312979897428e-05
3.162277660168379517e+11	1.500000000000000000e+01	4.161157304723148479e-05
3.981071705534969482e+11	1.500000000000000000e+01	5.294409314836921265e-05
5.011872336272714844e+11	1.500000000000000000e+01	6.770116491499457792e-05
6.309573444801943359e+11	1.500000000000000000e+01	8.671363342957060395e-05
7.943282347242821045e+11	1.500000000000000000e+01	1.044505634888683905e-04
1.000000000000000000e+12	1.500000000000000000e+01	1.221523343064540663e-04
1.260000000000000000e+12	1.500000000000000000e+01	1.491554659043097246e-04
1.580000000000000000e+12	1.500000000000000000e+01	1.832026085126329271e-04
2.000000000000000000e+12	1.500000000000000000e+01	2.277396793611529140e-04
2.510000000000000000e+12	1.500000000000000000e+01	2.840545751746764973e-04
3.160000000000000000e+12	1.500000000000000000e+01	3.555001548797666398e-04
3.980000000000000000e+12	1.500000000000000000e+01	4.457687593318735613e-04
5.010000000000000000e+12	1.500000000000000000e+01	5.603064334463873962e-04
6.310000000000000000e+12	1.500000000000000000e+01	7.045066626290128918e-04
7.940000000000000000e+12	1.500000000000000000e+01	8.871470382848020003e-04
1.000000000000000000e+13	1.500000000000000000e+01	1.123610687284306003e-03
1.260000000000000000e+13	1.500000000000000000e+01	1.426128271900228709e-03
1.580000000000000000e+13	1.500000000000000000e+01	1.797706999006483484e-03
2.000000000000000000e+13	1.500000000000000000e+01	2.286332742930977015e-03
2.510000000000000000e+13	1.500000000000000000e+01	2.865355653407257973e-03
3.160000000000000000e+13	1.500000000000000000e+01	3.551648380594821849e-03
3.980000000000000000e+13	1.500000000000000000e+01	4.342656827207966481e-03
5.010000000000000000e+13	1.500000000000000000e+01	5.197383718198869164e-03
6.310000000000000000e+13	1.500000000000000000e+01	6.161865649928913516e-03
7.940000000000000000e+13	1.500000000000000000e+01	7.393434195554239412e-03
1.000000000000000000e+14	1.500000000000000000e+01	8.907517797694207776e-03
1.260000000000000000e+14	1.500000000000000000e+01	1.100071963817300658e-02
1.580000000000000000e+14	1.500000000000000000e+01	1.405590802619284888e-02
2.000000000000000000e+14	1.500000000000000000e+01	1.830159154421685461e-02
2.510000000000000000e+14	1.500000000000000000e+01	2.357489090298501080e-02
3.160000000000000000e+14	1.500000000000000000e+01	2.959511376734803509e-02
3.980000000000000000e+14	1.500000000000000000e+01	3.512580892825176854e-02
5.010000000000000000e+14	1.500000000000000000e+01	3.899930704571489409e-02
6.310000000000000000e+14	1.500000000000000000e+01	3.973111149706101686e-02
7.940000000000000000e+14	1.500000000000000000e+01	3.756250486840282538e-02
1.000000000000000000e+15	1.500000000000000000e+01	3.287429397923505997e-02
1.260000000000000000e+15	1.500000000000000000e+01	2.519363440923299766e-02
1.580000000000000000e+15	1.500000000000000000e+01	1.809932018576480839e-02
2.000000000000000000e+15	1.500000000000000000e+01	1.062152570917159963e-02
2.510000000000000000e+15	1.500000000000000000e+01	1.465155462075235383e-03
3.160000000000000000e+15	1.500000000000000000e+01	-6.219187644244135622e-03
3.980000000000000000e+15	1.500000000000000000e+01	-1.258957099368968567e-02
5.010000000000000000e+15	1.500000000000000000e+01	-1.754586655272530327e-02
6.310000000000000000e+15	1.500000000000000000e+01	-2.114030315065100474e-02
7.940000000000000000e+15	1.500000000000000000e+01	-2.347280325309371654e-02
1.000000000000000000e+16	1.500000000000000000e+01	-2.472622966504453568e-02
1.260000000000000000e+16	1.500000000000000000e+01	-2.507557917771597797e-02
1.580000000000000000e+16	1.500000000000000000e+01	-2.474160369426649589e-02
2.000000000000000000e+16	1.500000000000000000e+01	-2.382163902820022550e-02
2.510000000000000000e+16	1.500000000000000000e+01	-2.258215776784223625e-02
3.160000000000000000e+16	1.500000000000000000e+01	-2.107308587500612146e-02
3.980000000000000000e+16	1.500000000000000000e+01	-1.941819390220719810e-02
5.010000000000000000e+16	1.500000000000000000e+01	-1.770848552812219132e-02
6.310000000000000000e+16	1.500000000000000000e+01	-1.599820654946484261e-02
7.940000000000000000e+16	1.500000000000000000e+01	-1.434675232527857572e-02
1.000000000000000000e+17	1.500000000000000000e+01	-1.276915455339648273e-02
1.000000000000000000e+11	1.700000000000000000e+01	1.189273474944773169e-05
1.258925411794166107e+11	1.700000000000000000e+01	1.498538864872447832e-05
1.584893192461110840e+11	1.700000000000000000e+01	1.889320956626119191e-05
1.995262314968882751e+11	1.700000000000000000e+01	2.384333122017138888e-05
2.511886431509582214e+11	1.700000000000000000e+01	3.013908200638957432e-05
3.162277660168379517e+11	1.700000000000000000e+01	3.819712296989692695e-05
3.981071705534969482e+11	1.700000000000000000e+01	4.859872218371874889e-05
5.011872336272714844e+11	1.700000000000000000e+01	6.212254871958612526e-05
6.309573444801943359e+11	1.700000000000000000e+01	7.940645824452657159e-05
7.943282347242821045e+11	1.700000000000000000e+01	9.382620470387997857e-05
1.000000000000000000e+12	1.700000000000000000e+01	1.097900613920522398e-04
1.260000000000000000e+12	1.700000000000000000e+01	1.365688241969913608e-04
1.580000000000000000e+12	1.700000000000000000e+01	1.701274786338415241e-04
2.000000000000000000e+12	1.700000000000000000e+01	2.134029459345987857e-04
2.510000000000000000e+12	1.700000000000000000e+01	2.651719995596341995e-04
3.160000000000000000e+12	1.700000000000000000e+01	3.330892822854367337e-04
3.980000000000000000e+12	1.700000000000000000e+01	4.181665003347475717e-04
5.010000000000000000e+12	1.700000000000000000e+01	5.246017349297985239e-04
6.310000000000000000e+12	1.700000000000000000e+01	6.617114646210320176e-04
7.940000000000000000e+12	1.700000000000000000e+01	8.360586840681725335e-04
1.000000000000000000e+13	1.700000000000000000e+01	1.058186914690096691e-03
1.260000000000000000e+13	1.700000000000000000e+01	1.339680857694332868e-03
1.580000000000000000e+13	1.700000000000000000e+01	1.687963499904587350e-03
2.000000000000000000e+13	1.700000000000000000e+01	2.145039138827846848e-03
2.510000000000000000e+13	1.700000000000000000e+01	2.690648250625514177e-03
3.160000000000000000e+13	1.700000000000000000e+01	3.344613758500974022e-03
3.980000000000000000e+13	1.700000000000000000e+01	4.083293282673462754e-03
5.010000000000000000e+13	1.700000000000000000e+01	4.909123022470812149e-03
6.310000000000000000e+13	1.700000000000000000e+01	5.852421203568907403e-03
7.940000000000000000e+13	1.700000000000000000e+01	7.052870158816808809e-03
1.000000000000000000e+14	1.700000000000000000e+01	8.642410063769416506e-03
1.260000000000000000e+14	1.700000000000000000e+01	1.084733936857686099e-02
1.580000000000000000e+14	1.700000000000000000e+01	1.397068402045303567e-02
2.000000000000000000e+14	1.700000000000000000e+01	1.834375275720679863e-02
2.510000000000000000e+14	1.700000000000000000e+01	2.367210463172971305e-02
3.160000000000000000e+14	1.700000000000000000e+01	2.948325926040482395e-02
3.980000000000000000e+14	1.700000000000000000e+01	3.461532389717830033e-02
5.010000000000000000e+14	1.700000000000000000e+01	3.781661648470875658e-02
6.310000000000000000e+14	1.700000000000000000e+01	3.953987812650766598e-02
7.940000000000000000e+14	1.700000000000000000e+01	3.842452022968777248e-02
1.000000000000000000e+15	1.700000000000000000e+01	3.298917924570902299e-02
1.260000000000000000e+15	1.700000000000000000e+01	2.536627898697247849e-02
1.580000000000000000e+15	1.700000000000000000e+01	1.624929942467054356e-02
2.000000000000000000e+15	1.700000000000000000e+01	7.446071081325719883e-03
2.510000000000000000e+15	1.700000000000000000e+01	1.981341845535678869e-04
3.160000000000000000e+15	1.700000000000000000e+01	-6.801293811241211282e-03
3.980000000000000000e+15	1.700000000000000000e+01	-1.272833194054365756e-02
5.010000000000000000e+15	1.700000000000000000e+01	-1.737118899971050109e-02
6.310000000000000000e+15	1.700000000000000000e+01	-2.074182451202336019e-02
7.940000000000000000e+15	1.700000000000000000e+01	-2.292068877021408158e-02
1.000000000000000000e+16	1.700000000000000000e+01	-2.407543485798224747e-02
1.260000000000000000e+16	1.700000000000000000e+01	-2.436987195221128680e-02
1.580000000000000000e+16	1.700000000000000000e+01	-2.401461873951420134e-02
2.000000000000000000e+16	1.700000000000000000e+01	-2.309954651078943016e-02
2.510000000000000000e+16	1.700000000000000000e+01	-2.188246330466728229e-02
3.160000000000000000e+16	1.700000000000000000e+01	-2.040912322636253065e-02
3.980000000000000000e+16	1.700000000000000000e+01	-1.879830254552895472e-02
5.010000000000000000e+16	1.700000000000000000e+01	-1.713732425412191687e-02
6.310000000000000000e+16	1.700000000000000000e+01	-1.547792831598351730e-02
7.940000000000000000e+16	1.700000000000000000e+01	-1.387694721767567842e-02
1.000000000000000000e+17	1.700000000000000000e+01	-1.234860956771595061e-02
1.000000000000000000e+11	1.900000000000000000e+01	1.138021033121675425e-05
1.258925411794166107e+11	1.900000000000000000e+01	1.433897566844178072e-05
1.584893192461110840e+11	1.900000000000000000e+01	1.807782305852905291e-05
1.995262314968882751e+11	1.900000000000000000e+01	2.281293726673537539e-05
2.511886431509582214e+11	1.900000000000000000e+01	2.883382308007974290e-05
3.162277660168379517e+11	1.900000000000000000e+01	3.653663765072667817e-05
3.981071705534969482e+11	1.900000000000000000e+01	4.647084789408622131e-05
5.011872336272714844e+11	1.900000000000000000e+01	5.935596558364484356e-05
6.309573444801943359e+11	1.900000000000000000e+01	7.568557122034776064e-05
7.943282347242821045e+11	1.900000000000000000e+01	8.785530921956670512e-05
1.000000000000000000e+12	1.900000000000000000e+01	1.039953182100698489e-04
1.260000000000000000e+12	1.900000000000000000e+01	1.321922860141119956e-04
1.580000000000000000e+12	1.900000000000000000e+01	1.630042651348969068e-04
2.000000000000000000e+12	1.900000000000000000e+01	2.064431306591831819e-04
2.510000000000000000e+12	1.900000000000000000e+01	2.595814074872309632e-04
3.160000000000000000e+12	1.900000000000000000e+01	3.254085151197090532e-04
3.980000000000000000e+12	1.900000000000000000e+01	4.102397612003240326e-04
5.010000000000000000e+12	1.900000000000000000e+01	5.167533280266797162e-04
6.310000000000000000e+12	1.900000000000000000e+01	6.501298756003143090e-04
7.940000000000000000e+12	1.900000000000000000e+01	8.180862787665477013e-04
1.000000000000000000e+13	1.900000000000000000e+01	1.035111140586204587e-03
1.260000000000000000e+13	1.900000000000000000e+01	1.311965697471467957e-03
1.580000000000000000e+13	1.900000000000000000e+01	1.650994755994445026e-03
2.000000000000000000e+13	1.900000000000000000e+01	2.096618144053291610e-03
2.510000000000000000e+13	1.900000000000000000e+01	2.621654367455189712e-03
3.160000000000000000e+13	1.900000000000000000e+01	3.267813723823845967e-03
3.980000000000000000e+13	1.900000000000000000e+01	4.017847234335410189e-03
5.010000000000000000e+13	1.900000000000000000e+01	4.865648103519266271e-03
6.310000000000000000e+13	1.900000000000000000e+01	5.894833571547119892e-03
7.940000000000000000e+13	1.900000000000000000e+01	7.108564474278765942e-03
1.000000000000000000e+14	1.900000000000000000e+01	8.763709214395820277e-03
1.260000000000000000e+14	1.900000000000000000e+01	1.104815984543154085e-02
1.580000000000000000e+14	1.900000000000000000e+01	1.403455628353881407e-02
2.000000000000000000e+14	1.900000000000000000e+01	1.848842852200242859e-02
2.510000000000000000e+14	1.900000000000000000e+01	2.385083169322829710e-02
3.160000000000000000e+14	1.900000000000000000e+01	2.982705947868496965e-02
3.980000000000000000e+14	1.900000000000000000e+01	3.562436416152918450e-02
5.010000000000000000e+14	1.900000000000000000e+01	3.913942632223881002e-02
6.310000000000000000e+14	1.900000000000000000e+01	3.932894707412680491e-02
7.940000000000000000e+14	1.900000000000000000e+01	3.658283584095727015e-02
1.000000000000000000e+15	1.900000000000000000e+01	3.285449031470914771e-02
1.260000000000000000e+15	1.900000000000000000e+01	2.638472591528892228e-02
1.580000000000000000e+15	1.900000000000000000e+01	1.855930151842793974e-02
2.000000000000000000e+15	1.900000000000000000e+01	1.091244684552159991e-02
2.510000000000000000e+15	1.900000000000000000e+01	1.673611717316105798e-03
3.160000000000000000e+15	1.900000000000000000e+01	-6.063341828188930499e-03
3.980000000000000000e+15	1.900000000000000000e+01	-1.247014638631523467e-02
5.010000000000000000e+15	1.900000000000000000e+01	-1.745301193943467680e-02
6.310000000000000000e+15	1.900000000000000000e+01	-2.106753452778878724e-02
7.940000000000000000e+15	1.900000000000000000e+01	-2.341577665757817520e-02
1.000000000000000000e+16	1.900000000000000000e+01	-2.468091684063549590e-02
1.260000000000000000e+16	1.900000000000000000e+01	-2.503976188443399892e-02
1.580000000000000000e+16	1.900000000000000000e+01	-2.471308532642176731e-02
2.000000000000000000e+16	1.900000000000000000e+01	-2.379913021636372028e-02
2.510000000000000000e+16	1.900000000000000000e+01	-2.256423422316217522e-02
3.160000000000000000e+16	1.900000000000000000e+01	-2.105886469175476464e-02
3.980000000000000000e+16	1.900000000000000000e+01	-1.940690063506635837e-02
5.010000000000000000e+16	1.900000000000000000e+01	-1.769953235813393269e-02
6.310000000000000000e+16	1.900000000000000000e+01	-1.599110073507883575e-02
7.940000000000000000e+16	1.900000000000000000e+01	-1.434109984474303025e-02
1.000000000000000000e+17	1.900000000000000000e+01	-1.276463811913968599e-02
1.000000000000000000e+11	2.100000000000000000e+01	1.064252293482654887e-05
1.258925411794166107e+11	2.100000000000000000e+01	1.340960110645119825e-05
1.584893192461110840e+11	2.100000000000000000e+01	1.690646343471217256e-05
1.995262314968882751e+11	2.100000000000000000e+01	2.133551160515386922e-05
2.511886431509582214e+11	2.100000000000000000e+01	2.696815824862252575e-05
3.162277660168379517e+11	2.100000000000000000e+01	3.417594365681070285e-05
3.981071705534969482e+11	2.100000000000000000e+01	4.347305579291216245e-05
5.011872336272714844e+11	2.100000000000000000e+01	5.552237868480170471e-05
6.309573444801943359e+11	2.100000000000000000e+01	7.069999905249690789e-05
7.943282347242821045e+11	2.100000000000000000e+01	8.080435591189531373e-05
1.000000000000000000e+12	2.100000000000000000e+01	9.514627021874966575e-05
1.260000000000000000e+12	2.100000000000000000e+01	1.240599098203209560e-04
1.580000000000000000e+12	2.100000000000000000e+01	1.555326652528157263e-04
2.000000000000000000e+12	2.100000000000000000e+01	1.951806484226866498e-04
2.510000000000000000e+12	2.100000000000000000e+01	2.443545209306270433e-04
3.160000000000000000e+12	2.100000000000000000e+01	3.078449170291221149e-04
3.980000000000000000e+12	2.100000000000000000e+01	3.865402447056506493e-04
5.010000000000000000e+12	2.100000000000000000e+01	4.864118050409187090e-04
6.310000000000000000e+12	2.100000000000000000e+01	6.148672661678085578e-04
7.940000000000000000e+12	2.100000000000000000e+01	7.751514863415008907e-04
1.000000000000000000e+13	2.100000000000000000e+01	9.794004421159040619e-04
1.260000000000000000e+13	2.100000000000000000e+01	1.240114350002064717e-03
1.580000000000000000e+13	2.100000000000000000e+01	1.563553022370394677e-03
2.000000000000000000e+13	2.100000000000000000e+01	1.981498546985370566e-03
2.510000000000000000e+13	2.100000000000000000e+01	2.475601130721562064e-03
3.160000000000000000e+13	2.100000000000000000e+01	3.072784119109357205e-03
3.980000000000000000e+13	2.100000000000000000e+01	3.783283640660556422e-03
5.010000000000000000e+13	2.100000000000000000e+01	4.619509025447421889e-03
6.310000000000000000e+13	2.100000000000000000e+01	5.602000883543237046e-03
7.940000000000000000e+13	2.100000000000000000e+01	6.793007599883503327e-03
1.000000000000000000e+14	2.100000000000000000e+01	8.398183518522839286e-03
1.260000000000000000e+14	2.100000000000000000e+01	1.070259794907447125e-02
1.580000000000000000e+14	2.100000000000000000e+01	1.387047082170767172e-02
2.000000000000000000e+14	2.100000000000000000e+01	1.827621602839490586e-02
2.510000000000000000e+14	2.100000000000000000e+01	2.362797674622893473e-02
3.160000000000000000e+14	2.100000000000000000e+01	2.945218460939639030e-02
3.980000000000000000e+14	2.100000000000000000e+01	3.451093149088912265e-02
5.010000000000000000e+14	2.100000000000000000e+01	3.808359983546891897e-02
6.310000000000000000e+14	2.100000000000000000e+01	4.000501130485968615e-02
7.940000000000000000e+14	2.100000000000000000e+01	3.837506463647800958e-02
1.000000000000000000e+15	2.100000000000000000e+01	3.209326586613023974e-02
1.260000000000000000e+15	2.100000000000000000e+01	2.546475766407279434e-02
1.580000000000000000e+15	2.100000000000000000e+01	1.752000463015377166e-02
2.000000000000000000e+15	2.100000000000000000e+01	7.950054469329129181e-03
2.510000000000000000e+15	2.100000000000000000e+01	5.298450677828217071e-04
3.160000000000000000e+15	2.100000000000000000e+01	-6.561973759051703027e-03
3.980000000000000000e+15	2.100000000000000000e+01	-1.254823952238715533e-02
5.010000000000000000e+15	2.100000000000000000e+01	-1.723250384409777056e-02
6.310000000000000000e+15	2.100000000000000000e+01	-2.063377834418661169e-02
7.940000000000000000e+15	2.100000000000000000e+01	-2.283628293322938207e-02
1.000000000000000000e+16	2.100000000000000000e+01	-2.400852220468710496e-02
1.260000000000000000e+16	2.100000000000000000e+01	-2.431681102044074699e-02
1.580000000000000000e+16	2.100000000000000000e+01	-2.397257459970486906e-02
2.000000000000000000e+16	2.100000000000000000e+01	-2.306639658165012333e-02
2.510000000000000000e+16	2.100000000000000000e+01	-2.185609629152793568e-02
3.160000000000000000e+16	2.100000000000000000e+01	-2.038802450031879099e-02
3.980000000000000000e+16	2.100000000000000000e+01	-1.878167913039299752e-02
5.010000000000000000e+16	2.100000000000000000e+01	-1.712418258801804913e-02
6.310000000000000000e+16	2.100000000000000000e+01	-1.546742335305925989e-02
7.940000000000000000e+16	2.100000000000000000e+01	-1.386861757021815023e-02
1.000000000000000000e+17	2.100000000000000000e+01	-1.234199832341107902e-02
1.000000000000000000e+11	2.300000000000000000e+01	1.043208549125987185e-05
1.258925411794166107e+11	2.300000000000000000e+01	1.314448636516727173e-05
1.584893192461110840e+11	2.300000000000000000e+01	1.657227682970386092e-05
1.995262314968882751e+11	2.300000000000000000e+01	2.091395935927301699e-05
2.511886431509582214e+11	2.300000000000000000e+01	2.643569257444799018e-05
3.162277660168379517e+11	2.300000000000000000e+01	3.350231072992530270e-05
3.981071705534969482e+11	2.300000000000000000e+01	4.261788691070117388e-05
5.011872336272714844e+11	2.300000000000000000e+01	5.443072093736484556e-05
6.309573444801943359e+11	2.300000000000000000e+01	6.929082554726823703e-05
7.943282347242821045e+11	2.300000000000000000e+01	7.895975933129055426e-05
1.000000000000000000e+12	2.300000000000000000e+01	9.259851548782944801e-05
1.260000000000000000e+12	2.300000000000000000e+01	1.195934447077674827e-04
1.580000000000000000e+12	2.300000000000000000e+01	1.516677086264524353e-04
2.000000000000000000e+12	2.300000000000000000e+01	1.934930767530414349e-04
2.510000000000000000e+12	2.300000000000000000e+01	2.425116614632876497e-04
3.160000000000000000e+12	2.300000000000000000e+01	3.040696391146505985e-04
3.980000000000000000e+12	2.300000000000000000e+01	3.826331205689262153e-04
5.010000000000000000e+12	2.300000000000000000e+01	4.831300632569537293e-04
6.310000000000000000e+12	2.300000000000000000e+01	6.073216751090385187e-04
7.940000000000000000e+12	2.300000000000000000e+01	7.647607019724521338e-04
1.000000000000000000e+13	2.300000000000000000e+01	9.662147145002066831e-04
1.260000000000000000e+13	2.300000000000000000e+01	1.219966552924997083e-03
1.580000000000000000e+13	2.300000000000000000e+01	1.529837063773382229e-03
2.000000000000000000e+13	2.300000000000000000e+01	1.950933113335372518e-03
2.510000000000000000e+13	2.300000000000000000e+01	2.459367476469843244e-03
3.160000000000000000e+13	2.300000000000000000e+01	3.069774084050660035e-03
3.980000000000000000e+13	2.300000000000000000e+01	3.797339151817404404e-03
5.010000000000000000e+13	2.300000000000000000e+01	4.643115242156865483e-03
6.310000000000000000e+13	2.300000000000000000e+01	5.656881083697474187e-03
7.940000000000000000e+13	2.300000000000000000e+01	7.004451964070241253e-03
1.000000000000000000e+14	2.300000000000000000e+01	8.708666741876380096e-03
1.260000000000000000e+14	2.300000000000000000e+01	1.096447597039624904e-02
1.580000000000000000e+14	2.300000000000000000e+01	1.415662632196515447e-02
2.000000000000000000e+14	2.300000000000000000e+01	1.860928817533907820e-02
2.510000000000000000e+14	2.300000000000000000e+01	2.398610847979814123e-02
3.160000000000000000e+14	2.300000000000000000e+01	3.004606236743629505e-02
3.980000000000000000e+14	2.300000000000000000e+01	3.546768600760634438e-02
5.010000000000000000e+14	2.300000000000000000e+01	3.975375939618755461e-02
6.310000000000000000e+14	2.300000000000000000e+01	4.087182145105399539e-02
7.940000000000000000e+14	2.300000000000000000e+01	3.830535674384725336e-02
1.000000000000000000e+15	2.300000000000000000e+01	3.361996712469263182e-02
1.260000000000000000e+15	2.300000000000000000e+01	2.652277001640559670e-02
1.580000000000000000e+15	2.300000000000000000e+01	1.842167415946610251e-02
2.000000000000000000e+15	2.300000000000000000e+01	9.652552070316256297e-03
2.510000000000000000e+15	2.300000000000000000e+01	1.176216100796241039e-03
3.160000000000000000e+15	2.300000000000000000e+01	-6.377673499047967383e-03
3.980000000000000000e+15	2.300000000000000000e+01	-1.269170656291033865e-02
5.010000000000000000e+15	2.300000000000000000e+01	-1.761741112877751592e-02
6.310000000000000000e+15	2.300000000000000000e+01	-2.119286454038911763e-02
7.940000000000000000e+15	2.300000000000000000e+01	-2.351260259786797091e-02
1.000000000000000000e+16	2.300000000000000000e+01	-2.475686931388238615e-02
1.260000000000000000e+16	2.300000000000000000e+01	-2.509945519452057988e-02
1.580000000000000000e+16	2.300000000000000000e+01	-2.476046334651263101e-02
2.000000000000000000e+16	2.300000000000000000e+01	-2.383637345527675477e-02
2.510000000000000000e+16	2.300000000000000000e+01	-2.259383807520023990e-02
3.160000000000000000e+16	2.300000000000000000e+01	-2.108236081914989166e-02
3.980000000000000000e+16	2.300000000000000000e+01	-1.942552467777907202e-02
5.010000000000000000e+16	2.300000000000000000e+01	-1.771433810492435701e-02
6.310000000000000000e+16	2.300000000000000000e+01	-1.600284594363218446e-02
7.940000000000000000e+16	2.300000000000000000e+01	-1.435023686155487838e-02
1.000000000000000000e+17	2.300000000000000000e+01	-1.277204516120795073e-02
1.000000000000000000e+11	2.500000000000000000e+01	1.004776622359189449e-05
1.258925411794166107e+11	2.500000000000000000e+01	1.266025797862216049e-05
1.584893192461110840e+11	2.500000000000000000e+01	1.596191657386489718e-05
1.995262314968882751e+11	2.500000000000000000e+01	2.014399760181742475e-05
2.511886431509582214e+11	2.500000000000000000e+01	2.546330000279990871e-05
3.162277660168379517e+11	2.500000000000000000e+01	3.227123938015890719e-05
3.981071705534969482e+11	2.500000000000000000e+01	4.105292925136162877e-05
5.011872336272714844e+11	2.500000000000000000e+01	5.242427900191425522e-05
6.309573444801943359e+11	2.500000000000000000e+01	6.666206010876615622e-05
7.943282347242821045e+11	2.500000000000000000e+01	7.502294321521581232e-05
1.000000000000000000e+12	2.500000000000000000e+01	8.841567891858726944e-05
1.260000000000000000e+12	2.500000000000000000e+01	1.173580715327986158e-04
1.580000000000000000e+12	2.500000000000000000e+01	1.478683342118290841e-04
2.000000000000000000e+12	2.500000000000000000e+01	1.859119845452749536e-04
2.510000000000000000e+12	2.500000000000000000e+01	2.325333023398349621e-04
3.160000000000000000e+12	2.500000000000000000e+01	2.945212922655181102e-04
3.980000000000000000e+12	2.500000000000000000e+01	3.715345826497982247e-04
5.010000000000000000e+12	2.500000000000000000e+01	4.646860724961349252e-04
6.310000000000000000e+12	2.500000000000000000e+01	5.864182088236946731e-04
7.940000000000000000e+12	2.500000000000000000e+01	7.415327290014654639e-04
1.000000000000000000e+13	2.500000000000000000e+01	9.369127222889227138e-04
1.260000000000000000e+13	2.500000000000000000e+01	1.182757146216432834e-03
1.580000000000000000e+13	2.500000000000000000e+01	1.488939792084796728e-03
2.000000000000000000e+13	2.500000000000000000e+01	1.886992586361494828e-03
2.510000000000000000e+13	2.500000000000000000e+01	2.361568037579789628e-03
3.160000000000000000e+13	2.500000000000000000e+01	2.940618698076242522e-03
3.980000000000000000e+13	2.500000000000000000e+01	3.640309428206419968e-03
5.010000000000000000e+13	2.500000000000000000e+01	4.483426804132356613e-03
6.310000000000000000e+13	2.500000000000000000e+01	5.514604001633901555e-03
7.940000000000000000e+13	2.500000000000000000e+01	6.783952753204171987e-03
1.000000000000000000e+14	2.500000000000000000e+01	8.503229334111983909e-03
1.260000000000000000e+14	2.500000000000000000e+01	1.081199213572800986e-02
1.580000000000000000e+14	2.500000000000000000e+01	1.385114579735802730e-02
2.000000000000000000e+14	2.500000000000000000e+01	1.818227535494720479e-02
2.510000000000000000e+14	2.500000000000000000e+01	2.341532091600392537e-02
3.160000000000000000e+14	2.500000000000000000e+01	2.933071234019449594e-02
3.980000000000000000e+14	2.500000000000000000e+01	3.438111860398396918e-02
5.010000000000000000e+14	2.500000000000000000e+01	3.776958660535587736e-02
6.310000000000000000e+14	2.500000000000000000e+01	3.947451293492109520e-02
7.940000000000000000e+14	2.500000000000000000e+01	3.709663109514674262e-02
1.000000000000000000e+15	2.500000000000000000e+01	3.162484625801428167e-02
1.260000000000000000e+15	2.500000000000000000e+01	2.554618603041373948e-02
1.580000000000000000e+15	2.500000000000000000e+01	1.782293141025629093e-02
2.000000000000000000e+15	2.500000000000000000e+01	9.337207820813708814e-03
2.510000000000000000e+15	2.500000000000000000e+01	1.126554450923593050e-03
3.160000000000000000e+15	2.500000000000000000e+01	-6.169569634742906421e-03
3.980000000000000000e+15	2.500000000000000000e+01	-1.226507312760236577e-02
5.010000000000000000e+15	2.500000000000000000e+01	-1.701923022095572571e-02
6.310000000000000000e+15	2.500000000000000000e+01	-2.046985982180865235e-02
7.940000000000000000e+15	2.500000000000000000e+01	-2.270814972902383128e-02
1.000000000000000000e+16	2.500000000000000000e+01	-2.390827780704581768e-02
1.260000000000000000e+16	2.500000000000000000e+01	-2.423803255725364217e-02
1.580000000000000000e+16	2.500000000000000000e+01	-2.390989368747323957e-02
2.000000000000000000e+16	2.500000000000000000e+01	-2.301701789772004486e-02
2.510000000000000000e+16	2.500000000000000000e+01	-2.181679761817461802e-02
3.160000000000000000e+16	2.500000000000000000e+01	-2.035702048488988170e-02
3.980000000000000000e+16	2.500000000000000000e+01	-1.875695201826341196e-02
5.010000000000000000e+16	2.500000000000000000e+01	-1.710475499088284085e-02
6.310000000000000000e+16	2.500000000000000000e+01	-1.545183158180044383e-02
7.940000000000000000e+16	2.500000000000000000e+01	-1.385579330675296844e-02
1.000000000000000000e+17	2.500000000000000000e+01	-1.233214784604576980e-02
1.000000000000000000e+11	2.700000000000000000e+01	1.004812052342814085e-05
1.258925411794166107e+11	2.700000000000000000e+01	1.266066913119637835e-05
1.584893192461110840e+11	2.700000000000000000e+01	1.596210381579917219e-05
1.995262314968882751e+11	2.700000000000000000e+01	2.014376132126217695e-05
2.511886431509582214e+11	2.700000000000000000e+01	2.546191719648406516e-05
3.162277660168379517e+11	2.700000000000000000e+01	3.226738256184654861e-05
3.981071705534969482e+11	2.700000000000000000e+01	4.104368894356694283e-05
5.011872336272714844e+11	2.700000000000000000e+01	5.240343339405061383e-05
6.309573444801943359e+11	2.700000000000000000e+01	6.661597109880640127e-05
7.943282347242821045e+11	2.700000000000000000e+01	7.491799485747102259e-05
1.000000000000000000e+12	2.700000000000000000e+01	8.815667386278284925e-05
1.260000000000000000e+12	2.700000000000000000e+01	1.163404041512035661e-04
1.580000000000000000e+12	2.700000000000000000e+01	1.471468870614005069e-04
2.000000000000000000e+12	2.700000000000000000e+01	1.870313357646938995e-04
2.510000000000000000e+12	2.700000000000000000e+01	2.357465193788431043e-04
3.160000000000000000e+12	2.700000000000000000e+01	2.960785044363483439e-04
3.980000000000000000e+12	2.700000000000000000e+01	3.728892724949711950e-04
5.010000000000000000e+12	2.700000000000000000e+01	4.710218545830707738e-04
6.310000000000000000e+12	2.700000000000000000e+01	5.920387135419221888e-04
7.940000000000000000e+12	2.700000000000000000e+01	7.448186261793197233e-04
1.000000000000000000e+13	2.700000000000000000e+01	9.408834234875934057e-04
1.260000000000000000e+13	2.700000000000000000e+01	1.189373057145262343e-03
1.580000000000000000e+13	2.700000000000000000e+01	1.492666632746272393e-03
2.000000000000000000e+13	2.700000000000000000e+01	1.894811701440527992e-03
2.510000000000000000e+13	2.700000000000000000e+01	2.381289618804021020e-03
3.160000000000000000e+13	2.700000000000000000e+01	2.983739323974263224e-03
3.980000000000000000e+13	2.700000000000000000e+01	3.705066219276131022e-03
5.010000000000000000e+13	2.700000000000000000e+01	4.564496448115702015e-03
6.310000000000000000e+13	2.700000000000000000e+01	5.644672911995878874e-03
7.940000000000000000e+13	2.700000000000000000e+01	6.933769504303195774e-03
1.000000000000000000e+14	2.700000000000000000e+01	8.595036430564650248e-03
1.260000000000000000e+14	2.700000000000000000e+01	1.097984530433008914e-02
1.580000000000000000e+14	2.700000000000000000e+01	1.425204069756382495e-02
2.000000000000000000e+14	2.700000000000000000e+01	1.884539120887197827e-02
2.510000000000000000e+14	2.700000000000000000e+01	2.427653108850703206e-02
3.160000000000000000e+14	2.700000000000000000e+01	3.027117767533775081e-02
3.980000000000000000e+14	2.700000000000000000e+01	3.635701239184861017e-02
5.010000000000000000e+14	2.700000000000000000e+01	3.961688548054168729e-02
6.310000000000000000e+14	2.700000000000000000e+01	3.876082242191321303e-02
7.940000000000000000e+14	2.700000000000000000e+01	3.786244651094975572e-02
1.000000000000000000e+15	2.700000000000000000e+01	3.454141323110273415e-02
1.260000000000000000e+15	2.700000000000000000e+01	2.678519440951327574e-02
1.580000000000000000e+15	2.700000000000000000e+01	1.856886637787629954e-02
2.000000000000000000e+15	2.700000000000000000e+01	9.748771910645154595e-03
2.510000000000000000e+15	2.700000000000000000e+01	1.245140147918706412e-03
3.160000000000000000e+15	2.700000000000000000e+01	-6.326441586460891491e-03
3.980000000000000000e+15	2.700000000000000000e+01	-1.265211720325246092e-02
5.010000000000000000e+15	2.700000000000000000e+01	-1.758674335271585495e-02
6.310000000000000000e+15	2.700000000000000000e+01	-2.116886820561873078e-02
7.940000000000000000e+15	2.700000000000000000e+01	-2.349370849538129011e-02
1.000000000000000000e+16	2.700000000000000000e+01	-2.474196865643137414e-02
1.260000000000000000e+16	2.700000000000000000e+01	-2.508754372592851903e-02
1.580000000000000000e+16	2.700000000000000000e+01	-2.475102541160713668e-02
2.000000000000000000e+16	2.700000000000000000e+01	-2.382897662866234959e-02
2.510000000000000000e+16	2.700000000000000000e+01	-2.258794665753905556e-02
3.160000000000000000e+16	2.700000000000000000e+01	-2.107767193418514859e-02
3.980000000000000000e+16	2.700000000000000000e+01	-1.942180976358529390e-02
5.010000000000000000e+16	2.700000000000000000e+01	-1.771140817501958009e-02
6.310000000000000000e+16	2.700000000000000000e+01	-1.600053394248852207e-02
7.940000000000000000e+16	2.700000000000000000e+01	-1.434858843457471889e-02
1.000000000000000000e+17	2.700000000000000000e+01	-1.277056858552670301e-02
