1.000000000000000000e+11	5.000000000000000000e-01	2.405432474127702138e-05
1.258925411794166107e+11	5.000000000000000000e-01	3.030796270398625815e-05
1.584893192461110840e+11	5.000000000000000000e-01	3.820868263173196773e-05
1.995262314968882751e+11	5.000000000000000000e-01	4.821123236360020661e-05
2.511886431509582214e+11	5.000000000000000000e-01	6.092097752395255703e-05
3.162277660168379517e+11	5.000000000000000000e-01	7.716916222265427460e-05
3.981071705534969482e+11	5.000000000000000000e-01	9.813830070713332166e-05
5.011872336272714844e+11	5.000000000000000000e-01	1.255909102520833117e-04
6.309573444801943359e+11	5.000000000000000000e-01	1.622359694439914402e-04
7.943282347242821045e+11	5.000000000000000000e-01	2.127289049966447356e-04
1.000000000000000000e+12	5.000000000000000000e-01	2.495037844215581310e-04
1.260000000000000000e+12	5.000000000000000000e-01	2.756099840785247875e-04
1.580000000000000000e+12	5.000000000000000000e-01	3.259295384157019724e-04
2.000000000000000000e+12	5.000000000000000000e-01	3.979750085930516281e-04
2.510000000000000000e+12	5.000000000000000000e-01	4.883891522870040681e-04
3.160000000000000000e+12	5.000000000000000000e-01	6.052709310503002083e-04
3.980000000000000000e+12	5.000000000000000000e-01	7.541141119218342783e-04
5.010000000000000000e+12	5.000000000000000000e-01	9.430809067425246009e-04
6.310000000000000000e+12	5.000000000000000000e-01	1.185086194545946102e-03
7.940000000000000000e+12	5.000000000000000000e-01	1.497998934968459159e-03
1.000000000000000000e+13	5.000000000000000000e-01	1.907444044204545733e-03
1.260000000000000000e+13	5.000000000000000000e-01	2.432372131834867161e-03
1.580000000000000000e+13	5.000000000000000000e-01	3.076718083724459644e-03
2.000000000000000000e+13	5.000000000000000000e-01	3.919286404088237821e-03
2.510000000000000000e+13	5.000000000000000000e-01	4.892464814212662584e-03
3.160000000000000000e+13	5.000000000000000000e-01	5.939405002305862130e-03
3.980000000000000000e+13	5.000000000000000000e-01	6.908610912443431500e-03
5.010000000000000000e+13	5.000000000000000000e-01	7.673055301889377018e-03
6.310000000000000000e+13	5.000000000000000000e-01	8.278567984518484663e-03
7.940000000000000000e+13	5.000000000000000000e-01	8.894312419427553157e-03
1.000000000000000000e+14	5.000000000000000000e-01	9.778138115943128816e-03
1.260000000000000000e+14	5.000000000000000000e-01	1.129899505807797216e-02
1.580000000000000000e+14	5.000000000000000000e-01	1.373968740107475023e-02
2.000000000000000000e+14	5.000000000000000000e-01	1.758636947075755547e-02
2.510000000000000000e+14	5.000000000000000000e-01	2.254270328492973333e-02
3.160000000000000000e+14	5.000000000000000000e-01	2.817634590988010376e-02
3.980000000000000000e+14	5.000000000000000000e-01	3.343399515110166004e-02
5.010000000000000000e+14	5.000000000000000000e-01	3.702924986686583625e-02
6.310000000000000000e+14	5.000000000000000000e-01	3.799267326731788769e-02
7.940000000000000000e+14	5.000000000000000000e-01	3.595776045700501550e-02
1.000000000000000000e+15	5.000000000000000000e-01	3.132963826490205161e-02
1.260000000000000000e+15	5.000000000000000000e-01	2.457427186010040232e-02
1.580000000000000000e+15	5.000000000000000000e-01	1.653913253073498874e-02
2.000000000000000000e+15	5.000000000000000000e-01	8.187813982033321364e-03
2.510000000000000000e+15	5.000000000000000000e-01	1.594519158767533596e-04
3.160000000000000000e+15	5.000000000000000000e-01	-7.149374027866992574e-03
3.980000000000000000e+15	5.000000000000000000e-01	-1.329025785773491238e-02
5.010000000000000000e+15	5.000000000000000000e-01	-1.808663318549132495e-02
6.310000000000000000e+15	5.000000000000000000e-01	-2.156248166109282771e-02
7.940000000000000000e+15	5.000000000000000000e-01	-2.380530603835196574e-02
1.000000000000000000e+16	5.000000000000000000e-01	-2.498826574983710122e-02
1.260000000000000000e+16	5.000000000000000000e-01	-2.528276302008563084e-02
1.580000000000000000e+16	5.000000000000000000e-01	-2.490643445748966581e-02
2.000000000000000000e+16	5.000000000000000000e-01	-2.395163821549915750e-02
2.510000000000000000e+16	5.000000000000000000e-01	-2.268564480047651974e-02
3.160000000000000000e+16	5.000000000000000000e-01	-2.115524666190129327e-02
3.980000000000000000e+16	5.000000000000000000e-01	-1.948337467917155008e-02
5.010000000000000000e+16	5.000000000000000000e-01	-1.776031531789162496e-02
6.310000000000000000e+16	5.000000000000000000e-01	-1.603874129432308546e-02
7.940000000000000000e+16	5.000000000000000000e-01	-1.437942362810928042e-02
1.000000000000000000e+17	5.000000000000000000e-01	-1.279507186906756085e-02
1.000000000000000000e+11	1.500000000000000000e+00	2.107256665032958856e-05
1.258925411794166107e+11	1.500000000000000000e+00	2.655092628476549526e-05
1.584893192461110840e+11	1.500000000000000000e+00	3.347214625505620981e-05
1.995262314968882751e+11	1.500000000000000000e+00	4.223465619750437010e-05
2.511886431509582214e+11	1.500000000000000000e+00	5.336932260095808973e-05
3.162277660168379517e+11	1.500000000000000000e+00	6.760359737788084172e-05
3.981071705534969482e+11	1.500000000000000000e+00	8.596845728951245055e-05
5.011872336272714844e+11	1.500000000000000000e+00	1.099759699199046357e-04
6.309573444801943359e+11	1.500000000000000000e+00	1.417946554035575616e-04
7.943282347242821045e+11	1.500000000000000000e+00	1.830607538088567239e-04
1.000000000000000000e+12	1.500000000000000000e+00	2.150230574774889187e-04
1.260000000000000000e+12	1.500000000000000000e+00	2.421330680005818439e-04
1.580000000000000000e+12	1.500000000000000000e+00	2.884616963076915746e-04
2.000000000000000000e+12	1.500000000000000000e+00	3.538609250362174962e-04
2.510000000000000000e+12	1.500000000000000000e+00	4.352362103841010145e-04
3.160000000000000000e+12	1.500000000000000000e+00	5.404333579188371406e-04
3.980000000000000000e+12	1.500000000000000000e+00	6.746440193326930668e-04
5.010000000000000000e+12	1.500000000000000000e+00	8.444154993243819162e-04
6.310000000000000000e+12	1.500000000000000000e+00	1.061619218105927607e-03
7.940000000000000000e+12	1.500000000000000000e+00	1.342021337589678100e-03
1.000000000000000000e+13	1.500000000000000000e+00	1.707883292009940634e-03
1.260000000000000000e+13	1.500000000000000000e+00	2.175700393903825820e-03
1.580000000000000000e+13	1.500000000000000000e+00	2.750763409781373584e-03
2.000000000000000000e+13	1.500000000000000000e+00	3.498752541427667829e-03
2.510000000000000000e+13	1.500000000000000000e+00	4.370267282463342375e-03
3.160000000000000000e+13	1.500000000000000000e+00	5.333010073979957584e-03
3.980000000000000000e+13	1.500000000000000000e+00	6.267020829564992970e-03
5.010000000000000000e+13	1.500000000000000000e+00	7.068146276003097958e-03
6.310000000000000000e+13	1.500000000000000000e+00	7.741204193382577106e-03
7.940000000000000000e+13	1.500000000000000000e+00	8.457802467504077493e-03
1.000000000000000000e+14	1.500000000000000000e+00	9.499515082138636213e-03
1.260000000000000000e+14	1.500000000000000000e+00	1.117317564343832566e-02
1.580000000000000000e+14	1.500000000000000000e+00	1.373769250997902702e-02
2.000000000000000000e+14	1.500000000000000000e+00	1.770199676066085137e-02
2.510000000000000000e+14	1.500000000000000000e+00	2.275762675418501260e-02
3.160000000000000000e+14	1.500000000000000000e+00	2.849072987635886331e-02
3.980000000000000000e+14	1.500000000000000000e+00	3.373773640815949659e-02
5.010000000000000000e+14	1.500000000000000000e+00	3.724292762594482581e-02
6.310000000000000000e+14	1.500000000000000000e+00	3.831977989141877039e-02
7.940000000000000000e+14	1.500000000000000000e+00	3.642763634902711212e-02
1.000000000000000000e+15	1.500000000000000000e+00	3.134597907347678319e-02
1.260000000000000000e+15	1.500000000000000000e+00	2.450031734491790389e-02
1.580000000000000000e+15	1.500000000000000000e+00	1.683103722909474326e-02
2.000000000000000000e+15	1.500000000000000000e+00	8.357042789567394395e-03
2.510000000000000000e+15	1.500000000000000000e+00	3.219008426048236603e-04
3.160000000000000000e+15	1.500000000000000000e+00	-6.975245010579087662e-03
3.980000000000000000e+15	1.500000000000000000e+00	-1.310162459332860595e-02
5.010000000000000000e+15	1.500000000000000000e+00	-1.788579067915097714e-02
6.310000000000000000e+15	1.500000000000000000e+00	-2.135377563789889188e-02
7.940000000000000000e+15	1.500000000000000000e+00	-2.359363571482405927e-02
1.000000000000000000e+16	1.500000000000000000e+00	-2.477835115716742545e-02
1.260000000000000000e+16	1.500000000000000000e+00	-2.507863307580784212e-02
1.580000000000000000e+16	1.500000000000000000e+00	-2.471093886482779792e-02
2.000000000000000000e+16	1.500000000000000000e+00	-2.376772580662450673e-02
2.510000000000000000e+16	1.500000000000000000e+00	-2.251427376255657822e-02
3.160000000000000000e+16	1.500000000000000000e+00	-2.099750109643532675e-02
3.980000000000000000e+16	1.500000000000000000e+00	-1.933960298460339969e-02
5.010000000000000000e+16	1.500000000000000000e+00	-1.763052386236932736e-02
6.310000000000000000e+16	1.500000000000000000e+00	-1.592278672839622308e-02
7.940000000000000000e+16	1.500000000000000000e+00	-1.427553874072537074e-02
1.000000000000000000e+17	1.500000000000000000e+00	-1.270308862757344934e-02
1.000000000000000000e+11	3.000000000000000000e+00	1.774757344318845004e-05
1.258925411794166107e+11	3.000000000000000000e+00	2.236085187189786432e-05
1.584893192461110840e+11	3.000000000000000000e+00	2.818994376749000107e-05
1.995262314968882751e+11	3.000000000000000000e+00	3.557023810226647985e-05
2.511886431509582214e+11	3.000000000000000000e+00	4.495004855372937094e-05
3.162277660168379517e+11	3.000000000000000000e+00	5.693920196449359593e-05
3.981071705534969482e+11	3.000000000000000000e+00	7.240608351841277786e-05
5.011872336272714844e+11	3.000000000000000000e+00	9.258495492812719339e-05
6.309573444801943359e+11	3.000000000000000000e+00	1.190581988401696553e-04
7.943282347242821045e+11	3.000000000000000000e+00	1.502257604046156362e-04
1.000000000000000000e+12	3.000000000000000000e+00	1.765109762480087047e-04
1.260000000000000000e+12	3.000000000000000000e+00	2.042181459013858236e-04
1.580000000000000000e+12	3.000000000000000000e+00	2.462189373328638664e-04
2.000000000000000000e+12	3.000000000000000000e+00	3.041165147507919045e-04
2.510000000000000000e+12	3.000000000000000000e+00	3.757802128386028453e-04
3.160000000000000000e+12	3.000000000000000000e+00	4.682245416699148087e-04
3.980000000000000000e+12	3.000000000000000000e+00	5.854681470883137638e-04
5.010000000000000000e+12	3.000000000000000000e+00	7.337365608501651617e-04
6.310000000000000000e+12	3.000000000000000000e+00	9.230366170250038074e-04
7.940000000000000000e+12	3.000000000000000000e+00	1.166400845549734342e-03
1.000000000000000000e+13	3.000000000000000000e+00	1.482647324617637806e-03
1.260000000000000000e+13	3.000000000000000000e+00	1.885956363480818408e-03
1.580000000000000000e+13	3.000000000000000000e+00	2.379829575288070626e-03
2.000000000000000000e+13	3.000000000000000000e+00	3.025962471844105984e-03
2.510000000000000000e+13	3.000000000000000000e+00	3.784619472315810512e-03
3.160000000000000000e+13	3.000000000000000000e+00	4.641903656058451663e-03
3.980000000000000000e+13	3.000000000000000000e+00	5.501365425089639084e-03
5.010000000000000000e+13	3.000000000000000000e+00	6.311859747987126623e-03
6.310000000000000000e+13	3.000000000000000000e+00	7.115916773313096626e-03
7.940000000000000000e+13	3.000000000000000000e+00	8.025209149709644149e-03
1.000000000000000000e+14	3.000000000000000000e+00	9.264860688200482475e-03
1.260000000000000000e+14	3.000000000000000000e+00	1.112682206609639374e-02
1.580000000000000000e+14	3.000000000000000000e+00	1.387143696318966779e-02
2.000000000000000000e+14	3.000000000000000000e+00	1.797996343906255873e-02
2.510000000000000000e+14	3.000000000000000000e+00	2.312012308379455053e-02
3.160000000000000000e+14	3.000000000000000000e+00	2.889047991596049511e-02
3.980000000000000000e+14	3.000000000000000000e+00	3.423603995776146325e-02
5.010000000000000000e+14	3.000000000000000000e+00	3.784516946615170546e-02
6.310000000000000000e+14	3.000000000000000000e+00	3.875478055595339699e-02
7.940000000000000000e+14	3.000000000000000000e+00	3.666182049076163740e-02
1.000000000000000000e+15	3.000000000000000000e+00	3.183989209112392249e-02
1.260000000000000000e+15	3.000000000000000000e+00	2.500387044382244156e-02
1.580000000000000000e+15	3.000000000000000000e+00	1.701223597390985609e-02
2.000000000000000000e+15	3.000000000000000000e+00	8.543086505717377779e-03
2.510000000000000000e+15	3.000000000000000000e+00	4.891100027844664079e-04
3.160000000000000000e+15	3.000000000000000000e+00	-6.818823186380622639e-03
3.980000000000000000e+15	3.000000000000000000e+00	-1.295193424417121104e-02
5.010000000000000000e+15	3.000000000000000000e+00	-1.774130227006875254e-02
6.310000000000000000e+15	3.000000000000000000e+00	-2.121439421001661968e-02
7.940000000000000000e+15	3.000000000000000000e+00	-2.345961379507204014e-02
1.000000000000000000e+16	3.000000000000000000e+00	-2.465128794407251203e-02
1.260000000000000000e+16	3.000000000000000000e+00	-2.495900495506614067e-02
1.580000000000000000e+16	3.000000000000000000e+00	-2.459919304253593841e-02
2.000000000000000000e+16	3.000000000000000000e+00	-2.366471759907674138e-02
2.510000000000000000e+16	3.000000000000000000e+00	-2.241978656813988641e-02
3.160000000000000000e+16	3.000000000000000000e+00	-2.091163218282655195e-02
3.980000000000000000e+16	3.000000000000000000e+00	-1.926221704889984759e-02
5.010000000000000000e+16	3.000000000000000000e+00	-1.756096556146668694e-02
6.310000000000000000e+16	3.000000000000000000e+00	-1.586099567213163086e-02
7.940000000000000000e+16	3.000000000000000000e+00	-1.422081497695801625e-02
1.000000000000000000e+17	3.000000000000000000e+00	-1.265491781345631089e-02
1.000000000000000000e+11	5.000000000000000000e+00	1.478991108949924666e-05
1.258925411794166107e+11	5.000000000000000000e+00	1.863188740673306267e-05
1.584893192461110840e+11	5.000000000000000000e+00	2.348907822708522171e-05
1.995262314968882751e+11	5.000000000000000000e+00	2.963897332184806251e-05
2.511886431509582214e+11	5.000000000000000000e+00	3.745551609011042564e-05
3.162277660168379517e+11	5.000000000000000000e+00	4.744994780478439708e-05
3.981071705534969482e+11	5.000000000000000000e+00	6.033889924461147678e-05
5.011872336272714844e+11	5.000000000000000000e+00	7.711229762052740138e-05
6.309573444801943359e+11	5.000000000000000000e+00	9.883452964619965646e-05
7.943282347242821045e+11	5.000000000000000000e+00	1.210180649501415234e-04
1.000000000000000000e+12	5.000000000000000000e+00	1.423772566251547836e-04
1.260000000000000000e+12	5.000000000000000000e+00	1.707706839803745558e-04
1.580000000000000000e+12	5.000000000000000000e+00	2.085526662142508990e-04
2.000000000000000000e+12	5.000000000000000000e+00	2.597294728484269102e-04
2.510000000000000000e+12	5.000000000000000000e+00	3.225754998796802049e-04
3.160000000000000000e+12	5.000000000000000000e+00	4.031032839794582005e-04
3.980000000000000000e+12	5.000000000000000000e+00	5.052735086941061377e-04
5.010000000000000000e+12	5.000000000000000000e+00	6.341184443624103958e-04
6.310000000000000000e+12	5.000000000000000000e+00	7.982615708929298058e-04
7.940000000000000000e+12	5.000000000000000000e+00	1.008155058650294852e-03
1.000000000000000000e+13	5.000000000000000000e+00	1.277455127614615530e-03
1.260000000000000000e+13	5.000000000000000000e+00	1.624499671924132822e-03
1.580000000000000000e+13	5.000000000000000000e+00	2.047918190029771567e-03
2.000000000000000000e+13	5.000000000000000000e+00	2.602358819817334173e-03
2.510000000000000000e+13	5.000000000000000000e+00	3.255368683207498191e-03
3.160000000000000000e+13	5.000000000000000000e+00	4.018219004733485263e-03
3.980000000000000000e+13	5.000000000000000000e+00	4.838864476089731019e-03
5.010000000000000000e+13	5.000000000000000000e+00	5.661673417683242039e-03
6.310000000000000000e+13	5.000000000000000000e+00	6.530710278637667961e-03
7.940000000000000000e+13	5.000000000000000000e+00	7.569834816447493925e-03
1.000000000000000000e+14	5.000000000000000000e+00	8.980728191719192927e-03
1.260000000000000000e+14	5.000000000000000000e+00	1.100743948388798778e-02
1.580000000000000000e+14	5.000000000000000000e+00	1.389756137920445875e-02
2.000000000000000000e+14	5.000000000000000000e+00	1.812187779492820464e-02
2.510000000000000000e+14	5.000000000000000000e+00	2.331263391809478003e-02
3.160000000000000000e+14	5.000000000000000000e+00	2.920067191741370152e-02
3.980000000000000000e+14	5.000000000000000000e+00	3.458937433013739571e-02
5.010000000000000000e+14	5.000000000000000000e+00	3.813332537468220457e-02
6.310000000000000000e+14	5.000000000000000000e+00	3.906981324676386813e-02
7.940000000000000000e+14	5.000000000000000000e+00	3.709526589349216447e-02
1.000000000000000000e+15	5.000000000000000000e+00	3.236262128086053041e-02
1.260000000000000000e+15	5.000000000000000000e+00	2.534955620315664307e-02
1.580000000000000000e+15	5.000000000000000000e+00	1.729894903537868012e-02
2.000000000000000000e+15	5.000000000000000000e+00	8.887766501041442779e-03
2.510000000000000000e+15	5.000000000000000000e+00	7.286729861601429995e-04
3.160000000000000000e+15	5.000000000000000000e+00	-6.614781170940770352e-03
3.980000000000000000e+15	5.000000000000000000e+00	-1.276772708158977615e-02
5.010000000000000000e+15	5.000000000000000000e+00	-1.757076922698062524e-02
6.310000000000000000e+15	5.000000000000000000e+00	-2.105498570990504623e-02
7.940000000000000000e+15	5.000000000000000000e+00	-2.331069533457129014e-02
1.000000000000000000e+16	5.000000000000000000e+00	-2.451194345838753064e-02
1.260000000000000000e+16	5.000000000000000000e+00	-2.482971540344032155e-02
1.580000000000000000e+16	5.000000000000000000e+00	-2.447999832976714696e-02
2.000000000000000000e+16	5.000000000000000000e+00	-2.355565331345972277e-02
2.510000000000000000e+16	5.000000000000000000e+00	-2.232047478718265573e-02
3.160000000000000000e+16	5.000000000000000000e+00	-2.082247219354985829e-02
3.980000000000000000e+16	5.000000000000000000e+00	-1.918169286264546219e-02
5.010000000000000000e+16	5.000000000000000000e+00	-1.748915977326292656e-02
6.310000000000000000e+16	5.000000000000000000e+00	-1.579731034010029359e-02
7.940000000000000000e+16	5.000000000000000000e+00	-1.416411816579533564e-02
1.000000000000000000e+17	5.000000000000000000e+00	-1.260547416776392100e-02
1.000000000000000000e+11	7.000000000000000000e+00	1.299110331792080452e-05
1.258925411794166107e+11	7.000000000000000000e+00	1.636850153559379659e-05
1.584893192461110840e+11	7.000000000000000000e+00	2.063547458224399838e-05
1.995262314968882751e+11	7.000000000000000000e+00	2.603874345439319239e-05
2.511886431509582214e+11	7.000000000000000000e+00	3.290698771155733178e-05
3.162277660168379517e+11	7.000000000000000000e+00	4.168984328154498945e-05
3.981071705534969482e+11	7.000000000000000000e+00	5.301362854484767531e-05
5.011872336272714844e+11	7.000000000000000000e+00	6.773215057939217082e-05
6.309573444801943359e+11	7.000000000000000000e+00	8.648434339143158960e-05
7.943282347242821045e+11	7.000000000000000000e+00	1.033068423155393832e-04
1.000000000000000000e+12	7.000000000000000000e+00	1.216983289810452044e-04
1.260000000000000000e+12	7.000000000000000000e+00	1.504269039690563200e-04
1.580000000000000000e+12	7.000000000000000000e+00	1.857891840676723788e-04
2.000000000000000000e+12	7.000000000000000000e+00	2.329872565350228901e-04
2.510000000000000000e+12	7.000000000000000000e+00	2.902428170907895232e-04
3.160000000000000000e+12	7.000000000000000000e+00	3.635745724010331194e-04
3.980000000000000000e+12	7.000000000000000000e+00	4.564021449728712307e-04
5.010000000000000000e+12	7.000000000000000000e+00	5.735665215521796624e-04
6.310000000000000000e+12	7.000000000000000000e+00	7.223175342362714215e-04
7.940000000000000000e+12	7.000000000000000000e+00	9.121938657366773871e-04
1.000000000000000000e+13	7.000000000000000000e+00	1.155316266327279006e-03
1.260000000000000000e+13	7.000000000000000000e+00	1.464810791561457640e-03
1.580000000000000000e+13	7.000000000000000000e+00	1.845376078647909500e-03
2.000000000000000000e+13	7.000000000000000000e+00	2.342241314899174559e-03
2.510000000000000000e+13	7.000000000000000000e+00	2.938257376477297362e-03
3.160000000000000000e+13	7.000000000000000000e+00	3.628772661992618002e-03
3.980000000000000000e+13	7.000000000000000000e+00	4.397471423988250777e-03
5.010000000000000000e+13	7.000000000000000000e+00	5.241578837838194865e-03
6.310000000000000000e+13	7.000000000000000000e+00	6.179804342079104305e-03
7.940000000000000000e+13	7.000000000000000000e+00	7.329277648059098933e-03
1.000000000000000000e+14	7.000000000000000000e+00	8.859950046491101017e-03
1.260000000000000000e+14	7.000000000000000000e+00	1.100505758995979320e-02
1.580000000000000000e+14	7.000000000000000000e+00	1.399633480185865329e-02
2.000000000000000000e+14	7.000000000000000000e+00	1.833000451172102016e-02
2.510000000000000000e+14	7.000000000000000000e+00	2.363704695640411399e-02
3.160000000000000000e+14	7.000000000000000000e+00	2.947956789862000299e-02
3.980000000000000000e+14	7.000000000000000000e+00	3.482801671437424362e-02
5.010000000000000000e+14	7.000000000000000000e+00	3.852728820748316935e-02
6.310000000000000000e+14	7.000000000000000000e+00	3.957393989406651769e-02
7.940000000000000000e+14	7.000000000000000000e+00	3.742749710574864996e-02
1.000000000000000000e+15	7.000000000000000000e+00	3.261819531683196605e-02
1.260000000000000000e+15	7.000000000000000000e+00	2.546330809301762532e-02
1.580000000000000000e+15	7.000000000000000000e+00	1.787262771294031993e-02
2.000000000000000000e+15	7.000000000000000000e+00	9.916465760337790300e-03
2.510000000000000000e+15	7.000000000000000000e+00	1.194237623030521608e-03
3.160000000000000000e+15	7.000000000000000000e+00	-6.346190314053833104e-03
3.980000000000000000e+15	7.000000000000000000e+00	-1.262489027294696163e-02
5.010000000000000000e+15	7.000000000000000000e+00	-1.751667148890047321e-02
6.310000000000000000e+15	7.000000000000000000e+00	-2.106506735164882446e-02
7.940000000000000000e+15	7.000000000000000000e+00	-2.336577243551574840e-02
1.000000000000000000e+16	7.000000000000000000e+00	-2.459883359764418465e-02
1.260000000000000000e+16	7.000000000000000000e+00	-2.493663699604492870e-02
1.580000000000000000e+16	7.000000000000000000e+00	-2.459793897070306282e-02
2.000000000000000000e+16	7.000000000000000000e+00	-2.367859146280860971e-02
2.510000000000000000e+16	7.000000000000000000e+00	-2.244331080730761069e-02
3.160000000000000000e+16	7.000000000000000000e+00	-2.094157654904966678e-02
3.980000000000000000e+16	7.000000000000000000e+00	-1.929488322400562880e-02
5.010000000000000000e+16	7.000000000000000000e+00	-1.759485812516612194e-02
6.310000000000000000e+16	7.000000000000000000e+00	-1.589457435840866545e-02
7.940000000000000000e+16	7.000000000000000000e+00	-1.425316494889707943e-02
1.000000000000000000e+17	7.000000000000000000e+00	-1.268529068750215774e-02
1.000000000000000000e+11	9.000000000000000000e+00	1.169725973122156978e-05
1.258925411794166107e+11	9.000000000000000000e+00	1.473842224528682262e-05
1.584893192461110840e+11	9.000000000000000000e+00	1.858110760103449098e-05
1.995262314968882751e+11	9.000000000000000000e+00	2.344756809991060720e-05
2.511886431509582214e+11	9.000000000000000000e+00	2.963498709156397475e-05
3.162277660168379517e+11	9.000000000000000000e+00	3.755030587562461787e-05
3.981071705534969482e+11	9.000000000000000000e+00	4.775768266821423197e-05
5.011872336272714844e+11	9.000000000000000000e+00	6.100155079149767803e-05
6.309573444801943359e+11	9.000000000000000000e+00	7.782575586194286814e-05
7.943282347242821045e+11	9.000000000000000000e+00	9.095558815258171742e-05
1.000000000000000000e+12	9.000000000000000000e+00	1.070391698607825470e-04
1.260000000000000000e+12	9.000000000000000000e+00	1.353809887517211450e-04
1.580000000000000000e+12	9.000000000000000000e+00	1.687328015631265254e-04
2.000000000000000000e+12	9.000000000000000000e+00	2.123595490056196021e-04
2.510000000000000000e+12	9.000000000000000000e+00	2.654042098539875489e-04
3.160000000000000000e+12	9.000000000000000000e+00	3.333313729791853217e-04
3.980000000000000000e+12	9.000000000000000000e+00	4.190104440654565947e-04
5.010000000000000000e+12	9.000000000000000000e+00	5.267455323811634721e-04
6.310000000000000000e+12	9.000000000000000000e+00	6.636110058545687147e-04
7.940000000000000000e+12	9.000000000000000000e+00	8.372264406110365310e-04
1.000000000000000000e+13	9.000000000000000000e+00	1.060052655263869119e-03
1.260000000000000000e+13	9.000000000000000000e+00	1.342533569971957139e-03
1.580000000000000000e+13	9.000000000000000000e+00	1.689060702893587125e-03
2.000000000000000000e+13	9.000000000000000000e+00	2.142656499871776945e-03
2.510000000000000000e+13	9.000000000000000000e+00	2.679653319905062232e-03
3.160000000000000000e+13	9.000000000000000000e+00	3.341772442179478161e-03
3.980000000000000000e+13	9.000000000000000000e+00	4.086509057231882749e-03
5.010000000000000000e+13	9.000000000000000000e+00	4.905765426075786063e-03
6.310000000000000000e+13	9.000000000000000000e+00	5.888798985328327386e-03
7.940000000000000000e+13	9.000000000000000000e+00	7.097603382654841045e-03
1.000000000000000000e+14	9.000000000000000000e+00	8.694241199045011498e-03
1.260000000000000000e+14	9.000000000000000000e+00	1.091013102732860639e-02
1.580000000000000000e+14	9.000000000000000000e+00	1.394537332114883198e-02
2.000000000000000000e+14	9.000000000000000000e+00	1.828772984759076750e-02
2.510000000000000000e+14	9.000000000000000000e+00	2.360666617256800340e-02
3.160000000000000000e+14	9.000000000000000000e+00	2.948955694327828891e-02
3.980000000000000000e+14	9.000000000000000000e+00	3.493187131904901266e-02
5.010000000000000000e+14	9.000000000000000000e+00	3.861798077424290210e-02
6.310000000000000000e+14	9.000000000000000000e+00	3.948097047402960441e-02
7.940000000000000000e+14	9.000000000000000000e+00	3.745003394091533239e-02
1.000000000000000000e+15	9.000000000000000000e+00	3.274912137390440653e-02
1.260000000000000000e+15	9.000000000000000000e+00	2.547836804526747156e-02
1.580000000000000000e+15	9.000000000000000000e+00	1.624925166515118341e-02
2.000000000000000000e+15	9.000000000000000000e+00	7.435563423159384337e-03
2.510000000000000000e+15	9.000000000000000000e+00	1.865545046500582764e-04
3.160000000000000000e+15	9.000000000000000000e+00	-6.811213886788217500e-03
3.980000000000000000e+15	9.000000000000000000e+00	-1.273664315274890442e-02
5.010000000000000000e+15	9.000000000000000000e+00	-1.737797886911396361e-02
6.310000000000000000e+15	9.000000000000000000e+00	-2.074730178353479879e-02
7.940000000000000000e+15	9.000000000000000000e+00	-2.292519155516156357e-02
1.000000000000000000e+16	9.000000000000000000e+00	-2.407894234746374082e-02
1.260000000000000000e+16	9.000000000000000000e+00	-2.437266670554799272e-02
1.580000000000000000e+16	9.000000000000000000e+00	-2.401683383712108905e-02
2.000000000000000000e+16	9.000000000000000000e+00	-2.310131196977539131e-02
2.510000000000000000e+16	9.000000000000000000e+00	-2.188388016737812317e-02
3.160000000000000000e+16	9.000000000000000000e+00	-2.041023204065946575e-02
3.980000000000000000e+16	9.000000000000000000e+00	-1.879921589030006737e-02
5.010000000000000000e+16	9.000000000000000000e+00	-1.713795460582608760e-02
6.310000000000000000e+16	9.000000000000000000e+00	-1.547844918442843089e-02
7.940000000000000000e+16	9.000000000000000000e+00	-1.387738817165537659e-02
1.000000000000000000e+17	9.000000000000000000e+00	-1.234894688703389552e-02
1.000000000000000000e+11	1.100000000000000000e+01	1.094939094436873368e-05
1.258925411794166107e+11	1.100000000000000000e+01	1.379614987383409187e-05
1.584893192461110840e+11	1.100000000000000000e+01	1.739331961799476427e-05
1.995262314968882751e+11	1.100000000000000000e+01	2.194910740783637804e-05
2.511886431509582214e+11	1.100000000000000000e+01	2.774214368752331525e-05
3.162277660168379517e+11	1.100000000000000000e+01	3.515380440780866068e-05
3.981071705534969482e+11	1.100000000000000000e+01	4.471148506928548520e-05
5.011872336272714844e+11	1.100000000000000000e+01	5.709897782705802697e-05
6.309573444801943359e+11	1.100000000000000000e+01	7.273222804162056095e-05
7.943282347242821045e+11	1.100000000000000000e+01	8.362914090232104224e-05
1.000000000000000000e+12	1.100000000000000000e+01	9.850688826141610331e-05
1.260000000000000000e+12	1.100000000000000000e+01	1.268903227875768864e-04
1.580000000000000000e+12	1.100000000000000000e+01	1.590663467645883145e-04
2.000000000000000000e+12	1.100000000000000000e+01	2.010998420575207100e-04
2.510000000000000000e+12	1.100000000000000000e+01	2.518805718929548209e-04
3.160000000000000000e+12	1.100000000000000000e+01	3.163684111646446260e-04
3.980000000000000000e+12	1.100000000000000000e+01	3.980087471962791214e-04
5.010000000000000000e+12	1.100000000000000000e+01	5.008131665240864215e-04
6.310000000000000000e+12	1.100000000000000000e+01	6.310610304163072034e-04
7.940000000000000000e+12	1.100000000000000000e+01	7.949299362572083633e-04
1.000000000000000000e+13	1.100000000000000000e+01	1.005419189898993900e-03
1.260000000000000000e+13	1.100000000000000000e+01	1.272226905753034423e-03
1.580000000000000000e+13	1.100000000000000000e+01	1.599468837998772311e-03
2.000000000000000000e+13	1.100000000000000000e+01	2.029136978654063131e-03
2.510000000000000000e+13	1.100000000000000000e+01	2.546417429944246476e-03
3.160000000000000000e+13	1.100000000000000000e+01	3.174364361570951830e-03
3.980000000000000000e+13	1.100000000000000000e+01	3.909270144016991320e-03
5.010000000000000000e+13	1.100000000000000000e+01	4.755202229183704173e-03
6.310000000000000000e+13	1.100000000000000000e+01	5.746999588001908479e-03
7.940000000000000000e+13	1.100000000000000000e+01	7.000478364740326566e-03
1.000000000000000000e+14	1.100000000000000000e+01	8.673400917365530274e-03
1.260000000000000000e+14	1.100000000000000000e+01	1.095337821739169118e-02
1.580000000000000000e+14	1.100000000000000000e+01	1.406873945281995365e-02
2.000000000000000000e+14	1.100000000000000000e+01	1.851058100006188617e-02
2.510000000000000000e+14	1.100000000000000000e+01	2.387682847840059963e-02
3.160000000000000000e+14	1.100000000000000000e+01	2.984118325597637580e-02
3.980000000000000000e+14	1.100000000000000000e+01	3.523807401421827357e-02
5.010000000000000000e+14	1.100000000000000000e+01	3.887544841281668356e-02
6.310000000000000000e+14	1.100000000000000000e+01	3.991416566838731222e-02
7.940000000000000000e+14	1.100000000000000000e+01	3.813588001518050663e-02
1.000000000000000000e+15	1.100000000000000000e+01	3.281349022400009696e-02
1.260000000000000000e+15	1.100000000000000000e+01	2.652533277842562820e-02
1.580000000000000000e+15	1.100000000000000000e+01	1.960089166872956007e-02
2.000000000000000000e+15	1.100000000000000000e+01	1.007957582631703077e-02
2.510000000000000000e+15	1.100000000000000000e+01	1.445493066571682146e-03
3.160000000000000000e+15	1.100000000000000000e+01	-6.188678613828030479e-03
3.980000000000000000e+15	1.100000000000000000e+01	-1.255186160298742484e-02
5.010000000000000000e+15	1.100000000000000000e+01	-1.751089377868997321e-02
6.310000000000000000e+15	1.100000000000000000e+01	-2.111041322615261895e-02
7.940000000000000000e+15	1.100000000000000000e+01	-2.344846791330578925e-02
1.000000000000000000e+16	1.100000000000000000e+01	-2.470616545743178558e-02
1.260000000000000000e+16	1.100000000000000000e+01	-2.505945787192262811e-02
1.580000000000000000e+16	1.100000000000000000e+01	-2.472864052422563477e-02
2.000000000000000000e+16	1.100000000000000000e+01	-2.381134528444348378e-02
2.510000000000000000e+16	1.100000000000000000e+01	-2.257392363418220249e-02
3.160000000000000000e+16	1.100000000000000000e+01	-2.106653893935849647e-02
3.980000000000000000e+16	1.100000000000000000e+01	-1.941297078736565693e-02
5.010000000000000000e+16	1.100000000000000000e+01	-1.770454389391039676e-02
6.310000000000000000e+16	1.100000000000000000e+01	-1.599495652863256248e-02
7.940000000000000000e+16	1.100000000000000000e+01	-1.434413137607184335e-02
1.000000000000000000e+17	1.100000000000000000e+01	-1.276705726982736364e-02
1.000000000000000000e+11	1.300000000000000000e+01	1.035237608582487514e-05
1.258925411794166107e+11	1.300000000000000000e+01	1.304414332940603469e-05
1.584893192461110840e+11	1.300000000000000000e+01	1.644574437064570143e-05
1.995262314968882751e+11	1.300000000000000000e+01	2.075452083860072813e-05
2.511886431509582214e+11	1.300000000000000000e+01	2.623476039465903574e-05
3.162277660168379517e+11	1.300000000000000000e+01	3.324760901764138007e-05
3.981071705534969482e+11	1.300000000000000000e+01	4.230186723501144476e-05
5.011872336272714844e+11	1.300000000000000000e+01	5.404312555430140937e-05
6.309573444801943359e+11	1.300000000000000000e+01	6.876394578900392332e-05
7.943282347242821045e+11	1.300000000000000000e+01	7.814180679401052884e-05
1.000000000000000000e+12	1.300000000000000000e+01	9.197561657295351379e-05
1.260000000000000000e+12	1.300000000000000000e+01	1.198933743198009842e-04
1.580000000000000000e+12	1.300000000000000000e+01	1.507387534247720668e-04
2.000000000000000000e+12	1.300000000000000000e+01	1.908947709468026188e-04
2.510000000000000000e+12	1.300000000000000000e+01	2.394827514652392460e-04
3.160000000000000000e+12	1.300000000000000000e+01	3.012773252104449136e-04
3.980000000000000000e+12	1.300000000000000000e+01	3.791939996317226667e-04
5.010000000000000000e+12	1.300000000000000000e+01	4.771827485093397278e-04
6.310000000000000000e+12	1.300000000000000000e+01	6.011094837348916146e-04
7.940000000000000000e+12	1.300000000000000000e+01	7.580112169096390714e-04
1.000000000000000000e+13	1.300000000000000000e+01	9.576527243248173817e-04
1.260000000000000000e+13	1.300000000000000000e+01	1.212270412246519357e-03
1.580000000000000000e+13	1.300000000000000000e+01	1.524942332999096881e-03
2.000000000000000000e+13	1.300000000000000000e+01	1.934517514639420453e-03
2.510000000000000000e+13	1.300000000000000000e+01	2.421067834812547052e-03
3.160000000000000000e+13	1.300000000000000000e+01	3.008852099465337670e-03
3.980000000000000000e+13	1.300000000000000000e+01	3.721271936163434487e-03
5.010000000000000000e+13	1.300000000000000000e+01	4.563217074807226006e-03
6.310000000000000000e+13	1.300000000000000000e+01	5.574596079769179348e-03
7.940000000000000000e+13	1.300000000000000000e+01	6.844014898324631523e-03
1.000000000000000000e+14	1.300000000000000000e+01	8.515891483560241587e-03
1.260000000000000000e+14	1.300000000000000000e+01	1.082062821285513683e-02
1.580000000000000000e+14	1.300000000000000000e+01	1.393590609743436230e-02
2.000000000000000000e+14	1.300000000000000000e+01	1.832957134848971215e-02
2.510000000000000000e+14	1.300000000000000000e+01	2.372201309023723448e-02
3.160000000000000000e+14	1.300000000000000000e+01	2.956721519037923407e-02
3.980000000000000000e+14	1.300000000000000000e+01	3.482645296604677115e-02
5.010000000000000000e+14	1.300000000000000000e+01	3.824059738916851109e-02
6.310000000000000000e+14	1.300000000000000000e+01	3.937837122442910953e-02
7.940000000000000000e+14	1.300000000000000000e+01	3.700767272192719004e-02
1.000000000000000000e+15	1.300000000000000000e+01	3.246585206244079896e-02
1.260000000000000000e+15	1.300000000000000000e+01	2.547915115273298794e-02
1.580000000000000000e+15	1.300000000000000000e+01	1.658409574744167808e-02
2.000000000000000000e+15	1.300000000000000000e+01	8.860276102110337809e-03
2.510000000000000000e+15	1.300000000000000000e+01	8.171124560365802900e-04
3.160000000000000000e+15	1.300000000000000000e+01	-6.390844175404840517e-03
3.980000000000000000e+15	1.300000000000000000e+01	-1.243069618433053844e-02
5.010000000000000000e+15	1.300000000000000000e+01	-1.714644386861605835e-02
6.310000000000000000e+15	1.300000000000000000e+01	-2.056866576332840729e-02
7.940000000000000000e+15	1.300000000000000000e+01	-2.278599985701309713e-02
1.000000000000000000e+16	1.300000000000000000e+01	-2.396933384330991040e-02
1.260000000000000000e+16	1.300000000000000000e+01	-2.428624862518940358e-02
1.580000000000000000e+16	1.300000000000000000e+01	-2.394821463210954765e-02
2.000000000000000000e+16	1.300000000000000000e+01	-2.304724475699302180e-02
2.510000000000000000e+16	1.300000000000000000e+01	-2.184086966264531596e-02
3.160000000000000000e+16	1.300000000000000000e+01	-2.037595167716691608e-02
3.980000000000000000e+16	1.300000000000000000e+01	-1.877210430912870306e-02
5.010000000000000000e+16	1.300000000000000000e+01	-1.711658736656727908e-02
6.310000000000000000e+16	1.300000000000000000e+01	-1.546139219151120535e-02
7.940000000000000000e+16	1.300000000000000000e+01	-1.386382294552972010e-02
1.000000000000000000e+17	1.300000000000000000e+01	-1.233817488115366602e-02
1.000000000000000000e+11	1.500000000000000000e+01	1.018285893256567576e-05
1.258925411794166107e+11	1.500000000000000000e+01	1.283045717548481582e-05
1.584893192461110840e+11	1.500000000000000000e+01	1.617619023777774933e-05
1.995262314968882751e+11	1.500000000000000000e+01	2.041408518974621261e-05
2.511886431509582214e+11	1.500000000000000000e+01	2.580402506664226258e-05
3.162277660168379517e+11	1.500000000000000000e+01	3.270174315627744657e-05
3.981071705534969482e+11	1.500000000000000000e+01	4.159848615877052543e-05
5.011872336272714844e+11	1.500000000000000000e+01	5.311981393152037878e-05
6.309573444801943359e+11	1.500000000000000000e+01	6.756316730152680237e-05
7.943282347242821045e+11	1.500000000000000000e+01	7.633421833318431392e-05
1.000000000000000000e+12	1.500000000000000000e+01	8.979170979457826445e-05
1.260000000000000000e+12	1.500000000000000000e+01	1.180504214184547077e-04
1.580000000000000000e+12	1.500000000000000000e+01	1.490746594763485465e-04
2.000000000000000000e+12	1.500000000000000000e+01	1.888313982845406106e-04
2.510000000000000000e+12	1.500000000000000000e+01	2.368598846613628999e-04
3.160000000000000000e+12	1.500000000000000000e+01	2.982503784602355480e-04
3.980000000000000000e+12	1.500000000000000000e+01	3.756281726994584961e-04
5.010000000000000000e+12	1.500000000000000000e+01	4.726519482298588209e-04
6.310000000000000000e+12	1.500000000000000000e+01	5.953984844578400762e-04
7.940000000000000000e+12	1.500000000000000000e+01	7.511788019762630914e-04
1.000000000000000000e+13	1.500000000000000000e+01	9.494779512495411626e-04
1.260000000000000000e+13	1.500000000000000000e+01	1.198196046857057193e-03
1.580000000000000000e+13	1.500000000000000000e+01	1.505941714566114403e-03
2.000000000000000000e+13	1.500000000000000000e+01	1.912433504292907621e-03
2.510000000000000000e+13	1.500000000000000000e+01	2.392646247771683388e-03
3.160000000000000000e+13	1.500000000000000000e+01	2.987805650378251750e-03
3.980000000000000000e+13	1.500000000000000000e+01	3.709757268583557463e-03
5.010000000000000000e+13	1.500000000000000000e+01	4.557410616519556347e-03
6.310000000000000000e+13	1.500000000000000000e+01	5.590948180154546761e-03
7.940000000000000000e+13	1.500000000000000000e+01	6.896695261405210407e-03
1.000000000000000000e+14	1.500000000000000000e+01	8.628622986241332379e-03
1.260000000000000000e+14	1.500000000000000000e+01	1.098929698039211034e-02
1.580000000000000000e+14	1.500000000000000000e+01	1.415296153817285733e-02
2.000000000000000000e+14	1.500000000000000000e+01	1.869420662015635129e-02
2.510000000000000000e+14	1.500000000000000000e+01	2.413792317000656995e-02
3.160000000000000000e+14	1.500000000000000000e+01	3.011331482895899733e-02
3.980000000000000000e+14	1.500000000000000000e+01	3.561094767268953992e-02
5.010000000000000000e+14	1.500000000000000000e+01	3.964525780923569553e-02
6.310000000000000000e+14	1.500000000000000000e+01	4.043093266097089883e-02
7.940000000000000000e+14	1.500000000000000000e+01	3.785391449315386736e-02
1.000000000000000000e+15	1.500000000000000000e+01	3.253400596590511756e-02
1.260000000000000000e+15	1.500000000000000000e+01	2.642677601471418378e-02
1.580000000000000000e+15	1.500000000000000000e+01	1.954324812368125885e-02
2.000000000000000000e+15	1.500000000000000000e+01	1.004205668129866738e-02
2.510000000000000000e+15	1.500000000000000000e+01	1.418764084335915514e-03
3.160000000000000000e+15	1.500000000000000000e+01	-6.208442588760775156e-03
3.980000000000000000e+15	1.500000000000000000e+01	-1.256685241584811104e-02
5.010000000000000000e+15	1.500000000000000000e+01	-1.752247069560238651e-02
6.310000000000000000e+15	1.500000000000000000e+01	-2.111944807051591502e-02
7.940000000000000000e+15	1.500000000000000000e+01	-2.345557373761677708e-02
1.000000000000000000e+16	1.500000000000000000e+01	-2.471175095068113559e-02
1.260000000000000000e+16	1.500000000000000000e+01	-2.506387469239438476e-02
1.580000000000000000e+16	1.500000000000000000e+01	-2.473217176792497085e-02
2.000000000000000000e+16	1.500000000000000000e+01	-2.381410996643693045e-02
2.510000000000000000e+16	1.500000000000000000e+01	-2.257613244539440067e-02
3.160000000000000000e+16	1.500000000000000000e+01	-2.106829903302815873e-02
3.980000000000000000e+16	1.500000000000000000e+01	-1.941436232245170521e-02
5.010000000000000000e+16	1.500000000000000000e+01	-1.770563512844660833e-02
6.310000000000000000e+16	1.500000000000000000e+01	-1.599583750182053885e-02
7.940000000000000000e+16	1.500000000000000000e+01	-1.434482803957675030e-02
1.000000000000000000e+17	1.500000000000000000e+01	-1.276760630397155011e-02
1.000000000000000000e+11	1.700000000000000000e+01	9.838999613584974000e-06
1.258925411794166107e+11	1.700000000000000000e+01	1.239741950831182345e-05
1.584893192461110840e+11	1.700000000000000000e+01	1.563069675459437317e-05
1.995262314968882751e+11	1.700000000000000000e+01	1.972662585410166102e-05
2.511886431509582214e+11	1.700000000000000000e+01	2.493719790344955383e-05
3.162277660168379517e+11	1.700000000000000000e+01	3.160756051411524911e-05
3.981071705534969482e+11	1.700000000000000000e+01	4.021445639764108644e-05
5.011872336272714844e+11	1.700000000000000000e+01	5.138232362616889000e-05
6.309573444801943359e+11	1.700000000000000000e+01	6.531229423341358112e-05
7.943282347242821045e+11	1.700000000000000000e+01	7.329661958599824096e-05
1.000000000000000000e+12	1.700000000000000000e+01	8.618149005962050864e-05
1.260000000000000000e+12	1.700000000000000000e+01	1.138890255602092837e-04
1.580000000000000000e+12	1.700000000000000000e+01	1.438462417477628583e-04
2.000000000000000000e+12	1.700000000000000000e+01	1.826629516219399607e-04
2.510000000000000000e+12	1.700000000000000000e+01	2.296113258903067459e-04
3.160000000000000000e+12	1.700000000000000000e+01	2.890549987018880759e-04
3.980000000000000000e+12	1.700000000000000000e+01	3.639726646362529934e-04
5.010000000000000000e+12	1.700000000000000000e+01	4.583321775384953411e-04
6.310000000000000000e+12	1.700000000000000000e+01	5.776009197397284417e-04
7.940000000000000000e+12	1.700000000000000000e+01	7.280661024806439575e-04
1.000000000000000000e+13	1.700000000000000000e+01	9.182717395916590924e-04
1.260000000000000000e+13	1.700000000000000000e+01	1.159816708551979604e-03
1.580000000000000000e+13	1.700000000000000000e+01	1.458366729788926775e-03
2.000000000000000000e+13	1.700000000000000000e+01	1.848335144736535686e-03
2.510000000000000000e+13	1.700000000000000000e+01	2.324108827417100624e-03
3.160000000000000000e+13	1.700000000000000000e+01	2.900046740430673679e-03
3.980000000000000000e+13	1.700000000000000000e+01	3.578524376964063291e-03
5.010000000000000000e+13	1.700000000000000000e+01	4.410940220434424533e-03
6.310000000000000000e+13	1.700000000000000000e+01	5.454721742121183999e-03
7.940000000000000000e+13	1.700000000000000000e+01	6.767391606692914861e-03
1.000000000000000000e+14	1.700000000000000000e+01	8.475545276653614207e-03
1.260000000000000000e+14	1.700000000000000000e+01	1.080445200534841527e-02
1.580000000000000000e+14	1.700000000000000000e+01	1.394244435435673668e-02
2.000000000000000000e+14	1.700000000000000000e+01	1.833000439121328790e-02
2.510000000000000000e+14	1.700000000000000000e+01	2.367608741295531075e-02
3.160000000000000000e+14	1.700000000000000000e+01	2.967494403600367051e-02
3.980000000000000000e+14	1.700000000000000000e+01	3.510748123688926109e-02
5.010000000000000000e+14	1.700000000000000000e+01	3.843736498130313761e-02
6.310000000000000000e+14	1.700000000000000000e+01	4.001371007485569897e-02
7.940000000000000000e+14	1.700000000000000000e+01	3.855594160867348991e-02
1.000000000000000000e+15	1.700000000000000000e+01	3.278544424870999396e-02
1.260000000000000000e+15	1.700000000000000000e+01	2.450240136604579788e-02
1.580000000000000000e+15	1.700000000000000000e+01	1.628632185732419024e-02
2.000000000000000000e+15	1.700000000000000000e+01	8.694307397039925320e-03
2.510000000000000000e+15	1.700000000000000000e+01	7.066709403144059379e-04
3.160000000000000000e+15	1.700000000000000000e+01	-6.469619888267690543e-03
3.980000000000000000e+15	1.700000000000000000e+01	-1.248930538288438308e-02
5.010000000000000000e+15	1.700000000000000000e+01	-1.719117027018174024e-02
6.310000000000000000e+15	1.700000000000000000e+01	-2.060330214768265125e-02
7.940000000000000000e+15	1.700000000000000000e+01	-2.281312622958776154e-02
1.000000000000000000e+16	1.700000000000000000e+01	-2.399064381803749438e-02
1.260000000000000000e+16	1.700000000000000000e+01	-2.430305539560979194e-02
1.580000000000000000e+16	1.700000000000000000e+01	-2.396157504910967698e-02
2.000000000000000000e+16	1.700000000000000000e+01	-2.305775970656937998e-02
2.510000000000000000e+16	1.700000000000000000e+01	-2.184922825428569498e-02
3.160000000000000000e+16	1.700000000000000000e+01	-2.038275371321952509e-02
3.980000000000000000e+16	1.700000000000000000e+01	-1.877737928838266526e-02
5.010000000000000000e+16	1.700000000000000000e+01	-1.712076580939376688e-02
6.310000000000000000e+16	1.700000000000000000e+01	-1.546469822574785859e-02
7.940000000000000000e+16	1.700000000000000000e+01	-1.386646005445761262e-02
1.000000000000000000e+17	1.700000000000000000e+01	-1.234029007199757833e-02
