1.000000000000000000e+11	5.000000000000000000e-01	1.979193254153180240e-05
1.258925411794166107e+11	5.000000000000000000e-01	2.494117629062286433e-05
1.584893192461110840e+11	5.000000000000000000e-01	3.145021329363206346e-05
1.995262314968882751e+11	5.000000000000000000e-01	3.969852684092143913e-05
2.511886431509582214e+11	5.000000000000000000e-01	5.019575818306083156e-05
3.162277660168379517e+11	5.000000000000000000e-01	6.364893091084710352e-05
3.981071705534969482e+11	5.000000000000000000e-01	8.107886544782108606e-05
5.011872336272714844e+11	5.000000000000000000e-01	1.040260416071560985e-04
6.309573444801943359e+11	5.000000000000000000e-01	1.348549275013869798e-04
7.943282347242821045e+11	5.000000000000000000e-01	1.771154199848127024e-04
1.000000000000000000e+12	5.000000000000000000e-01	2.054762315268670507e-04
1.260000000000000000e+12	5.000000000000000000e-01	2.227692803577202693e-04
1.580000000000000000e+12	5.000000000000000000e-01	2.607014229264249566e-04
2.000000000000000000e+12	5.000000000000000000e-01	3.161887394998746004e-04
2.510000000000000000e+12	5.000000000000000000e-01	3.861848398087752840e-04
3.160000000000000000e+12	5.000000000000000000e-01	4.775180804415369673e-04
3.980000000000000000e+12	5.000000000000000000e-01	5.944239296631415644e-04
5.010000000000000000e+12	5.000000000000000000e-01	7.422244411672792360e-04
6.310000000000000000e+12	5.000000000000000000e-01	9.306684362302213801e-04
7.940000000000000000e+12	5.000000000000000000e-01	1.170904367540513170e-03
1.000000000000000000e+13	5.000000000000000000e-01	1.481244595126188831e-03
1.260000000000000000e+13	5.000000000000000000e-01	1.878769316301826713e-03
1.580000000000000000e+13	5.000000000000000000e-01	2.369934645443824879e-03
2.000000000000000000e+13	5.000000000000000000e-01	3.019748429549619882e-03
2.510000000000000000e+13	5.000000000000000000e-01	3.802585264586835767e-03
3.160000000000000000e+13	5.000000000000000000e-01	4.732954123278304386e-03
3.980000000000000000e+13	5.000000000000000000e-01	5.735722321724863286e-03
5.010000000000000000e+13	5.000000000000000000e-01	6.709076279832522187e-03
6.310000000000000000e+13	5.000000000000000000e-01	7.628196579043725577e-03
7.940000000000000000e+13	5.000000000000000000e-01	8.584140444021500643e-03
1.000000000000000000e+14	5.000000000000000000e-01	9.791361420307455668e-03
1.260000000000000000e+14	5.000000000000000000e-01	1.155966191790210387e-02
1.580000000000000000e+14	5.000000000000000000e-01	1.417926865005497868e-02
2.000000000000000000e+14	5.000000000000000000e-01	1.814096127114309814e-02
2.510000000000000000e+14	5.000000000000000000e-01	2.314224418460593749e-02
3.160000000000000000e+14	5.000000000000000000e-01	2.882018132679071282e-02
3.980000000000000000e+14	5.000000000000000000e-01	3.406823557063265451e-02
5.010000000000000000e+14	5.000000000000000000e-01	3.761844136599398758e-02
6.310000000000000000e+14	5.000000000000000000e-01	3.854916598041245590e-02
7.940000000000000000e+14	5.000000000000000000e-01	3.644078626531214310e-02
1.000000000000000000e+15	5.000000000000000000e-01	3.171356219659058479e-02
1.260000000000000000e+15	5.000000000000000000e-01	2.486063272889242962e-02
1.580000000000000000e+15	5.000000000000000000e-01	1.677708057842180675e-02
2.000000000000000000e+15	5.000000000000000000e-01	8.398193919486686421e-03
2.510000000000000000e+15	5.000000000000000000e-01	3.637469182987676714e-04
3.160000000000000000e+15	5.000000000000000000e-01	-6.939956804154787627e-03
3.980000000000000000e+15	5.000000000000000000e-01	-1.307266570919259248e-02
5.010000000000000000e+15	5.000000000000000000e-01	-1.786240225602115511e-02
6.310000000000000000e+15	5.000000000000000000e-01	-2.133501807364963920e-02
7.940000000000000000e+15	5.000000000000000000e-01	-2.357867744341642785e-02
1.000000000000000000e+16	5.000000000000000000e-01	-2.476641860780356974e-02
1.260000000000000000e+16	5.000000000000000000e-01	-2.506912695963410889e-02
1.580000000000000000e+16	5.000000000000000000e-01	-2.470336375456926720e-02
2.000000000000000000e+16	5.000000000000000000e-01	-2.376173649193880771e-02
2.510000000000000000e+16	5.000000000000000000e-01	-2.250949889709472421e-02
3.160000000000000000e+16	5.000000000000000000e-01	-2.099370745450405279e-02
3.980000000000000000e+16	5.000000000000000000e-01	-1.933659035667123841e-02
5.010000000000000000e+16	5.000000000000000000e-01	-1.762796866220573203e-02
6.310000000000000000e+16	5.000000000000000000e-01	-1.592086653916256062e-02
7.940000000000000000e+16	5.000000000000000000e-01	-1.427402936995164975e-02
1.000000000000000000e+17	5.000000000000000000e-01	-1.270190691337726857e-02
1.000000000000000000e+11	1.500000000000000000e+00	1.641274797852780039e-05
1.258925411794166107e+11	1.500000000000000000e+00	2.068347642149339009e-05
1.584893192461110840e+11	1.500000000000000000e+00	2.608313499501289034e-05
1.995262314968882751e+11	1.500000000000000000e+00	3.292766489994455577e-05
2.511886431509582214e+11	1.500000000000000000e+00	4.164280106109777724e-05
3.162277660168379517e+11	1.500000000000000000e+00	5.282046686809313454e-05
3.981071705534969482e+11	1.500000000000000000e+00	6.731459497158737810e-05
5.011872336272714844e+11	1.500000000000000000e+00	8.639342887313608544e-05
6.309573444801943359e+11	1.500000000000000000e+00	1.118515759722597651e-04
7.943282347242821045e+11	1.500000000000000000e+00	1.441430519349681317e-04
1.000000000000000000e+12	1.500000000000000000e+00	1.665542635007716493e-04
1.260000000000000000e+12	1.500000000000000000e+00	1.838709486388144878e-04
1.580000000000000000e+12	1.500000000000000000e+00	2.169533446261583749e-04
2.000000000000000000e+12	1.500000000000000000e+00	2.642811512859200430e-04
2.510000000000000000e+12	1.500000000000000000e+00	3.241978634618359668e-04
3.160000000000000000e+12	1.500000000000000000e+00	4.019786290520861293e-04
3.980000000000000000e+12	1.500000000000000000e+00	5.009210062129185095e-04
5.010000000000000000e+12	1.500000000000000000e+00	6.269893435943692077e-04
6.310000000000000000e+12	1.500000000000000000e+00	7.877138314852489241e-04
7.940000000000000000e+12	1.500000000000000000e+00	9.914376129896965064e-04
1.000000000000000000e+13	1.500000000000000000e+00	1.253601278328717516e-03
1.260000000000000000e+13	1.500000000000000000e+00	1.588831636009116217e-03
1.580000000000000000e+13	1.500000000000000000e+00	2.004000128801340392e-03
2.000000000000000000e+13	1.500000000000000000e+00	2.554050590157677485e-03
2.510000000000000000e+13	1.500000000000000000e+00	3.217304782455880294e-03
3.160000000000000000e+13	1.500000000000000000e+00	4.026011097760686178e-03
3.980000000000000000e+13	1.500000000000000000e+00	4.936866365023438383e-03
5.010000000000000000e+13	1.500000000000000000e+00	5.883278264548603975e-03
6.310000000000000000e+13	1.500000000000000000e+00	6.862072733759766799e-03
7.940000000000000000e+13	1.500000000000000000e+00	7.924901226863153084e-03
1.000000000000000000e+14	1.500000000000000000e+00	9.320171348257886429e-03
1.260000000000000000e+14	1.500000000000000000e+00	1.130646850998447313e-02
1.580000000000000000e+14	1.500000000000000000e+00	1.411043596375629282e-02
2.000000000000000000e+14	1.500000000000000000e+00	1.824051485017398611e-02
2.510000000000000000e+14	1.500000000000000000e+00	2.339400854168778229e-02
3.160000000000000000e+14	1.500000000000000000e+00	2.919331797996348871e-02
3.980000000000000000e+14	1.500000000000000000e+00	3.441070330261459392e-02
5.010000000000000000e+14	1.500000000000000000e+00	3.798805932616145659e-02
6.310000000000000000e+14	1.500000000000000000e+00	3.895920237669738689e-02
7.940000000000000000e+14	1.500000000000000000e+00	3.689214180195179993e-02
1.000000000000000000e+15	1.500000000000000000e+00	3.197604964343457590e-02
1.260000000000000000e+15	1.500000000000000000e+00	2.515641861375930363e-02
1.580000000000000000e+15	1.500000000000000000e+00	1.725498200256954037e-02
2.000000000000000000e+15	1.500000000000000000e+00	8.694620043276323623e-03
2.510000000000000000e+15	1.500000000000000000e+00	6.206471915840570995e-04
3.160000000000000000e+15	1.500000000000000000e+00	-6.693308976230476909e-03
3.980000000000000000e+15	1.500000000000000000e+00	-1.282768186339298261e-02
5.010000000000000000e+15	1.500000000000000000e+00	-1.761738691784547201e-02
6.310000000000000000e+15	1.500000000000000000e+00	-2.109154357148121037e-02
7.940000000000000000e+15	1.500000000000000000e+00	-2.333915185928497546e-02
1.000000000000000000e+16	1.500000000000000000e+00	-2.453473467612884984e-02
1.260000000000000000e+16	1.500000000000000000e+00	-2.484774464069404443e-02
1.580000000000000000e+16	1.500000000000000000e+00	-2.449413774007642985e-02
2.000000000000000000e+16	1.500000000000000000e+00	-2.356698518374859483e-02
2.510000000000000000e+16	1.500000000000000000e+00	-2.232949978070272040e-02
3.160000000000000000e+16	1.500000000000000000e+00	-2.082910933033552819e-02
3.980000000000000000e+16	1.500000000000000000e+00	-1.918737733956948216e-02
5.010000000000000000e+16	1.500000000000000000e+00	-1.749368304757649775e-02
6.310000000000000000e+16	1.500000000000000000e+00	-1.580090620573133472e-02
7.940000000000000000e+16	1.500000000000000000e+00	-1.416742112630992555e-02
1.000000000000000000e+17	1.500000000000000000e+00	-1.260774398970059343e-02
1.000000000000000000e+11	2.500000000000000000e+00	1.449011861196006890e-05
1.258925411794166107e+11	2.500000000000000000e+00	1.825975111897324847e-05
1.584893192461110840e+11	2.500000000000000000e+00	2.302664221454715272e-05
1.995262314968882751e+11	2.500000000000000000e+00	2.907008235209667703e-05
2.511886431509582214e+11	2.500000000000000000e+00	3.676353964013831397e-05
3.162277660168379517e+11	2.500000000000000000e+00	4.663173537990846483e-05
3.981071705534969482e+11	2.500000000000000000e+00	5.942410908928141676e-05
5.011872336272714844e+11	2.500000000000000000e+00	7.622922567086881055e-05
6.309573444801943359e+11	2.500000000000000000e+00	9.843981410093688845e-05
7.943282347242821045e+11	2.500000000000000000e+00	1.241720263940377831e-04
1.000000000000000000e+12	2.500000000000000000e+00	1.436445043932138912e-04
1.260000000000000000e+12	2.500000000000000000e+00	1.629768637713552835e-04
1.580000000000000000e+12	2.500000000000000000e+00	1.941788562983252529e-04
2.000000000000000000e+12	2.500000000000000000e+00	2.382200599289205020e-04
2.510000000000000000e+12	2.500000000000000000e+00	2.933520593469529495e-04
3.160000000000000000e+12	2.500000000000000000e+00	3.646425663731561479e-04
3.980000000000000000e+12	2.500000000000000000e+00	4.558403125074185968e-04
5.010000000000000000e+12	2.500000000000000000e+00	5.709583702131927748e-04
6.310000000000000000e+12	2.500000000000000000e+00	7.175251784006714045e-04
7.940000000000000000e+12	2.500000000000000000e+00	9.028549247087536058e-04
1.000000000000000000e+13	2.500000000000000000e+00	1.139812144914131072e-03
1.260000000000000000e+13	2.500000000000000000e+00	1.442485028108495427e-03
1.580000000000000000e+13	2.500000000000000000e+00	1.817396137882281966e-03
2.000000000000000000e+13	2.500000000000000000e+00	2.313284110334825130e-03
2.510000000000000000e+13	2.500000000000000000e+00	2.917411274116215800e-03
3.160000000000000000e+13	2.500000000000000000e+00	3.659227155458440964e-03
3.980000000000000000e+13	2.500000000000000000e+00	4.516909054498221415e-03
5.010000000000000000e+13	2.500000000000000000e+00	5.453529000559452153e-03
6.310000000000000000e+13	2.500000000000000000e+00	6.484472077022166228e-03
7.940000000000000000e+13	2.500000000000000000e+00	7.675604593991283177e-03
1.000000000000000000e+14	2.500000000000000000e+00	9.174767513946175887e-03
1.260000000000000000e+14	2.500000000000000000e+00	1.124676325320528823e-02
1.580000000000000000e+14	2.500000000000000000e+00	1.414078327343563229e-02
2.000000000000000000e+14	2.500000000000000000e+00	1.838339907807320234e-02
2.510000000000000000e+14	2.500000000000000000e+00	2.360063877285995329e-02
3.160000000000000000e+14	2.500000000000000000e+00	2.938923018197916667e-02
3.980000000000000000e+14	2.500000000000000000e+00	3.476400420365375471e-02
5.010000000000000000e+14	2.500000000000000000e+00	3.853789131887213476e-02
6.310000000000000000e+14	2.500000000000000000e+00	3.947648049177004959e-02
7.940000000000000000e+14	2.500000000000000000e+00	3.723093698811773961e-02
1.000000000000000000e+15	2.500000000000000000e+00	3.225956360431199432e-02
1.260000000000000000e+15	2.500000000000000000e+00	2.535105789301958859e-02
1.580000000000000000e+15	2.500000000000000000e+00	1.740302443038884567e-02
2.000000000000000000e+15	2.500000000000000000e+00	8.808619125127497076e-03
2.510000000000000000e+15	2.500000000000000000e+00	7.107254839176227121e-04
3.160000000000000000e+15	2.500000000000000000e+00	-6.622899420144485842e-03
3.980000000000000000e+15	2.500000000000000000e+00	-1.277207317245977920e-02
5.010000000000000000e+15	2.500000000000000000e+00	-1.757268539834276264e-02
6.310000000000000000e+15	2.500000000000000000e+00	-2.105666964181823406e-02
7.940000000000000000e+15	2.500000000000000000e+00	-2.331184041736701629e-02
1.000000000000000000e+16	2.500000000000000000e+00	-2.451277827633854822e-02
1.260000000000000000e+16	2.500000000000000000e+00	-2.483032946650137046e-02
1.580000000000000000e+16	2.500000000000000000e+00	-2.448024903230368310e-02
2.000000000000000000e+16	2.500000000000000000e+00	-2.355601881906602135e-02
2.510000000000000000e+16	2.500000000000000000e+00	-2.232076411582020053e-02
3.160000000000000000e+16	2.500000000000000000e+00	-2.082216619797240889e-02
3.980000000000000000e+16	2.500000000000000000e+00	-1.918187426343217691e-02
5.010000000000000000e+16	2.500000000000000000e+00	-1.748917148505087921e-02
6.310000000000000000e+16	2.500000000000000000e+00	-1.579745884435810460e-02
7.940000000000000000e+16	2.500000000000000000e+00	-1.416465954120378450e-02
1.000000000000000000e+17	2.500000000000000000e+00	-1.260556713063998996e-02
1.000000000000000000e+11	4.000000000000000000e+00	1.275173552090435370e-05
1.258925411794166107e+11	4.000000000000000000e+00	1.606899655904023123e-05
1.584893192461110840e+11	4.000000000000000000e+00	2.026269883006497947e-05
1.995262314968882751e+11	4.000000000000000000e+00	2.557750808543128790e-05
2.511886431509582214e+11	4.000000000000000000e+00	3.234296630851801437e-05
3.162277660168379517e+11	4.000000000000000000e+00	4.101475580215290922e-05
3.981071705534969482e+11	4.000000000000000000e+00	5.223991798284438810e-05
5.011872336272714844e+11	4.000000000000000000e+00	6.692373362007672478e-05
6.309573444801943359e+11	4.000000000000000000e+00	8.602776748091227278e-05
7.943282347242821045e+11	4.000000000000000000e+00	1.050258587603084475e-04
1.000000000000000000e+12	4.000000000000000000e+00	1.220910612940956743e-04
1.260000000000000000e+12	4.000000000000000000e+00	1.447378762823396930e-04
1.580000000000000000e+12	4.000000000000000000e+00	1.757050671395165881e-04
2.000000000000000000e+12	4.000000000000000000e+00	2.178293356732029153e-04
2.510000000000000000e+12	4.000000000000000000e+00	2.698911289181975368e-04
3.160000000000000000e+12	4.000000000000000000e+00	3.370407325846927634e-04
3.980000000000000000e+12	4.000000000000000000e+00	4.221756737470348363e-04
5.010000000000000000e+12	4.000000000000000000e+00	5.295729545186163463e-04
6.310000000000000000e+12	4.000000000000000000e+00	6.656599836389438200e-04
7.940000000000000000e+12	4.000000000000000000e+00	8.375142509503719513e-04
1.000000000000000000e+13	4.000000000000000000e+00	1.056930735345657174e-03
1.260000000000000000e+13	4.000000000000000000e+00	1.336410016171943457e-03
1.580000000000000000e+13	4.000000000000000000e+00	1.681994329583602404e-03
2.000000000000000000e+13	4.000000000000000000e+00	2.138514989769870877e-03
2.510000000000000000e+13	4.000000000000000000e+00	2.694252746588798441e-03
3.160000000000000000e+13	4.000000000000000000e+00	3.385685627828435330e-03
3.980000000000000000e+13	4.000000000000000000e+00	4.203856587184496944e-03
5.010000000000000000e+13	4.000000000000000000e+00	5.124484787571483187e-03
6.310000000000000000e+13	4.000000000000000000e+00	6.159139712697073339e-03
7.940000000000000000e+13	4.000000000000000000e+00	7.399410641826162024e-03
1.000000000000000000e+14	4.000000000000000000e+00	8.984104042034785076e-03
1.260000000000000000e+14	4.000000000000000000e+00	1.114737360258731200e-02
1.580000000000000000e+14	4.000000000000000000e+00	1.415096007888659926e-02
2.000000000000000000e+14	4.000000000000000000e+00	1.845795514027670156e-02
2.510000000000000000e+14	4.000000000000000000e+00	2.374396936952569842e-02
3.160000000000000000e+14	4.000000000000000000e+00	2.967127358823572550e-02
3.980000000000000000e+14	4.000000000000000000e+00	3.499543743505594690e-02
5.010000000000000000e+14	4.000000000000000000e+00	3.843925001715726292e-02
6.310000000000000000e+14	4.000000000000000000e+00	3.935030974255535746e-02
7.940000000000000000e+14	4.000000000000000000e+00	3.744014189057774666e-02
1.000000000000000000e+15	4.000000000000000000e+00	3.263451373744541417e-02
1.260000000000000000e+15	4.000000000000000000e+00	2.561696721743504310e-02
1.580000000000000000e+15	4.000000000000000000e+00	1.764081854263392993e-02
2.000000000000000000e+15	4.000000000000000000e+00	9.217519100082399372e-03
2.510000000000000000e+15	4.000000000000000000e+00	9.311476564569873011e-04
3.160000000000000000e+15	4.000000000000000000e+00	-6.465521427897047771e-03
3.980000000000000000e+15	4.000000000000000000e+00	-1.265356429264945237e-02
5.010000000000000000e+15	4.000000000000000000e+00	-1.748127588334193530e-02
6.310000000000000000e+15	4.000000000000000000e+00	-2.098531683098837919e-02
7.940000000000000000e+15	4.000000000000000000e+00	-2.325536043736329411e-02
1.000000000000000000e+16	4.000000000000000000e+00	-2.446851781949560545e-02
1.260000000000000000e+16	4.000000000000000000e+00	-2.479534171389625313e-02
1.580000000000000000e+16	4.000000000000000000e+00	-2.445242381367108975e-02
2.000000000000000000e+16	4.000000000000000000e+00	-2.353406482152216317e-02
2.510000000000000000e+16	4.000000000000000000e+00	-2.230328064183220368e-02
3.160000000000000000e+16	4.000000000000000000e+00	-2.080829813883272941e-02
3.980000000000000000e+16	4.000000000000000000e+00	-1.917085822106082485e-02
5.010000000000000000e+16	4.000000000000000000e+00	-1.748056044985564494e-02
6.310000000000000000e+16	4.000000000000000000e+00	-1.579052839119196236e-02
7.940000000000000000e+16	4.000000000000000000e+00	-1.415914179971866811e-02
1.000000000000000000e+17	4.000000000000000000e+00	-1.260118487282431768e-02
1.000000000000000000e+11	6.000000000000000000e+00	1.142796049333897014e-05
1.258925411794166107e+11	6.000000000000000000e+00	1.440049851394655638e-05
1.584893192461110840e+11	6.000000000000000000e+00	1.815758804831163641e-05
1.995262314968882751e+11	6.000000000000000000e+00	2.291861754919483565e-05
2.511886431509582214e+11	6.000000000000000000e+00	2.897761942404339977e-05
3.162277660168379517e+11	6.000000000000000000e+00	3.674063030666764221e-05
3.981071705534969482e+11	6.000000000000000000e+00	4.677748925986908535e-05
5.011872336272714844e+11	6.000000000000000000e+00	5.987708344136764881e-05
6.309573444801943359e+11	6.000000000000000000e+00	7.662715284627506199e-05
7.943282347242821045e+11	6.000000000000000000e+00	9.065515601505396283e-05
1.000000000000000000e+12	6.000000000000000000e+00	1.058556444584033725e-04
1.260000000000000000e+12	6.000000000000000000e+00	1.307279083310605380e-04
1.580000000000000000e+12	6.000000000000000000e+00	1.612427360101746805e-04
2.000000000000000000e+12	6.000000000000000000e+00	2.014358166403532936e-04
2.510000000000000000e+12	6.000000000000000000e+00	2.512942881577266262e-04
3.160000000000000000e+12	6.000000000000000000e+00	3.147122701132318897e-04
3.980000000000000000e+12	6.000000000000000000e+00	3.950433846516753986e-04
5.010000000000000000e+12	6.000000000000000000e+00	4.961367458682056260e-04
6.310000000000000000e+12	6.000000000000000000e+00	6.242111585145869316e-04
7.940000000000000000e+12	6.000000000000000000e+00	7.854115160784693123e-04
1.000000000000000000e+13	6.000000000000000000e+00	9.904190326949560957e-04
1.260000000000000000e+13	6.000000000000000000e+00	1.250577645750863484e-03
1.580000000000000000e+13	6.000000000000000000e+00	1.572924792607110220e-03
2.000000000000000000e+13	6.000000000000000000e+00	1.998686697355023072e-03
2.510000000000000000e+13	6.000000000000000000e+00	2.514323548878569497e-03
3.160000000000000000e+13	6.000000000000000000e+00	3.160352258647994034e-03
3.980000000000000000e+13	6.000000000000000000e+00	3.941649242065801625e-03
5.010000000000000000e+13	6.000000000000000000e+00	4.851974205438406955e-03
6.310000000000000000e+13	6.000000000000000000e+00	5.918723238652141318e-03
7.940000000000000000e+13	6.000000000000000000e+00	7.187059213499233899e-03
1.000000000000000000e+14	6.000000000000000000e+00	8.826088793167092064e-03
1.260000000000000000e+14	6.000000000000000000e+00	1.106628972514467346e-02
1.580000000000000000e+14	6.000000000000000000e+00	1.410136112179883119e-02
2.000000000000000000e+14	6.000000000000000000e+00	1.845049428775446393e-02
2.510000000000000000e+14	6.000000000000000000e+00	2.374992669426728362e-02
3.160000000000000000e+14	6.000000000000000000e+00	2.959117297461984208e-02
3.980000000000000000e+14	6.000000000000000000e+00	3.495080636518532735e-02
5.010000000000000000e+14	6.000000000000000000e+00	3.873540182952753957e-02
6.310000000000000000e+14	6.000000000000000000e+00	3.976903217072884356e-02
7.940000000000000000e+14	6.000000000000000000e+00	3.748752503123125440e-02
1.000000000000000000e+15	6.000000000000000000e+00	3.258223654420009524e-02
1.260000000000000000e+15	6.000000000000000000e+00	2.573006258099189147e-02
1.580000000000000000e+15	6.000000000000000000e+00	1.747766096893734258e-02
2.000000000000000000e+15	6.000000000000000000e+00	8.810928169446225269e-03
2.510000000000000000e+15	6.000000000000000000e+00	8.021303438445154341e-04
3.160000000000000000e+15	6.000000000000000000e+00	-6.493723529827506377e-03
3.980000000000000000e+15	6.000000000000000000e+00	-1.261510029092111074e-02
5.010000000000000000e+15	6.000000000000000000e+00	-1.739534161216947650e-02
6.310000000000000000e+15	6.000000000000000000e+00	-2.086587470375845035e-02
7.940000000000000000e+15	6.000000000000000000e+00	-2.311371923070210110e-02
1.000000000000000000e+16	6.000000000000000000e+00	-2.431371543517258510e-02
1.260000000000000000e+16	6.000000000000000000e+00	-2.463472186093525543e-02
1.580000000000000000e+16	6.000000000000000000e+00	-2.429152439475972675e-02
2.000000000000000000e+16	6.000000000000000000e+00	-2.337724710142739457e-02
2.510000000000000000e+16	6.000000000000000000e+00	-2.215362686763790168e-02
3.160000000000000000e+16	6.000000000000000000e+00	-2.066778035305038425e-02
3.980000000000000000e+16	6.000000000000000000e+00	-1.904070791548721775e-02
5.010000000000000000e+16	6.000000000000000000e+00	-1.736148598242921379e-02
6.310000000000000000e+16	6.000000000000000000e+00	-1.568255568384093260e-02
7.940000000000000000e+16	6.000000000000000000e+00	-1.406209084566903411e-02
1.000000000000000000e+17	6.000000000000000000e+00	-1.251464132329243098e-02
1.000000000000000000e+11	8.000000000000000000e+00	1.073985810722737164e-05
1.258925411794166107e+11	8.000000000000000000e+00	1.353306754166955071e-05
1.584893192461110840e+11	8.000000000000000000e+00	1.706318570428050786e-05
1.995262314968882751e+11	8.000000000000000000e+00	2.153591515887196881e-05
2.511886431509582214e+11	8.000000000000000000e+00	2.722672146974367162e-05
3.162277660168379517e+11	8.000000000000000000e+00	3.451508284278576993e-05
3.981071705534969482e+11	8.000000000000000000e+00	4.392940489812358009e-05
5.011872336272714844e+11	8.000000000000000000e+00	5.618513820171595218e-05
6.309573444801943359e+11	8.000000000000000000e+00	7.169478891768321042e-05
7.943282347242821045e+11	8.000000000000000000e+00	8.301980412414881796e-05
1.000000000000000000e+12	8.000000000000000000e+00	9.720580227916281050e-05
1.260000000000000000e+12	8.000000000000000000e+00	1.234971306814661911e-04
1.580000000000000000e+12	8.000000000000000000e+00	1.539206716803062538e-04
2.000000000000000000e+12	8.000000000000000000e+00	1.939159383281722853e-04
2.510000000000000000e+12	8.000000000000000000e+00	2.425826232532686587e-04
3.160000000000000000e+12	8.000000000000000000e+00	3.044078521719531484e-04
3.980000000000000000e+12	8.000000000000000000e+00	3.825548267639530451e-04
5.010000000000000000e+12	8.000000000000000000e+00	4.807430368744802503e-04
6.310000000000000000e+12	8.000000000000000000e+00	6.048145686988972867e-04
7.940000000000000000e+12	8.000000000000000000e+00	7.609335356392501722e-04
1.000000000000000000e+13	8.000000000000000000e+00	9.589353453421922951e-04
1.260000000000000000e+13	8.000000000000000000e+00	1.209914261165155559e-03
1.580000000000000000e+13	8.000000000000000000e+00	1.521422704725000283e-03
2.000000000000000000e+13	8.000000000000000000e+00	1.931700798577964560e-03
2.510000000000000000e+13	8.000000000000000000e+00	2.430674229897152819e-03
3.160000000000000000e+13	8.000000000000000000e+00	3.060649166279889519e-03
3.980000000000000000e+13	8.000000000000000000e+00	3.823785769750831769e-03
5.010000000000000000e+13	8.000000000000000000e+00	4.725431473661169737e-03
6.310000000000000000e+13	8.000000000000000000e+00	5.798870505550520089e-03
7.940000000000000000e+13	8.000000000000000000e+00	7.112464731283721711e-03
1.000000000000000000e+14	8.000000000000000000e+00	8.808550977277439589e-03
1.260000000000000000e+14	8.000000000000000000e+00	1.111342184938019818e-02
1.580000000000000000e+14	8.000000000000000000e+00	1.423556177675941448e-02
2.000000000000000000e+14	8.000000000000000000e+00	1.866651957817050400e-02
2.510000000000000000e+14	8.000000000000000000e+00	2.399049917174878033e-02
3.160000000000000000e+14	8.000000000000000000e+00	2.992736886650962380e-02
3.980000000000000000e+14	8.000000000000000000e+00	3.541432230498086503e-02
5.010000000000000000e+14	8.000000000000000000e+00	3.896838736804217329e-02
6.310000000000000000e+14	8.000000000000000000e+00	3.990750071077814320e-02
7.940000000000000000e+14	8.000000000000000000e+00	3.821272566858986003e-02
1.000000000000000000e+15	8.000000000000000000e+00	3.338137703806534629e-02
1.260000000000000000e+15	8.000000000000000000e+00	2.656871512210304612e-02
1.580000000000000000e+15	8.000000000000000000e+00	1.894075845224391791e-02
2.000000000000000000e+15	8.000000000000000000e+00	9.971733677314716451e-03
2.510000000000000000e+15	8.000000000000000000e+00	1.350306065304635516e-03
3.160000000000000000e+15	8.000000000000000000e+00	-6.258339954710837212e-03
3.980000000000000000e+15	8.000000000000000000e+00	-1.260420150394219591e-02
5.010000000000000000e+15	8.000000000000000000e+00	-1.755105429265623601e-02
6.310000000000000000e+15	8.000000000000000000e+00	-2.114163451508643821e-02
7.940000000000000000e+15	8.000000000000000000e+00	-2.347294779584070332e-02
1.000000000000000000e+16	8.000000000000000000e+00	-2.472543773883602303e-02
1.260000000000000000e+16	8.000000000000000000e+00	-2.507467550465082920e-02
1.580000000000000000e+16	8.000000000000000000e+00	-2.474376690509611995e-02
2.000000000000000000e+16	8.000000000000000000e+00	-2.382087602546408694e-02
2.510000000000000000e+16	8.000000000000000000e+00	-2.258150687981935051e-02
3.160000000000000000e+16	8.000000000000000000e+00	-2.107487909646658247e-02
3.980000000000000000e+16	8.000000000000000000e+00	-1.941774845535974847e-02
5.010000000000000000e+16	8.000000000000000000e+00	-1.770834299559427213e-02
6.310000000000000000e+16	8.000000000000000000e+00	-1.599853607953913293e-02
7.940000000000000000e+16	8.000000000000000000e+00	-1.434656334768669161e-02
1.000000000000000000e+17	8.000000000000000000e+00	-1.276895637353819488e-02
1.000000000000000000e+11	1.000000000000000000e+01	1.013136541793661379e-05
1.258925411794166107e+11	1.000000000000000000e+01	1.276615481832966105e-05
1.584893192461110840e+11	1.000000000000000000e+01	1.609630903550193415e-05
1.995262314968882751e+11	1.000000000000000000e+01	2.031556917065965371e-05
2.511886431509582214e+11	1.000000000000000000e+01	2.568418828551003691e-05
3.162277660168379517e+11	1.000000000000000000e+01	3.255965695175410958e-05
3.981071705534969482e+11	1.000000000000000000e+01	4.143968629530818171e-05
5.011872336272714844e+11	1.000000000000000000e+01	5.297827813076373389e-05
6.309573444801943359e+11	1.000000000000000000e+01	6.748840178556665150e-05
7.943282347242821045e+11	1.000000000000000000e+01	7.682355317134752031e-05
1.000000000000000000e+12	1.000000000000000000e+01	9.010802690932547443e-05
1.260000000000000000e+12	1.000000000000000000e+01	1.168996125101024456e-04
1.580000000000000000e+12	1.000000000000000000e+01	1.466825878264892830e-04
2.000000000000000000e+12	1.000000000000000000e+01	1.852424513096520434e-04
2.510000000000000000e+12	1.000000000000000000e+01	2.320945296657732544e-04
3.160000000000000000e+12	1.000000000000000000e+01	2.918328226133536899e-04
3.980000000000000000e+12	1.000000000000000000e+01	3.669991639340838244e-04
5.010000000000000000e+12	1.000000000000000000e+01	4.614329388399996757e-04
6.310000000000000000e+12	1.000000000000000000e+01	5.806941732372787775e-04
7.940000000000000000e+12	1.000000000000000000e+01	7.305598000941931382e-04
1.000000000000000000e+13	1.000000000000000000e+01	9.203466407913090666e-04
1.260000000000000000e+13	1.000000000000000000e+01	1.161061444250011034e-03
1.580000000000000000e+13	1.000000000000000000e+01	1.457259301835247363e-03
2.000000000000000000e+13	1.000000000000000000e+01	1.849245443552510488e-03
2.510000000000000000e+13	1.000000000000000000e+01	2.327856535955062558e-03
3.160000000000000000e+13	1.000000000000000000e+01	2.928635710923037198e-03
3.980000000000000000e+13	1.000000000000000000e+01	3.671773438273598540e-03
5.010000000000000000e+13	1.000000000000000000e+01	4.559120143520794914e-03
6.310000000000000000e+13	1.000000000000000000e+01	5.627588844761019157e-03
7.940000000000000000e+13	1.000000000000000000e+01	6.952085813509787521e-03
1.000000000000000000e+14	1.000000000000000000e+01	8.662397364355062246e-03
1.260000000000000000e+14	1.000000000000000000e+01	1.097414339826098366e-02
1.580000000000000000e+14	1.000000000000000000e+01	1.408877520433893249e-02
2.000000000000000000e+14	1.000000000000000000e+01	1.843897401697231972e-02
2.510000000000000000e+14	1.000000000000000000e+01	2.382596599378579774e-02
3.160000000000000000e+14	1.000000000000000000e+01	2.970091360939099145e-02
3.980000000000000000e+14	1.000000000000000000e+01	3.501513325747784150e-02
5.010000000000000000e+14	1.000000000000000000e+01	3.865364714083532188e-02
6.310000000000000000e+14	1.000000000000000000e+01	3.963090128891817027e-02
7.940000000000000000e+14	1.000000000000000000e+01	3.669655113780632971e-02
1.000000000000000000e+15	1.000000000000000000e+01	3.212541213306849275e-02
1.260000000000000000e+15	1.000000000000000000e+01	2.532860803924870743e-02
1.580000000000000000e+15	1.000000000000000000e+01	1.648512009193418143e-02
2.000000000000000000e+15	1.000000000000000000e+01	8.789982356924175982e-03
2.510000000000000000e+15	1.000000000000000000e+01	7.642314246003212470e-04
3.160000000000000000e+15	1.000000000000000000e+01	-6.431366950730015540e-03
3.980000000000000000e+15	1.000000000000000000e+01	-1.246218277013637354e-02
5.010000000000000000e+15	1.000000000000000000e+01	-1.717112182400726619e-02
6.310000000000000000e+15	1.000000000000000000e+01	-2.058809723754349841e-02
7.940000000000000000e+15	1.000000000000000000e+01	-2.280135254754340340e-02
1.000000000000000000e+16	1.000000000000000000e+01	-2.398148851692482805e-02
1.260000000000000000e+16	1.000000000000000000e+01	-2.429587612878819289e-02
1.580000000000000000e+16	1.000000000000000000e+01	-2.395587388912577900e-02
2.000000000000000000e+16	1.000000000000000000e+01	-2.305329649871276990e-02
2.510000000000000000e+16	1.000000000000000000e+01	-2.184567868403912427e-02
3.160000000000000000e+16	1.000000000000000000e+01	-2.038033970819051049e-02
3.980000000000000000e+16	1.000000000000000000e+01	-1.877514313846112559e-02
5.010000000000000000e+16	1.000000000000000000e+01	-1.711900087768612744e-02
6.310000000000000000e+16	1.000000000000000000e+01	-1.546330587981737011e-02
7.940000000000000000e+16	1.000000000000000000e+01	-1.386535023647251195e-02
1.000000000000000000e+17	1.000000000000000000e+01	-1.233938418109123240e-02
1.000000000000000000e+11	1.200000000000000000e+01	9.856864197058547823e-06
1.258925411794166107e+11	1.200000000000000000e+01	1.242020967182462907e-05
1.584893192461110840e+11	1.200000000000000000e+01	1.565998843037063340e-05
1.995262314968882751e+11	1.200000000000000000e+01	1.976484876657715230e-05
2.511886431509582214e+11	1.200000000000000000e+01	2.498777871511768066e-05
3.162277660168379517e+11	1.200000000000000000e+01	3.167634035936521672e-05
3.981071705534969482e+11	1.200000000000000000e+01	4.031374620229146366e-05
5.011872336272714844e+11	1.200000000000000000e+01	5.153430662424965706e-05
6.309573444801943359e+11	1.200000000000000000e+01	6.557706688351352432e-05
7.943282347242821045e+11	1.200000000000000000e+01	7.398713155209038288e-05
1.000000000000000000e+12	1.200000000000000000e+01	8.684533947200116821e-05
1.260000000000000000e+12	1.200000000000000000e+01	1.137280201196794611e-04
1.580000000000000000e+12	1.200000000000000000e+01	1.432774974821850622e-04
2.000000000000000000e+12	1.200000000000000000e+01	1.816696383723853062e-04
2.510000000000000000e+12	1.200000000000000000e+01	2.278593927358651115e-04
3.160000000000000000e+12	1.200000000000000000e+01	2.866300699457967793e-04
3.980000000000000000e+12	1.200000000000000000e+01	3.607232154707191432e-04
5.010000000000000000e+12	1.200000000000000000e+01	4.536066452198540605e-04
6.310000000000000000e+12	1.200000000000000000e+01	5.709419371656642393e-04
7.940000000000000000e+12	1.200000000000000000e+01	7.182849875169413983e-04
1.000000000000000000e+13	1.200000000000000000e+01	9.050050584415626374e-04
1.260000000000000000e+13	1.200000000000000000e+01	1.140295966487380082e-03
1.580000000000000000e+13	1.200000000000000000e+01	1.432241241203897463e-03
2.000000000000000000e+13	1.200000000000000000e+01	1.817548219861264604e-03
2.510000000000000000e+13	1.200000000000000000e+01	2.285294621437967705e-03
3.160000000000000000e+13	1.200000000000000000e+01	2.879528998134552129e-03
3.980000000000000000e+13	1.200000000000000000e+01	3.605777142502174671e-03
5.010000000000000000e+13	1.200000000000000000e+01	4.492166202591186576e-03
6.310000000000000000e+13	1.200000000000000000e+01	5.575655597489970368e-03
7.940000000000000000e+13	1.200000000000000000e+01	6.909134638704188432e-03
1.000000000000000000e+14	1.200000000000000000e+01	8.635166278312799565e-03
1.260000000000000000e+14	1.200000000000000000e+01	1.095217096993866650e-02
1.580000000000000000e+14	1.200000000000000000e+01	1.407998392865868718e-02
2.000000000000000000e+14	1.200000000000000000e+01	1.852261378853072016e-02
2.510000000000000000e+14	1.200000000000000000e+01	2.385912109055253819e-02
3.160000000000000000e+14	1.200000000000000000e+01	2.976272912789121317e-02
3.980000000000000000e+14	1.200000000000000000e+01	3.512029165178468665e-02
5.010000000000000000e+14	1.200000000000000000e+01	3.873709478640819520e-02
6.310000000000000000e+14	1.200000000000000000e+01	3.990051499867971335e-02
7.940000000000000000e+14	1.200000000000000000e+01	3.778408781915976872e-02
1.000000000000000000e+15	1.200000000000000000e+01	3.188322647317926722e-02
1.260000000000000000e+15	1.200000000000000000e+01	2.533855325784221263e-02
1.580000000000000000e+15	1.200000000000000000e+01	1.743210479353461684e-02
2.000000000000000000e+15	1.200000000000000000e+01	7.886311567860465263e-03
2.510000000000000000e+15	1.200000000000000000e+01	4.815945550790870348e-04
3.160000000000000000e+15	1.200000000000000000e+01	-6.599192795081524308e-03
3.980000000000000000e+15	1.200000000000000000e+01	-1.257720551777751460e-02
5.010000000000000000e+15	1.200000000000000000e+01	-1.725526238174922636e-02
6.310000000000000000e+15	1.200000000000000000e+01	-2.065171070070994166e-02
7.940000000000000000e+15	1.200000000000000000e+01	-2.285046016389715232e-02
1.000000000000000000e+16	1.200000000000000000e+01	-2.401975326038108607e-02
1.260000000000000000e+16	1.200000000000000000e+01	-2.432589601166464111e-02
1.580000000000000000e+16	1.200000000000000000e+01	-2.397964925395854041e-02
2.000000000000000000e+16	1.200000000000000000e+01	-2.307199370949447950e-02
2.510000000000000000e+16	1.200000000000000000e+01	-2.186055324480729381e-02
3.160000000000000000e+16	1.200000000000000000e+01	-2.039155587448817850e-02
3.980000000000000000e+16	1.200000000000000000e+01	-1.878450080129988320e-02
5.010000000000000000e+16	1.200000000000000000e+01	-1.712660084022380944e-02
6.310000000000000000e+16	1.200000000000000000e+01	-1.546921639956745469e-02
7.940000000000000000e+16	1.200000000000000000e+01	-1.387002098920975951e-02
1.000000000000000000e+17	1.200000000000000000e+01	-1.234309444251245093e-02
1.000000000000000000e+11	1.400000000000000000e+01	9.681100488916642556e-06
1.258925411794166107e+11	1.400000000000000000e+01	1.219868384436698807e-05
1.584893192461110840e+11	1.400000000000000000e+01	1.538058478935417026e-05
1.995262314968882751e+11	1.400000000000000000e+01	1.941208069543880541e-05
2.511886431509582214e+11	1.400000000000000000e+01	2.454157593858043480e-05
3.162277660168379517e+11	1.400000000000000000e+01	3.111064209487921124e-05
3.981071705534969482e+11	1.400000000000000000e+01	3.959146211308203387e-05
5.011872336272714844e+11	1.400000000000000000e+01	5.058385337779156845e-05
6.309573444801943359e+11	1.400000000000000000e+01	5.829310609337408881e-05
7.943282347242821045e+11	1.400000000000000000e+01	7.215173935318285135e-05
1.000000000000000000e+12	1.400000000000000000e+01	8.468954358740517923e-05
1.260000000000000000e+12	1.400000000000000000e+01	1.118423349957557353e-04
1.580000000000000000e+12	1.400000000000000000e+01	1.412693984846289123e-04
2.000000000000000000e+12	1.400000000000000000e+01	1.792923358904489493e-04
2.510000000000000000e+12	1.400000000000000000e+01	2.251612479665569095e-04
3.160000000000000000e+12	1.400000000000000000e+01	2.833891676890187513e-04
3.980000000000000000e+12	1.400000000000000000e+01	3.566848594947975609e-04
5.010000000000000000e+12	1.400000000000000000e+01	4.486433027368911457e-04
6.310000000000000000e+12	1.400000000000000000e+01	5.648235315000017754e-04
7.940000000000000000e+12	1.400000000000000000e+01	7.111326773397302643e-04
1.000000000000000000e+13	1.400000000000000000e+01	8.951419856801634805e-04
1.260000000000000000e+13	1.400000000000000000e+01	1.128010348712924892e-03
1.580000000000000000e+13	1.400000000000000000e+01	1.416221318331816479e-03
2.000000000000000000e+13	1.400000000000000000e+01	1.796294734744684728e-03
2.510000000000000000e+13	1.400000000000000000e+01	2.256824940597037480e-03
3.160000000000000000e+13	1.400000000000000000e+01	2.840368253637006596e-03
3.980000000000000000e+13	1.400000000000000000e+01	3.577494205143653440e-03
5.010000000000000000e+13	1.400000000000000000e+01	4.470917168118708658e-03
6.310000000000000000e+13	1.400000000000000000e+01	5.547988161169515459e-03
7.940000000000000000e+13	1.400000000000000000e+01	6.886027920312758586e-03
1.000000000000000000e+14	1.400000000000000000e+01	8.620215861678106120e-03
1.260000000000000000e+14	1.400000000000000000e+01	1.095611188640599476e-02
1.580000000000000000e+14	1.400000000000000000e+01	1.409678392978019716e-02
2.000000000000000000e+14	1.400000000000000000e+01	1.850483273806833792e-02
2.510000000000000000e+14	1.400000000000000000e+01	2.392601049687953507e-02
3.160000000000000000e+14	1.400000000000000000e+01	2.991611466317782228e-02
3.980000000000000000e+14	1.400000000000000000e+01	3.514582506754871521e-02
5.010000000000000000e+14	1.400000000000000000e+01	3.848976922416721957e-02
6.310000000000000000e+14	1.400000000000000000e+01	3.940610142217809003e-02
7.940000000000000000e+14	1.400000000000000000e+01	3.884123447814000207e-02
1.000000000000000000e+15	1.400000000000000000e+01	3.466732385739580008e-02
1.260000000000000000e+15	1.400000000000000000e+01	2.605619900865209157e-02
1.580000000000000000e+15	1.400000000000000000e+01	1.869263733153172374e-02
2.000000000000000000e+15	1.400000000000000000e+01	1.105590989439388105e-02
2.510000000000000000e+15	1.400000000000000000e+01	1.797183502988059997e-03
3.160000000000000000e+15	1.400000000000000000e+01	-5.961946694124897403e-03
3.980000000000000000e+15	1.400000000000000000e+01	-1.238838646401106865e-02
5.010000000000000000e+15	1.400000000000000000e+01	-1.738753586816905311e-02
6.310000000000000000e+15	1.400000000000000000e+01	-2.101530899342610517e-02
7.940000000000000000e+15	1.400000000000000000e+01	-2.337420096809670472e-02
1.000000000000000000e+16	1.400000000000000000e+01	-2.464734048974873484e-02
1.260000000000000000e+16	1.400000000000000000e+01	-2.501344353909430024e-02
1.580000000000000000e+16	1.400000000000000000e+01	-2.469210392521221584e-02
2.000000000000000000e+16	1.400000000000000000e+01	-2.378231323113006584e-02
2.510000000000000000e+16	1.400000000000000000e+01	-2.255101790674072723e-02
3.160000000000000000e+16	1.400000000000000000e+01	-2.104836530728862454e-02
3.980000000000000000e+16	1.400000000000000000e+01	-1.939856220048035568e-02
5.010000000000000000e+16	1.400000000000000000e+01	-1.769290787163535841e-02
6.310000000000000000e+16	1.400000000000000000e+01	-1.598586794970162719e-02
7.940000000000000000e+16	1.400000000000000000e+01	-1.433691525143231810e-02
1.000000000000000000e+17	1.400000000000000000e+01	-1.276132531432926619e-02
1.000000000000000000e+11	1.600000000000000000e+01	9.531856493782546423e-06
1.258925411794166107e+11	1.600000000000000000e+01	1.201067429590329338e-05
1.584893192461110840e+11	1.600000000000000000e+01	1.514366146706967994e-05
1.995262314968882751e+11	1.600000000000000000e+01	1.911327221994947115e-05
2.511886431509582214e+11	1.600000000000000000e+01	2.416431966866252695e-05
3.162277660168379517e+11	1.600000000000000000e+01	3.063309185169416809e-05
3.981071705534969482e+11	1.600000000000000000e+01	3.898572358978061629e-05
5.011872336272714844e+11	1.600000000000000000e+01	4.982954248970828623e-05
6.309573444801943359e+11	1.600000000000000000e+01	6.334168418854238503e-05
7.943282347242821045e+11	1.600000000000000000e+01	7.073585644716658333e-05
1.000000000000000000e+12	1.600000000000000000e+01	8.296487440713342461e-05
1.260000000000000000e+12	1.600000000000000000e+01	1.101567263352262380e-04
1.580000000000000000e+12	1.600000000000000000e+01	1.394236731144596884e-04
2.000000000000000000e+12	1.600000000000000000e+01	1.769511534881171885e-04
2.510000000000000000e+12	1.600000000000000000e+01	2.222578942171248094e-04
3.160000000000000000e+12	1.600000000000000000e+01	2.796974103504840364e-04
3.980000000000000000e+12	1.600000000000000000e+01	3.521213251226920594e-04
5.010000000000000000e+12	1.600000000000000000e+01	4.430780577429273715e-04
6.310000000000000000e+12	1.600000000000000000e+01	5.578180520229578457e-04
7.940000000000000000e+12	1.600000000000000000e+01	7.019968846166263488e-04
1.000000000000000000e+13	1.600000000000000000e+01	8.837838305867922340e-04
1.260000000000000000e+13	1.600000000000000000e+01	1.114232176102181388e-03
1.580000000000000000e+13	1.600000000000000000e+01	1.398118638741458440e-03
2.000000000000000000e+13	1.600000000000000000e+01	1.772336422801949491e-03
2.510000000000000000e+13	1.600000000000000000e+01	2.230202347446339200e-03
3.160000000000000000e+13	1.600000000000000000e+01	2.809825516571279845e-03
3.980000000000000000e+13	1.600000000000000000e+01	3.530283854990213122e-03
5.010000000000000000e+13	1.600000000000000000e+01	4.404519768515447430e-03
6.310000000000000000e+13	1.600000000000000000e+01	5.479520356765775653e-03
7.940000000000000000e+13	1.600000000000000000e+01	6.830275154859472703e-03
1.000000000000000000e+14	1.600000000000000000e+01	8.577124177930326929e-03
1.260000000000000000e+14	1.600000000000000000e+01	1.094031019015515374e-02
1.580000000000000000e+14	1.600000000000000000e+01	1.409878198078250502e-02
2.000000000000000000e+14	1.600000000000000000e+01	1.856053405376796236e-02
2.510000000000000000e+14	1.600000000000000000e+01	2.382152703399519761e-02
3.160000000000000000e+14	1.600000000000000000e+01	2.970602049188186475e-02
3.980000000000000000e+14	1.600000000000000000e+01	3.529511727798296389e-02
5.010000000000000000e+14	1.600000000000000000e+01	3.920539601631423815e-02
6.310000000000000000e+14	1.600000000000000000e+01	3.963733243599083106e-02
7.940000000000000000e+14	1.600000000000000000e+01	3.621952525330632278e-02
1.000000000000000000e+15	1.600000000000000000e+01	3.163324781963395421e-02
1.260000000000000000e+15	1.600000000000000000e+01	2.638129800314114801e-02
1.580000000000000000e+15	1.600000000000000000e+01	1.778263545317796193e-02
2.000000000000000000e+15	1.600000000000000000e+01	8.094682220864818367e-03
2.510000000000000000e+15	1.600000000000000000e+01	6.259953325756491618e-04
3.160000000000000000e+15	1.600000000000000000e+01	-6.493240618637210852e-03
3.980000000000000000e+15	1.600000000000000000e+01	-1.249698310931807166e-02
5.010000000000000000e+15	1.600000000000000000e+01	-1.718574670041333324e-02
6.310000000000000000e+15	1.600000000000000000e+01	-2.060340156382845650e-02
7.940000000000000000e+15	1.600000000000000000e+01	-2.281249752460460384e-02
1.000000000000000000e+16	1.600000000000000000e+01	-2.398981004663899852e-02
1.260000000000000000e+16	1.600000000000000000e+01	-2.430224047840089455e-02
1.580000000000000000e+16	1.600000000000000000e+01	-2.396084120767026648e-02
2.000000000000000000e+16	1.600000000000000000e+01	-2.305714011449707182e-02
2.510000000000000000e+16	1.600000000000000000e+01	-2.184874365923778969e-02
3.160000000000000000e+16	1.600000000000000000e+01	-2.038218627230650032e-02
3.980000000000000000e+16	1.600000000000000000e+01	-1.877706669247003121e-02
5.010000000000000000e+16	1.600000000000000000e+01	-1.712067464458086330e-02
6.310000000000000000e+16	1.600000000000000000e+01	-1.546450137324063487e-02
7.940000000000000000e+16	1.600000000000000000e+01	-1.386630035744633622e-02
1.000000000000000000e+17	1.600000000000000000e+01	-1.234012426667085126e-02
1.000000000000000000e+11	1.800000000000000000e+01	9.480895280262343857e-06
1.258925411794166107e+11	1.800000000000000000e+01	1.194642003537156500e-05
1.584893192461110840e+11	1.800000000000000000e+01	1.506258043859398946e-05
1.995262314968882751e+11	1.800000000000000000e+01	1.901084714629942178e-05
2.511886431509582214e+11	1.800000000000000000e+01	2.403464605688310514e-05
3.162277660168379517e+11	1.800000000000000000e+01	3.046860072227798249e-05
3.981071705534969482e+11	1.800000000000000000e+01	3.877468825236337046e-05
5.011872336272714844e+11	1.800000000000000000e+01	4.953617357124607504e-05
6.309573444801943359e+11	1.800000000000000000e+01	6.297627517261058345e-05
7.943282347242821045e+11	1.800000000000000000e+01	7.015121922136833936e-05
1.000000000000000000e+12	1.800000000000000000e+01	8.244864560815692194e-05
1.260000000000000000e+12	1.800000000000000000e+01	1.096027475312165184e-04
1.580000000000000000e+12	1.800000000000000000e+01	1.386289973959174996e-04
2.000000000000000000e+12	1.800000000000000000e+01	1.761831466164379882e-04
2.510000000000000000e+12	1.800000000000000000e+01	2.214708882727583594e-04
3.160000000000000000e+12	1.800000000000000000e+01	2.789691997445374843e-04
3.980000000000000000e+12	1.800000000000000000e+01	3.513188221112788332e-04
5.010000000000000000e+12	1.800000000000000000e+01	4.421229385524385463e-04
6.310000000000000000e+12	1.800000000000000000e+01	5.565767165587454232e-04
7.940000000000000000e+12	1.800000000000000000e+01	6.999109705504571533e-04
1.000000000000000000e+13	1.800000000000000000e+01	8.822257171744723060e-04
1.260000000000000000e+13	1.800000000000000000e+01	1.111825592271589941e-03
1.580000000000000000e+13	1.800000000000000000e+01	1.395162726409929959e-03
2.000000000000000000e+13	1.800000000000000000e+01	1.770020529374024838e-03
2.510000000000000000e+13	1.800000000000000000e+01	2.225235550480404202e-03
3.160000000000000000e+13	1.800000000000000000e+01	2.806863288882322297e-03
3.980000000000000000e+13	1.800000000000000000e+01	3.514925819050850053e-03
5.010000000000000000e+13	1.800000000000000000e+01	4.391113377983222286e-03
6.310000000000000000e+13	1.800000000000000000e+01	5.496654113103001046e-03
7.940000000000000000e+13	1.800000000000000000e+01	6.866270519546103894e-03
1.000000000000000000e+14	1.800000000000000000e+01	8.635360224212395089e-03
1.260000000000000000e+14	1.800000000000000000e+01	1.099771485659890510e-02
1.580000000000000000e+14	1.800000000000000000e+01	1.415025341363503573e-02
2.000000000000000000e+14	1.800000000000000000e+01	1.866747876895865493e-02
2.510000000000000000e+14	1.800000000000000000e+01	2.416322372034773736e-02
3.160000000000000000e+14	1.800000000000000000e+01	3.005002800322624512e-02
3.980000000000000000e+14	1.800000000000000000e+01	3.546368312926033439e-02
5.010000000000000000e+14	1.800000000000000000e+01	3.883598913599498742e-02
6.310000000000000000e+14	1.800000000000000000e+01	4.040366554040199232e-02
7.940000000000000000e+14	1.800000000000000000e+01	3.916716860628768893e-02
1.000000000000000000e+15	1.800000000000000000e+01	3.362755212277104833e-02
1.260000000000000000e+15	1.800000000000000000e+01	2.570968385761444527e-02
1.580000000000000000e+15	1.800000000000000000e+01	1.848273301544424083e-02
2.000000000000000000e+15	1.800000000000000000e+01	1.091221718298087708e-02
2.510000000000000000e+15	1.800000000000000000e+01	1.691713206939746226e-03
3.160000000000000000e+15	1.800000000000000000e+01	-6.041909294996596416e-03
3.980000000000000000e+15	1.800000000000000000e+01	-1.245005836646831746e-02
5.010000000000000000e+15	1.800000000000000000e+01	-1.743563747705851111e-02
6.310000000000000000e+15	1.800000000000000000e+01	-2.105273113811200955e-02
7.940000000000000000e+15	1.800000000000000000e+01	-2.340351226312147384e-02
1.000000000000000000e+16	1.800000000000000000e+01	-2.467137761932730947e-02
1.260000000000000000e+16	1.800000000000000000e+01	-2.503210823158474874e-02
1.580000000000000000e+16	1.800000000000000000e+01	-2.470692783299237652e-02
2.000000000000000000e+16	1.800000000000000000e+01	-2.379426149711048877e-02
2.510000000000000000e+16	1.800000000000000000e+01	-2.256034090238680581e-02
3.160000000000000000e+16	1.800000000000000000e+01	-2.105577079309040381e-02
3.980000000000000000e+16	1.800000000000000000e+01	-1.940440956334737316e-02
5.010000000000000000e+16	1.800000000000000000e+01	-1.769758318638139580e-02
6.310000000000000000e+16	1.800000000000000000e+01	-1.598953045836100026e-02
7.940000000000000000e+16	1.800000000000000000e+01	-1.433985941031816480e-02
1.000000000000000000e+17	1.800000000000000000e+01	-1.276368323724610433e-02
