1.000000000000000000e+11	5.000000000000000000e-01	1.652605746288543669e-05
1.258925411794166107e+11	5.000000000000000000e-01	2.083205027462973154e-05
1.584893192461110840e+11	5.000000000000000000e-01	2.628182433814826684e-05
1.995262314968882751e+11	5.000000000000000000e-01	3.320192770107682941e-05
2.511886431509582214e+11	5.000000000000000000e-01	4.203777233388134244e-05
3.162277660168379517e+11	5.000000000000000000e-01	5.342193828104602811e-05
3.981071705534969482e+11	5.000000000000000000e-01	6.829776805012477490e-05
5.011872336272714844e+11	5.000000000000000000e-01	8.817381164524108587e-05
6.309573444801943359e+11	5.000000000000000000e-01	1.154562598034284863e-04
7.943282347242821045e+11	5.000000000000000000e-01	1.556485303417152436e-04
1.000000000000000000e+12	5.000000000000000000e-01	1.763071472930616225e-04
1.260000000000000000e+12	5.000000000000000000e-01	1.784480094320270687e-04
1.580000000000000000e+12	5.000000000000000000e-01	2.013882546367415057e-04
2.000000000000000000e+12	5.000000000000000000e-01	2.381258805287308762e-04
2.510000000000000000e+12	5.000000000000000000e-01	2.863481547291870538e-04
3.160000000000000000e+12	5.000000000000000000e-01	3.504000617635947873e-04
3.980000000000000000e+12	5.000000000000000000e-01	4.328610698884014234e-04
5.010000000000000000e+12	5.000000000000000000e-01	5.375078010350850533e-04
6.310000000000000000e+12	5.000000000000000000e-01	6.703778680107251413e-04
7.940000000000000000e+12	5.000000000000000000e-01	8.380841374286340188e-04
1.000000000000000000e+13	5.000000000000000000e-01	1.049325397994504364e-03
1.260000000000000000e+13	5.000000000000000000e-01	1.310860721981436721e-03
1.580000000000000000e+13	5.000000000000000000e-01	1.628371821019254954e-03
2.000000000000000000e+13	5.000000000000000000e-01	2.048366209289469685e-03
2.510000000000000000e+13	5.000000000000000000e-01	2.567147585965889618e-03
3.160000000000000000e+13	5.000000000000000000e-01	3.236810250746739465e-03
3.980000000000000000e+13	5.000000000000000000e-01	4.080144685862234152e-03
5.010000000000000000e+13	5.000000000000000000e-01	5.108881852030534680e-03
6.310000000000000000e+13	5.000000000000000000e-01	6.348871396375365544e-03
7.940000000000000000e+13	5.000000000000000000e-01	7.833173805359600755e-03
1.000000000000000000e+14	5.000000000000000000e-01	9.657579153147901815e-03
1.260000000000000000e+14	5.000000000000000000e-01	1.200089346104945415e-02
1.580000000000000000e+14	5.000000000000000000e-01	1.504633767055751394e-02
2.000000000000000000e+14	5.000000000000000000e-01	1.928629376561595207e-02
2.510000000000000000e+14	5.000000000000000000e-01	2.441171790995988120e-02
3.160000000000000000e+14	5.000000000000000000e-01	3.005834251382576150e-02
3.980000000000000000e+14	5.000000000000000000e-01	3.521192005384713580e-02
5.010000000000000000e+14	5.000000000000000000e-01	3.865322561714453625e-02
6.310000000000000000e+14	5.000000000000000000e-01	3.945466581240576753e-02
7.940000000000000000e+14	5.000000000000000000e-01	3.730225010357609422e-02
1.000000000000000000e+15	5.000000000000000000e-01	3.230593317081275478e-02
1.260000000000000000e+15	5.000000000000000000e-01	2.537564223206482603e-02
1.580000000000000000e+15	5.000000000000000000e-01	1.740514811697675690e-02
2.000000000000000000e+15	5.000000000000000000e-01	8.785778230779781733e-03
2.510000000000000000e+15	5.000000000000000000e-01	6.550084713908308843e-04
3.160000000000000000e+15	5.000000000000000000e-01	-6.715127694414493344e-03
3.980000000000000000e+15	5.000000000000000000e-01	-1.289694456241956277e-02
5.010000000000000000e+15	5.000000000000000000e-01	-1.772339106414012183e-02
6.310000000000000000e+15	5.000000000000000000e-01	-2.122579590672662650e-02
7.940000000000000000e+15	5.000000000000000000e-01	-2.349216187369234168e-02
1.000000000000000000e+16	5.000000000000000000e-01	-2.469788144233237698e-02
1.260000000000000000e+16	5.000000000000000000e-01	-2.501480120192106638e-02
1.580000000000000000e+16	5.000000000000000000e-01	-2.465991714194728721e-02
2.000000000000000000e+16	5.000000000000000000e-01	-2.372755589550860217e-02
2.510000000000000000e+16	5.000000000000000000e-01	-2.248227607581712237e-02
3.160000000000000000e+16	5.000000000000000000e-01	-2.097243039551083613e-02
3.980000000000000000e+16	5.000000000000000000e-01	-1.931942704742836345e-02
5.010000000000000000e+16	5.000000000000000000e-01	-1.761432400124130285e-02
6.310000000000000000e+16	5.000000000000000000e-01	-1.591002624797030127e-02
7.940000000000000000e+16	5.000000000000000000e-01	-1.426542668441225375e-02
1.000000000000000000e+17	5.000000000000000000e-01	-1.269506115967981852e-02
1.000000000000000000e+11	1.500000000000000000e+00	1.575959944071557041e-05
1.258925411794166107e+11	1.500000000000000000e+00	1.986841017667169106e-05
1.584893192461110840e+11	1.500000000000000000e+00	2.507122039714848314e-05
1.995262314968882751e+11	1.500000000000000000e+00	3.168308321327473930e-05
2.511886431509582214e+11	1.500000000000000000e+00	4.013633188703992819e-05
3.162277660168379517e+11	1.500000000000000000e+00	5.105069694130957576e-05
3.981071705534969482e+11	1.500000000000000000e+00	6.536486724154292184e-05
5.011872336272714844e+11	1.500000000000000000e+00	8.458640262438435963e-05
6.309573444801943359e+11	1.500000000000000000e+00	1.112612259949849372e-04
7.943282347242821045e+11	1.500000000000000000e+00	1.520063543591194618e-04
1.000000000000000000e+12	1.500000000000000000e+00	1.703343906249917027e-04
1.260000000000000000e+12	1.500000000000000000e+00	1.663663363277037642e-04
1.580000000000000000e+12	1.500000000000000000e+00	1.841225778655947816e-04
2.000000000000000000e+12	1.500000000000000000e+00	2.152309161309236567e-04
2.510000000000000000e+12	1.500000000000000000e+00	2.569125587893770026e-04
3.160000000000000000e+12	1.500000000000000000e+00	3.130073873787873797e-04
3.980000000000000000e+12	1.500000000000000000e+00	3.863679428718022092e-04
5.010000000000000000e+12	1.500000000000000000e+00	4.803504353257284209e-04
6.310000000000000000e+12	1.500000000000000000e+00	6.007243787405654569e-04
7.940000000000000000e+12	1.500000000000000000e+00	7.526804605874788928e-04
1.000000000000000000e+13	1.500000000000000000e+00	9.445621766939482373e-04
1.260000000000000000e+13	1.500000000000000000e+00	1.182357980292797223e-03
1.580000000000000000e+13	1.500000000000000000e+00	1.470592632002334097e-03
2.000000000000000000e+13	1.500000000000000000e+00	1.851350074920099292e-03
2.510000000000000000e+13	1.500000000000000000e+00	2.319341030154672967e-03
3.160000000000000000e+13	1.500000000000000000e+00	2.922764319795538579e-03
3.980000000000000000e+13	1.500000000000000000e+00	3.685092855488832607e-03
5.010000000000000000e+13	1.500000000000000000e+00	4.635536098129756054e-03
6.310000000000000000e+13	1.500000000000000000e+00	5.815092553441618926e-03
7.940000000000000000e+13	1.500000000000000000e+00	7.272835785593975352e-03
1.000000000000000000e+14	1.500000000000000000e+00	9.123666888621172200e-03
1.260000000000000000e+14	1.500000000000000000e+00	1.154441338399734250e-02
1.580000000000000000e+14	1.500000000000000000e+00	1.471319902585519097e-02
2.000000000000000000e+14	1.500000000000000000e+00	1.910981202779916260e-02
2.510000000000000000e+14	1.500000000000000000e+00	2.437562301471920406e-02
3.160000000000000000e+14	1.500000000000000000e+00	3.017956944059943525e-02
3.980000000000000000e+14	1.500000000000000000e+00	3.545922358308934569e-02
5.010000000000000000e+14	1.500000000000000000e+00	3.885961397511538545e-02
6.310000000000000000e+14	1.500000000000000000e+00	3.977288341345979611e-02
7.940000000000000000e+14	1.500000000000000000e+00	3.772327276477954044e-02
1.000000000000000000e+15	1.500000000000000000e+00	3.272174062777788439e-02
1.260000000000000000e+15	1.500000000000000000e+00	2.555179336934613674e-02
1.580000000000000000e+15	1.500000000000000000e+00	1.731909431205326186e-02
2.000000000000000000e+15	1.500000000000000000e+00	8.839615037580487653e-03
2.510000000000000000e+15	1.500000000000000000e+00	7.480319628068805762e-04
3.160000000000000000e+15	1.500000000000000000e+00	-6.588806859279636163e-03
3.980000000000000000e+15	1.500000000000000000e+00	-1.274330879402265325e-02
5.010000000000000000e+15	1.500000000000000000e+00	-1.754976620156330214e-02
6.310000000000000000e+15	1.500000000000000000e+00	-2.103757732841700714e-02
7.940000000000000000e+15	1.500000000000000000e+00	-2.329651083250922072e-02
1.000000000000000000e+16	1.500000000000000000e+00	-2.450052248076036582e-02
1.260000000000000000e+16	1.500000000000000000e+00	-2.482056465434216361e-02
1.580000000000000000e+16	1.500000000000000000e+00	-2.447244091514952716e-02
2.000000000000000000e+16	1.500000000000000000e+00	-2.354984020674685125e-02
2.510000000000000000e+16	1.500000000000000000e+00	-2.231583189362735392e-02
3.160000000000000000e+16	1.500000000000000000e+00	-2.081879962052845742e-02
3.980000000000000000e+16	1.500000000000000000e+00	-1.917875000678490038e-02
5.010000000000000000e+16	1.500000000000000000e+00	-1.748684178514980925e-02
6.310000000000000000e+16	1.500000000000000000e+00	-1.579541825031669303e-02
7.940000000000000000e+16	1.500000000000000000e+00	-1.416309771957072715e-02
1.000000000000000000e+17	1.500000000000000000e+00	-1.260430408625982587e-02
1.000000000000000000e+11	2.500000000000000000e+00	1.571657342883493326e-05
1.258925411794166107e+11	2.500000000000000000e+00	1.981564456758432065e-05
1.584893192461110840e+11	2.500000000000000000e+00	2.500775758782604948e-05
1.995262314968882751e+11	2.500000000000000000e+00	3.160912044372460284e-05
2.511886431509582214e+11	2.500000000000000000e+00	4.005550530195105377e-05
3.162277660168379517e+11	2.500000000000000000e+00	5.097467235713531650e-05
3.981071705534969482e+11	2.500000000000000000e+00	6.532234198980447235e-05
5.011872336272714844e+11	2.500000000000000000e+00	8.466699533416872849e-05
6.309573444801943359e+11	2.500000000000000000e+00	1.117134518558031192e-04
7.943282347242821045e+11	2.500000000000000000e+00	1.543780181957255437e-04
1.000000000000000000e+12	2.500000000000000000e+00	1.718861530547773216e-04
1.260000000000000000e+12	2.500000000000000000e+00	1.637041127934307403e-04
1.580000000000000000e+12	2.500000000000000000e+00	1.784277780006063394e-04
2.000000000000000000e+12	2.500000000000000000e+00	2.058340639945866564e-04
2.510000000000000000e+12	2.500000000000000000e+00	2.442381464820963925e-04
3.160000000000000000e+12	2.500000000000000000e+00	2.969742396527911893e-04
3.980000000000000000e+12	2.500000000000000000e+00	3.667912685596725394e-04
5.010000000000000000e+12	2.500000000000000000e+00	4.567826191005612676e-04
6.310000000000000000e+12	2.500000000000000000e+00	5.721159702083528868e-04
7.940000000000000000e+12	2.500000000000000000e+00	7.184179033234472421e-04
1.000000000000000000e+13	2.500000000000000000e+00	9.031362789061750862e-04
1.260000000000000000e+13	2.500000000000000000e+00	1.132611587350591505e-03
1.580000000000000000e+13	2.500000000000000000e+00	1.411304276287928027e-03
2.000000000000000000e+13	2.500000000000000000e+00	1.778861660809966496e-03
2.510000000000000000e+13	2.500000000000000000e+00	2.229767197298985430e-03
3.160000000000000000e+13	2.500000000000000000e+00	2.807666365055656605e-03
3.980000000000000000e+13	2.500000000000000000e+00	3.543404808516320732e-03
5.010000000000000000e+13	2.500000000000000000e+00	4.463640982621107367e-03
6.310000000000000000e+13	2.500000000000000000e+00	5.606845283984171306e-03
7.940000000000000000e+13	2.500000000000000000e+00	7.038870285985984916e-03
1.000000000000000000e+14	2.500000000000000000e+00	8.878626741138991030e-03
1.260000000000000000e+14	2.500000000000000000e+00	1.130485696020046456e-02
1.580000000000000000e+14	2.500000000000000000e+00	1.450393203364878231e-02
2.000000000000000000e+14	2.500000000000000000e+00	1.896257150867843369e-02
2.510000000000000000e+14	2.500000000000000000e+00	2.431333817959245233e-02
3.160000000000000000e+14	2.500000000000000000e+00	3.018738933491841442e-02
3.980000000000000000e+14	2.500000000000000000e+00	3.538983610853324580e-02
5.010000000000000000e+14	2.500000000000000000e+00	3.894542575203140816e-02
6.310000000000000000e+14	2.500000000000000000e+00	3.986576511375518328e-02
7.940000000000000000e+14	2.500000000000000000e+00	3.763382091351516467e-02
1.000000000000000000e+15	2.500000000000000000e+00	3.280623997804568703e-02
1.260000000000000000e+15	2.500000000000000000e+00	2.575324230025102107e-02
1.580000000000000000e+15	2.500000000000000000e+00	1.774878787964843593e-02
2.000000000000000000e+15	2.500000000000000000e+00	9.302447040164718919e-03
2.510000000000000000e+15	2.500000000000000000e+00	9.985794460831158483e-04
3.160000000000000000e+15	2.500000000000000000e+00	-6.412111752665264168e-03
3.980000000000000000e+15	2.500000000000000000e+00	-1.261122909358624276e-02
5.010000000000000000e+15	2.500000000000000000e+00	-1.744834560925479644e-02
6.310000000000000000e+15	2.500000000000000000e+00	-2.095865124726476250e-02
7.940000000000000000e+15	2.500000000000000000e+00	-2.323455175748041779e-02
1.000000000000000000e+16	2.500000000000000000e+00	-2.445169870242670448e-02
1.260000000000000000e+16	2.500000000000000000e+00	-2.478199637170197187e-02
1.580000000000000000e+16	2.500000000000000000e+00	-2.444177269869043587e-02
2.000000000000000000e+16	2.500000000000000000e+00	-2.352565545736343133e-02
2.510000000000000000e+16	2.500000000000000000e+00	-2.229657514130713170e-02
3.160000000000000000e+16	2.500000000000000000e+00	-2.080297366874203635e-02
3.980000000000000000e+16	2.500000000000000000e+00	-1.916664089859428793e-02
5.010000000000000000e+16	2.500000000000000000e+00	-1.747720031654661013e-02
6.310000000000000000e+16	2.500000000000000000e+00	-1.578781604975475206e-02
7.940000000000000000e+16	2.500000000000000000e+00	-1.415702578816990798e-02
1.000000000000000000e+17	2.500000000000000000e+00	-1.259948841946115748e-02
1.000000000000000000e+11	3.500000000000000000e+00	1.590977162804167456e-05
1.258925411794166107e+11	3.500000000000000000e+00	2.006038325676369810e-05
1.584893192461110840e+11	3.500000000000000000e+00	2.531879810634619281e-05
1.995262314968882751e+11	3.500000000000000000e+00	3.200677769466932850e-05
2.511886431509582214e+11	3.500000000000000000e+00	4.056851194093267490e-05
3.162277660168379517e+11	3.500000000000000000e+00	5.164679729849962837e-05
3.981071705534969482e+11	3.500000000000000000e+00	6.622552929949847408e-05
5.011872336272714844e+11	3.500000000000000000e+00	8.594099181343864955e-05
6.309573444801943359e+11	3.500000000000000000e+00	1.136675692762637913e-04
7.943282347242821045e+11	3.500000000000000000e+00	1.586587080887091113e-04
1.000000000000000000e+12	3.500000000000000000e+00	1.759503478414952663e-04
1.260000000000000000e+12	3.500000000000000000e+00	1.638379003312039148e-04
1.580000000000000000e+12	3.500000000000000000e+00	1.762852341192141787e-04
2.000000000000000000e+12	3.500000000000000000e+00	2.015726780026867498e-04
2.510000000000000000e+12	3.500000000000000000e+00	2.378314221063893995e-04
3.160000000000000000e+12	3.500000000000000000e+00	2.888621212363112192e-04
3.980000000000000000e+12	3.500000000000000000e+00	3.565950861094578585e-04
5.010000000000000000e+12	3.500000000000000000e+00	4.441559345274788992e-04
6.310000000000000000e+12	3.500000000000000000e+00	5.572068269188264677e-04
7.940000000000000000e+12	3.500000000000000000e+00	7.009916656686251317e-04
1.000000000000000000e+13	3.500000000000000000e+00	8.824956924259383774e-04
1.260000000000000000e+13	3.500000000000000000e+00	1.109140439332379283e-03
1.580000000000000000e+13	3.500000000000000000e+00	1.384487591784562110e-03
2.000000000000000000e+13	3.500000000000000000e+00	1.744521026557986241e-03
2.510000000000000000e+13	3.500000000000000000e+00	2.187748906377563491e-03
3.160000000000000000e+13	3.500000000000000000e+00	2.762370928440711568e-03
3.980000000000000000e+13	3.500000000000000000e+00	3.485326606018357420e-03
5.010000000000000000e+13	3.500000000000000000e+00	4.382629418905700791e-03
6.310000000000000000e+13	3.500000000000000000e+00	5.512682085580409598e-03
7.940000000000000000e+13	3.500000000000000000e+00	6.935218543073276391e-03
1.000000000000000000e+14	3.500000000000000000e+00	8.769321370675093111e-03
1.260000000000000000e+14	3.500000000000000000e+00	1.120565850985397530e-02
1.580000000000000000e+14	3.500000000000000000e+00	1.441607771371937290e-02
2.000000000000000000e+14	3.500000000000000000e+00	1.888802205104549159e-02
2.510000000000000000e+14	3.500000000000000000e+00	2.428438489144360904e-02
3.160000000000000000e+14	3.500000000000000000e+00	3.020831671233416629e-02
3.980000000000000000e+14	3.500000000000000000e+00	3.557334517054548673e-02
5.010000000000000000e+14	3.500000000000000000e+00	3.919582898607505000e-02
6.310000000000000000e+14	3.500000000000000000e+00	3.997751406797362544e-02
7.940000000000000000e+14	3.500000000000000000e+00	3.769106595973206048e-02
1.000000000000000000e+15	3.500000000000000000e+00	3.273872973691178273e-02
1.260000000000000000e+15	3.500000000000000000e+00	2.600165295792664782e-02
1.580000000000000000e+15	3.500000000000000000e+00	1.803819005606475956e-02
2.000000000000000000e+15	3.500000000000000000e+00	9.187050367503368439e-03
2.510000000000000000e+15	3.500000000000000000e+00	9.897249624312971870e-04
3.160000000000000000e+15	3.500000000000000000e+00	-6.409622347301685910e-03
3.980000000000000000e+15	3.500000000000000000e+00	-1.260641635402416465e-02
5.010000000000000000e+15	3.500000000000000000e+00	-1.744276950240419150e-02
6.310000000000000000e+15	3.500000000000000000e+00	-2.095431888252537872e-02
7.940000000000000000e+15	3.500000000000000000e+00	-2.323042085025177686e-02
1.000000000000000000e+16	3.500000000000000000e+00	-2.444869820341420696e-02
1.260000000000000000e+16	3.500000000000000000e+00	-2.477956312865595839e-02
1.580000000000000000e+16	3.500000000000000000e+00	-2.443981248275673909e-02
2.000000000000000000e+16	3.500000000000000000e+00	-2.352409816588965294e-02
2.510000000000000000e+16	3.500000000000000000e+00	-2.229532693163557150e-02
3.160000000000000000e+16	3.500000000000000000e+00	-2.080197841149173874e-02
3.980000000000000000e+16	3.500000000000000000e+00	-1.916585864745752946e-02
5.010000000000000000e+16	3.500000000000000000e+00	-1.747657259140115646e-02
6.310000000000000000e+16	3.500000000000000000e+00	-1.578732534701739187e-02
7.940000000000000000e+16	3.500000000000000000e+00	-1.415662836696307894e-02
1.000000000000000000e+17	3.500000000000000000e+00	-1.259918973540703237e-02
1.000000000000000000e+11	4.500000000000000000e+00	1.614648168117131945e-05
1.258925411794166107e+11	4.500000000000000000e+00	2.035988135566117179e-05
1.584893192461110840e+11	4.500000000000000000e+00	2.569888889353944645e-05
1.995262314968882751e+11	4.500000000000000000e+00	3.249146156138008350e-05
2.511886431509582214e+11	4.500000000000000000e+00	4.119149457080499707e-05
3.162277660168379517e+11	4.500000000000000000e+00	5.245778216872277826e-05
3.981071705534969482e+11	4.500000000000000000e+00	6.730479993587005789e-05
5.011872336272714844e+11	4.500000000000000000e+00	8.743654602567502686e-05
6.309573444801943359e+11	4.500000000000000000e+00	1.159101904069368062e-04
7.943282347242821045e+11	4.500000000000000000e+00	1.633092268295982541e-04
1.000000000000000000e+12	4.500000000000000000e+00	1.805182803426754064e-04
1.260000000000000000e+12	4.500000000000000000e+00	1.648745297653088175e-04
1.580000000000000000e+12	4.500000000000000000e+00	1.747954101505998941e-04
2.000000000000000000e+12	4.500000000000000000e+00	1.977748256026924201e-04
2.510000000000000000e+12	4.500000000000000000e+00	2.323978547738891930e-04
3.160000000000000000e+12	4.500000000000000000e+00	2.813522412259500892e-04
3.980000000000000000e+12	4.500000000000000000e+00	3.469828291385185508e-04
5.010000000000000000e+12	4.500000000000000000e+00	4.330406286024024312e-04
6.310000000000000000e+12	4.500000000000000000e+00	5.441702713089800183e-04
7.940000000000000000e+12	4.500000000000000000e+00	6.855684583086321541e-04
1.000000000000000000e+13	4.500000000000000000e+00	8.640629419308429706e-04
1.260000000000000000e+13	4.500000000000000000e+00	1.084704446079046668e-03
1.580000000000000000e+13	4.500000000000000000e+00	1.357374482814480620e-03
2.000000000000000000e+13	4.500000000000000000e+00	1.719990833220799882e-03
2.510000000000000000e+13	4.500000000000000000e+00	2.158466658078183036e-03
3.160000000000000000e+13	4.500000000000000000e+00	2.719682772372666868e-03
3.980000000000000000e+13	4.500000000000000000e+00	3.431843928079974810e-03
5.010000000000000000e+13	4.500000000000000000e+00	4.320948452585619826e-03
6.310000000000000000e+13	4.500000000000000000e+00	5.437080239022173966e-03
7.940000000000000000e+13	4.500000000000000000e+00	6.843448613535122252e-03
1.000000000000000000e+14	4.500000000000000000e+00	8.666298760973360077e-03
1.260000000000000000e+14	4.500000000000000000e+00	1.109523088687387402e-02
1.580000000000000000e+14	4.500000000000000000e+00	1.430485553097201115e-02
2.000000000000000000e+14	4.500000000000000000e+00	1.876012385779944960e-02
2.510000000000000000e+14	4.500000000000000000e+00	2.412668304922073459e-02
3.160000000000000000e+14	4.500000000000000000e+00	2.995613263017379152e-02
3.980000000000000000e+14	4.500000000000000000e+00	3.549689299761061428e-02
5.010000000000000000e+14	4.500000000000000000e+00	3.914639799986988772e-02
6.310000000000000000e+14	4.500000000000000000e+00	3.991458486686629697e-02
7.940000000000000000e+14	4.500000000000000000e+00	3.768415675918136004e-02
1.000000000000000000e+15	4.500000000000000000e+00	3.281680649844485181e-02
1.260000000000000000e+15	4.500000000000000000e+00	2.587697480514532244e-02
1.580000000000000000e+15	4.500000000000000000e+00	1.749615795714521901e-02
2.000000000000000000e+15	4.500000000000000000e+00	8.988689877808864886e-03
2.510000000000000000e+15	4.500000000000000000e+00	8.991073650923972959e-04
3.160000000000000000e+15	4.500000000000000000e+00	-6.422762989807087250e-03
3.980000000000000000e+15	4.500000000000000000e+00	-1.256078154184334973e-02
5.010000000000000000e+15	4.500000000000000000e+00	-1.735369624996473473e-02
6.310000000000000000e+15	4.500000000000000000e+00	-2.083263596223322231e-02
7.940000000000000000e+15	4.500000000000000000e+00	-2.308747239464211190e-02
1.000000000000000000e+16	4.500000000000000000e+00	-2.429296191465114135e-02
1.260000000000000000e+16	4.500000000000000000e+00	-2.461827681407676230e-02
1.580000000000000000e+16	4.500000000000000000e+00	-2.427844534717137764e-02
2.000000000000000000e+16	4.500000000000000000e+00	-2.336710259727305117e-02
2.510000000000000000e+16	4.500000000000000000e+00	-2.214539644881044489e-02
3.160000000000000000e+16	4.500000000000000000e+00	-2.066125492659505805e-02
3.980000000000000000e+16	4.500000000000000000e+00	-1.903557481501460050e-02
5.010000000000000000e+16	4.500000000000000000e+00	-1.735736643047735075e-02
6.310000000000000000e+16	4.500000000000000000e+00	-1.567927589723088627e-02
7.940000000000000000e+16	4.500000000000000000e+00	-1.405951577334447339e-02
1.000000000000000000e+17	4.500000000000000000e+00	-1.251256213372228636e-02
1.000000000000000000e+11	5.500000000000000000e+00	1.643489662073438349e-05
1.258925411794166107e+11	5.500000000000000000e+00	2.072442837158215711e-05
1.584893192461110840e+11	5.500000000000000000e+00	2.616073656890841888e-05
1.995262314968882751e+11	5.500000000000000000e+00	3.307899912096766545e-05
2.511886431509582214e+11	5.500000000000000000e+00	4.194357698958951764e-05
3.162277660168379517e+11	5.500000000000000000e+00	5.343095849330503161e-05
3.981071705534969482e+11	5.500000000000000000e+00	6.858788504605044375e-05
5.011872336272714844e+11	5.500000000000000000e+00	8.916933434038155177e-05
6.309573444801943359e+11	5.500000000000000000e+00	1.184959259600791028e-04
7.943282347242821045e+11	5.500000000000000000e+00	1.687122749002265584e-04
1.000000000000000000e+12	5.500000000000000000e+00	1.842349123773511042e-04
1.260000000000000000e+12	5.500000000000000000e+00	1.646807990863833010e-04
1.580000000000000000e+12	5.500000000000000000e+00	1.747239180305894821e-04
2.000000000000000000e+12	5.500000000000000000e+00	1.970850393949668091e-04
2.510000000000000000e+12	5.500000000000000000e+00	2.321787553188306864e-04
3.160000000000000000e+12	5.500000000000000000e+00	2.795289228778854106e-04
3.980000000000000000e+12	5.500000000000000000e+00	3.414663609171013944e-04
5.010000000000000000e+12	5.500000000000000000e+00	4.251742335012621138e-04
6.310000000000000000e+12	5.500000000000000000e+00	5.349786639415218511e-04
7.940000000000000000e+12	5.500000000000000000e+00	6.739055873160537885e-04
1.000000000000000000e+13	5.500000000000000000e+00	8.524506572812304587e-04
1.260000000000000000e+13	5.500000000000000000e+00	1.077410658035938456e-03
1.580000000000000000e+13	5.500000000000000000e+00	1.349804777807375169e-03
2.000000000000000000e+13	5.500000000000000000e+00	1.706581094894719670e-03
2.510000000000000000e+13	5.500000000000000000e+00	2.141895704379631876e-03
3.160000000000000000e+13	5.500000000000000000e+00	2.700444127634927128e-03
3.980000000000000000e+13	5.500000000000000000e+00	3.408409720479214314e-03
5.010000000000000000e+13	5.500000000000000000e+00	4.296096299636661953e-03
6.310000000000000000e+13	5.500000000000000000e+00	5.407726103629990726e-03
7.940000000000000000e+13	5.500000000000000000e+00	6.808146008435930936e-03
1.000000000000000000e+14	5.500000000000000000e+00	8.621826105605490467e-03
1.260000000000000000e+14	5.500000000000000000e+00	1.104322166816654009e-02
1.580000000000000000e+14	5.500000000000000000e+00	1.427453941217986938e-02
2.000000000000000000e+14	5.500000000000000000e+00	1.877423083530366590e-02
2.510000000000000000e+14	5.500000000000000000e+00	2.413565138269172655e-02
3.160000000000000000e+14	5.500000000000000000e+00	3.017668700869388654e-02
3.980000000000000000e+14	5.500000000000000000e+00	3.547366974430139763e-02
5.010000000000000000e+14	5.500000000000000000e+00	3.898134866319033498e-02
6.310000000000000000e+14	5.500000000000000000e+00	4.002070621677131235e-02
7.940000000000000000e+14	5.500000000000000000e+00	3.799039532163248772e-02
1.000000000000000000e+15	5.500000000000000000e+00	3.306219810707717449e-02
1.260000000000000000e+15	5.500000000000000000e+00	2.598832783427281606e-02
1.580000000000000000e+15	5.500000000000000000e+00	1.815343609339304873e-02
2.000000000000000000e+15	5.500000000000000000e+00	9.514254006283254933e-03
2.510000000000000000e+15	5.500000000000000000e+00	1.150166785514022310e-03
3.160000000000000000e+15	5.500000000000000000e+00	-6.298039750110445180e-03
3.980000000000000000e+15	5.500000000000000000e+00	-1.252335302541859353e-02
5.010000000000000000e+15	5.500000000000000000e+00	-1.737964484108544400e-02
6.310000000000000000e+15	5.500000000000000000e+00	-2.090479126170351198e-02
7.940000000000000000e+15	5.500000000000000000e+00	-2.319165031162869275e-02
1.000000000000000000e+16	5.500000000000000000e+00	-2.441806559371178728e-02
1.260000000000000000e+16	5.500000000000000000e+00	-2.475537772917511467e-02
1.580000000000000000e+16	5.500000000000000000e+00	-2.442058026990982789e-02
2.000000000000000000e+16	5.500000000000000000e+00	-2.350894367186298628e-02
2.510000000000000000e+16	5.500000000000000000e+00	-2.228327156831159950e-02
3.160000000000000000e+16	5.500000000000000000e+00	-2.079239888128757083e-02
3.980000000000000000e+16	5.500000000000000000e+00	-1.915824937258769206e-02
5.010000000000000000e+16	5.500000000000000000e+00	-1.747053767764943782e-02
6.310000000000000000e+16	5.500000000000000000e+00	-1.578256144517062309e-02
7.940000000000000000e+16	5.500000000000000000e+00	-1.415281816121385927e-02
1.000000000000000000e+17	5.500000000000000000e+00	-1.259614392181191388e-02
1.000000000000000000e+11	6.500000000000000000e+00	1.674617262969531367e-05
1.258925411794166107e+11	6.500000000000000000e+00	2.111742553223898051e-05
1.584893192461110840e+11	6.500000000000000000e+00	2.665789055819011487e-05
1.995262314968882751e+11	6.500000000000000000e+00	3.370938972750150368e-05
2.511886431509582214e+11	6.500000000000000000e+00	4.274658436640169036e-05
3.162277660168379517e+11	6.500000000000000000e+00	5.446148278839094982e-05
3.981071705534969482e+11	6.500000000000000000e+00	6.992607600013757397e-05
5.011872336272714844e+11	6.500000000000000000e+00	9.094406776970708449e-05
6.309573444801943359e+11	6.500000000000000000e+00	1.209433303737325052e-04
7.943282347242821045e+11	6.500000000000000000e+00	1.724310677932465647e-04
1.000000000000000000e+12	6.500000000000000000e+00	1.913466188243503853e-04
1.260000000000000000e+12	6.500000000000000000e+00	1.716407787678783669e-04
1.580000000000000000e+12	6.500000000000000000e+00	1.765253677955024361e-04
2.000000000000000000e+12	6.500000000000000000e+00	1.935331502747202309e-04
2.510000000000000000e+12	6.500000000000000000e+00	2.238069173272843964e-04
3.160000000000000000e+12	6.500000000000000000e+00	2.707242905579940791e-04
3.980000000000000000e+12	6.500000000000000000e+00	3.347863547484796181e-04
5.010000000000000000e+12	6.500000000000000000e+00	4.188457343711542115e-04
6.310000000000000000e+12	6.500000000000000000e+00	5.279872255299396114e-04
7.940000000000000000e+12	6.500000000000000000e+00	6.694185561510886898e-04
1.000000000000000000e+13	6.500000000000000000e+00	8.463435977053554221e-04
1.260000000000000000e+13	6.500000000000000000e+00	1.066054656581187730e-03
1.580000000000000000e+13	6.500000000000000000e+00	1.335029087070294281e-03
2.000000000000000000e+13	6.500000000000000000e+00	1.690876304896883793e-03
2.510000000000000000e+13	6.500000000000000000e+00	2.129902667211690769e-03
3.160000000000000000e+13	6.500000000000000000e+00	2.689916456182361512e-03
3.980000000000000000e+13	6.500000000000000000e+00	3.395726647493186191e-03
5.010000000000000000e+13	6.500000000000000000e+00	4.275114067416574924e-03
6.310000000000000000e+13	6.500000000000000000e+00	5.381583392189514918e-03
7.940000000000000000e+13	6.500000000000000000e+00	6.781556127227053761e-03
1.000000000000000000e+14	6.500000000000000000e+00	8.602551962162873628e-03
1.260000000000000000e+14	6.500000000000000000e+00	1.102546589962717649e-02
1.580000000000000000e+14	6.500000000000000000e+00	1.422862316146973789e-02
2.000000000000000000e+14	6.500000000000000000e+00	1.871998547880290159e-02
2.510000000000000000e+14	6.500000000000000000e+00	2.412955640678210445e-02
3.160000000000000000e+14	6.500000000000000000e+00	2.998713979758110479e-02
3.980000000000000000e+14	6.500000000000000000e+00	3.538556453284337489e-02
5.010000000000000000e+14	6.500000000000000000e+00	3.918690605202844457e-02
6.310000000000000000e+14	6.500000000000000000e+00	4.017950230682184459e-02
7.940000000000000000e+14	6.500000000000000000e+00	3.779390164714199057e-02
1.000000000000000000e+15	6.500000000000000000e+00	3.288887999851279609e-02
1.260000000000000000e+15	6.500000000000000000e+00	2.592900676633305701e-02
1.580000000000000000e+15	6.500000000000000000e+00	1.753557306513245720e-02
2.000000000000000000e+15	6.500000000000000000e+00	9.018820616682318367e-03
2.510000000000000000e+15	6.500000000000000000e+00	9.226958135907103878e-04
3.160000000000000000e+15	6.500000000000000000e+00	-6.404234406855555291e-03
3.980000000000000000e+15	6.500000000000000000e+00	-1.254617681570312573e-02
5.010000000000000000e+15	6.500000000000000000e+00	-1.734214671055793119e-02
6.310000000000000000e+15	6.500000000000000000e+00	-2.082349643536331174e-02
7.940000000000000000e+15	6.500000000000000000e+00	-2.308055979047099471e-02
1.000000000000000000e+16	6.500000000000000000e+00	-2.428720767400534969e-02
1.260000000000000000e+16	6.500000000000000000e+00	-2.461370977133013616e-02
1.580000000000000000e+16	6.500000000000000000e+00	-2.427480201126324885e-02
2.000000000000000000e+16	6.500000000000000000e+00	-2.336423177615821328e-02
2.510000000000000000e+16	6.500000000000000000e+00	-2.214311156282101553e-02
3.160000000000000000e+16	6.500000000000000000e+00	-2.065943356856203561e-02
3.980000000000000000e+16	6.500000000000000000e+00	-1.903408341792158995e-02
5.010000000000000000e+16	6.500000000000000000e+00	-1.735622120113471459e-02
6.310000000000000000e+16	6.500000000000000000e+00	-1.567780258048557390e-02
7.940000000000000000e+16	6.500000000000000000e+00	-1.405876716635524014e-02
1.000000000000000000e+17	6.500000000000000000e+00	-1.251198051580158094e-02
1.000000000000000000e+11	7.500000000000000000e+00	1.697605152286378312e-05
1.258925411794166107e+11	7.500000000000000000e+00	2.140833930566525908e-05
1.584893192461110840e+11	7.500000000000000000e+00	2.702706225961499882e-05
1.995262314968882751e+11	7.500000000000000000e+00	3.418047752742723607e-05
2.511886431509582214e+11	7.500000000000000000e+00	4.335212515738876699e-05
3.162277660168379517e+11	7.500000000000000000e+00	5.525104692172854354e-05
3.981071705534969482e+11	7.500000000000000000e+00	7.098004274066686923e-05
5.011872336272714844e+11	7.500000000000000000e+00	9.242505038275990485e-05
6.309573444801943359e+11	7.500000000000000000e+00	1.232017286536540716e-04
7.943282347242821045e+11	7.500000000000000000e+00	1.776960509940142693e-04
1.000000000000000000e+12	7.500000000000000000e+00	1.941721061972057571e-04
1.260000000000000000e+12	7.500000000000000000e+00	1.677901660832652414e-04
1.580000000000000000e+12	7.500000000000000000e+00	1.735267736274936825e-04
2.000000000000000000e+12	7.500000000000000000e+00	1.942971087076017988e-04
2.510000000000000000e+12	7.500000000000000000e+00	2.247177002736884662e-04
3.160000000000000000e+12	7.500000000000000000e+00	2.688694543419702185e-04
3.980000000000000000e+12	7.500000000000000000e+00	3.312283952781688466e-04
5.010000000000000000e+12	7.500000000000000000e+00	4.134692554843654019e-04
6.310000000000000000e+12	7.500000000000000000e+00	5.201531546981473910e-04
7.940000000000000000e+12	7.500000000000000000e+00	6.563716422580721322e-04
1.000000000000000000e+13	7.500000000000000000e+00	8.317211872446028534e-04
1.260000000000000000e+13	7.500000000000000000e+00	1.053749632709236441e-03
1.580000000000000000e+13	7.500000000000000000e+00	1.326189663705966675e-03
2.000000000000000000e+13	7.500000000000000000e+00	1.682979893880936096e-03
2.510000000000000000e+13	7.500000000000000000e+00	2.115449540716803946e-03
3.160000000000000000e+13	7.500000000000000000e+00	2.669125229690445106e-03
3.980000000000000000e+13	7.500000000000000000e+00	3.369648040659885442e-03
5.010000000000000000e+13	7.500000000000000000e+00	4.243846206951728227e-03
6.310000000000000000e+13	7.500000000000000000e+00	5.343620019897537057e-03
7.940000000000000000e+13	7.500000000000000000e+00	6.734958978713838362e-03
1.000000000000000000e+14	7.500000000000000000e+00	8.537410976326379602e-03
1.260000000000000000e+14	7.500000000000000000e+00	1.095638373059057771e-02
1.580000000000000000e+14	7.500000000000000000e+00	1.416907639305270590e-02
2.000000000000000000e+14	7.500000000000000000e+00	1.865003454991682671e-02
2.510000000000000000e+14	7.500000000000000000e+00	2.409124449501128667e-02
3.160000000000000000e+14	7.500000000000000000e+00	2.996856609055870146e-02
3.980000000000000000e+14	7.500000000000000000e+00	3.539994678371025105e-02
5.010000000000000000e+14	7.500000000000000000e+00	3.880735467640269304e-02
6.310000000000000000e+14	7.500000000000000000e+00	3.958974685209659672e-02
7.940000000000000000e+14	7.500000000000000000e+00	3.782737183700039807e-02
1.000000000000000000e+15	7.500000000000000000e+00	3.256718101599556658e-02
1.260000000000000000e+15	7.500000000000000000e+00	2.571670474279076635e-02
1.580000000000000000e+15	7.500000000000000000e+00	1.714111004208120070e-02
2.000000000000000000e+15	7.500000000000000000e+00	7.835305466895484822e-03
2.510000000000000000e+15	7.500000000000000000e+00	4.615311872648042999e-04
3.160000000000000000e+15	7.500000000000000000e+00	-6.608503005431576142e-03
3.980000000000000000e+15	7.500000000000000000e+00	-1.258207167392484151e-02
5.010000000000000000e+15	7.500000000000000000e+00	-1.725804088626328725e-02
6.310000000000000000e+15	7.500000000000000000e+00	-2.065341581520433942e-02
7.940000000000000000e+15	7.500000000000000000e+00	-2.285158099333864379e-02
1.000000000000000000e+16	7.500000000000000000e+00	-2.402052907718073282e-02
1.260000000000000000e+16	7.500000000000000000e+00	-2.432645644742604391e-02
1.580000000000000000e+16	7.500000000000000000e+00	-2.398007219495162587e-02
2.000000000000000000e+16	7.500000000000000000e+00	-2.307230779970280421e-02
2.510000000000000000e+16	7.500000000000000000e+00	-2.186079269667052030e-02
3.160000000000000000e+16	7.500000000000000000e+00	-2.039190184375919493e-02
3.980000000000000000e+16	7.500000000000000000e+00	-1.878464556845833855e-02
5.010000000000000000e+16	7.500000000000000000e+00	-1.712651216377760952e-02
6.310000000000000000e+16	7.500000000000000000e+00	-1.546928234429830601e-02
7.940000000000000000e+16	7.500000000000000000e+00	-1.387007626465091951e-02
1.000000000000000000e+17	7.500000000000000000e+00	-1.234315845250997211e-02
1.000000000000000000e+11	8.500000000000000000e+00	1.739365345282660265e-05
1.258925411794166107e+11	8.500000000000000000e+00	2.193565038168723955e-05
1.584893192461110840e+11	8.500000000000000000e+00	2.769420400234353435e-05
1.995262314968882751e+11	8.500000000000000000e+00	3.502673251435897722e-05
2.511886431509582214e+11	8.500000000000000000e+00	4.443110940373916926e-05
3.162277660168379517e+11	8.500000000000000000e+00	5.663718581816173378e-05
3.981071705534969482e+11	8.500000000000000000e+00	7.278563275635774234e-05
5.011872336272714844e+11	8.500000000000000000e+00	9.482609979037967096e-05
6.309573444801943359e+11	8.500000000000000000e+00	1.265968477685463416e-04
7.943282347242821045e+11	8.500000000000000000e+00	1.836029536390484202e-04
1.000000000000000000e+12	8.500000000000000000e+00	2.018360344981933070e-04
1.260000000000000000e+12	8.500000000000000000e+00	1.726019257582230742e-04
1.580000000000000000e+12	8.500000000000000000e+00	1.741319689325375062e-04
2.000000000000000000e+12	8.500000000000000000e+00	1.906990539165440385e-04
2.510000000000000000e+12	8.500000000000000000e+00	2.181455544590405219e-04
3.160000000000000000e+12	8.500000000000000000e+00	2.639936505846706815e-04
3.980000000000000000e+12	8.500000000000000000e+00	3.292158084925507922e-04
5.010000000000000000e+12	8.500000000000000000e+00	4.127701846075743108e-04
6.310000000000000000e+12	8.500000000000000000e+00	5.204862634798811593e-04
7.940000000000000000e+12	8.500000000000000000e+00	6.577492215498492202e-04
1.000000000000000000e+13	8.500000000000000000e+00	8.350962969690981993e-04
1.260000000000000000e+13	8.500000000000000000e+00	1.055653665995901587e-03
1.580000000000000000e+13	8.500000000000000000e+00	1.325222058193135455e-03
2.000000000000000000e+13	8.500000000000000000e+00	1.685220368632559017e-03
2.510000000000000000e+13	8.500000000000000000e+00	2.122537187275599403e-03
3.160000000000000000e+13	8.500000000000000000e+00	2.680160654805728310e-03
3.980000000000000000e+13	8.500000000000000000e+00	3.385091435452561824e-03
5.010000000000000000e+13	8.500000000000000000e+00	4.265307365869545897e-03
6.310000000000000000e+13	8.500000000000000000e+00	5.368137289580296630e-03
7.940000000000000000e+13	8.500000000000000000e+00	6.767922005026485305e-03
1.000000000000000000e+14	8.500000000000000000e+00	8.583028993172684210e-03
1.260000000000000000e+14	8.500000000000000000e+00	1.100974399566119304e-02
1.580000000000000000e+14	8.500000000000000000e+00	1.423607433110344635e-02
2.000000000000000000e+14	8.500000000000000000e+00	1.874494931424281960e-02
2.510000000000000000e+14	8.500000000000000000e+00	2.418389318749818509e-02
3.160000000000000000e+14	8.500000000000000000e+00	3.005291242552749972e-02
3.980000000000000000e+14	8.500000000000000000e+00	3.544169699466204193e-02
5.010000000000000000e+14	8.500000000000000000e+00	3.925461073077043950e-02
6.310000000000000000e+14	8.500000000000000000e+00	4.021829691257051281e-02
7.940000000000000000e+14	8.500000000000000000e+00	3.855407503015564202e-02
1.000000000000000000e+15	8.500000000000000000e+00	3.322357150624301314e-02
1.260000000000000000e+15	8.500000000000000000e+00	2.506690102399783057e-02
1.580000000000000000e+15	8.500000000000000000e+00	1.620238498495433707e-02
2.000000000000000000e+15	8.500000000000000000e+00	7.436922556453185069e-03
2.510000000000000000e+15	8.500000000000000000e+00	1.999048041993066644e-04
3.160000000000000000e+15	8.500000000000000000e+00	-6.796082657392786205e-03
3.980000000000000000e+15	8.500000000000000000e+00	-1.272255447920214028e-02
5.010000000000000000e+15	8.500000000000000000e+00	-1.736582320638123400e-02
6.310000000000000000e+15	8.500000000000000000e+00	-2.073716377828161567e-02
7.940000000000000000e+15	8.500000000000000000e+00	-2.291725519404602673e-02
1.000000000000000000e+16	8.500000000000000000e+00	-2.407227427033647310e-02
1.260000000000000000e+16	8.500000000000000000e+00	-2.436730874933363752e-02
1.580000000000000000e+16	8.500000000000000000e+00	-2.401253880829709239e-02
2.000000000000000000e+16	8.500000000000000000e+00	-2.309791302546529770e-02
2.510000000000000000e+16	8.500000000000000000e+00	-2.188117624488255045e-02
3.160000000000000000e+16	8.500000000000000000e+00	-2.040806759467994613e-02
3.980000000000000000e+16	8.500000000000000000e+00	-1.879749153759652930e-02
5.010000000000000000e+16	8.500000000000000000e+00	-1.713669601372725879e-02
6.310000000000000000e+16	8.500000000000000000e+00	-1.547739829337366896e-02
7.940000000000000000e+16	8.500000000000000000e+00	-1.387651816476773332e-02
1.000000000000000000e+17	8.500000000000000000e+00	-1.234825280491852820e-02
1.000000000000000000e+11	9.500000000000000000e+00	1.741408075302833475e-05
1.258925411794166107e+11	9.500000000000000000e+00	2.196108434046785616e-05
1.584893192461110840e+11	9.500000000000000000e+00	2.772590970778587009e-05
1.995262314968882751e+11	9.500000000000000000e+00	3.506569352599247749e-05
2.511886431509582214e+11	9.500000000000000000e+00	4.447829963210746582e-05
3.162277660168379517e+11	9.500000000000000000e+00	5.669237153028790417e-05
3.981071705534969482e+11	9.500000000000000000e+00	7.284623837897403098e-05
5.011872336272714844e+11	9.500000000000000000e+00	9.488157286045541738e-05
6.309573444801943359e+11	9.500000000000000000e+00	1.266179798565940135e-04
7.943282347242821045e+11	9.500000000000000000e+00	1.834671218611410887e-04
1.000000000000000000e+12	9.500000000000000000e+00	2.005844471986061516e-04
1.260000000000000000e+12	9.500000000000000000e+00	1.735927196429821963e-04
1.580000000000000000e+12	9.500000000000000000e+00	1.779863835627029612e-04
2.000000000000000000e+12	9.500000000000000000e+00	1.939372380665977768e-04
2.510000000000000000e+12	9.500000000000000000e+00	2.241325080975122128e-04
3.160000000000000000e+12	9.500000000000000000e+00	2.675748578161672438e-04
3.980000000000000000e+12	9.500000000000000000e+00	3.272526953513450157e-04
5.010000000000000000e+12	9.500000000000000000e+00	4.092251108056657355e-04
6.310000000000000000e+12	9.500000000000000000e+00	5.165695910448873289e-04
7.940000000000000000e+12	9.500000000000000000e+00	6.566008239452444115e-04
1.000000000000000000e+13	9.500000000000000000e+00	8.300401096601508480e-04
1.260000000000000000e+13	9.500000000000000000e+00	1.052394389659438295e-03
1.580000000000000000e+13	9.500000000000000000e+00	1.328170480574360299e-03
2.000000000000000000e+13	9.500000000000000000e+00	1.684340078535693022e-03
2.510000000000000000e+13	9.500000000000000000e+00	2.122206226619648139e-03
3.160000000000000000e+13	9.500000000000000000e+00	2.683957460955507107e-03
3.980000000000000000e+13	9.500000000000000000e+00	3.388402976419270952e-03
5.010000000000000000e+13	9.500000000000000000e+00	4.266110198907687237e-03
6.310000000000000000e+13	9.500000000000000000e+00	5.372528725603817161e-03
7.940000000000000000e+13	9.500000000000000000e+00	6.766990003294648913e-03
1.000000000000000000e+14	9.500000000000000000e+00	8.598111878782592130e-03
1.260000000000000000e+14	9.500000000000000000e+00	1.103131220535226442e-02
1.580000000000000000e+14	9.500000000000000000e+00	1.424906281224349973e-02
2.000000000000000000e+14	9.500000000000000000e+00	1.876952615319341447e-02
2.510000000000000000e+14	9.500000000000000000e+00	2.416497890360182893e-02
3.160000000000000000e+14	9.500000000000000000e+00	3.039686134612665583e-02
3.980000000000000000e+14	9.500000000000000000e+00	3.579200969906390362e-02
5.010000000000000000e+14	9.500000000000000000e+00	3.906990888596605094e-02
6.310000000000000000e+14	9.500000000000000000e+00	4.026022863800587936e-02
7.940000000000000000e+14	9.500000000000000000e+00	3.807476496367274976e-02
1.000000000000000000e+15	9.500000000000000000e+00	3.409019146788269672e-02
1.260000000000000000e+15	9.500000000000000000e+00	2.699215467471197463e-02
1.580000000000000000e+15	9.500000000000000000e+00	2.097236552043573246e-02
2.000000000000000000e+15	9.500000000000000000e+00	1.450906050823481258e-02
2.510000000000000000e+15	9.500000000000000000e+00	3.265860264015018385e-03
3.160000000000000000e+15	9.500000000000000000e+00	-5.227749984736501827e-03
3.980000000000000000e+15	9.500000000000000000e+00	-1.213244029263897683e-02
5.010000000000000000e+15	9.500000000000000000e+00	-1.747076856948067552e-02
6.310000000000000000e+15	9.500000000000000000e+00	-2.134199642285863549e-02
7.940000000000000000e+15	9.500000000000000000e+00	-2.386903095719094398e-02
1.000000000000000000e+16	9.500000000000000000e+00	-2.525381060958513738e-02
1.260000000000000000e+16	9.500000000000000000e+00	-2.568374025546302925e-02
1.580000000000000000e+16	9.500000000000000000e+00	-2.539088604070605798e-02
2.000000000000000000e+16	9.500000000000000000e+00	-2.448236772050890048e-02
2.510000000000000000e+16	9.500000000000000000e+00	-2.323296615596295162e-02
3.160000000000000000e+16	9.500000000000000000e+00	-2.169826027243806910e-02
3.980000000000000000e+16	9.500000000000000000e+00	-2.000721805931155242e-02
5.010000000000000000e+16	9.500000000000000000e+00	-1.825522477854977718e-02
6.310000000000000000e+16	9.500000000000000000e+00	-1.649911511815566056e-02
7.940000000000000000e+16	9.500000000000000000e+00	-1.480112865538690814e-02
1.000000000000000000e+17	9.500000000000000000e+00	-1.317742607863528481e-02
1.000000000000000000e+11	1.050000000000000000e+01	1.733744463448438271e-05
1.258925411794166107e+11	1.050000000000000000e+01	2.186547203094531470e-05
1.584893192461110840e+11	1.050000000000000000e+01	2.760725488280182040e-05
1.995262314968882751e+11	1.050000000000000000e+01	3.491991323786153550e-05
2.511886431509582214e+11	1.050000000000000000e+01	4.430195357421626095e-05
3.162277660168379517e+11	1.050000000000000000e+01	5.648629915836324376e-05
3.981071705534969482e+11	1.050000000000000000e+01	7.262132313914927662e-05
5.011872336272714844e+11	1.050000000000000000e+01	9.468096420235862936e-05
6.309573444801943359e+11	1.050000000000000000e+01	1.265951611816279845e-04
7.943282347242821045e+11	1.050000000000000000e+01	1.847299789571114057e-04
1.000000000000000000e+12	1.050000000000000000e+01	2.008149476695503418e-04
1.260000000000000000e+12	1.050000000000000000e+01	1.688988689328188542e-04
1.580000000000000000e+12	1.050000000000000000e+01	1.717522099812392698e-04
2.000000000000000000e+12	1.050000000000000000e+01	1.896013547909145187e-04
2.510000000000000000e+12	1.050000000000000000e+01	2.158499024646514568e-04
3.160000000000000000e+12	1.050000000000000000e+01	2.573676372133088018e-04
3.980000000000000000e+12	1.050000000000000000e+01	3.180238606448730371e-04
5.010000000000000000e+12	1.050000000000000000e+01	3.986911802910475620e-04
6.310000000000000000e+12	1.050000000000000000e+01	5.054119214221175233e-04
7.940000000000000000e+12	1.050000000000000000e+01	6.384237828006771942e-04
1.000000000000000000e+13	1.050000000000000000e+01	8.124162535887056395e-04
1.260000000000000000e+13	1.050000000000000000e+01	1.031035241334961588e-03
1.580000000000000000e+13	1.050000000000000000e+01	1.295927634075556270e-03
2.000000000000000000e+13	1.050000000000000000e+01	1.648048029029784483e-03
2.510000000000000000e+13	1.050000000000000000e+01	2.077893473598101202e-03
3.160000000000000000e+13	1.050000000000000000e+01	2.628151800457148492e-03
3.980000000000000000e+13	1.050000000000000000e+01	3.321522005828599251e-03
5.010000000000000000e+13	1.050000000000000000e+01	4.185683553936649960e-03
6.310000000000000000e+13	1.050000000000000000e+01	5.271636753426189176e-03
7.940000000000000000e+13	1.050000000000000000e+01	6.652529262267610315e-03
1.000000000000000000e+14	1.050000000000000000e+01	8.429083477599054464e-03
1.260000000000000000e+14	1.050000000000000000e+01	1.079989972354944254e-02
1.580000000000000000e+14	1.050000000000000000e+01	1.394925875990865247e-02
2.000000000000000000e+14	1.050000000000000000e+01	1.833311363118702436e-02
2.510000000000000000e+14	1.050000000000000000e+01	2.382962051740562803e-02
3.160000000000000000e+14	1.050000000000000000e+01	2.971737715797945906e-02
3.980000000000000000e+14	1.050000000000000000e+01	3.484618355661840000e-02
5.010000000000000000e+14	1.050000000000000000e+01	3.835018519745005128e-02
6.310000000000000000e+14	1.050000000000000000e+01	3.855363350756670082e-02
7.940000000000000000e+14	1.050000000000000000e+01	3.623966167122995991e-02
1.000000000000000000e+15	1.050000000000000000e+01	3.167511885303304908e-02
1.260000000000000000e+15	1.050000000000000000e+01	2.675375778159714418e-02
1.580000000000000000e+15	1.050000000000000000e+01	1.921080194011478420e-02
2.000000000000000000e+15	1.050000000000000000e+01	8.702423000510186440e-03
2.510000000000000000e+15	1.050000000000000000e+01	1.032196093506686316e-03
3.160000000000000000e+15	1.050000000000000000e+01	-6.198457483632133572e-03
3.980000000000000000e+15	1.050000000000000000e+01	-1.227455815321828493e-02
5.010000000000000000e+15	1.050000000000000000e+01	-1.702187309881133745e-02
6.310000000000000000e+15	1.050000000000000000e+01	-2.046973728159227207e-02
7.940000000000000000e+15	1.050000000000000000e+01	-2.270709423648888461e-02
1.000000000000000000e+16	1.050000000000000000e+01	-2.390699371988297059e-02
1.260000000000000000e+16	1.050000000000000000e+01	-2.423679060420298043e-02
1.580000000000000000e+16	1.050000000000000000e+01	-2.390878536927564316e-02
2.000000000000000000e+16	1.050000000000000000e+01	-2.301610821528819739e-02
2.510000000000000000e+16	1.050000000000000000e+01	-2.181605487294086335e-02
3.160000000000000000e+16	1.050000000000000000e+01	-2.035638456535505958e-02
3.980000000000000000e+16	1.050000000000000000e+01	-1.875648484387106019e-02
5.010000000000000000e+16	1.050000000000000000e+01	-1.710413389747190288e-02
6.310000000000000000e+16	1.050000000000000000e+01	-1.545149989930606586e-02
7.940000000000000000e+16	1.050000000000000000e+01	-1.385598301547370965e-02
1.000000000000000000e+17	1.050000000000000000e+01	-1.233195206231924197e-02
1.000000000000000000e+11	1.200000000000000000e+01	1.662984393561754232e-05
1.258925411794166107e+11	1.200000000000000000e+01	2.097167778841636476e-05
1.584893192461110840e+11	1.200000000000000000e+01	2.647576868738387308e-05
1.995262314968882751e+11	1.200000000000000000e+01	3.348306516836712645e-05
2.511886431509582214e+11	1.200000000000000000e+01	4.246770008138249188e-05
3.162277660168379517e+11	1.200000000000000000e+01	5.412317392494991896e-05
3.981071705534969482e+11	1.200000000000000000e+01	6.952886072706918367e-05
5.011872336272714844e+11	1.200000000000000000e+01	9.052609231357391993e-05
6.309573444801943359e+11	1.200000000000000000e+01	1.205977472432026283e-04
7.943282347242821045e+11	1.200000000000000000e+01	1.731914437826310613e-04
1.000000000000000000e+12	1.200000000000000000e+01	1.903815399040250441e-04
1.260000000000000000e+12	1.200000000000000000e+01	1.666592371914256171e-04
1.580000000000000000e+12	1.200000000000000000e+01	1.710454299844449270e-04
2.000000000000000000e+12	1.200000000000000000e+01	1.881250382939376065e-04
2.510000000000000000e+12	1.200000000000000000e+01	2.174473446314184621e-04
3.160000000000000000e+12	1.200000000000000000e+01	2.628164648039067611e-04
3.980000000000000000e+12	1.200000000000000000e+01	3.241039913561468691e-04
5.010000000000000000e+12	1.200000000000000000e+01	4.051787303120574267e-04
6.310000000000000000e+12	1.200000000000000000e+01	5.126072556076303240e-04
7.940000000000000000e+12	1.200000000000000000e+01	6.496594285311054796e-04
1.000000000000000000e+13	1.200000000000000000e+01	8.240012487899233285e-04
1.260000000000000000e+13	1.200000000000000000e+01	1.044733205409296073e-03
1.580000000000000000e+13	1.200000000000000000e+01	1.316732810712007654e-03
2.000000000000000000e+13	1.200000000000000000e+01	1.675438147948772388e-03
2.510000000000000000e+13	1.200000000000000000e+01	2.111257001029967408e-03
3.160000000000000000e+13	1.200000000000000000e+01	2.667058266121050906e-03
3.980000000000000000e+13	1.200000000000000000e+01	3.366910667645263595e-03
5.010000000000000000e+13	1.200000000000000000e+01	4.240903440417588544e-03
6.310000000000000000e+13	1.200000000000000000e+01	5.339578695141558237e-03
7.940000000000000000e+13	1.200000000000000000e+01	6.727650985441646636e-03
1.000000000000000000e+14	1.200000000000000000e+01	8.536799848283165362e-03
1.260000000000000000e+14	1.200000000000000000e+01	1.096600322354088913e-02
1.580000000000000000e+14	1.200000000000000000e+01	1.420499351367137189e-02
2.000000000000000000e+14	1.200000000000000000e+01	1.873104832357136776e-02
2.510000000000000000e+14	1.200000000000000000e+01	2.409393781117797478e-02
3.160000000000000000e+14	1.200000000000000000e+01	3.002595501879566989e-02
3.980000000000000000e+14	1.200000000000000000e+01	3.551199956146810360e-02
5.010000000000000000e+14	1.200000000000000000e+01	3.917669555607327520e-02
6.310000000000000000e+14	1.200000000000000000e+01	4.029774839900238104e-02
7.940000000000000000e+14	1.200000000000000000e+01	3.828723665637390194e-02
1.000000000000000000e+15	1.200000000000000000e+01	3.301980310104033617e-02
1.260000000000000000e+15	1.200000000000000000e+01	2.547747019466480370e-02
1.580000000000000000e+15	1.200000000000000000e+01	1.634508251098651735e-02
2.000000000000000000e+15	1.200000000000000000e+01	7.524455130841231285e-03
2.510000000000000000e+15	1.200000000000000000e+01	2.616760902652722734e-04
3.160000000000000000e+15	1.200000000000000000e+01	-6.750319168639907011e-03
3.980000000000000000e+15	1.200000000000000000e+01	-1.268763483180810128e-02
5.010000000000000000e+15	1.200000000000000000e+01	-1.733874974798077506e-02
6.310000000000000000e+15	1.200000000000000000e+01	-2.071601395225313239e-02
7.940000000000000000e+15	1.200000000000000000e+01	-2.290012640565909988e-02
1.000000000000000000e+16	1.200000000000000000e+01	-2.405911314606131585e-02
1.260000000000000000e+16	1.200000000000000000e+01	-2.435691089607507770e-02
1.580000000000000000e+16	1.200000000000000000e+01	-2.400426675429513657e-02
2.000000000000000000e+16	1.200000000000000000e+01	-2.309137519129193794e-02
2.510000000000000000e+16	1.200000000000000000e+01	-2.187597144581894179e-02
3.160000000000000000e+16	1.200000000000000000e+01	-2.040394394288717883e-02
3.980000000000000000e+16	1.200000000000000000e+01	-1.879419619115525741e-02
5.010000000000000000e+16	1.200000000000000000e+01	-1.713397304677147237e-02
6.310000000000000000e+16	1.200000000000000000e+01	-1.547533397854215613e-02
7.940000000000000000e+16	1.200000000000000000e+01	-1.387488672537774866e-02
1.000000000000000000e+17	1.200000000000000000e+01	-1.234695241984806388e-02
1.000000000000000000e+11	1.400000000000000000e+01	1.567226387772993403e-05
1.258925411794166107e+11	1.400000000000000000e+01	1.976302236128915803e-05
1.584893192461110840e+11	1.400000000000000000e+01	2.494787803039937070e-05
1.995262314968882751e+11	1.400000000000000000e+01	3.154670329050069191e-05
2.511886431509582214e+11	1.400000000000000000e+01	4.000361145985076614e-05
3.162277660168379517e+11	1.400000000000000000e+01	5.096555208332386507e-05
3.981071705534969482e+11	1.400000000000000000e+01	6.543344310040818035e-05
5.011872336272714844e+11	1.400000000000000000e+01	8.507991909353796053e-05
6.309573444801943359e+11	1.400000000000000000e+01	1.130230998812816769e-04
7.943282347242821045e+11	1.400000000000000000e+01	1.600418627822986840e-04
1.000000000000000000e+12	1.400000000000000000e+01	1.758460538166711816e-04
1.260000000000000000e+12	1.400000000000000000e+01	1.578167314832922539e-04
1.580000000000000000e+12	1.400000000000000000e+01	1.650475390136900802e-04
2.000000000000000000e+12	1.400000000000000000e+01	1.853765630235522138e-04
2.510000000000000000e+12	1.400000000000000000e+01	2.181994132486035523e-04
3.160000000000000000e+12	1.400000000000000000e+01	2.634584731087732381e-04
3.980000000000000000e+12	1.400000000000000000e+01	3.256348211691108925e-04
5.010000000000000000e+12	1.400000000000000000e+01	4.090974266462183849e-04
6.310000000000000000e+12	1.400000000000000000e+01	5.156586217456254721e-04
7.940000000000000000e+12	1.400000000000000000e+01	6.529877663023766435e-04
1.000000000000000000e+13	1.400000000000000000e+01	8.288378197340640682e-04
1.260000000000000000e+13	1.400000000000000000e+01	1.050020687953828920e-03
1.580000000000000000e+13	1.400000000000000000e+01	1.322133279737628970e-03
2.000000000000000000e+13	1.400000000000000000e+01	1.679401588662017856e-03
2.510000000000000000e+13	1.400000000000000000e+01	2.115881683259510614e-03
3.160000000000000000e+13	1.400000000000000000e+01	2.674168236874788218e-03
3.980000000000000000e+13	1.400000000000000000e+01	3.377456216383670998e-03
5.010000000000000000e+13	1.400000000000000000e+01	4.252725341714651969e-03
6.310000000000000000e+13	1.400000000000000000e+01	5.352926336351951538e-03
7.940000000000000000e+13	1.400000000000000000e+01	6.743837297300197403e-03
1.000000000000000000e+14	1.400000000000000000e+01	8.551906578958805988e-03
1.260000000000000000e+14	1.400000000000000000e+01	1.097900946305245887e-02
1.580000000000000000e+14	1.400000000000000000e+01	1.420693442759802215e-02
2.000000000000000000e+14	1.400000000000000000e+01	1.875355913331976446e-02
2.510000000000000000e+14	1.400000000000000000e+01	2.413513601043354440e-02
3.160000000000000000e+14	1.400000000000000000e+01	2.999577539337670851e-02
3.980000000000000000e+14	1.400000000000000000e+01	3.554981549415057313e-02
5.010000000000000000e+14	1.400000000000000000e+01	3.960793243002871250e-02
6.310000000000000000e+14	1.400000000000000000e+01	4.039971573439817693e-02
7.940000000000000000e+14	1.400000000000000000e+01	3.734717880185753347e-02
1.000000000000000000e+15	1.400000000000000000e+01	3.330837521558492609e-02
1.260000000000000000e+15	1.400000000000000000e+01	2.671136771556959291e-02
1.580000000000000000e+15	1.400000000000000000e+01	1.880752457544060049e-02
2.000000000000000000e+15	1.400000000000000000e+01	1.110242740213707169e-02
2.510000000000000000e+15	1.400000000000000000e+01	1.822366876902519741e-03
3.160000000000000000e+15	1.400000000000000000e+01	-5.946391822316385647e-03
3.980000000000000000e+15	1.400000000000000000e+01	-1.237789910212493648e-02
5.010000000000000000e+15	1.400000000000000000e+01	-1.738002930004379706e-02
6.310000000000000000e+15	1.400000000000000000e+01	-2.100973968595073668e-02
7.940000000000000000e+15	1.400000000000000000e+01	-2.336958815313312787e-02
1.000000000000000000e+16	1.400000000000000000e+01	-2.464454629358023285e-02
1.260000000000000000e+16	1.400000000000000000e+01	-2.501091094445609744e-02
1.580000000000000000e+16	1.400000000000000000e+01	-2.469010720903734926e-02
2.000000000000000000e+16	1.400000000000000000e+01	-2.378097138690742074e-02
2.510000000000000000e+16	1.400000000000000000e+01	-2.254972428822509672e-02
3.160000000000000000e+16	1.400000000000000000e+01	-2.104736718794589928e-02
3.980000000000000000e+16	1.400000000000000000e+01	-1.939777118740189377e-02
5.010000000000000000e+16	1.400000000000000000e+01	-1.769244430346112590e-02
6.310000000000000000e+16	1.400000000000000000e+01	-1.598537425782631596e-02
7.940000000000000000e+16	1.400000000000000000e+01	-1.433652670771813631e-02
1.000000000000000000e+17	1.400000000000000000e+01	-1.276100260206877030e-02
1.000000000000000000e+11	1.600000000000000000e+01	1.404941141587490977e-05
1.258925411794166107e+11	1.600000000000000000e+01	1.771487939261115311e-05
1.584893192461110840e+11	1.600000000000000000e+01	2.235889678611597693e-05
1.995262314968882751e+11	1.600000000000000000e+01	2.826614203945917403e-05
2.511886431509582214e+11	1.600000000000000000e+01	3.582992662939576484e-05
3.162277660168379517e+11	1.600000000000000000e+01	4.561949647220234341e-05
3.981071705534969482e+11	1.600000000000000000e+01	5.851091385891351747e-05
5.011872336272714844e+11	1.600000000000000000e+01	7.590446308306336124e-05
6.309573444801943359e+11	1.600000000000000000e+01	1.002215389778932423e-04
7.943282347242821045e+11	1.600000000000000000e+01	1.376281290344090436e-04
1.000000000000000000e+12	1.600000000000000000e+01	1.524850804358683892e-04
1.260000000000000000e+12	1.600000000000000000e+01	1.440178839822595167e-04
1.580000000000000000e+12	1.600000000000000000e+01	1.558363809393178403e-04
2.000000000000000000e+12	1.600000000000000000e+01	1.797577842128337297e-04
2.510000000000000000e+12	1.600000000000000000e+01	2.130819012125655945e-04
3.160000000000000000e+12	1.600000000000000000e+01	2.613171407794299484e-04
3.980000000000000000e+12	1.600000000000000000e+01	3.255177078266459768e-04
5.010000000000000000e+12	1.600000000000000000e+01	4.079118155834116294e-04
6.310000000000000000e+12	1.600000000000000000e+01	5.156889853680130279e-04
7.940000000000000000e+12	1.600000000000000000e+01	6.521734116620004186e-04
1.000000000000000000e+13	1.600000000000000000e+01	8.245231506856998864e-04
1.260000000000000000e+13	1.600000000000000000e+01	1.043358899920800078e-03
1.580000000000000000e+13	1.600000000000000000e+01	1.313200352647095163e-03
2.000000000000000000e+13	1.600000000000000000e+01	1.668902365014255252e-03
2.510000000000000000e+13	1.600000000000000000e+01	2.101289619367631076e-03
3.160000000000000000e+13	1.600000000000000000e+01	2.652320967069677488e-03
3.980000000000000000e+13	1.600000000000000000e+01	3.346790728447490357e-03
5.010000000000000000e+13	1.600000000000000000e+01	4.190828564789975813e-03
6.310000000000000000e+13	1.600000000000000000e+01	5.297898105996819498e-03
7.940000000000000000e+13	1.600000000000000000e+01	6.673533320090591775e-03
1.000000000000000000e+14	1.600000000000000000e+01	8.477288590805907159e-03
1.260000000000000000e+14	1.600000000000000000e+01	1.088478565305771827e-02
1.580000000000000000e+14	1.600000000000000000e+01	1.407203935965062672e-02
2.000000000000000000e+14	1.600000000000000000e+01	1.850835368845728940e-02
2.510000000000000000e+14	1.600000000000000000e+01	2.393885810358546695e-02
3.160000000000000000e+14	1.600000000000000000e+01	2.992648791191105870e-02
3.980000000000000000e+14	1.600000000000000000e+01	3.523083011430739458e-02
5.010000000000000000e+14	1.600000000000000000e+01	3.850373442609772434e-02
6.310000000000000000e+14	1.600000000000000000e+01	4.002470650257908963e-02
7.940000000000000000e+14	1.600000000000000000e+01	3.847385926428421171e-02
1.000000000000000000e+15	1.600000000000000000e+01	3.217995533347166315e-02
1.260000000000000000e+15	1.600000000000000000e+01	2.553650628945373230e-02
1.580000000000000000e+15	1.600000000000000000e+01	1.757726741279681815e-02
2.000000000000000000e+15	1.600000000000000000e+01	7.995560557889868497e-03
2.510000000000000000e+15	1.600000000000000000e+01	5.662175006909084827e-04
3.160000000000000000e+15	1.600000000000000000e+01	-6.533022948931791959e-03
3.980000000000000000e+15	1.600000000000000000e+01	-1.252520884365153526e-02
5.010000000000000000e+15	1.600000000000000000e+01	-1.721422199163439790e-02
6.310000000000000000e+15	1.600000000000000000e+01	-2.061925305146835793e-02
7.940000000000000000e+15	1.600000000000000000e+01	-2.282473711808916464e-02
1.000000000000000000e+16	1.600000000000000000e+01	-2.399935757406471484e-02
1.260000000000000000e+16	1.600000000000000000e+01	-2.430970012736729732e-02
1.580000000000000000e+16	1.600000000000000000e+01	-2.396677441683192980e-02
2.000000000000000000e+16	1.600000000000000000e+01	-2.306181372908305133e-02
2.510000000000000000e+16	1.600000000000000000e+01	-2.185243698179696256e-02
3.160000000000000000e+16	1.600000000000000000e+01	-2.038527999755802150e-02
3.980000000000000000e+16	1.600000000000000000e+01	-1.877937572744897698e-02
5.010000000000000000e+16	1.600000000000000000e+01	-1.712234948337180290e-02
6.310000000000000000e+16	1.600000000000000000e+01	-1.546597443186970705e-02
7.940000000000000000e+16	1.600000000000000000e+01	-1.386746319119734269e-02
1.000000000000000000e+17	1.600000000000000000e+01	-1.234108030205768695e-02
1.000000000000000000e+11	1.800000000000000000e+01	1.251496768952732590e-05
1.258925411794166107e+11	1.800000000000000000e+01	1.577728048195039081e-05
1.584893192461110840e+11	1.800000000000000000e+01	1.990801476059490680e-05
1.995262314968882751e+11	1.800000000000000000e+01	2.515697780151182825e-05
2.511886431509582214e+11	1.800000000000000000e+01	3.186672178165830246e-05
3.162277660168379517e+11	1.800000000000000000e+01	4.052752617522700578e-05
3.981071705534969482e+11	1.800000000000000000e+01	5.187034584586011171e-05
5.011872336272714844e+11	1.800000000000000000e+01	6.704205438921844319e-05
6.309573444801943359e+11	1.800000000000000000e+01	8.766912242794296355e-05
7.943282347242821045e+11	1.800000000000000000e+01	1.147916784387078475e-04
1.000000000000000000e+12	1.800000000000000000e+01	1.286825071058726733e-04
1.260000000000000000e+12	1.800000000000000000e+01	1.333056659058478091e-04
1.580000000000000000e+12	1.800000000000000000e+01	1.513297086158787443e-04
2.000000000000000000e+12	1.800000000000000000e+01	1.785094257861750977e-04
2.510000000000000000e+12	1.800000000000000000e+01	2.157368186894851919e-04
3.160000000000000000e+12	1.800000000000000000e+01	2.670093940187019611e-04
3.980000000000000000e+12	1.800000000000000000e+01	3.339002026874710125e-04
5.010000000000000000e+12	1.800000000000000000e+01	4.195388516621925993e-04
6.310000000000000000e+12	1.800000000000000000e+01	5.289683118028150072e-04
7.940000000000000000e+12	1.800000000000000000e+01	6.678594143447643674e-04
1.000000000000000000e+13	1.800000000000000000e+01	8.437389017229666045e-04
1.260000000000000000e+13	1.800000000000000000e+01	1.064980308039136826e-03
1.580000000000000000e+13	1.800000000000000000e+01	1.338795139551223704e-03
2.000000000000000000e+13	1.800000000000000000e+01	1.698064632082300993e-03
2.510000000000000000e+13	1.800000000000000000e+01	2.134509693701614960e-03
3.160000000000000000e+13	1.800000000000000000e+01	2.692773636302700502e-03
3.980000000000000000e+13	1.800000000000000000e+01	3.397208726290244177e-03
5.010000000000000000e+13	1.800000000000000000e+01	4.274587741227193170e-03
6.310000000000000000e+13	1.800000000000000000e+01	5.376972508046753800e-03
7.940000000000000000e+13	1.800000000000000000e+01	6.777315186520595745e-03
1.000000000000000000e+14	1.800000000000000000e+01	8.590927391548182704e-03
1.260000000000000000e+14	1.800000000000000000e+01	1.101558164872226860e-02
1.580000000000000000e+14	1.800000000000000000e+01	1.424852966851894789e-02
2.000000000000000000e+14	1.800000000000000000e+01	1.880602695923689130e-02
2.510000000000000000e+14	1.800000000000000000e+01	2.420898757563743134e-02
3.160000000000000000e+14	1.800000000000000000e+01	3.014976974388127590e-02
3.980000000000000000e+14	1.800000000000000000e+01	3.567391994414923634e-02
5.010000000000000000e+14	1.800000000000000000e+01	3.956925976753747354e-02
6.310000000000000000e+14	1.800000000000000000e+01	3.960475433700919035e-02
7.940000000000000000e+14	1.800000000000000000e+01	3.802421809982713119e-02
1.000000000000000000e+15	1.800000000000000000e+01	3.440906804092306454e-02
1.260000000000000000e+15	1.800000000000000000e+01	2.590633589299829939e-02
1.580000000000000000e+15	1.800000000000000000e+01	1.859165059591675467e-02
2.000000000000000000e+15	1.800000000000000000e+01	1.098329555544554949e-02
2.510000000000000000e+15	1.800000000000000000e+01	1.742576925382735304e-03
3.160000000000000000e+15	1.800000000000000000e+01	-6.003797621612242535e-03
3.980000000000000000e+15	1.800000000000000000e+01	-1.242088264339028490e-02
5.010000000000000000e+15	1.800000000000000000e+01	-1.740518224413803439e-02
6.310000000000000000e+15	1.800000000000000000e+01	-2.103534938576549079e-02
7.940000000000000000e+15	1.800000000000000000e+01	-2.338966739308024484e-02
1.000000000000000000e+16	1.800000000000000000e+01	-2.466035617507893879e-02
1.260000000000000000e+16	1.800000000000000000e+01	-2.502339491056026002e-02
1.580000000000000000e+16	1.800000000000000000e+01	-2.470000778232016997e-02
2.000000000000000000e+16	1.800000000000000000e+01	-2.378879413598221707e-02
2.510000000000000000e+16	1.800000000000000000e+01	-2.255599412808676971e-02
3.160000000000000000e+16	1.800000000000000000e+01	-2.105232639336589509e-02
3.980000000000000000e+16	1.800000000000000000e+01	-1.940169402733313286e-02
5.010000000000000000e+16	1.800000000000000000e+01	-1.769539020934073753e-02
6.310000000000000000e+16	1.800000000000000000e+01	-1.598784891434091790e-02
7.940000000000000000e+16	1.800000000000000000e+01	-1.433848714970854983e-02
1.000000000000000000e+17	1.800000000000000000e+01	-1.276261594914024355e-02
1.000000000000000000e+11	2.000000000000000000e+01	1.106811517805578788e-05
1.258925411794166107e+11	2.000000000000000000e+01	1.395151162279286877e-05
1.584893192461110840e+11	2.000000000000000000e+01	1.760073051724524097e-05
1.995262314968882751e+11	2.000000000000000000e+01	2.223442252181806437e-05
2.511886431509582214e+11	2.000000000000000000e+01	2.815106823746642335e-05
3.162277660168379517e+11	2.000000000000000000e+01	3.577186324509838971e-05
3.981071705534969482e+11	2.000000000000000000e+01	4.571883039724093103e-05
5.011872336272714844e+11	2.000000000000000000e+01	5.891324195885843599e-05
6.309573444801943359e+11	2.000000000000000000e+01	7.642062795940947784e-05
7.943282347242821045e+11	2.000000000000000000e+01	9.559084848819178709e-05
1.000000000000000000e+12	2.000000000000000000e+01	1.075507546934886095e-04
1.260000000000000000e+12	2.000000000000000000e+01	1.192068979648229520e-04
1.580000000000000000e+12	2.000000000000000000e+01	1.414947707324336421e-04
2.000000000000000000e+12	2.000000000000000000e+01	1.732971152010170923e-04
2.510000000000000000e+12	2.000000000000000000e+01	2.132620145727160050e-04
3.160000000000000000e+12	2.000000000000000000e+01	2.645941691770457393e-04
3.980000000000000000e+12	2.000000000000000000e+01	3.312522006702233097e-04
5.010000000000000000e+12	2.000000000000000000e+01	4.162313283117089618e-04
6.310000000000000000e+12	2.000000000000000000e+01	5.241811685283161680e-04
7.940000000000000000e+12	2.000000000000000000e+01	6.610150551920466111e-04
1.000000000000000000e+13	2.000000000000000000e+01	8.338371233058243515e-04
1.260000000000000000e+13	2.000000000000000000e+01	1.071876499632574715e-03
1.580000000000000000e+13	2.000000000000000000e+01	1.318555179919131577e-03
2.000000000000000000e+13	2.000000000000000000e+01	1.673280687520367757e-03
2.510000000000000000e+13	2.000000000000000000e+01	2.103252151340781820e-03
3.160000000000000000e+13	2.000000000000000000e+01	2.650956735883405746e-03
3.980000000000000000e+13	2.000000000000000000e+01	3.340165359951620134e-03
5.010000000000000000e+13	2.000000000000000000e+01	4.197315932019564030e-03
6.310000000000000000e+13	2.000000000000000000e+01	5.285120955826472580e-03
7.940000000000000000e+13	2.000000000000000000e+01	6.656401432494233293e-03
1.000000000000000000e+14	2.000000000000000000e+01	8.434267266688728892e-03
1.260000000000000000e+14	2.000000000000000000e+01	1.081834848021594533e-02
1.580000000000000000e+14	2.000000000000000000e+01	1.401818612418819637e-02
2.000000000000000000e+14	2.000000000000000000e+01	1.845102236140861579e-02
2.510000000000000000e+14	2.000000000000000000e+01	2.386193725314790515e-02
3.160000000000000000e+14	2.000000000000000000e+01	2.980774867334645001e-02
3.980000000000000000e+14	2.000000000000000000e+01	3.506471422835361756e-02
5.010000000000000000e+14	2.000000000000000000e+01	3.826063340102874716e-02
6.310000000000000000e+14	2.000000000000000000e+01	3.962995016576878471e-02
7.940000000000000000e+14	2.000000000000000000e+01	3.741597770083241598e-02
1.000000000000000000e+15	2.000000000000000000e+01	3.208955511974947300e-02
1.260000000000000000e+15	2.000000000000000000e+01	2.667190024825516828e-02
1.580000000000000000e+15	2.000000000000000000e+01	1.799059249913797370e-02
2.000000000000000000e+15	2.000000000000000000e+01	8.248948215214553514e-03
2.510000000000000000e+15	2.000000000000000000e+01	7.445983130859704134e-04
3.160000000000000000e+15	2.000000000000000000e+01	-6.401096446115763471e-03
3.980000000000000000e+15	2.000000000000000000e+01	-1.242480905719373085e-02
5.010000000000000000e+15	2.000000000000000000e+01	-1.713648075198189943e-02
6.310000000000000000e+15	2.000000000000000000e+01	-2.055850109998002759e-02
7.940000000000000000e+15	2.000000000000000000e+01	-2.277692885712014059e-02
1.000000000000000000e+16	2.000000000000000000e+01	-2.396162998911828546e-02
1.260000000000000000e+16	2.000000000000000000e+01	-2.427987780756457603e-02
1.580000000000000000e+16	2.000000000000000000e+01	-2.394304535802373179e-02
2.000000000000000000e+16	2.000000000000000000e+01	-2.304309901255166548e-02
2.510000000000000000e+16	2.000000000000000000e+01	-2.183758949460230803e-02
3.160000000000000000e+16	2.000000000000000000e+01	-2.037385475560986661e-02
3.980000000000000000e+16	2.000000000000000000e+01	-1.876998074992572776e-02
5.010000000000000000e+16	2.000000000000000000e+01	-1.711489436474940978e-02
6.310000000000000000e+16	2.000000000000000000e+01	-1.546005027429236955e-02
7.940000000000000000e+16	2.000000000000000000e+01	-1.386276124439621282e-02
1.000000000000000000e+17	2.000000000000000000e+01	-1.233732677688999593e-02
1.000000000000000000e+11	2.200000000000000000e+01	1.030238198087197732e-05
1.258925411794166107e+11	2.200000000000000000e+01	1.298440331587820714e-05
1.584893192461110840e+11	2.200000000000000000e+01	1.637696848800353986e-05
1.995262314968882751e+11	2.200000000000000000e+01	2.068119589147732245e-05
2.511886431509582214e+11	2.200000000000000000e+01	2.616940291157008428e-05
3.162277660168379517e+11	2.200000000000000000e+01	3.322313464326043892e-05
3.981071705534969482e+11	2.200000000000000000e+01	4.238819500397244372e-05
5.011872336272714844e+11	2.200000000000000000e+01	5.444193743317897065e-05
6.309573444801943359e+11	2.200000000000000000e+01	7.002402119984986483e-05
7.943282347242821045e+11	2.200000000000000000e+01	8.351695067987140511e-05
1.000000000000000000e+12	2.200000000000000000e+01	9.629589163218480483e-05
1.260000000000000000e+12	2.200000000000000000e+01	1.153680802410218456e-04
1.580000000000000000e+12	2.200000000000000000e+01	1.395896896140553351e-04
2.000000000000000000e+12	2.200000000000000000e+01	1.738852465061515164e-04
2.510000000000000000e+12	2.200000000000000000e+01	2.146128785470761643e-04
3.160000000000000000e+12	2.200000000000000000e+01	2.669724303735871687e-04
3.980000000000000000e+12	2.200000000000000000e+01	3.351843236930314527e-04
5.010000000000000000e+12	2.200000000000000000e+01	4.217392101932401142e-04
6.310000000000000000e+12	2.200000000000000000e+01	5.325248949227766575e-04
7.940000000000000000e+12	2.200000000000000000e+01	6.712612855836330586e-04
1.000000000000000000e+13	2.200000000000000000e+01	8.455597118436327178e-04
1.260000000000000000e+13	2.200000000000000000e+01	1.065891221871601621e-03
1.580000000000000000e+13	2.200000000000000000e+01	1.336964382842544289e-03
2.000000000000000000e+13	2.200000000000000000e+01	1.692557738186746021e-03
2.510000000000000000e+13	2.200000000000000000e+01	2.127395486935844317e-03
3.160000000000000000e+13	2.200000000000000000e+01	2.681414768521646948e-03
3.980000000000000000e+13	2.200000000000000000e+01	3.379209530381303752e-03
5.010000000000000000e+13	2.200000000000000000e+01	4.250248790510291648e-03
6.310000000000000000e+13	2.200000000000000000e+01	5.333524884146595424e-03
7.940000000000000000e+13	2.200000000000000000e+01	6.717857853466144800e-03
1.000000000000000000e+14	2.200000000000000000e+01	8.529852198516776896e-03
1.260000000000000000e+14	2.200000000000000000e+01	1.094138624558876026e-02
1.580000000000000000e+14	2.200000000000000000e+01	1.415166835844440009e-02
2.000000000000000000e+14	2.200000000000000000e+01	1.863563820894819506e-02
2.510000000000000000e+14	2.200000000000000000e+01	2.411378320770198730e-02
3.160000000000000000e+14	2.200000000000000000e+01	3.013275168516683228e-02
3.980000000000000000e+14	2.200000000000000000e+01	3.545717682288562073e-02
5.010000000000000000e+14	2.200000000000000000e+01	3.959681797549736287e-02
6.310000000000000000e+14	2.200000000000000000e+01	4.043186622084151555e-02
7.940000000000000000e+14	2.200000000000000000e+01	3.757364859049399514e-02
1.000000000000000000e+15	2.200000000000000000e+01	3.248294605957582903e-02
1.260000000000000000e+15	2.200000000000000000e+01	2.432802517558775232e-02
1.580000000000000000e+15	2.200000000000000000e+01	1.616898512918076014e-02
2.000000000000000000e+15	2.200000000000000000e+01	8.610883647998623242e-03
2.510000000000000000e+15	2.200000000000000000e+01	6.434790337656508350e-04
3.160000000000000000e+15	2.200000000000000000e+01	-6.518021243091858853e-03
3.980000000000000000e+15	2.200000000000000000e+01	-1.252687228790505536e-02
5.010000000000000000e+15	2.200000000000000000e+01	-1.722059605973468022e-02
6.310000000000000000e+15	2.200000000000000000e+01	-2.062645940471764805e-02
7.940000000000000000e+15	2.200000000000000000e+01	-2.283143320884332278e-02
1.000000000000000000e+16	2.200000000000000000e+01	-2.400511971301800759e-02
1.260000000000000000e+16	2.200000000000000000e+01	-2.431450222165933844e-02
1.580000000000000000e+16	2.200000000000000000e+01	-2.397070423184800847e-02
2.000000000000000000e+16	2.200000000000000000e+01	-2.306497274927017324e-02
2.510000000000000000e+16	2.200000000000000000e+01	-2.185498208585353805e-02
3.160000000000000000e+16	2.200000000000000000e+01	-2.038730847708058666e-02
3.980000000000000000e+16	2.200000000000000000e+01	-1.878102153111705502e-02
5.010000000000000000e+16	2.200000000000000000e+01	-1.712362930373569764e-02
6.310000000000000000e+16	2.200000000000000000e+01	-1.546697863920662268e-02
7.940000000000000000e+16	2.200000000000000000e+01	-1.386826866404489676e-02
1.000000000000000000e+17	2.200000000000000000e+01	-1.234171157724768889e-02
1.000000000000000000e+11	2.400000000000000000e+01	9.800110361915196426e-06
1.258925411794166107e+11	2.400000000000000000e+01	1.235034709236641998e-05
1.584893192461110840e+11	2.400000000000000000e+01	1.557525831951315191e-05
1.995262314968882751e+11	2.400000000000000000e+01	1.966469111664479908e-05
2.511886431509582214e+11	2.400000000000000000e+01	2.487512094349195453e-05
3.162277660168379517e+11	2.400000000000000000e+01	3.156318477110422186e-05
3.981071705534969482e+11	2.400000000000000000e+01	4.023177618438156033e-05
5.011872336272714844e+11	2.400000000000000000e+01	5.156624837313285905e-05
6.309573444801943359e+11	2.400000000000000000e+01	6.600075559848492225e-05
7.943282347242821045e+11	2.400000000000000000e+01	7.635297671472117637e-05
1.000000000000000000e+12	2.400000000000000000e+01	8.897768461440238523e-05
1.260000000000000000e+12	2.400000000000000000e+01	1.113928915297869051e-04
1.580000000000000000e+12	2.400000000000000000e+01	1.367505392821205502e-04
2.000000000000000000e+12	2.400000000000000000e+01	1.707749473400336777e-04
2.510000000000000000e+12	2.400000000000000000e+01	2.142992396030942717e-04
3.160000000000000000e+12	2.400000000000000000e+01	2.701228681569241979e-04
3.980000000000000000e+12	2.400000000000000000e+01	3.385059175095072388e-04
5.010000000000000000e+12	2.400000000000000000e+01	4.253852652310076421e-04
6.310000000000000000e+12	2.400000000000000000e+01	5.354647070936258742e-04
7.940000000000000000e+12	2.400000000000000000e+01	6.744155132687691071e-04
1.000000000000000000e+13	2.400000000000000000e+01	8.497491062062965906e-04
1.260000000000000000e+13	2.400000000000000000e+01	1.069770879819228809e-03
1.580000000000000000e+13	2.400000000000000000e+01	1.341110555798823373e-03
2.000000000000000000e+13	2.400000000000000000e+01	1.698070843092447076e-03
2.510000000000000000e+13	2.400000000000000000e+01	2.132206114365731500e-03
3.160000000000000000e+13	2.400000000000000000e+01	2.688155530255664696e-03
3.980000000000000000e+13	2.400000000000000000e+01	3.388898906552573025e-03
5.010000000000000000e+13	2.400000000000000000e+01	4.262669471580358277e-03
6.310000000000000000e+13	2.400000000000000000e+01	5.353709369068898605e-03
7.940000000000000000e+13	2.400000000000000000e+01	6.728945032756708869e-03
1.000000000000000000e+14	2.400000000000000000e+01	8.530868129858606985e-03
1.260000000000000000e+14	2.400000000000000000e+01	1.095395105649117629e-02
1.580000000000000000e+14	2.400000000000000000e+01	1.417922695984034226e-02
2.000000000000000000e+14	2.400000000000000000e+01	1.870681353669202684e-02
2.510000000000000000e+14	2.400000000000000000e+01	2.404648516317431720e-02
3.160000000000000000e+14	2.400000000000000000e+01	2.984530158272495626e-02
3.980000000000000000e+14	2.400000000000000000e+01	3.523182254021282184e-02
5.010000000000000000e+14	2.400000000000000000e+01	3.888731133556729003e-02
6.310000000000000000e+14	2.400000000000000000e+01	4.062023459239561679e-02
7.940000000000000000e+14	2.400000000000000000e+01	3.844802812381126200e-02
1.000000000000000000e+15	2.400000000000000000e+01	3.406213994792406385e-02
1.260000000000000000e+15	2.400000000000000000e+01	2.800576249949985816e-02
1.580000000000000000e+15	2.400000000000000000e+01	1.908757393263478888e-02
2.000000000000000000e+15	2.400000000000000000e+01	1.009471340050470227e-02
2.510000000000000000e+15	2.400000000000000000e+01	1.500933811130215380e-03
3.160000000000000000e+15	2.400000000000000000e+01	-6.131670658223968909e-03
3.980000000000000000e+15	2.400000000000000000e+01	-1.250179165895571112e-02
5.010000000000000000e+15	2.400000000000000000e+01	-1.746837419418597118e-02
6.310000000000000000e+15	2.400000000000000000e+01	-2.107562216624087048e-02
7.940000000000000000e+15	2.400000000000000000e+01	-2.342093176805486177e-02
1.000000000000000000e+16	2.400000000000000000e+01	-2.468408809027086009e-02
1.260000000000000000e+16	2.400000000000000000e+01	-2.504184368023289545e-02
1.580000000000000000e+16	2.400000000000000000e+01	-2.471455753842134381e-02
2.000000000000000000e+16	2.400000000000000000e+01	-2.380016995289451973e-02
2.510000000000000000e+16	2.400000000000000000e+01	-2.256496502349157607e-02
3.160000000000000000e+16	2.400000000000000000e+01	-2.105946561983372545e-02
3.980000000000000000e+16	2.400000000000000000e+01	-1.940732235488433835e-02
5.010000000000000000e+16	2.400000000000000000e+01	-1.769976969123925395e-02
6.310000000000000000e+16	2.400000000000000000e+01	-1.599138392467357866e-02
7.940000000000000000e+16	2.400000000000000000e+01	-1.434131960133093117e-02
1.000000000000000000e+17	2.400000000000000000e+01	-1.276480651079149597e-02
1.000000000000000000e+11	2.600000000000000000e+01	9.439391975201670074e-06
1.258925411794166107e+11	2.600000000000000000e+01	1.189526785784497639e-05
1.584893192461110840e+11	2.600000000000000000e+01	1.500039530097689399e-05
1.995262314968882751e+11	2.600000000000000000e+01	1.893702611440951903e-05
2.511886431509582214e+11	2.600000000000000000e+01	2.395134343071559282e-05
3.162277660168379517e+11	2.600000000000000000e+01	3.038267291513780101e-05
3.981071705534969482e+11	2.600000000000000000e+01	3.871339200187163702e-05
5.011872336272714844e+11	2.600000000000000000e+01	4.957278558473880687e-05
6.309573444801943359e+11	2.600000000000000000e+01	6.326753547928328587e-05
7.943282347242821045e+11	2.600000000000000000e+01	7.200499375894607449e-05
1.000000000000000000e+12	2.600000000000000000e+01	8.280871489890350053e-05
1.260000000000000000e+12	2.600000000000000000e+01	1.072591635668100775e-04
1.580000000000000000e+12	2.600000000000000000e+01	1.354179436266944234e-04
2.000000000000000000e+12	2.600000000000000000e+01	1.699716004537951816e-04
2.510000000000000000e+12	2.600000000000000000e+01	2.127067904716685963e-04
3.160000000000000000e+12	2.600000000000000000e+01	2.674080829614825308e-04
3.980000000000000000e+12	2.600000000000000000e+01	3.366292783993155555e-04
5.010000000000000000e+12	2.600000000000000000e+01	4.242577371866543723e-04
6.310000000000000000e+12	2.600000000000000000e+01	5.337951649363736895e-04
7.940000000000000000e+12	2.600000000000000000e+01	6.702399296969406258e-04
1.000000000000000000e+13	2.600000000000000000e+01	8.450515882922421613e-04
1.260000000000000000e+13	2.600000000000000000e+01	1.064096960214827624e-03
1.580000000000000000e+13	2.600000000000000000e+01	1.333450400273666122e-03
2.000000000000000000e+13	2.600000000000000000e+01	1.690501352623989756e-03
2.510000000000000000e+13	2.600000000000000000e+01	2.123150235688658991e-03
3.160000000000000000e+13	2.600000000000000000e+01	2.674146187786218942e-03
3.980000000000000000e+13	2.600000000000000000e+01	3.367074474483592456e-03
5.010000000000000000e+13	2.600000000000000000e+01	4.228476262452882453e-03
6.310000000000000000e+13	2.600000000000000000e+01	5.317292353097244524e-03
7.940000000000000000e+13	2.600000000000000000e+01	6.700617366801600236e-03
1.000000000000000000e+14	2.600000000000000000e+01	8.512971818189727161e-03
1.260000000000000000e+14	2.600000000000000000e+01	1.092428223998769508e-02
1.580000000000000000e+14	2.600000000000000000e+01	1.412303377074984601e-02
2.000000000000000000e+14	2.600000000000000000e+01	1.858183199834020916e-02
2.510000000000000000e+14	2.600000000000000000e+01	2.403043345597184396e-02
3.160000000000000000e+14	2.600000000000000000e+01	3.003377925297981421e-02
3.980000000000000000e+14	2.600000000000000000e+01	3.532854564242630252e-02
5.010000000000000000e+14	2.600000000000000000e+01	3.942355953436477850e-02
6.310000000000000000e+14	2.600000000000000000e+01	4.018497948556738752e-02
7.940000000000000000e+14	2.600000000000000000e+01	3.717835182200494859e-02
1.000000000000000000e+15	2.600000000000000000e+01	3.142772158550995870e-02
1.260000000000000000e+15	2.600000000000000000e+01	2.425331022204185033e-02
1.580000000000000000e+15	2.600000000000000000e+01	1.730491157401517835e-02
2.000000000000000000e+15	2.600000000000000000e+01	9.011150107880639207e-03
2.510000000000000000e+15	2.600000000000000000e+01	8.937558385183594399e-04
3.160000000000000000e+15	2.600000000000000000e+01	-6.342828960826542468e-03
3.980000000000000000e+15	2.600000000000000000e+01	-1.239738241874282186e-02
5.010000000000000000e+15	2.600000000000000000e+01	-1.712132040784100639e-02
6.310000000000000000e+15	2.600000000000000000e+01	-2.055016879224772636e-02
7.940000000000000000e+15	2.600000000000000000e+01	-2.277175016543110317e-02
1.000000000000000000e+16	2.600000000000000000e+01	-2.395820389724061944e-02
1.260000000000000000e+16	2.600000000000000000e+01	-2.427749789164137736e-02
1.580000000000000000e+16	2.600000000000000000e+01	-2.394130751108194607e-02
2.000000000000000000e+16	2.600000000000000000e+01	-2.304180650332648961e-02
2.510000000000000000e+16	2.600000000000000000e+01	-2.183655114104732578e-02
3.160000000000000000e+16	2.600000000000000000e+01	-2.037268381763948991e-02
3.980000000000000000e+16	2.600000000000000000e+01	-1.876941470633606418e-02
5.010000000000000000e+16	2.600000000000000000e+01	-1.711460923505825696e-02
6.310000000000000000e+16	2.600000000000000000e+01	-1.545970711509976787e-02
7.940000000000000000e+16	2.600000000000000000e+01	-1.386245793984411216e-02
1.000000000000000000e+17	2.600000000000000000e+01	-1.233710047963868656e-02
