1.000000000000000000e+11	5.000000000000000000e-01	2.341039641557247119e-05
1.258925411794166107e+11	5.000000000000000000e-01	2.949733383873784508e-05
1.584893192461110840e+11	5.000000000000000000e-01	3.718799887127840299e-05
1.995262314968882751e+11	5.000000000000000000e-01	4.692602990842238209e-05
2.511886431509582214e+11	5.000000000000000000e-01	5.930321137587710628e-05
3.162277660168379517e+11	5.000000000000000000e-01	7.513245164766180022e-05
3.981071705534969482e+11	5.000000000000000000e-01	9.557361126940896545e-05
5.011872336272714844e+11	5.000000000000000000e-01	1.223616793466877125e-04
6.309573444801943359e+11	5.000000000000000000e-01	1.581724886069924474e-04
7.943282347242821045e+11	5.000000000000000000e-01	2.076078992595383409e-04
1.000000000000000000e+12	5.000000000000000000e-01	2.430524765560383412e-04
1.260000000000000000e+12	5.000000000000000000e-01	2.674721233779967194e-04
1.580000000000000000e+12	5.000000000000000000e-01	3.157057300350364377e-04
2.000000000000000000e+12	5.000000000000000000e-01	3.849865535603723757e-04
2.510000000000000000e+12	5.000000000000000000e-01	4.719154547267213895e-04
3.160000000000000000e+12	5.000000000000000000e-01	5.845562521095192064e-04
3.980000000000000000e+12	5.000000000000000000e-01	7.282011733606453272e-04
5.010000000000000000e+12	5.000000000000000000e-01	9.101638472149058351e-04
6.310000000000000000e+12	5.000000000000000000e-01	1.143054831998420147e-03
7.940000000000000000e+12	5.000000000000000000e-01	1.443785360419452260e-03
1.000000000000000000e+13	5.000000000000000000e-01	1.836640811219894271e-03
1.260000000000000000e+13	5.000000000000000000e-01	2.339912336045375969e-03
1.580000000000000000e+13	5.000000000000000000e-01	2.958142439762375363e-03
2.000000000000000000e+13	5.000000000000000000e-01	3.767731504423634664e-03
2.510000000000000000e+13	5.000000000000000000e-01	4.711363231768951783e-03
3.160000000000000000e+13	5.000000000000000000e-01	5.743461003313300207e-03
3.980000000000000000e+13	5.000000000000000000e-01	6.724438468272470396e-03
5.010000000000000000e+13	5.000000000000000000e-01	7.539499769604411303e-03
6.310000000000000000e+13	5.000000000000000000e-01	8.209899507796420901e-03
7.940000000000000000e+13	5.000000000000000000e-01	8.873885628003097201e-03
1.000000000000000000e+14	5.000000000000000000e-01	9.806614551147951886e-03
1.260000000000000000e+14	5.000000000000000000e-01	1.135764544077920782e-02
1.580000000000000000e+14	5.000000000000000000e-01	1.381597809195907363e-02
2.000000000000000000e+14	5.000000000000000000e-01	1.767845161567905762e-02
2.510000000000000000e+14	5.000000000000000000e-01	2.264345495925911000e-02
3.160000000000000000e+14	5.000000000000000000e-01	2.829421757571676244e-02
3.980000000000000000e+14	5.000000000000000000e-01	3.352814322368340150e-02
5.010000000000000000e+14	5.000000000000000000e-01	3.709130209355531588e-02
6.310000000000000000e+14	5.000000000000000000e-01	3.804104243557247106e-02
7.940000000000000000e+14	5.000000000000000000e-01	3.600906526029857418e-02
1.000000000000000000e+15	5.000000000000000000e-01	3.124550771220543574e-02
1.260000000000000000e+15	5.000000000000000000e-01	2.463540148452911596e-02
1.580000000000000000e+15	5.000000000000000000e-01	1.682200176714008372e-02
2.000000000000000000e+15	5.000000000000000000e-01	8.310544530429857593e-03
2.510000000000000000e+15	5.000000000000000000e-01	2.427779684473164372e-04
3.160000000000000000e+15	5.000000000000000000e-01	-7.088203179342506509e-03
3.980000000000000000e+15	5.000000000000000000e-01	-1.324381092107486044e-02
5.010000000000000000e+15	5.000000000000000000e-01	-1.805067388119472802e-02
6.310000000000000000e+15	5.000000000000000000e-01	-2.153433965292042215e-02
7.940000000000000000e+15	5.000000000000000000e-01	-2.378277185943579453e-02
1.000000000000000000e+16	5.000000000000000000e-01	-2.497079885118210635e-02
1.260000000000000000e+16	5.000000000000000000e-01	-2.526894959530591456e-02
1.580000000000000000e+16	5.000000000000000000e-01	-2.489543453841543824e-02
2.000000000000000000e+16	5.000000000000000000e-01	-2.394296662947455537e-02
2.510000000000000000e+16	5.000000000000000000e-01	-2.267874259068015236e-02
3.160000000000000000e+16	5.000000000000000000e-01	-2.114976260734770588e-02
3.980000000000000000e+16	5.000000000000000000e-01	-1.947902611497779463e-02
5.010000000000000000e+16	5.000000000000000000e-01	-1.775710372950241311e-02
6.310000000000000000e+16	5.000000000000000000e-01	-1.603659436836576968e-02
7.940000000000000000e+16	5.000000000000000000e-01	-1.437724145913594175e-02
1.000000000000000000e+17	5.000000000000000000e-01	-1.279336066958508024e-02
1.000000000000000000e+11	1.500000000000000000e+00	2.045880160655139029e-05
1.258925411794166107e+11	1.500000000000000000e+00	2.577873289334126024e-05
1.584893192461110840e+11	1.500000000000000000e+00	3.250058365067778638e-05
1.995262314968882751e+11	1.500000000000000000e+00	4.101261452327062152e-05
2.511886431509582214e+11	1.500000000000000000e+00	5.183281734439386157e-05
3.162277660168379517e+11	1.500000000000000000e+00	6.567394179496726888e-05
3.981071705534969482e+11	1.500000000000000000e+00	8.354984300110645731e-05
5.011872336272714844e+11	1.500000000000000000e+00	1.069560416224799959e-04
6.309573444801943359e+11	1.500000000000000000e+00	1.380638470373451402e-04
7.943282347242821045e+11	1.500000000000000000e+00	1.787363295331626434e-04
1.000000000000000000e+12	1.500000000000000000e+00	2.091090929578255664e-04
1.260000000000000000e+12	1.500000000000000000e+00	2.336861230557985274e-04
1.580000000000000000e+12	1.500000000000000000e+00	2.776960535827672030e-04
2.000000000000000000e+12	1.500000000000000000e+00	3.397521623718273236e-04
2.510000000000000000e+12	1.500000000000000000e+00	4.175531925660051118e-04
3.160000000000000000e+12	1.500000000000000000e+00	5.185687447742170835e-04
3.980000000000000000e+12	1.500000000000000000e+00	6.471410624183048486e-04
5.010000000000000000e+12	1.500000000000000000e+00	8.099565268784192796e-04
6.310000000000000000e+12	1.500000000000000000e+00	1.018192720748158434e-03
7.940000000000000000e+12	1.500000000000000000e+00	1.286360673119468431e-03
1.000000000000000000e+13	1.500000000000000000e+00	1.635401187423363156e-03
1.260000000000000000e+13	1.500000000000000000e+00	2.082286631678007243e-03
1.580000000000000000e+13	1.500000000000000000e+00	2.632456955485781239e-03
2.000000000000000000e+13	1.500000000000000000e+00	3.352397513372332941e-03
2.510000000000000000e+13	1.500000000000000000e+00	4.191633917325908974e-03
3.160000000000000000e+13	1.500000000000000000e+00	5.127065354555292338e-03
3.980000000000000000e+13	1.500000000000000000e+00	6.054570738891805817e-03
5.010000000000000000e+13	1.500000000000000000e+00	6.863174160043826813e-03
6.310000000000000000e+13	1.500000000000000000e+00	7.579290712191396814e-03
7.940000000000000000e+13	1.500000000000000000e+00	8.391617366048249524e-03
1.000000000000000000e+14	1.500000000000000000e+00	9.510650027941458876e-03
1.260000000000000000e+14	1.500000000000000000e+00	1.123020162512929077e-02
1.580000000000000000e+14	1.500000000000000000e+00	1.384348509743869166e-02
2.000000000000000000e+14	1.500000000000000000e+00	1.782500972369852055e-02
2.510000000000000000e+14	1.500000000000000000e+00	2.286718752533557428e-02
3.160000000000000000e+14	1.500000000000000000e+00	2.856860495795255500e-02
3.980000000000000000e+14	1.500000000000000000e+00	3.380842541461587941e-02
5.010000000000000000e+14	1.500000000000000000e+00	3.751949381799294519e-02
6.310000000000000000e+14	1.500000000000000000e+00	3.865503231805970941e-02
7.940000000000000000e+14	1.500000000000000000e+00	3.641740236213146520e-02
1.000000000000000000e+15	1.500000000000000000e+00	3.159213973902869760e-02
1.260000000000000000e+15	1.500000000000000000e+00	2.480161023763858413e-02
1.580000000000000000e+15	1.500000000000000000e+00	1.673525915502396474e-02
2.000000000000000000e+15	1.500000000000000000e+00	8.366415660652630135e-03
2.510000000000000000e+15	1.500000000000000000e+00	3.389301859757550147e-04
3.160000000000000000e+15	1.500000000000000000e+00	-6.959325440551322565e-03
3.980000000000000000e+15	1.500000000000000000e+00	-1.308791443712134864e-02
5.010000000000000000e+15	1.500000000000000000e+00	-1.787449231109249081e-02
6.310000000000000000e+15	1.500000000000000000e+00	-2.134456718906051903e-02
7.940000000000000000e+15	1.500000000000000000e+00	-2.358625719796230216e-02
1.000000000000000000e+16	1.500000000000000000e+00	-2.477243495884509650e-02
1.260000000000000000e+16	1.500000000000000000e+00	-2.507389132458378092e-02
1.580000000000000000e+16	1.500000000000000000e+00	-2.470716136217182210e-02
2.000000000000000000e+16	1.500000000000000000e+00	-2.376473818918753422e-02
2.510000000000000000e+16	1.500000000000000000e+00	-2.251188881210068604e-02
3.160000000000000000e+16	1.500000000000000000e+00	-2.099560521624323217e-02
3.980000000000000000e+16	1.500000000000000000e+00	-1.933810948945664104e-02
5.010000000000000000e+16	1.500000000000000000e+00	-1.762916789307280088e-02
6.310000000000000000e+16	1.500000000000000000e+00	-1.592182499049532574e-02
7.940000000000000000e+16	1.500000000000000000e+00	-1.427478120293001161e-02
1.000000000000000000e+17	1.500000000000000000e+00	-1.270248095226915973e-02
1.000000000000000000e+11	2.500000000000000000e+00	1.818985768259603138e-05
1.258925411794166107e+11	2.500000000000000000e+00	2.291959515021565829e-05
1.584893192461110840e+11	2.500000000000000000e+00	2.889588818280216761e-05
1.995262314968882751e+11	2.500000000000000000e+00	3.646382116727996640e-05
2.511886431509582214e+11	2.500000000000000000e+00	4.608433897159750999e-05
3.162277660168379517e+11	2.500000000000000000e+00	5.839126993450460281e-05
3.981071705534969482e+11	2.500000000000000000e+00	7.428251431006710058e-05
5.011872336272714844e+11	2.500000000000000000e+00	9.505916017062750623e-05
6.309573444801943359e+11	2.500000000000000000e+00	1.224714851116309061e-04
7.943282347242821045e+11	2.500000000000000000e+00	1.560188732308771570e-04
1.000000000000000000e+12	2.500000000000000000e+00	1.828393111741511594e-04
1.260000000000000000e+12	2.500000000000000000e+00	2.081801576778388057e-04
1.580000000000000000e+12	2.500000000000000000e+00	2.491057130230060431e-04
2.000000000000000000e+12	2.500000000000000000e+00	3.066244007973912308e-04
2.510000000000000000e+12	2.500000000000000000e+00	3.778483859942995300e-04
3.160000000000000000e+12	2.500000000000000000e+00	4.699146381332268570e-04
3.980000000000000000e+12	2.500000000000000000e+00	5.873312507717110866e-04
5.010000000000000000e+12	2.500000000000000000e+00	7.362805615049545843e-04
6.310000000000000000e+12	2.500000000000000000e+00	9.262920168466998172e-04
7.940000000000000000e+12	2.500000000000000000e+00	1.169952426849611140e-03
1.000000000000000000e+13	2.500000000000000000e+00	1.487112111207436992e-03
1.260000000000000000e+13	2.500000000000000000e+00	1.893657017103721630e-03
1.580000000000000000e+13	2.500000000000000000e+00	2.390740446200972143e-03
2.000000000000000000e+13	2.500000000000000000e+00	3.041186939896880787e-03
2.510000000000000000e+13	2.500000000000000000e+00	3.809097796521521920e-03
3.160000000000000000e+13	2.500000000000000000e+00	4.676475093797627033e-03
3.980000000000000000e+13	2.500000000000000000e+00	5.549612764738960299e-03
5.010000000000000000e+13	2.500000000000000000e+00	6.364676685090235944e-03
6.310000000000000000e+13	2.500000000000000000e+00	7.148338198539505757e-03
7.940000000000000000e+13	2.500000000000000000e+00	8.035204775185619472e-03
1.000000000000000000e+14	2.500000000000000000e+00	9.265931412977082907e-03
1.260000000000000000e+14	2.500000000000000000e+00	1.109554549145431133e-02
1.580000000000000000e+14	2.500000000000000000e+00	1.381483776587274885e-02
2.000000000000000000e+14	2.500000000000000000e+00	1.793745003859995024e-02
2.510000000000000000e+14	2.500000000000000000e+00	2.305359966264652199e-02
3.160000000000000000e+14	2.500000000000000000e+00	2.881530313220555944e-02
3.980000000000000000e+14	2.500000000000000000e+00	3.412149181059996594e-02
5.010000000000000000e+14	2.500000000000000000e+00	3.765961657225655457e-02
6.310000000000000000e+14	2.500000000000000000e+00	3.847887879510117348e-02
7.940000000000000000e+14	2.500000000000000000e+00	3.663441022108728656e-02
1.000000000000000000e+15	2.500000000000000000e+00	3.193028259933058943e-02
1.260000000000000000e+15	2.500000000000000000e+00	2.472820127449777347e-02
1.580000000000000000e+15	2.500000000000000000e+00	1.677767910397769471e-02
2.000000000000000000e+15	2.500000000000000000e+00	8.434132072913021541e-03
2.510000000000000000e+15	2.500000000000000000e+00	4.330216437618050534e-04
3.160000000000000000e+15	2.500000000000000000e+00	-6.835320844624977361e-03
3.980000000000000000e+15	2.500000000000000000e+00	-1.293735928133753210e-02
5.010000000000000000e+15	2.500000000000000000e+00	-1.770303759920563783e-02
6.310000000000000000e+15	2.500000000000000000e+00	-2.115893656749101223e-02
7.940000000000000000e+15	2.500000000000000000e+00	-2.339239103019315202e-02
1.000000000000000000e+16	2.500000000000000000e+00	-2.457686688981784717e-02
1.260000000000000000e+16	2.500000000000000000e+00	-2.488109710063384980e-02
1.580000000000000000e+16	2.500000000000000000e+00	-2.452068918847289530e-02
2.000000000000000000e+16	2.500000000000000000e+00	-2.358795091757477647e-02
2.510000000000000000e+16	2.500000000000000000e+00	-2.234619202104018779e-02
3.160000000000000000e+16	2.500000000000000000e+00	-2.084235885798879293e-02
3.980000000000000000e+16	2.500000000000000000e+00	-1.919790530986360474e-02
5.010000000000000000e+16	2.500000000000000000e+00	-1.750220856221364543e-02
6.310000000000000000e+16	2.500000000000000000e+00	-1.580756819408709116e-02
7.940000000000000000e+16	2.500000000000000000e+00	-1.417268676345717626e-02
1.000000000000000000e+17	2.500000000000000000e+00	-1.261192279557082734e-02
1.000000000000000000e+11	4.000000000000000000e+00	1.559869478657306414e-05
1.258925411794166107e+11	4.000000000000000000e+00	1.965459050817514578e-05
1.584893192461110840e+11	4.000000000000000000e+00	2.477967638227188168e-05
1.995262314968882751e+11	4.000000000000000000e+00	3.127003053695542802e-05
2.511886431509582214e+11	4.000000000000000000e+00	3.952180016614235990e-05
3.162277660168379517e+11	4.000000000000000000e+00	5.007827693422809665e-05
3.981071705534969482e+11	4.000000000000000000e+00	6.370616219449018209e-05
5.011872336272714844e+11	4.000000000000000000e+00	8.148799217248791358e-05
6.309573444801943359e+11	4.000000000000000000e+00	1.047041791229724148e-04
7.943282347242821045e+11	4.000000000000000000e+00	1.302439505282601529e-04
1.000000000000000000e+12	4.000000000000000000e+00	1.526619795872669418e-04
1.260000000000000000e+12	4.000000000000000000e+00	1.791298272850749568e-04
1.580000000000000000e+12	4.000000000000000000e+00	2.167674052621011195e-04
2.000000000000000000e+12	4.000000000000000000e+00	2.682173018868032181e-04
2.510000000000000000e+12	4.000000000000000000e+00	3.321717356816856299e-04
3.160000000000000000e+12	4.000000000000000000e+00	4.143420697808091672e-04
3.980000000000000000e+12	4.000000000000000000e+00	5.186043520265794194e-04
5.010000000000000000e+12	4.000000000000000000e+00	6.507023620202188885e-04
6.310000000000000000e+12	4.000000000000000000e+00	8.192448209705242065e-04
7.940000000000000000e+12	4.000000000000000000e+00	1.034922774109990054e-03
1.000000000000000000e+13	4.000000000000000000e+00	1.313659445088693990e-03
1.260000000000000000e+13	4.000000000000000000e+00	1.669625337929124889e-03
1.580000000000000000e+13	4.000000000000000000e+00	2.107643149881592570e-03
2.000000000000000000e+13	4.000000000000000000e+00	2.680789308096341670e-03
2.510000000000000000e+13	4.000000000000000000e+00	3.355736393872619638e-03
3.160000000000000000e+13	4.000000000000000000e+00	4.134756403063510367e-03
3.980000000000000000e+13	4.000000000000000000e+00	4.951795271531867458e-03
5.010000000000000000e+13	4.000000000000000000e+00	5.780588307555930942e-03
6.310000000000000000e+13	4.000000000000000000e+00	6.664351224427630775e-03
7.940000000000000000e+13	4.000000000000000000e+00	7.683603147337119722e-03
1.000000000000000000e+14	4.000000000000000000e+00	9.056309658675147645e-03
1.260000000000000000e+14	4.000000000000000000e+00	1.105483831762525335e-02
1.580000000000000000e+14	4.000000000000000000e+00	1.390717914179697041e-02
2.000000000000000000e+14	4.000000000000000000e+00	1.810528016576887222e-02
2.510000000000000000e+14	4.000000000000000000e+00	2.332813800702184318e-02
3.160000000000000000e+14	4.000000000000000000e+00	2.909748847224527188e-02
3.980000000000000000e+14	4.000000000000000000e+00	3.448418607432965355e-02
5.010000000000000000e+14	4.000000000000000000e+00	3.808127409969534055e-02
6.310000000000000000e+14	4.000000000000000000e+00	3.902852744488315151e-02
7.940000000000000000e+14	4.000000000000000000e+00	3.711231849469590061e-02
1.000000000000000000e+15	4.000000000000000000e+00	3.222195017137727963e-02
1.260000000000000000e+15	4.000000000000000000e+00	2.524515723363653444e-02
1.580000000000000000e+15	4.000000000000000000e+00	1.719964433581271795e-02
2.000000000000000000e+15	4.000000000000000000e+00	8.698065940729787088e-03
2.510000000000000000e+15	4.000000000000000000e+00	6.289561045905941745e-04
3.160000000000000000e+15	4.000000000000000000e+00	-6.684731370507220570e-03
3.980000000000000000e+15	4.000000000000000000e+00	-1.282015511046990207e-02
5.010000000000000000e+15	4.000000000000000000e+00	-1.761110561086632470e-02
6.310000000000000000e+15	4.000000000000000000e+00	-2.108640843455161437e-02
7.940000000000000000e+15	4.000000000000000000e+00	-2.333500796048085246e-02
1.000000000000000000e+16	4.000000000000000000e+00	-2.453113622132627181e-02
1.260000000000000000e+16	4.000000000000000000e+00	-2.484509052499175516e-02
1.580000000000000000e+16	4.000000000000000000e+00	-2.449201226805929402e-02
2.000000000000000000e+16	4.000000000000000000e+00	-2.356517042249394941e-02
2.510000000000000000e+16	4.000000000000000000e+00	-2.232817597799874668e-02
3.160000000000000000e+16	4.000000000000000000e+00	-2.082803393199618783e-02
3.980000000000000000e+16	4.000000000000000000e+00	-1.918657165592448435e-02
5.010000000000000000e+16	4.000000000000000000e+00	-1.749301056989542927e-02
6.310000000000000000e+16	4.000000000000000000e+00	-1.580036065254119063e-02
7.940000000000000000e+16	4.000000000000000000e+00	-1.416699491567580300e-02
1.000000000000000000e+17	4.000000000000000000e+00	-1.260740553335219609e-02
1.000000000000000000e+11	6.000000000000000000e+00	1.351696880585919947e-05
1.258925411794166107e+11	6.000000000000000000e+00	1.703155687310231508e-05
1.584893192461110840e+11	6.000000000000000000e+00	2.147223922796300796e-05
1.995262314968882751e+11	6.000000000000000000e+00	2.709603204622014201e-05
2.511886431509582214e+11	6.000000000000000000e+00	3.424618675834377896e-05
3.162277660168379517e+11	6.000000000000000000e+00	4.339288198417663847e-05
3.981071705534969482e+11	6.000000000000000000e+00	5.519476996650238135e-05
5.011872336272714844e+11	6.000000000000000000e+00	7.055335594823943012e-05
6.309573444801943359e+11	6.000000000000000000e+00	9.035682821885249541e-05
7.943282347242821045e+11	6.000000000000000000e+00	1.092701223132808033e-04
1.000000000000000000e+12	6.000000000000000000e+00	1.282588453069505123e-04
1.260000000000000000e+12	6.000000000000000000e+00	1.556456719390470107e-04
1.580000000000000000e+12	6.000000000000000000e+00	1.910221753818466069e-04
2.000000000000000000e+12	6.000000000000000000e+00	2.384997381261319744e-04
2.510000000000000000e+12	6.000000000000000000e+00	2.966586583636353553e-04
3.160000000000000000e+12	6.000000000000000000e+00	3.713485692421834698e-04
3.980000000000000000e+12	6.000000000000000000e+00	4.661357184247343706e-04
5.010000000000000000e+12	6.000000000000000000e+00	5.854467792847991171e-04
6.310000000000000000e+12	6.000000000000000000e+00	7.373853218687841365e-04
7.940000000000000000e+12	6.000000000000000000e+00	9.312843284573888878e-04
1.000000000000000000e+13	6.000000000000000000e+00	1.180768323071535028e-03
1.260000000000000000e+13	6.000000000000000000e+00	1.498361735094050871e-03
1.580000000000000000e+13	6.000000000000000000e+00	1.891395007914091833e-03
2.000000000000000000e+13	6.000000000000000000e+00	2.403937847451475835e-03
2.510000000000000000e+13	6.000000000000000000e+00	3.011125110779759410e-03
3.160000000000000000e+13	6.000000000000000000e+00	3.719474913065384108e-03
3.980000000000000000e+13	6.000000000000000000e+00	4.494918381168720375e-03
5.010000000000000000e+13	6.000000000000000000e+00	5.307990131610772905e-03
6.310000000000000000e+13	6.000000000000000000e+00	6.210756330032963200e-03
7.940000000000000000e+13	6.000000000000000000e+00	7.329762686835730734e-03
1.000000000000000000e+14	6.000000000000000000e+00	8.812691030792761671e-03
1.260000000000000000e+14	6.000000000000000000e+00	1.092498233524369887e-02
1.580000000000000000e+14	6.000000000000000000e+00	1.389173208481765155e-02
2.000000000000000000e+14	6.000000000000000000e+00	1.816899758059873846e-02
2.510000000000000000e+14	6.000000000000000000e+00	2.343341096591942951e-02
3.160000000000000000e+14	6.000000000000000000e+00	2.934419983242145258e-02
3.980000000000000000e+14	6.000000000000000000e+00	3.460489372911954714e-02
5.010000000000000000e+14	6.000000000000000000e+00	3.814820077538902399e-02
6.310000000000000000e+14	6.000000000000000000e+00	3.922839758966251839e-02
7.940000000000000000e+14	6.000000000000000000e+00	3.702387102141915798e-02
1.000000000000000000e+15	6.000000000000000000e+00	3.207759550088681161e-02
1.260000000000000000e+15	6.000000000000000000e+00	2.501593995048121549e-02
1.580000000000000000e+15	6.000000000000000000e+00	1.667792052724032317e-02
2.000000000000000000e+15	6.000000000000000000e+00	8.267010100776951004e-03
2.510000000000000000e+15	6.000000000000000000e+00	4.884493616485035281e-04
3.160000000000000000e+15	6.000000000000000000e+00	-6.674850196454267318e-03
3.980000000000000000e+15	6.000000000000000000e+00	-1.269934308719654521e-02
5.010000000000000000e+15	6.000000000000000000e+00	-1.740790753999876816e-02
6.310000000000000000e+15	6.000000000000000000e+00	-2.082418660753722339e-02
7.940000000000000000e+15	6.000000000000000000e+00	-2.303426405605129776e-02
1.000000000000000000e+16	6.000000000000000000e+00	-2.420801869355137040e-02
1.260000000000000000e+16	6.000000000000000000e+00	-2.451307339250295356e-02
1.580000000000000000e+16	6.000000000000000000e+00	-2.416171635957252081e-02
2.000000000000000000e+16	6.000000000000000000e+00	-2.324534976900478195e-02
2.510000000000000000e+16	6.000000000000000000e+00	-2.202353004837402303e-02
3.160000000000000000e+16	6.000000000000000000e+00	-2.054280814724929183e-02
3.980000000000000000e+16	6.000000000000000000e+00	-1.892300011423808312e-02
5.010000000000000000e+16	6.000000000000000000e+00	-1.725218513009858790e-02
6.310000000000000000e+16	6.000000000000000000e+00	-1.558240612077175895e-02
7.940000000000000000e+16	6.000000000000000000e+00	-1.397126580126200820e-02
1.000000000000000000e+17	6.000000000000000000e+00	-1.243298654961313802e-02
1.000000000000000000e+11	8.000000000000000000e+00	1.212477843588588821e-05
1.258925411794166107e+11	8.000000000000000000e+00	1.527718032210468015e-05
1.584893192461110840e+11	8.000000000000000000e+00	1.926046397644376760e-05
1.995262314968882751e+11	8.000000000000000000e+00	2.430513594312692880e-05
2.511886431509582214e+11	8.000000000000000000e+00	3.071923784942172598e-05
3.162277660168379517e+11	8.000000000000000000e+00	3.892510467294299270e-05
3.981071705534969482e+11	8.000000000000000000e+00	4.950979923321991935e-05
5.011872336272714844e+11	8.000000000000000000e+00	6.325657111065138415e-05
6.309573444801943359e+11	8.000000000000000000e+00	8.079569710867630047e-05
7.943282347242821045e+11	8.000000000000000000e+00	9.534289496407047295e-05
1.000000000000000000e+12	8.000000000000000000e+00	1.121922614450099684e-04
1.260000000000000000e+12	8.000000000000000000e+00	1.400821977152863680e-04
1.580000000000000000e+12	8.000000000000000000e+00	1.736567431953497226e-04
2.000000000000000000e+12	8.000000000000000000e+00	2.182047442698687443e-04
2.510000000000000000e+12	8.000000000000000000e+00	2.723150659342378033e-04
3.160000000000000000e+12	8.000000000000000000e+00	3.415173879635577674e-04
3.980000000000000000e+12	8.000000000000000000e+00	4.291077198141574132e-04
5.010000000000000000e+12	8.000000000000000000e+00	5.502956926698805620e-04
6.310000000000000000e+12	8.000000000000000000e+00	6.795993315659842188e-04
7.940000000000000000e+12	8.000000000000000000e+00	8.576649294456316309e-04
1.000000000000000000e+13	8.000000000000000000e+00	1.086891147958755043e-03
1.260000000000000000e+13	8.000000000000000000e+00	1.376480527311813810e-03
1.580000000000000000e+13	8.000000000000000000e+00	1.732302508328107922e-03
2.000000000000000000e+13	8.000000000000000000e+00	2.200110655287509931e-03
2.510000000000000000e+13	8.000000000000000000e+00	2.754000441036219202e-03
3.160000000000000000e+13	8.000000000000000000e+00	3.416098790969209625e-03
3.980000000000000000e+13	8.000000000000000000e+00	4.176772285835545807e-03
5.010000000000000000e+13	8.000000000000000000e+00	5.028714420301071825e-03
6.310000000000000000e+13	8.000000000000000000e+00	6.001421854526929958e-03
7.940000000000000000e+13	8.000000000000000000e+00	7.174035969799818190e-03
1.000000000000000000e+14	8.000000000000000000e+00	8.749563609198634379e-03
1.260000000000000000e+14	8.000000000000000000e+00	1.096548669683401929e-02
1.580000000000000000e+14	8.000000000000000000e+00	1.400888219480421817e-02
2.000000000000000000e+14	8.000000000000000000e+00	1.838964839074474708e-02
2.510000000000000000e+14	8.000000000000000000e+00	2.367279282276043076e-02
3.160000000000000000e+14	8.000000000000000000e+00	2.956410023147664282e-02
3.980000000000000000e+14	8.000000000000000000e+00	3.518220970207358578e-02
5.010000000000000000e+14	8.000000000000000000e+00	3.885463952062648274e-02
6.310000000000000000e+14	8.000000000000000000e+00	3.968841396466060018e-02
7.940000000000000000e+14	8.000000000000000000e+00	3.742336159541256174e-02
1.000000000000000000e+15	8.000000000000000000e+00	3.335099341663019801e-02
1.260000000000000000e+15	8.000000000000000000e+00	2.676567818702665219e-02
1.580000000000000000e+15	8.000000000000000000e+00	1.844325239359022664e-02
2.000000000000000000e+15	8.000000000000000000e+00	1.015640053849142278e-02
2.510000000000000000e+15	8.000000000000000000e+00	1.374796945445425468e-03
3.160000000000000000e+15	8.000000000000000000e+00	-6.253243536882132844e-03
3.980000000000000000e+15	8.000000000000000000e+00	-1.260458717905593717e-02
5.010000000000000000e+15	8.000000000000000000e+00	-1.755309443898539837e-02
6.310000000000000000e+15	8.000000000000000000e+00	-2.114399556373587966e-02
7.940000000000000000e+15	8.000000000000000000e+00	-2.347514102343673317e-02
1.000000000000000000e+16	8.000000000000000000e+00	-2.472737023958166899e-02
1.260000000000000000e+16	8.000000000000000000e+00	-2.507629453306830375e-02
1.580000000000000000e+16	8.000000000000000000e+00	-2.474205194224503995e-02
2.000000000000000000e+16	8.000000000000000000e+00	-2.382193672731686834e-02
2.510000000000000000e+16	8.000000000000000000e+00	-2.258237989671219026e-02
3.160000000000000000e+16	8.000000000000000000e+00	-2.107366839995450727e-02
3.980000000000000000e+16	8.000000000000000000e+00	-1.941828119476766978e-02
5.010000000000000000e+16	8.000000000000000000e+00	-1.770861994105115897e-02
6.310000000000000000e+16	8.000000000000000000e+00	-1.599830907336995470e-02
7.940000000000000000e+16	8.000000000000000000e+00	-1.434681307809533395e-02
1.000000000000000000e+17	8.000000000000000000e+00	-1.276916338940944223e-02
1.000000000000000000e+11	1.000000000000000000e+01	1.123154280976112996e-05
1.258925411794166107e+11	1.000000000000000000e+01	1.415166340040389641e-05
1.584893192461110840e+11	1.000000000000000000e+01	1.784235579642693404e-05
1.995262314968882751e+11	1.000000000000000000e+01	2.251520174024536594e-05
2.511886431509582214e+11	1.000000000000000000e+01	2.845780577431514249e-05
3.162277660168379517e+11	1.000000000000000000e+01	3.606094769664037808e-05
3.981071705534969482e+11	1.000000000000000000e+01	4.586700044412223714e-05
5.011872336272714844e+11	1.000000000000000000e+01	5.858506687340164147e-05
6.309573444801943359e+11	1.000000000000000000e+01	7.468681592698432506e-05
7.943282347242821045e+11	1.000000000000000000e+01	8.651428985438823168e-05
1.000000000000000000e+12	1.000000000000000000e+01	1.017867993171707382e-04
1.260000000000000000e+12	1.000000000000000000e+01	1.300516130290203473e-04
1.580000000000000000e+12	1.000000000000000000e+01	1.625090673014109436e-04
2.000000000000000000e+12	1.000000000000000000e+01	2.048941611982527241e-04
2.510000000000000000e+12	1.000000000000000000e+01	2.564231435898104328e-04
3.160000000000000000e+12	1.000000000000000000e+01	3.221290879135989185e-04
3.980000000000000000e+12	1.000000000000000000e+01	4.051481201983385644e-04
5.010000000000000000e+12	1.000000000000000000e+01	5.096002667100606393e-04
6.310000000000000000e+12	1.000000000000000000e+01	6.419607190378855610e-04
7.940000000000000000e+12	1.000000000000000000e+01	8.096193976800979738e-04
1.000000000000000000e+13	1.000000000000000000e+01	1.025062368010579020e-03
1.260000000000000000e+13	1.000000000000000000e+01	1.298977027335451381e-03
1.580000000000000000e+13	1.000000000000000000e+01	1.634373724492767157e-03
2.000000000000000000e+13	1.000000000000000000e+01	2.074114247165216845e-03
2.510000000000000000e+13	1.000000000000000000e+01	2.599821199880904786e-03
3.160000000000000000e+13	1.000000000000000000e+01	3.235101744721725469e-03
3.980000000000000000e+13	1.000000000000000000e+01	3.957317789428028282e-03
5.010000000000000000e+13	1.000000000000000000e+01	4.777730859242194754e-03
6.310000000000000000e+13	1.000000000000000000e+01	5.753264117879551727e-03
7.940000000000000000e+13	1.000000000000000000e+01	6.968667287284880350e-03
1.000000000000000000e+14	1.000000000000000000e+01	8.594590520126283231e-03
1.260000000000000000e+14	1.000000000000000000e+01	1.082897291489566365e-02
1.580000000000000000e+14	1.000000000000000000e+01	1.388636203247069038e-02
2.000000000000000000e+14	1.000000000000000000e+01	1.824539887526300391e-02
2.510000000000000000e+14	1.000000000000000000e+01	2.363382972254643791e-02
3.160000000000000000e+14	1.000000000000000000e+01	2.949978639798779556e-02
3.980000000000000000e+14	1.000000000000000000e+01	3.471337093357966530e-02
5.010000000000000000e+14	1.000000000000000000e+01	3.836108741739048533e-02
6.310000000000000000e+14	1.000000000000000000e+01	3.895252641785529324e-02
7.940000000000000000e+14	1.000000000000000000e+01	3.730352843654860528e-02
1.000000000000000000e+15	1.000000000000000000e+01	3.233614153318351697e-02
1.260000000000000000e+15	1.000000000000000000e+01	2.542123186593746309e-02
1.580000000000000000e+15	1.000000000000000000e+01	1.746339749085340162e-02
2.000000000000000000e+15	1.000000000000000000e+01	7.899374590447106811e-03
2.510000000000000000e+15	1.000000000000000000e+01	4.874773355723341296e-04
3.160000000000000000e+15	1.000000000000000000e+01	-6.596403022650693636e-03
3.980000000000000000e+15	1.000000000000000000e+01	-1.257589493746643153e-02
5.010000000000000000e+15	1.000000000000000000e+01	-1.725398680377693977e-02
6.310000000000000000e+15	1.000000000000000000e+01	-2.065143692455049737e-02
7.940000000000000000e+15	1.000000000000000000e+01	-2.285035235121826019e-02
1.000000000000000000e+16	1.000000000000000000e+01	-2.401971368846008911e-02
1.260000000000000000e+16	1.000000000000000000e+01	-2.432588515018918596e-02
1.580000000000000000e+16	1.000000000000000000e+01	-2.397966966887301113e-02
2.000000000000000000e+16	1.000000000000000000e+01	-2.307200653438395282e-02
2.510000000000000000e+16	1.000000000000000000e+01	-2.186055060436617806e-02
3.160000000000000000e+16	1.000000000000000000e+01	-2.039212132801379931e-02
3.980000000000000000e+16	1.000000000000000000e+01	-1.878451851759461999e-02
5.010000000000000000e+16	1.000000000000000000e+01	-1.712642059786472284e-02
6.310000000000000000e+16	1.000000000000000000e+01	-1.546922821377390463e-02
7.940000000000000000e+16	1.000000000000000000e+01	-1.387002797964805197e-02
1.000000000000000000e+17	1.000000000000000000e+01	-1.234310385675085886e-02
1.000000000000000000e+11	1.200000000000000000e+01	1.075527696952802929e-05
1.258925411794166107e+11	1.200000000000000000e+01	1.355158321298996093e-05
1.584893192461110840e+11	1.200000000000000000e+01	1.708498239443744359e-05
1.995262314968882751e+11	1.200000000000000000e+01	2.156020127258011530e-05
2.511886431509582214e+11	1.200000000000000000e+01	2.725090649150599905e-05
3.162277660168379517e+11	1.200000000000000000e+01	3.453192895268308599e-05
3.981071705534969482e+11	1.200000000000000000e+01	4.392108254564212384e-05
5.011872336272714844e+11	1.200000000000000000e+01	5.608669426008248607e-05
6.309573444801943359e+11	1.200000000000000000e+01	7.141261734559905237e-05
7.943282347242821045e+11	1.200000000000000000e+01	8.175015317232642059e-05
1.000000000000000000e+12	1.200000000000000000e+01	9.625336558529138428e-05
1.260000000000000000e+12	1.200000000000000000e+01	1.246749004883353662e-04
1.580000000000000000e+12	1.200000000000000000e+01	1.565605952354500190e-04
2.000000000000000000e+12	1.200000000000000000e+01	1.979647683195303026e-04
2.510000000000000000e+12	1.200000000000000000e+01	2.482573061576997153e-04
3.160000000000000000e+12	1.200000000000000000e+01	3.121077872687654225e-04
3.980000000000000000e+12	1.200000000000000000e+01	3.927338682075829572e-04
5.010000000000000000e+12	1.200000000000000000e+01	4.943135806155307200e-04
6.310000000000000000e+12	1.200000000000000000e+01	6.228921679717452356e-04
7.940000000000000000e+12	1.200000000000000000e+01	7.854525030829886392e-04
1.000000000000000000e+13	1.200000000000000000e+01	9.923957055258030100e-04
1.260000000000000000e+13	1.200000000000000000e+01	1.255789064194058917e-03
1.580000000000000000e+13	1.200000000000000000e+01	1.580350322404070786e-03
2.000000000000000000e+13	1.200000000000000000e+01	2.004667256666284921e-03
2.510000000000000000e+13	1.200000000000000000e+01	2.508624043309279437e-03
3.160000000000000000e+13	1.200000000000000000e+01	3.127580258917150770e-03
3.980000000000000000e+13	1.200000000000000000e+01	3.858753024764895352e-03
5.010000000000000000e+13	1.200000000000000000e+01	4.698312950049539534e-03
6.310000000000000000e+13	1.200000000000000000e+01	5.699993985044068436e-03
7.940000000000000000e+13	1.200000000000000000e+01	6.962801028644679743e-03
1.000000000000000000e+14	1.200000000000000000e+01	8.641915944687317969e-03
1.260000000000000000e+14	1.200000000000000000e+01	1.095687475710900582e-02
1.580000000000000000e+14	1.200000000000000000e+01	1.410229892555318366e-02
2.000000000000000000e+14	1.200000000000000000e+01	1.857458186166463174e-02
2.510000000000000000e+14	1.200000000000000000e+01	2.388612154658419431e-02
3.160000000000000000e+14	1.200000000000000000e+01	2.991082277064305989e-02
3.980000000000000000e+14	1.200000000000000000e+01	3.542339172065189085e-02
5.010000000000000000e+14	1.200000000000000000e+01	3.896705588182654278e-02
6.310000000000000000e+14	1.200000000000000000e+01	4.023417801401833055e-02
7.940000000000000000e+14	1.200000000000000000e+01	3.843053182289592196e-02
1.000000000000000000e+15	1.200000000000000000e+01	3.330786943495948893e-02
1.260000000000000000e+15	1.200000000000000000e+01	2.549414455139941554e-02
1.580000000000000000e+15	1.200000000000000000e+01	1.832410248226871985e-02
2.000000000000000000e+15	1.200000000000000000e+01	1.079222704773065075e-02
2.510000000000000000e+15	1.200000000000000000e+01	1.598290422751743375e-03
3.160000000000000000e+15	1.200000000000000000e+01	-6.114825105764557650e-03
3.980000000000000000e+15	1.200000000000000000e+01	-1.250737733611808310e-02
5.010000000000000000e+15	1.200000000000000000e+01	-1.748090197266901832e-02
6.310000000000000000e+15	1.200000000000000000e+01	-2.108888304006447181e-02
7.940000000000000000e+15	1.200000000000000000e+01	-2.343202203541191325e-02
1.000000000000000000e+16	1.200000000000000000e+01	-2.469388828484109927e-02
1.260000000000000000e+16	1.200000000000000000e+01	-2.504995954898270663e-02
1.580000000000000000e+16	1.200000000000000000e+01	-2.472117594530633469e-02
2.000000000000000000e+16	1.200000000000000000e+01	-2.380548504467868212e-02
2.510000000000000000e+16	1.200000000000000000e+01	-2.256929491404091950e-02
3.160000000000000000e+16	1.200000000000000000e+01	-2.106288211557073853e-02
3.980000000000000000e+16	1.200000000000000000e+01	-1.941006384847104860e-02
5.010000000000000000e+16	1.200000000000000000e+01	-1.770191528731632907e-02
6.310000000000000000e+16	1.200000000000000000e+01	-1.599309091360601176e-02
7.940000000000000000e+16	1.200000000000000000e+01	-1.434269178936984496e-02
1.000000000000000000e+17	1.200000000000000000e+01	-1.276590998702472127e-02
1.000000000000000000e+11	1.400000000000000000e+01	1.023331742886679003e-05
1.258925411794166107e+11	1.400000000000000000e+01	1.289409362179190929e-05
1.584893192461110840e+11	1.400000000000000000e+01	1.625649195095982887e-05
1.995262314968882751e+11	1.400000000000000000e+01	2.051566037022151432e-05
2.511886431509582214e+11	1.400000000000000000e+01	2.593271956814840499e-05
3.162277660168379517e+11	1.400000000000000000e+01	3.286548343014398382e-05
3.981071705534969482e+11	1.400000000000000000e+01	4.180840789309955597e-05
5.011872336272714844e+11	1.400000000000000000e+01	5.341189957660304882e-05
6.309573444801943359e+11	1.400000000000000000e+01	6.793033982548190403e-05
7.943282347242821045e+11	1.400000000000000000e+01	7.688702736977384396e-05
1.000000000000000000e+12	1.400000000000000000e+01	9.056016769577099324e-05
1.260000000000000000e+12	1.400000000000000000e+01	1.186571393485837101e-04
1.580000000000000000e+12	1.400000000000000000e+01	1.494718950412061683e-04
2.000000000000000000e+12	1.400000000000000000e+01	1.893177161770038673e-04
2.510000000000000000e+12	1.400000000000000000e+01	2.374976889210752499e-04
3.160000000000000000e+12	1.400000000000000000e+01	2.989650940807419980e-04
3.980000000000000000e+12	1.400000000000000000e+01	3.763637366125685232e-04
5.010000000000000000e+12	1.400000000000000000e+01	4.736380347921269915e-04
6.310000000000000000e+12	1.400000000000000000e+01	5.969611952862439010e-04
7.940000000000000000e+12	1.400000000000000000e+01	7.526391968144276450e-04
1.000000000000000000e+13	1.400000000000000000e+01	9.499020618018922443e-04
1.260000000000000000e+13	1.400000000000000000e+01	1.200606252505605730e-03
1.580000000000000000e+13	1.400000000000000000e+01	1.510608310986747728e-03
2.000000000000000000e+13	1.400000000000000000e+01	1.915123250177450717e-03
2.510000000000000000e+13	1.400000000000000000e+01	2.408999755322161363e-03
3.160000000000000000e+13	1.400000000000000000e+01	3.001383159984509844e-03
3.980000000000000000e+13	1.400000000000000000e+01	3.693302878294874199e-03
5.010000000000000000e+13	1.400000000000000000e+01	4.523952715568864934e-03
6.310000000000000000e+13	1.400000000000000000e+01	5.548231581948534323e-03
7.940000000000000000e+13	1.400000000000000000e+01	6.842286711688449000e-03
1.000000000000000000e+14	1.400000000000000000e+01	8.520143758036289108e-03
1.260000000000000000e+14	1.400000000000000000e+01	1.081341533778731184e-02
1.580000000000000000e+14	1.400000000000000000e+01	1.395376874732005140e-02
2.000000000000000000e+14	1.400000000000000000e+01	1.833404168031313800e-02
2.510000000000000000e+14	1.400000000000000000e+01	2.366195292899867311e-02
3.160000000000000000e+14	1.400000000000000000e+01	2.944481838128003640e-02
3.980000000000000000e+14	1.400000000000000000e+01	3.479677357118206305e-02
5.010000000000000000e+14	1.400000000000000000e+01	3.831399417772655969e-02
6.310000000000000000e+14	1.400000000000000000e+01	3.935031976525484032e-02
7.940000000000000000e+14	1.400000000000000000e+01	3.697820779746166520e-02
1.000000000000000000e+15	1.400000000000000000e+01	3.182996719914522876e-02
1.260000000000000000e+15	1.400000000000000000e+01	2.649122780274587585e-02
1.580000000000000000e+15	1.400000000000000000e+01	1.785531167433396238e-02
2.000000000000000000e+15	1.400000000000000000e+01	8.145882868411367245e-03
2.510000000000000000e+15	1.400000000000000000e+01	6.641147244034900383e-04
3.160000000000000000e+15	1.400000000000000000e+01	-6.464215739865737838e-03
3.980000000000000000e+15	1.400000000000000000e+01	-1.247453830304811294e-02
5.010000000000000000e+15	1.400000000000000000e+01	-1.717579681611345818e-02
6.310000000000000000e+15	1.400000000000000000e+01	-2.058962651987041037e-02
7.940000000000000000e+15	1.400000000000000000e+01	-2.280161551037369894e-02
1.000000000000000000e+16	1.400000000000000000e+01	-2.398120853914015652e-02
1.260000000000000000e+16	1.400000000000000000e+01	-2.429542846411237786e-02
1.580000000000000000e+16	1.400000000000000000e+01	-2.395541878967832883e-02
2.000000000000000000e+16	1.400000000000000000e+01	-2.305287413172451769e-02
2.510000000000000000e+16	1.400000000000000000e+01	-2.184532611858635079e-02
3.160000000000000000e+16	1.400000000000000000e+01	-2.038003845809339271e-02
3.980000000000000000e+16	1.400000000000000000e+01	-1.877489610246081686e-02
5.010000000000000000e+16	1.400000000000000000e+01	-1.711879559893170547e-02
6.310000000000000000e+16	1.400000000000000000e+01	-1.546314294967899954e-02
7.940000000000000000e+16	1.400000000000000000e+01	-1.386522586422410906e-02
1.000000000000000000e+17	1.400000000000000000e+01	-1.233927841217084820e-02
1.000000000000000000e+11	1.600000000000000000e+01	1.010945294352509481e-05
1.258925411794166107e+11	1.600000000000000000e+01	1.273799782711517330e-05
1.584893192461110840e+11	1.600000000000000000e+01	1.605951730432556582e-05
1.995262314968882751e+11	1.600000000000000000e+01	2.026680314255047003e-05
2.511886431509582214e+11	1.600000000000000000e+01	2.561763542713247344e-05
3.162277660168379517e+11	1.600000000000000000e+01	3.246541133516920859e-05
3.981071705534969482e+11	1.600000000000000000e+01	4.129696703176662651e-05
5.011872336272714844e+11	1.600000000000000000e+01	5.273103911012314021e-05
6.309573444801943359e+11	1.600000000000000000e+01	6.704965187265928743e-05
7.943282347242821045e+11	1.600000000000000000e+01	7.555230136877224742e-05
1.000000000000000000e+12	1.600000000000000000e+01	8.897500926963569895e-05
1.260000000000000000e+12	1.600000000000000000e+01	1.172434349974268481e-04
1.580000000000000000e+12	1.600000000000000000e+01	1.480447751943386324e-04
2.000000000000000000e+12	1.600000000000000000e+01	1.878728949048092257e-04
2.510000000000000000e+12	1.600000000000000000e+01	2.359344568217398950e-04
3.160000000000000000e+12	1.600000000000000000e+01	2.969206543081853744e-04
3.980000000000000000e+12	1.600000000000000000e+01	3.738591949901610479e-04
5.010000000000000000e+12	1.600000000000000000e+01	4.705850513164773073e-04
6.310000000000000000e+12	1.600000000000000000e+01	5.927274942699749163e-04
7.940000000000000000e+12	1.600000000000000000e+01	7.469363764397231624e-04
1.000000000000000000e+13	1.600000000000000000e+01	9.445145715572143483e-04
1.260000000000000000e+13	1.600000000000000000e+01	1.194180188227996755e-03
1.580000000000000000e+13	1.600000000000000000e+01	1.500461008634144206e-03
2.000000000000000000e+13	1.600000000000000000e+01	1.904710472564837302e-03
2.510000000000000000e+13	1.600000000000000000e+01	2.382538888076716349e-03
3.160000000000000000e+13	1.600000000000000000e+01	2.966978329489290776e-03
3.980000000000000000e+13	1.600000000000000000e+01	3.689660641182405769e-03
5.010000000000000000e+13	1.600000000000000000e+01	4.555239220183288258e-03
6.310000000000000000e+13	1.600000000000000000e+01	5.583370708777095869e-03
7.940000000000000000e+13	1.600000000000000000e+01	6.878957852912005559e-03
1.000000000000000000e+14	1.600000000000000000e+01	8.621360108445530121e-03
1.260000000000000000e+14	1.600000000000000000e+01	1.098976606937532990e-02
1.580000000000000000e+14	1.600000000000000000e+01	1.414355391788431685e-02
2.000000000000000000e+14	1.600000000000000000e+01	1.860990022301875144e-02
2.510000000000000000e+14	1.600000000000000000e+01	2.415054573435650859e-02
3.160000000000000000e+14	1.600000000000000000e+01	3.025287216323155684e-02
3.980000000000000000e+14	1.600000000000000000e+01	3.568476120799089074e-02
5.010000000000000000e+14	1.600000000000000000e+01	3.971691709383321639e-02
6.310000000000000000e+14	1.600000000000000000e+01	4.052252208094704600e-02
7.940000000000000000e+14	1.600000000000000000e+01	3.801453376737228690e-02
1.000000000000000000e+15	1.600000000000000000e+01	3.320059210958144214e-02
1.260000000000000000e+15	1.600000000000000000e+01	2.544050297456005791e-02
1.580000000000000000e+15	1.600000000000000000e+01	1.829104989489278160e-02
2.000000000000000000e+15	1.600000000000000000e+01	1.077054729364760981e-02
2.510000000000000000e+15	1.600000000000000000e+01	1.582861221336071293e-03
3.160000000000000000e+15	1.600000000000000000e+01	-6.126317266547011073e-03
3.980000000000000000e+15	1.600000000000000000e+01	-1.251610542931371958e-02
5.010000000000000000e+15	1.600000000000000000e+01	-1.748764259106502447e-02
6.310000000000000000e+15	1.600000000000000000e+01	-2.109414493234491178e-02
7.940000000000000000e+15	1.600000000000000000e+01	-2.343615478929192419e-02
1.000000000000000000e+16	1.600000000000000000e+01	-2.469714489961032447e-02
1.260000000000000000e+16	1.600000000000000000e+01	-2.505251278953679953e-02
1.580000000000000000e+16	1.600000000000000000e+01	-2.472326440534502665e-02
2.000000000000000000e+16	1.600000000000000000e+01	-2.380710637880957894e-02
2.510000000000000000e+16	1.600000000000000000e+01	-2.257058650928786547e-02
3.160000000000000000e+16	1.600000000000000000e+01	-2.106390822799486182e-02
3.980000000000000000e+16	1.600000000000000000e+01	-1.941088833859573592e-02
5.010000000000000000e+16	1.600000000000000000e+01	-1.770268702986282569e-02
6.310000000000000000e+16	1.600000000000000000e+01	-1.599360310032030968e-02
7.940000000000000000e+16	1.600000000000000000e+01	-1.434308893761403886e-02
1.000000000000000000e+17	1.600000000000000000e+01	-1.276623032083988585e-02
