1.000000000000000000e+11	5.000000000000000000e-01	2.226216898510364518e-05
1.258925411794166107e+11	5.000000000000000000e-01	2.805273964291258944e-05
1.584893192461110840e+11	5.000000000000000000e-01	3.537130911785485909e-05
1.995262314968882751e+11	5.000000000000000000e-01	4.464276169906010526e-05
2.511886431509582214e+11	5.000000000000000000e-01	5.643651382797514949e-05
3.162277660168379517e+11	5.000000000000000000e-01	7.153950597220913848e-05
3.981071705534969482e+11	5.000000000000000000e-01	9.108584133531864629e-05
5.011872336272714844e+11	5.000000000000000000e-01	1.167935734888403648e-04
6.309573444801943359e+11	5.000000000000000000e-01	1.513776353818530452e-04
7.943282347242821045e+11	5.000000000000000000e-01	2.001727893778892334e-04
1.000000000000000000e+12	5.000000000000000000e-01	2.328193222549939788e-04
1.260000000000000000e+12	5.000000000000000000e-01	2.517220312321470903e-04
1.580000000000000000e+12	5.000000000000000000e-01	2.929044886358457339e-04
2.000000000000000000e+12	5.000000000000000000e-01	3.575994836415626738e-04
2.510000000000000000e+12	5.000000000000000000e-01	4.365396051861551523e-04
3.160000000000000000e+12	5.000000000000000000e-01	5.392909866688044883e-04
3.980000000000000000e+12	5.000000000000000000e-01	6.705776448127482268e-04
5.010000000000000000e+12	5.000000000000000000e-01	8.365614843557941764e-04
6.310000000000000000e+12	5.000000000000000000e-01	1.048439481855586433e-03
7.940000000000000000e+12	5.000000000000000000e-01	1.320513987531365214e-03
1.000000000000000000e+13	5.000000000000000000e-01	1.673018737159713337e-03
1.260000000000000000e+13	5.000000000000000000e-01	2.123164046873552216e-03
1.580000000000000000e+13	5.000000000000000000e-01	2.677293102809487780e-03
2.000000000000000000e+13	5.000000000000000000e-01	3.406551775167676425e-03
2.510000000000000000e+13	5.000000000000000000e-01	4.269854187505866747e-03
3.160000000000000000e+13	5.000000000000000000e-01	5.258107028449517627e-03
3.980000000000000000e+13	5.000000000000000000e-01	6.275700159390061421e-03
5.010000000000000000e+13	5.000000000000000000e-01	7.214646247262123877e-03
6.310000000000000000e+13	5.000000000000000000e-01	8.060965850044342004e-03
7.940000000000000000e+13	5.000000000000000000e-01	8.922906783865152888e-03
1.000000000000000000e+14	5.000000000000000000e-01	1.001172844020332443e-02
1.260000000000000000e+14	5.000000000000000000e-01	1.164764050436607745e-02
1.580000000000000000e+14	5.000000000000000000e-01	1.626102323902603800e-02
2.000000000000000000e+14	5.000000000000000000e-01	1.805400171733211045e-02
2.510000000000000000e+14	5.000000000000000000e-01	2.298048700292052576e-02
3.160000000000000000e+14	5.000000000000000000e-01	2.859187513330736438e-02
3.980000000000000000e+14	5.000000000000000000e-01	3.380129270422238541e-02
5.010000000000000000e+14	5.000000000000000000e-01	3.733781361237716034e-02
6.310000000000000000e+14	5.000000000000000000e-01	3.824428265867031718e-02
7.940000000000000000e+14	5.000000000000000000e-01	3.618130464298231069e-02
1.000000000000000000e+15	5.000000000000000000e-01	3.139032993371437125e-02
1.260000000000000000e+15	5.000000000000000000e-01	2.473665819283468389e-02
1.580000000000000000e+15	5.000000000000000000e-01	1.689977689951846496e-02
2.000000000000000000e+15	5.000000000000000000e-01	8.370814258067274874e-03
2.510000000000000000e+15	5.000000000000000000e-01	2.910806581858411545e-04
3.160000000000000000e+15	5.000000000000000000e-01	-7.050719031681964774e-03
3.980000000000000000e+15	5.000000000000000000e-01	-1.321416249746398819e-02
5.010000000000000000e+15	5.000000000000000000e-01	-1.802717730692988615e-02
6.310000000000000000e+15	5.000000000000000000e-01	-2.151572302915335730e-02
7.940000000000000000e+15	5.000000000000000000e-01	-2.376837730344778105e-02
1.000000000000000000e+16	5.000000000000000000e-01	-2.495906290466808758e-02
1.260000000000000000e+16	5.000000000000000000e-01	-2.525963575001665892e-02
1.580000000000000000e+16	5.000000000000000000e-01	-2.488801785909711475e-02
2.000000000000000000e+16	5.000000000000000000e-01	-2.393710337964790463e-02
2.510000000000000000e+16	5.000000000000000000e-01	-2.267407015685252852e-02
3.160000000000000000e+16	5.000000000000000000e-01	-2.114648653490335331e-02
3.980000000000000000e+16	5.000000000000000000e-01	-1.947603325681938544e-02
5.010000000000000000e+16	5.000000000000000000e-01	-1.775475780621620786e-02
6.310000000000000000e+16	5.000000000000000000e-01	-1.603473613091188979e-02
7.940000000000000000e+16	5.000000000000000000e-01	-1.437574360606980878e-02
1.000000000000000000e+17	5.000000000000000000e-01	-1.279218815737893748e-02
1.000000000000000000e+11	1.500000000000000000e+00	2.047035641038327455e-05
1.258925411794166107e+11	1.500000000000000000e+00	2.579515766696577290e-05
1.584893192461110840e+11	1.500000000000000000e+00	3.252527129422396097e-05
1.995262314968882751e+11	1.500000000000000000e+00	4.105209472573309576e-05
2.511886431509582214e+11	1.500000000000000000e+00	5.189982047372631880e-05
3.162277660168379517e+11	1.500000000000000000e+00	6.579464131852550725e-05
3.981071705534969482e+11	1.500000000000000000e+00	8.378062397583209116e-05
5.011872336272714844e+11	1.500000000000000000e+00	1.074286691007592570e-04
6.309573444801943359e+11	1.500000000000000000e+00	1.391401024355572961e-04
7.943282347242821045e+11	1.500000000000000000e+00	1.825136656109609937e-04
1.000000000000000000e+12	1.500000000000000000e+00	2.122792399451814047e-04
1.260000000000000000e+12	1.500000000000000000e+00	2.313574743203423219e-04
1.580000000000000000e+12	1.500000000000000000e+00	2.715047906950583049e-04
2.000000000000000000e+12	1.500000000000000000e+00	3.299496578465215143e-04
2.510000000000000000e+12	1.500000000000000000e+00	4.037944752575635182e-04
3.160000000000000000e+12	1.500000000000000000e+00	4.996966249121595569e-04
3.980000000000000000e+12	1.500000000000000000e+00	6.216243261534142635e-04
5.010000000000000000e+12	1.500000000000000000e+00	7.765656611153168992e-04
6.310000000000000000e+12	1.500000000000000000e+00	9.746676463875282711e-04
7.940000000000000000e+12	1.500000000000000000e+00	1.227888702377153080e-03
1.000000000000000000e+13	1.500000000000000000e+00	1.556058372532362517e-03
1.260000000000000000e+13	1.500000000000000000e+00	1.975569389079537622e-03
1.580000000000000000e+13	1.500000000000000000e+00	2.490585818133597782e-03
2.000000000000000000e+13	1.500000000000000000e+00	3.170415343232308239e-03
2.510000000000000000e+13	1.500000000000000000e+00	3.978277045560895016e-03
3.160000000000000000e+13	1.500000000000000000e+00	4.912339218730125967e-03
3.980000000000000000e+13	1.500000000000000000e+00	5.883227632262824983e-03
5.010000000000000000e+13	1.500000000000000000e+00	6.815846682896489761e-03
6.310000000000000000e+13	1.500000000000000000e+00	7.699912149639305016e-03
7.940000000000000000e+13	1.500000000000000000e+00	8.599744597136483801e-03
1.000000000000000000e+14	1.500000000000000000e+00	9.781925761043194084e-03
1.260000000000000000e+14	1.500000000000000000e+00	1.154404024042783236e-02
1.580000000000000000e+14	1.500000000000000000e+00	1.410822212928264201e-02
2.000000000000000000e+14	1.500000000000000000e+00	1.805700548975204892e-02
2.510000000000000000e+14	1.500000000000000000e+00	2.310734258982695757e-02
3.160000000000000000e+14	1.500000000000000000e+00	2.880881376706303718e-02
3.980000000000000000e+14	1.500000000000000000e+00	3.411355665184015451e-02
5.010000000000000000e+14	1.500000000000000000e+00	3.757132010330634098e-02
6.310000000000000000e+14	1.500000000000000000e+00	3.847923779671895417e-02
7.940000000000000000e+14	1.500000000000000000e+00	3.649536451802200959e-02
1.000000000000000000e+15	1.500000000000000000e+00	3.152110331917615249e-02
1.260000000000000000e+15	1.500000000000000000e+00	2.452177673739686092e-02
1.580000000000000000e+15	1.500000000000000000e+00	1.661445675624784180e-02
2.000000000000000000e+15	1.500000000000000000e+00	8.287891897721359410e-03
2.510000000000000000e+15	1.500000000000000000e+00	2.813878429498085009e-04
3.160000000000000000e+15	1.500000000000000000e+00	-7.002300096727802348e-03
3.980000000000000000e+15	1.500000000000000000e+00	-1.312097961992282451e-02
5.010000000000000000e+15	1.500000000000000000e+00	-1.790022748878360506e-02
6.310000000000000000e+15	1.500000000000000000e+00	-2.136477811193261689e-02
7.940000000000000000e+15	1.500000000000000000e+00	-2.360180883682464967e-02
1.000000000000000000e+16	1.500000000000000000e+00	-2.478502928811137165e-02
1.260000000000000000e+16	1.500000000000000000e+00	-2.508386446540520481e-02
1.580000000000000000e+16	1.500000000000000000e+00	-2.471509924810700101e-02
2.000000000000000000e+16	1.500000000000000000e+00	-2.377099979637377000e-02
2.510000000000000000e+16	1.500000000000000000e+00	-2.251687579970456168e-02
3.160000000000000000e+16	1.500000000000000000e+00	-2.099956529064183827e-02
3.980000000000000000e+16	1.500000000000000000e+00	-1.934123931052144155e-02
5.010000000000000000e+16	1.500000000000000000e+00	-1.763164630113669279e-02
6.310000000000000000e+16	1.500000000000000000e+00	-1.592381772902757772e-02
7.940000000000000000e+16	1.500000000000000000e+00	-1.427635918401054874e-02
1.000000000000000000e+17	1.500000000000000000e+00	-1.270375611898775549e-02
1.000000000000000000e+11	2.500000000000000000e+00	1.877706060778733672e-05
1.258925411794166107e+11	2.500000000000000000e+00	2.366155005338572244e-05
1.584893192461110840e+11	2.500000000000000000e+00	2.983524436831238769e-05
1.995262314968882751e+11	2.500000000000000000e+00	3.765710547588524377e-05
2.511886431509582214e+11	2.500000000000000000e+00	4.760895344664084830e-05
3.162277660168379517e+11	2.500000000000000000e+00	6.035673100906661606e-05
3.981071705534969482e+11	2.500000000000000000e+00	7.685728842068730298e-05
5.011872336272714844e+11	2.500000000000000000e+00	9.853231574485046991e-05
6.309573444801943359e+11	2.500000000000000000e+00	1.274623998777823424e-04
7.943282347242821045e+11	2.500000000000000000e+00	1.654108744247229275e-04
1.000000000000000000e+12	2.500000000000000000e+00	1.924523584805356950e-04
1.260000000000000000e+12	2.500000000000000000e+00	2.125402082442227772e-04
1.580000000000000000e+12	2.500000000000000000e+00	2.506502079796839246e-04
2.000000000000000000e+12	2.500000000000000000e+00	3.053762389585360621e-04
2.510000000000000000e+12	2.500000000000000000e+00	3.745512593293564771e-04
3.160000000000000000e+12	2.500000000000000000e+00	4.639022456661642010e-04
3.980000000000000000e+12	2.500000000000000000e+00	5.784014569704467061e-04
5.010000000000000000e+12	2.500000000000000000e+00	7.235545730665863227e-04
6.310000000000000000e+12	2.500000000000000000e+00	9.084422366376093292e-04
7.940000000000000000e+12	2.500000000000000000e+00	1.144901763561391884e-03
1.000000000000000000e+13	2.500000000000000000e+00	1.450698765497757245e-03
1.260000000000000000e+13	2.500000000000000000e+00	1.841243869772618297e-03
1.580000000000000000e+13	2.500000000000000000e+00	2.325129661408076743e-03
2.000000000000000000e+13	2.500000000000000000e+00	2.959434044864274558e-03
2.510000000000000000e+13	2.500000000000000000e+00	3.713978406351854233e-03
3.160000000000000000e+13	2.500000000000000000e+00	4.599715877053686501e-03
3.980000000000000000e+13	2.500000000000000000e+00	5.522737053380892373e-03
5.010000000000000000e+13	2.500000000000000000e+00	6.409758080504973990e-03
6.310000000000000000e+13	2.500000000000000000e+00	7.295432803017317704e-03
7.940000000000000000e+13	2.500000000000000000e+00	8.265485763683895135e-03
1.000000000000000000e+14	2.500000000000000000e+00	9.506733372505680665e-03
1.260000000000000000e+14	2.500000000000000000e+00	1.133763042342569687e-02
1.580000000000000000e+14	2.500000000000000000e+00	1.405131739262144297e-02
2.000000000000000000e+14	2.500000000000000000e+00	1.808292113634843434e-02
2.510000000000000000e+14	2.500000000000000000e+00	2.313126940665448730e-02
3.160000000000000000e+14	2.500000000000000000e+00	2.877398369896825778e-02
3.980000000000000000e+14	2.500000000000000000e+00	3.403225863722931371e-02
5.010000000000000000e+14	2.500000000000000000e+00	3.772202455373141472e-02
6.310000000000000000e+14	2.500000000000000000e+00	3.870443058994772062e-02
7.940000000000000000e+14	2.500000000000000000e+00	3.660938942642613658e-02
1.000000000000000000e+15	2.500000000000000000e+00	3.203881825801670885e-02
1.260000000000000000e+15	2.500000000000000000e+00	2.510875552573323816e-02
1.580000000000000000e+15	2.500000000000000000e+00	1.700481774440236807e-02
2.000000000000000000e+15	2.500000000000000000e+00	8.800226358464271689e-03
2.510000000000000000e+15	2.500000000000000000e+00	5.793015764869848330e-04
3.160000000000000000e+15	2.500000000000000000e+00	-6.786465244809487991e-03
3.980000000000000000e+15	2.500000000000000000e+00	-1.295715702903113206e-02
5.010000000000000000e+15	2.500000000000000000e+00	-1.777332830914779213e-02
6.310000000000000000e+15	2.500000000000000000e+00	-2.126551699313890612e-02
7.940000000000000000e+15	2.500000000000000000e+00	-2.352399161904917754e-02
1.000000000000000000e+16	2.500000000000000000e+00	-2.472330448408558215e-02
1.260000000000000000e+16	2.500000000000000000e+00	-2.503502889715960786e-02
1.580000000000000000e+16	2.500000000000000000e+00	-2.467625908610100727e-02
2.000000000000000000e+16	2.500000000000000000e+00	-2.374035386089665134e-02
2.510000000000000000e+16	2.500000000000000000e+00	-2.249247872178207139e-02
3.160000000000000000e+16	2.500000000000000000e+00	-2.098062017749204727e-02
3.980000000000000000e+16	2.500000000000000000e+00	-1.932586659853541278e-02
5.010000000000000000e+16	2.500000000000000000e+00	-1.761946285290892297e-02
6.310000000000000000e+16	2.500000000000000000e+00	-1.591353634538230505e-02
7.940000000000000000e+16	2.500000000000000000e+00	-1.426865710561625415e-02
1.000000000000000000e+17	2.500000000000000000e+00	-1.269761794077900637e-02
1.000000000000000000e+11	3.500000000000000000e+00	1.739126396041309412e-05
1.258925411794166107e+11	3.500000000000000000e+00	2.191492906686963115e-05
1.584893192461110840e+11	3.500000000000000000e+00	2.763269060498424291e-05
1.995262314968882751e+11	3.500000000000000000e+00	3.487689401848302633e-05
2.511886431509582214e+11	3.500000000000000000e+00	4.409395145948280813e-05
3.162277660168379517e+11	3.500000000000000000e+00	5.590032179833615732e-05
3.981071705534969482e+11	3.500000000000000000e+00	7.117849929550916857e-05
5.011872336272714844e+11	3.500000000000000000e+00	9.122572287293290736e-05
6.309573444801943359e+11	3.500000000000000000e+00	1.178483677441690065e-04
7.943282347242821045e+11	3.500000000000000000e+00	1.512686502476820905e-04
1.000000000000000000e+12	3.500000000000000000e+00	1.758032251751856100e-04
1.260000000000000000e+12	3.500000000000000000e+00	1.968360988204006579e-04
1.580000000000000000e+12	3.500000000000000000e+00	2.339687976444765989e-04
2.000000000000000000e+12	3.500000000000000000e+00	2.862571495120622297e-04
2.510000000000000000e+12	3.500000000000000000e+00	3.517200415739012501e-04
3.160000000000000000e+12	3.500000000000000000e+00	4.366092475046265148e-04
3.980000000000000000e+12	3.500000000000000000e+00	5.450294427604780636e-04
5.010000000000000000e+12	3.500000000000000000e+00	6.822926971690979839e-04
6.310000000000000000e+12	3.500000000000000000e+00	8.575833856392542321e-04
7.940000000000000000e+12	3.500000000000000000e+00	1.081436176885592834e-03
1.000000000000000000e+13	3.500000000000000000e+00	1.370766472060585758e-03
1.260000000000000000e+13	3.500000000000000000e+00	1.741208945894899898e-03
1.580000000000000000e+13	3.500000000000000000e+00	2.196496920885351086e-03
2.000000000000000000e+13	3.500000000000000000e+00	2.794590360559370563e-03
2.510000000000000000e+13	3.500000000000000000e+00	3.507287262718673197e-03
3.160000000000000000e+13	3.500000000000000000e+00	4.330314467657343444e-03
3.980000000000000000e+13	3.500000000000000000e+00	5.234439108178549904e-03
5.010000000000000000e+13	3.500000000000000000e+00	6.155520633155399900e-03
6.310000000000000000e+13	3.500000000000000000e+00	7.055033027181863148e-03
7.940000000000000000e+13	3.500000000000000000e+00	8.064075459799188716e-03
1.000000000000000000e+14	3.500000000000000000e+00	9.393278707012852474e-03
1.260000000000000000e+14	3.500000000000000000e+00	1.130410116809362452e-02
1.580000000000000000e+14	3.500000000000000000e+00	1.407041299885109821e-02
2.000000000000000000e+14	3.500000000000000000e+00	1.820509631363910127e-02
2.510000000000000000e+14	3.500000000000000000e+00	2.334230690208562511e-02
3.160000000000000000e+14	3.500000000000000000e+00	2.921992287083331405e-02
3.980000000000000000e+14	3.500000000000000000e+00	3.447258303388214123e-02
5.010000000000000000e+14	3.500000000000000000e+00	3.784102937140743778e-02
6.310000000000000000e+14	3.500000000000000000e+00	3.878197610202718110e-02
7.940000000000000000e+14	3.500000000000000000e+00	3.670732198647946171e-02
1.000000000000000000e+15	3.500000000000000000e+00	3.163862480593195026e-02
1.260000000000000000e+15	3.500000000000000000e+00	2.489875027536534238e-02
1.580000000000000000e+15	3.500000000000000000e+00	1.701993109567909515e-02
2.000000000000000000e+15	3.500000000000000000e+00	8.286720318974061597e-03
2.510000000000000000e+15	3.500000000000000000e+00	4.008748347007224516e-04
3.160000000000000000e+15	3.500000000000000000e+00	-6.850462101159459152e-03
3.980000000000000000e+15	3.500000000000000000e+00	-1.294611000429698837e-02
5.010000000000000000e+15	3.500000000000000000e+00	-1.770878877529021705e-02
6.310000000000000000e+15	3.500000000000000000e+00	-2.116287812346953970e-02
7.940000000000000000e+15	3.500000000000000000e+00	-2.339563583147038703e-02
1.000000000000000000e+16	3.500000000000000000e+00	-2.457901032791697318e-02
1.260000000000000000e+16	3.500000000000000000e+00	-2.488274446677421134e-02
1.580000000000000000e+16	3.500000000000000000e+00	-2.452198339256134521e-02
2.000000000000000000e+16	3.500000000000000000e+00	-2.358894576696009618e-02
2.510000000000000000e+16	3.500000000000000000e+00	-2.234698207196436984e-02
3.160000000000000000e+16	3.500000000000000000e+00	-2.084298785596208278e-02
3.980000000000000000e+16	3.500000000000000000e+00	-1.919839855461650049e-02
5.010000000000000000e+16	3.500000000000000000e+00	-1.750242773339815913e-02
6.310000000000000000e+16	3.500000000000000000e+00	-1.580785167760376253e-02
7.940000000000000000e+16	3.500000000000000000e+00	-1.417294148810533533e-02
1.000000000000000000e+17	3.500000000000000000e+00	-1.261211869335513922e-02
1.000000000000000000e+11	5.000000000000000000e+00	1.556531506924352303e-05
1.258925411794166107e+11	5.000000000000000000e+00	1.961373184486206930e-05
1.584893192461110840e+11	5.000000000000000000e+00	2.473059818662049229e-05
1.995262314968882751e+11	5.000000000000000000e+00	3.121653646435553040e-05
2.511886431509582214e+11	5.000000000000000000e+00	3.945996296797671030e-05
3.162277660168379517e+11	5.000000000000000000e+00	5.002120240851467333e-05
3.981071705534969482e+11	5.000000000000000000e+00	6.367955417329249892e-05
5.011872336272714844e+11	5.000000000000000000e+00	8.156001166899733688e-05
6.309573444801943359e+11	5.000000000000000000e+00	1.050744568017767202e-04
7.943282347242821045e+11	5.000000000000000000e+00	1.321199015403063705e-04
1.000000000000000000e+12	5.000000000000000000e+00	1.540650152077670623e-04
1.260000000000000000e+12	5.000000000000000000e+00	1.771073193093596033e-04
1.580000000000000000e+12	5.000000000000000000e+00	2.124519869464196393e-04
2.000000000000000000e+12	5.000000000000000000e+00	2.615559607935524235e-04
2.510000000000000000e+12	5.000000000000000000e+00	3.228325797787950707e-04
3.160000000000000000e+12	5.000000000000000000e+00	4.021041516206191337e-04
3.980000000000000000e+12	5.000000000000000000e+00	5.028236442236163001e-04
5.010000000000000000e+12	5.000000000000000000e+00	6.303424287608640425e-04
6.310000000000000000e+12	5.000000000000000000e+00	7.928291192851792766e-04
7.940000000000000000e+12	5.000000000000000000e+00	1.000194409525432919e-03
1.000000000000000000e+13	5.000000000000000000e+00	1.267552001793551550e-03
1.260000000000000000e+13	5.000000000000000000e+00	1.608365495035026047e-03
1.580000000000000000e+13	5.000000000000000000e+00	2.029087739201706521e-03
2.000000000000000000e+13	5.000000000000000000e+00	2.582248132352836685e-03
2.510000000000000000e+13	5.000000000000000000e+00	3.240604766460274816e-03
3.160000000000000000e+13	5.000000000000000000e+00	4.018404915977277260e-03
3.980000000000000000e+13	5.000000000000000000e+00	4.855387351507467301e-03
5.010000000000000000e+13	5.000000000000000000e+00	5.715376480534685270e-03
6.310000000000000000e+13	5.000000000000000000e+00	6.639996035406007559e-03
7.940000000000000000e+13	5.000000000000000000e+00	7.717647889582371530e-03
1.000000000000000000e+14	5.000000000000000000e+00	9.133294894720417681e-03
1.260000000000000000e+14	5.000000000000000000e+00	1.113467314825613251e-02
1.580000000000000000e+14	5.000000000000000000e+00	1.397364011254429751e-02
2.000000000000000000e+14	5.000000000000000000e+00	1.815339700380382004e-02
2.510000000000000000e+14	5.000000000000000000e+00	2.331604657130679006e-02
3.160000000000000000e+14	5.000000000000000000e+00	2.916322121196353659e-02
3.980000000000000000e+14	5.000000000000000000e+00	3.451340396934006460e-02
5.010000000000000000e+14	5.000000000000000000e+00	3.820173536954813570e-02
6.310000000000000000e+14	5.000000000000000000e+00	3.913554883016466535e-02
7.940000000000000000e+14	5.000000000000000000e+00	3.695614379271600775e-02
1.000000000000000000e+15	5.000000000000000000e+00	3.218206992565419977e-02
1.260000000000000000e+15	5.000000000000000000e+00	2.526307438988752499e-02
1.580000000000000000e+15	5.000000000000000000e+00	1.723911274304541080e-02
2.000000000000000000e+15	5.000000000000000000e+00	8.844403528070149054e-03
2.510000000000000000e+15	5.000000000000000000e+00	6.949326942943509543e-04
3.160000000000000000e+15	5.000000000000000000e+00	-6.640394909534609938e-03
3.980000000000000000e+15	5.000000000000000000e+00	-1.278775625807043910e-02
5.010000000000000000e+15	5.000000000000000000e+00	-1.758652411863444176e-02
6.310000000000000000e+15	5.000000000000000000e+00	-2.106741973874718191e-02
7.940000000000000000e+15	5.000000000000000000e+00	-2.332002679761850661e-02
1.000000000000000000e+16	5.000000000000000000e+00	-2.451974200099581863e-02
1.260000000000000000e+16	5.000000000000000000e+00	-2.483588837592242207e-02
1.580000000000000000e+16	5.000000000000000000e+00	-2.448492135794516633e-02
2.000000000000000000e+16	5.000000000000000000e+00	-2.355954119464383559e-02
2.510000000000000000e+16	5.000000000000000000e+00	-2.232355869678505009e-02
3.160000000000000000e+16	5.000000000000000000e+00	-2.082492762652154994e-02
3.980000000000000000e+16	5.000000000000000000e+00	-1.918365234983622145e-02
5.010000000000000000e+16	5.000000000000000000e+00	-1.749071258653732072e-02
6.310000000000000000e+16	5.000000000000000000e+00	-1.579853980431241214e-02
7.940000000000000000e+16	5.000000000000000000e+00	-1.416509701490041920e-02
1.000000000000000000e+17	5.000000000000000000e+00	-1.260625199213979281e-02
1.000000000000000000e+11	7.000000000000000000e+00	1.385592227234495595e-05
1.258925411794166107e+11	7.000000000000000000e+00	1.745921760640230865e-05
1.584893192461110840e+11	7.000000000000000000e+00	2.201294435478523971e-05
1.995262314968882751e+11	7.000000000000000000e+00	2.778139370209898842e-05
2.511886431509582214e+11	7.000000000000000000e+00	3.511856840278594394e-05
3.162277660168379517e+11	7.000000000000000000e+00	4.451117503349070689e-05
3.981071705534969482e+11	7.000000000000000000e+00	5.664631833766760002e-05
5.011872336272714844e+11	7.000000000000000000e+00	7.248187581175273716e-05
6.309573444801943359e+11	7.000000000000000000e+00	9.305390723635437893e-05
7.943282347242821045e+11	7.000000000000000000e+00	1.140126963765957841e-04
1.000000000000000000e+12	7.000000000000000000e+00	1.332986619247623536e-04
1.260000000000000000e+12	7.000000000000000000e+00	1.585103773257663066e-04
1.580000000000000000e+12	7.000000000000000000e+00	1.928093433655587812e-04
2.000000000000000000e+12	7.000000000000000000e+00	2.396784658661476382e-04
2.510000000000000000e+12	7.000000000000000000e+00	2.973132843167193692e-04
3.160000000000000000e+12	7.000000000000000000e+00	3.711679708154480973e-04
3.980000000000000000e+12	7.000000000000000000e+00	4.652593321892344925e-04
5.010000000000000000e+12	7.000000000000000000e+00	5.841529925486060220e-04
6.310000000000000000e+12	7.000000000000000000e+00	7.356644245207467035e-04
7.940000000000000000e+12	7.000000000000000000e+00	9.277377482296759017e-04
1.000000000000000000e+13	7.000000000000000000e+00	1.174078561930070675e-03
1.260000000000000000e+13	7.000000000000000000e+00	1.488829301824934294e-03
1.580000000000000000e+13	7.000000000000000000e+00	1.878428770094875584e-03
2.000000000000000000e+13	7.000000000000000000e+00	2.389109345291223936e-03
2.510000000000000000e+13	7.000000000000000000e+00	2.996929972300802110e-03
3.160000000000000000e+13	7.000000000000000000e+00	3.714988419759953590e-03
3.980000000000000000e+13	7.000000000000000000e+00	4.523755353639712963e-03
5.010000000000000000e+13	7.000000000000000000e+00	5.391992155753620904e-03
6.310000000000000000e+13	7.000000000000000000e+00	6.337290575130590485e-03
7.940000000000000000e+13	7.000000000000000000e+00	7.457088653980157959e-03
1.000000000000000000e+14	7.000000000000000000e+00	8.945207020083369154e-03
1.260000000000000000e+14	7.000000000000000000e+00	1.106832772679722590e-02
1.580000000000000000e+14	7.000000000000000000e+00	1.401647506227950146e-02
2.000000000000000000e+14	7.000000000000000000e+00	1.826514395895570061e-02
2.510000000000000000e+14	7.000000000000000000e+00	2.361020317252495240e-02
3.160000000000000000e+14	7.000000000000000000e+00	2.950696495654768492e-02
3.980000000000000000e+14	7.000000000000000000e+00	3.476008670361399600e-02
5.010000000000000000e+14	7.000000000000000000e+00	3.834536351278819422e-02
6.310000000000000000e+14	7.000000000000000000e+00	3.938747728198935955e-02
7.940000000000000000e+14	7.000000000000000000e+00	3.741371352775582637e-02
1.000000000000000000e+15	7.000000000000000000e+00	3.254323724322617795e-02
1.260000000000000000e+15	7.000000000000000000e+00	2.528723109277162054e-02
1.580000000000000000e+15	7.000000000000000000e+00	1.778306222106541476e-02
2.000000000000000000e+15	7.000000000000000000e+00	9.853853318498152422e-03
2.510000000000000000e+15	7.000000000000000000e+00	1.146953285224307749e-03
3.160000000000000000e+15	7.000000000000000000e+00	-6.382513851370705954e-03
3.980000000000000000e+15	7.000000000000000000e+00	-1.265320754747099007e-02
5.010000000000000000e+15	7.000000000000000000e+00	-1.753892462812415426e-02
6.310000000000000000e+15	7.000000000000000000e+00	-2.108261590135602354e-02
7.940000000000000000e+15	7.000000000000000000e+00	-2.338016432805672604e-02
1.000000000000000000e+16	7.000000000000000000e+00	-2.460983288151512641e-02
1.260000000000000000e+16	7.000000000000000000e+00	-2.494535343639528446e-02
1.580000000000000000e+16	7.000000000000000000e+00	-2.460488451766452284e-02
2.000000000000000000e+16	7.000000000000000000e+00	-2.368407299991318049e-02
2.510000000000000000e+16	7.000000000000000000e+00	-2.244767367239472108e-02
3.160000000000000000e+16	7.000000000000000000e+00	-2.094504746357168240e-02
3.980000000000000000e+16	7.000000000000000000e+00	-1.929764203184742427e-02
5.010000000000000000e+16	7.000000000000000000e+00	-1.759702557807725845e-02
6.310000000000000000e+16	7.000000000000000000e+00	-1.589631196936355795e-02
7.940000000000000000e+16	7.000000000000000000e+00	-1.425451878242840580e-02
1.000000000000000000e+17	7.000000000000000000e+00	-1.268638695652693320e-02
1.000000000000000000e+11	9.000000000000000000e+00	1.253761323783834460e-05
1.258925411794166107e+11	9.000000000000000000e+00	1.579793156417512207e-05
1.584893192461110840e+11	9.000000000000000000e+00	1.991786501171268563e-05
1.995262314968882751e+11	9.000000000000000000e+00	2.513636343471117366e-05
2.511886431509582214e+11	9.000000000000000000e+00	3.177335595125303980e-05
3.162277660168379517e+11	9.000000000000000000e+00	4.026775518847852339e-05
3.981071705534969482e+11	9.000000000000000000e+00	5.123445374439335404e-05
5.011872336272714844e+11	9.000000000000000000e+00	6.550707526610039444e-05
6.309573444801943359e+11	9.000000000000000000e+00	8.385747391835739130e-05
7.943282347242821045e+11	9.000000000000000000e+00	1.003298743498667135e-04
1.000000000000000000e+12	9.000000000000000000e+00	1.176050004608413901e-04
1.260000000000000000e+12	9.000000000000000000e+00	1.443322870447009965e-04
1.580000000000000000e+12	9.000000000000000000e+00	1.774787121037751003e-04
2.000000000000000000e+12	9.000000000000000000e+00	2.221548055104640904e-04
2.510000000000000000e+12	9.000000000000000000e+00	2.763595553660353876e-04
3.160000000000000000e+12	9.000000000000000000e+00	3.460578491315714636e-04
3.980000000000000000e+12	9.000000000000000000e+00	4.342088784904180520e-04
5.010000000000000000e+12	9.000000000000000000e+00	5.460764302915421375e-04
6.310000000000000000e+12	9.000000000000000000e+00	6.881838942264654254e-04
7.940000000000000000e+12	9.000000000000000000e+00	8.681641357377008553e-04
1.000000000000000000e+13	9.000000000000000000e+00	1.099336900378125809e-03
1.260000000000000000e+13	9.000000000000000000e+00	1.392774485222523454e-03
1.580000000000000000e+13	9.000000000000000000e+00	1.753476286898788703e-03
2.000000000000000000e+13	9.000000000000000000e+00	2.227950178091432469e-03
2.510000000000000000e+13	9.000000000000000000e+00	2.791786070717590731e-03
3.160000000000000000e+13	9.000000000000000000e+00	3.479572325819635381e-03
3.980000000000000000e+13	9.000000000000000000e+00	4.256680330613184932e-03
5.010000000000000000e+13	9.000000000000000000e+00	5.092143357808955571e-03
6.310000000000000000e+13	9.000000000000000000e+00	6.059768829054151817e-03
7.940000000000000000e+13	9.000000000000000000e+00	7.245640222787065078e-03
1.000000000000000000e+14	9.000000000000000000e+00	8.793776384507678845e-03
1.260000000000000000e+14	9.000000000000000000e+00	1.095228686119099210e-02
1.580000000000000000e+14	9.000000000000000000e+00	1.396297245209365823e-02
2.000000000000000000e+14	9.000000000000000000e+00	1.834227693716993304e-02
2.510000000000000000e+14	9.000000000000000000e+00	2.353692222034930656e-02
3.160000000000000000e+14	9.000000000000000000e+00	2.927341453450743938e-02
3.980000000000000000e+14	9.000000000000000000e+00	3.474144794944217240e-02
5.010000000000000000e+14	9.000000000000000000e+00	3.832942859651340684e-02
6.310000000000000000e+14	9.000000000000000000e+00	3.917562937262238781e-02
7.940000000000000000e+14	9.000000000000000000e+00	3.719327684607855178e-02
1.000000000000000000e+15	9.000000000000000000e+00	3.263203627203354468e-02
1.260000000000000000e+15	9.000000000000000000e+00	2.551043948957814125e-02
1.580000000000000000e+15	9.000000000000000000e+00	1.622756144120119162e-02
2.000000000000000000e+15	9.000000000000000000e+00	7.412001437066554482e-03
2.510000000000000000e+15	9.000000000000000000e+00	1.658432875106579589e-04
3.160000000000000000e+15	9.000000000000000000e+00	-6.828437816031873719e-03
3.980000000000000000e+15	9.000000000000000000e+00	-1.275065475272558514e-02
5.010000000000000000e+15	9.000000000000000000e+00	-1.738926029909443338e-02
6.310000000000000000e+15	9.000000000000000000e+00	-2.075633343657018806e-02
7.940000000000000000e+15	9.000000000000000000e+00	-2.293240418358338112e-02
1.000000000000000000e+16	9.000000000000000000e+00	-2.408466034920903748e-02
1.260000000000000000e+16	9.000000000000000000e+00	-2.437723248488283395e-02
1.580000000000000000e+16	9.000000000000000000e+00	-2.402048319114363090e-02
2.000000000000000000e+16	9.000000000000000000e+00	-2.310418790610876960e-02
2.510000000000000000e+16	9.000000000000000000e+00	-2.188618886619556059e-02
3.160000000000000000e+16	9.000000000000000000e+00	-2.041190765280558039e-02
3.980000000000000000e+16	9.000000000000000000e+00	-1.880064987330406362e-02
5.010000000000000000e+16	9.000000000000000000e+00	-1.713923072324423716e-02
6.310000000000000000e+16	9.000000000000000000e+00	-1.547936344851986480e-02
7.940000000000000000e+16	9.000000000000000000e+00	-1.387811677031140084e-02
1.000000000000000000e+17	9.000000000000000000e+00	-1.234951897658137510e-02
1.000000000000000000e+11	1.100000000000000000e+01	1.166183689705521575e-05
1.258925411794166107e+11	1.100000000000000000e+01	1.469403177093858714e-05
1.584893192461110840e+11	1.100000000000000000e+01	1.852587728979333449e-05
1.995262314968882751e+11	1.100000000000000000e+01	2.337915251004975940e-05
2.511886431509582214e+11	1.100000000000000000e+01	2.955110000698798017e-05
3.162277660168379517e+11	1.100000000000000000e+01	3.744893676064092465e-05
3.981071705534969482e+11	1.100000000000000000e+01	4.763975351098447263e-05
5.011872336272714844e+11	1.100000000000000000e+01	6.087546714211987696e-05
6.309573444801943359e+11	1.100000000000000000e+01	7.772637693878633037e-05
7.943282347242821045e+11	1.100000000000000000e+01	9.112147888249566693e-05
1.000000000000000000e+12	1.100000000000000000e+01	1.070946834336177243e-04
1.260000000000000000e+12	1.100000000000000000e+01	1.346753267271989872e-04
1.580000000000000000e+12	1.100000000000000000e+01	1.673586765757938903e-04
2.000000000000000000e+12	1.100000000000000000e+01	2.102685571470266749e-04
2.510000000000000000e+12	1.100000000000000000e+01	2.627153280675790788e-04
3.160000000000000000e+12	1.100000000000000000e+01	3.299971379655196021e-04
3.980000000000000000e+12	1.100000000000000000e+01	4.147301441776641466e-04
5.010000000000000000e+12	1.100000000000000000e+01	5.201922483606612971e-04
6.310000000000000000e+12	1.100000000000000000e+01	6.538055722221401472e-04
7.940000000000000000e+12	1.100000000000000000e+01	8.259298002790751991e-04
1.000000000000000000e+13	1.100000000000000000e+01	1.045736072945360707e-03
1.260000000000000000e+13	1.100000000000000000e+01	1.324337452633998942e-03
1.580000000000000000e+13	1.100000000000000000e+01	1.668369521519408663e-03
2.000000000000000000e+13	1.100000000000000000e+01	2.118217829786876727e-03
2.510000000000000000e+13	1.100000000000000000e+01	2.659604654300342947e-03
3.160000000000000000e+13	1.100000000000000000e+01	3.301388312805247569e-03
3.980000000000000000e+13	1.100000000000000000e+01	4.047501971004502722e-03
5.010000000000000000e+13	1.100000000000000000e+01	4.900300876439779921e-03
6.310000000000000000e+13	1.100000000000000000e+01	5.878240503129175329e-03
7.940000000000000000e+13	1.100000000000000000e+01	7.095919144387163695e-03
1.000000000000000000e+14	1.100000000000000000e+01	8.680401447099384341e-03
1.260000000000000000e+14	1.100000000000000000e+01	1.094807212249140904e-02
1.580000000000000000e+14	1.100000000000000000e+01	1.400042589175930913e-02
2.000000000000000000e+14	1.100000000000000000e+01	1.831381324059315821e-02
2.510000000000000000e+14	1.100000000000000000e+01	2.373518164183894760e-02
3.160000000000000000e+14	1.100000000000000000e+01	2.972612588395923128e-02
3.980000000000000000e+14	1.100000000000000000e+01	3.504616806809011248e-02
5.010000000000000000e+14	1.100000000000000000e+01	3.883187402214793166e-02
6.310000000000000000e+14	1.100000000000000000e+01	3.973919545285326677e-02
7.940000000000000000e+14	1.100000000000000000e+01	3.795418762150525732e-02
1.000000000000000000e+15	1.100000000000000000e+01	3.284061269887663531e-02
1.260000000000000000e+15	1.100000000000000000e+01	2.650548118942241266e-02
1.580000000000000000e+15	1.100000000000000000e+01	1.958069387233119657e-02
2.000000000000000000e+15	1.100000000000000000e+01	1.006232913312121204e-02
2.510000000000000000e+15	1.100000000000000000e+01	1.431252408950897280e-03
3.160000000000000000e+15	1.100000000000000000e+01	-6.200162927847252536e-03
3.980000000000000000e+15	1.100000000000000000e+01	-1.256105812690313552e-02
5.010000000000000000e+15	1.100000000000000000e+01	-1.751823841520045930e-02
6.310000000000000000e+15	1.100000000000000000e+01	-2.111626795654631891e-02
7.940000000000000000e+15	1.100000000000000000e+01	-2.345313869829012896e-02
1.000000000000000000e+16	1.100000000000000000e+01	-2.470986954197724669e-02
1.260000000000000000e+16	1.100000000000000000e+01	-2.506239730427251011e-02
1.580000000000000000e+16	1.100000000000000000e+01	-2.473098070462833448e-02
2.000000000000000000e+16	1.100000000000000000e+01	-2.381319846645932325e-02
2.510000000000000000e+16	1.100000000000000000e+01	-2.257540056883718463e-02
3.160000000000000000e+16	1.100000000000000000e+01	-2.106754889398694888e-02
3.980000000000000000e+16	1.100000000000000000e+01	-1.941390881916020897e-02
5.010000000000000000e+16	1.100000000000000000e+01	-1.770510866493745644e-02
6.310000000000000000e+16	1.100000000000000000e+01	-1.599555002622659802e-02
7.940000000000000000e+16	1.100000000000000000e+01	-1.434460367774556024e-02
1.000000000000000000e+17	1.100000000000000000e+01	-1.276744989021348121e-02
1.000000000000000000e+11	1.300000000000000000e+01	1.095485204194539456e-05
1.258925411794166107e+11	1.300000000000000000e+01	1.380309286169585479e-05
1.584893192461110840e+11	1.300000000000000000e+01	1.740270643869723359e-05
1.995262314968882751e+11	1.300000000000000000e+01	2.196187376266042234e-05
2.511886431509582214e+11	1.300000000000000000e+01	2.776027178841170771e-05
3.162277660168379517e+11	1.300000000000000000e+01	3.518053191579307394e-05
3.981071705534969482e+11	1.300000000000000000e+01	4.475402306166671756e-05
5.011872336272714844e+11	1.300000000000000000e+01	5.718625331194700457e-05
6.309573444801943359e+11	1.300000000000000000e+01	7.288089961543519919e-05
7.943282347242821045e+11	1.300000000000000000e+01	8.409928374956547907e-05
1.000000000000000000e+12	1.300000000000000000e+01	9.889376383659853522e-05
1.260000000000000000e+12	1.300000000000000000e+01	1.266971795027992316e-04
1.580000000000000000e+12	1.300000000000000000e+01	1.583883912957677082e-04
2.000000000000000000e+12	1.300000000000000000e+01	1.998788030476634820e-04
2.510000000000000000e+12	1.300000000000000000e+01	2.502151015864110791e-04
3.160000000000000000e+12	1.300000000000000000e+01	3.141833061182863155e-04
3.980000000000000000e+12	1.300000000000000000e+01	3.950629420934203715e-04
5.010000000000000000e+12	1.300000000000000000e+01	4.977001688730144308e-04
6.310000000000000000e+12	1.300000000000000000e+01	6.275958675386120178e-04
7.940000000000000000e+12	1.300000000000000000e+01	7.900422639278709006e-04
1.000000000000000000e+13	1.300000000000000000e+01	9.990007668329394831e-04
1.260000000000000000e+13	1.300000000000000000e+01	1.265686930434769186e-03
1.580000000000000000e+13	1.300000000000000000e+01	1.592318442375160710e-03
2.000000000000000000e+13	1.300000000000000000e+01	2.022047805443078460e-03
2.510000000000000000e+13	1.300000000000000000e+01	2.534995889870033953e-03
3.160000000000000000e+13	1.300000000000000000e+01	3.155527097949145307e-03
3.980000000000000000e+13	1.300000000000000000e+01	3.888733659081985289e-03
5.010000000000000000e+13	1.300000000000000000e+01	4.731454834158310523e-03
6.310000000000000000e+13	1.300000000000000000e+01	5.724548488684390139e-03
7.940000000000000000e+13	1.300000000000000000e+01	6.967401478989954274e-03
1.000000000000000000e+14	1.300000000000000000e+01	8.615031467814929581e-03
1.260000000000000000e+14	1.300000000000000000e+01	1.087900384851428481e-02
1.580000000000000000e+14	1.300000000000000000e+01	1.395280658779280043e-02
2.000000000000000000e+14	1.300000000000000000e+01	1.842128969154042950e-02
2.510000000000000000e+14	1.300000000000000000e+01	2.367629084907030973e-02
3.160000000000000000e+14	1.300000000000000000e+01	2.945769435353735866e-02
3.980000000000000000e+14	1.300000000000000000e+01	3.487909766896045427e-02
5.010000000000000000e+14	1.300000000000000000e+01	3.806607368436272509e-02
6.310000000000000000e+14	1.300000000000000000e+01	3.952527054107302790e-02
7.940000000000000000e+14	1.300000000000000000e+01	3.816907944333879088e-02
1.000000000000000000e+15	1.300000000000000000e+01	3.255041066446388159e-02
1.260000000000000000e+15	1.300000000000000000e+01	2.433043062036449947e-02
1.580000000000000000e+15	1.300000000000000000e+01	1.615595764020013800e-02
2.000000000000000000e+15	1.300000000000000000e+01	8.593988965334935573e-03
2.510000000000000000e+15	1.300000000000000000e+01	6.280552389135281516e-04
3.160000000000000000e+15	1.300000000000000000e+01	-6.531540092014865087e-03
3.980000000000000000e+15	1.300000000000000000e+01	-1.253817601236745412e-02
5.010000000000000000e+15	1.300000000000000000e+01	-1.722985965977231679e-02
6.310000000000000000e+15	1.300000000000000000e+01	-2.063394614662449056e-02
7.940000000000000000e+15	1.300000000000000000e+01	-2.283708352473245648e-02
1.000000000000000000e+16	1.300000000000000000e+01	-2.400993262049643320e-02
1.260000000000000000e+16	1.300000000000000000e+01	-2.431816440087106179e-02
1.580000000000000000e+16	1.300000000000000000e+01	-2.397377635650473765e-02
2.000000000000000000e+16	1.300000000000000000e+01	-2.306739511953031022e-02
2.510000000000000000e+16	1.300000000000000000e+01	-2.185690335393304998e-02
3.160000000000000000e+16	1.300000000000000000e+01	-2.038885034321566772e-02
3.980000000000000000e+16	1.300000000000000000e+01	-1.878222113018889264e-02
5.010000000000000000e+16	1.300000000000000000e+01	-1.712461802497483587e-02
6.310000000000000000e+16	1.300000000000000000e+01	-1.546775209839518564e-02
7.940000000000000000e+16	1.300000000000000000e+01	-1.386889149474974936e-02
1.000000000000000000e+17	1.300000000000000000e+01	-1.234220069060364307e-02
1.000000000000000000e+11	1.500000000000000000e+01	1.065846074932594031e-05
1.258925411794166107e+11	1.500000000000000000e+01	1.342958855207225287e-05
1.584893192461110840e+11	1.500000000000000000e+01	1.693148161722777577e-05
1.995262314968882751e+11	1.500000000000000000e+01	2.136668858970260020e-05
2.511886431509582214e+11	1.500000000000000000e+01	2.700682697938502821e-05
3.162277660168379517e+11	1.500000000000000000e+01	3.422344436421268361e-05
3.981071705534969482e+11	1.500000000000000000e+01	4.353039614820942890e-05
5.011872336272714844e+11	1.500000000000000000e+01	5.558943982218281671e-05
6.309573444801943359e+11	1.500000000000000000e+01	7.077327109656724087e-05
7.943282347242821045e+11	1.500000000000000000e+01	8.087192402108964282e-05
1.000000000000000000e+12	1.500000000000000000e+01	9.519575930803264065e-05
1.260000000000000000e+12	1.500000000000000000e+01	1.249946828353546823e-04
1.580000000000000000e+12	1.500000000000000000e+01	1.552511330497279409e-04
2.000000000000000000e+12	1.500000000000000000e+01	1.965047813828496874e-04
2.510000000000000000e+12	1.500000000000000000e+01	2.464728551519031413e-04
3.160000000000000000e+12	1.500000000000000000e+01	3.095961923988208150e-04
3.980000000000000000e+12	1.500000000000000000e+01	3.897406758101005001e-04
5.010000000000000000e+12	1.500000000000000000e+01	4.902397986412774123e-04
6.310000000000000000e+12	1.500000000000000000e+01	6.171378531153809887e-04
7.940000000000000000e+12	1.500000000000000000e+01	7.783347358738196622e-04
1.000000000000000000e+13	1.500000000000000000e+01	9.828353180755273338e-04
1.260000000000000000e+13	1.500000000000000000e+01	1.241950298098329786e-03
1.580000000000000000e+13	1.500000000000000000e+01	1.562823459310818839e-03
2.000000000000000000e+13	1.500000000000000000e+01	1.983756407975398837e-03
2.510000000000000000e+13	1.500000000000000000e+01	2.484212765876578268e-03
3.160000000000000000e+13	1.500000000000000000e+01	3.104946571645138698e-03
3.980000000000000000e+13	1.500000000000000000e+01	3.834308872258925926e-03
5.010000000000000000e+13	1.500000000000000000e+01	4.677639127184549279e-03
6.310000000000000000e+13	1.500000000000000000e+01	5.698827808896094263e-03
7.940000000000000000e+13	1.500000000000000000e+01	6.978609264634396195e-03
1.000000000000000000e+14	1.500000000000000000e+01	8.662808444816641126e-03
1.260000000000000000e+14	1.500000000000000000e+01	1.096879184384037288e-02
1.580000000000000000e+14	1.500000000000000000e+01	1.410415260573278859e-02
2.000000000000000000e+14	1.500000000000000000e+01	1.854502751119474491e-02
2.510000000000000000e+14	1.500000000000000000e+01	2.402935911928760077e-02
3.160000000000000000e+14	1.500000000000000000e+01	3.001909562543765911e-02
3.980000000000000000e+14	1.500000000000000000e+01	3.547957546586396477e-02
5.010000000000000000e+14	1.500000000000000000e+01	3.947656150314683698e-02
6.310000000000000000e+14	1.500000000000000000e+01	4.009557029245783277e-02
7.940000000000000000e+14	1.500000000000000000e+01	3.709510360015089853e-02
1.000000000000000000e+15	1.500000000000000000e+01	3.343091524662132608e-02
1.260000000000000000e+15	1.500000000000000000e+01	2.758532803019235133e-02
1.580000000000000000e+15	1.500000000000000000e+01	1.878109017476984471e-02
2.000000000000000000e+15	1.500000000000000000e+01	9.864558635716691795e-03
2.510000000000000000e+15	1.500000000000000000e+01	1.322768484960661029e-03
3.160000000000000000e+15	1.500000000000000000e+01	-6.270698065079892761e-03
3.980000000000000000e+15	1.500000000000000000e+01	-1.261095556191894895e-02
5.010000000000000000e+15	1.500000000000000000e+01	-1.755521871678466031e-02
6.310000000000000000e+15	1.500000000000000000e+01	-2.114440950826809371e-02
7.940000000000000000e+15	1.500000000000000000e+01	-2.347489632142202645e-02
1.000000000000000000e+16	1.500000000000000000e+01	-2.472688173907698281e-02
1.260000000000000000e+16	1.500000000000000000e+01	-2.507577214305817953e-02
1.580000000000000000e+16	1.500000000000000000e+01	-2.474159686727926341e-02
2.000000000000000000e+16	1.500000000000000000e+01	-2.382152292031352453e-02
2.510000000000000000e+16	1.500000000000000000e+01	-2.258202689631271659e-02
3.160000000000000000e+16	1.500000000000000000e+01	-2.107295796470652280e-02
3.980000000000000000e+16	1.500000000000000000e+01	-1.941807913850310263e-02
5.010000000000000000e+16	1.500000000000000000e+01	-1.770844756000835088e-02
6.310000000000000000e+16	1.500000000000000000e+01	-1.599817270970794666e-02
7.940000000000000000e+16	1.500000000000000000e+01	-1.434669396378194725e-02
1.000000000000000000e+17	1.500000000000000000e+01	-1.276908456947941327e-02
1.000000000000000000e+11	1.700000000000000000e+01	1.021499074807064629e-05
1.258925411794166107e+11	1.700000000000000000e+01	1.287094991200434156e-05
1.584893192461110840e+11	1.700000000000000000e+01	1.622744241390322370e-05
1.995262314968882751e+11	1.700000000000000000e+01	2.047894783744947752e-05
2.511886431509582214e+11	1.700000000000000000e+01	2.588607174141122866e-05
3.162277660168379517e+11	1.700000000000000000e+01	3.280636846533859392e-05
3.981071705534969482e+11	1.700000000000000000e+01	4.173276578477036632e-05
5.011872336272714844e+11	1.700000000000000000e+01	5.329474661818875045e-05
6.309573444801943359e+11	1.700000000000000000e+01	6.780048590648980300e-05
7.943282347242821045e+11	1.700000000000000000e+01	7.670782047680193302e-05
1.000000000000000000e+12	1.700000000000000000e+01	9.025956475282920948e-05
1.260000000000000000e+12	1.700000000000000000e+01	1.183233889838595392e-04
1.580000000000000000e+12	1.700000000000000000e+01	1.492015313719211923e-04
2.000000000000000000e+12	1.700000000000000000e+01	1.889071121029691728e-04
2.510000000000000000e+12	1.700000000000000000e+01	2.371666395595392791e-04
3.160000000000000000e+12	1.700000000000000000e+01	2.986778013614952961e-04
3.980000000000000000e+12	1.700000000000000000e+01	3.760352510433952059e-04
5.010000000000000000e+12	1.700000000000000000e+01	4.743611743794531183e-04
6.310000000000000000e+12	1.700000000000000000e+01	5.983999474710728454e-04
7.940000000000000000e+12	1.700000000000000000e+01	7.530780305568046066e-04
1.000000000000000000e+13	1.700000000000000000e+01	9.510085973952007304e-04
1.260000000000000000e+13	1.700000000000000000e+01	1.202697989110386879e-03
1.580000000000000000e+13	1.700000000000000000e+01	1.511201643762100696e-03
2.000000000000000000e+13	1.700000000000000000e+01	1.915548750784347876e-03
2.510000000000000000e+13	1.700000000000000000e+01	2.403840007971961602e-03
3.160000000000000000e+13	1.700000000000000000e+01	2.999267664376999935e-03
3.980000000000000000e+13	1.700000000000000000e+01	3.709556519131304922e-03
5.010000000000000000e+13	1.700000000000000000e+01	4.558546620594040692e-03
6.310000000000000000e+13	1.700000000000000000e+01	5.590518091489272805e-03
7.940000000000000000e+13	1.700000000000000000e+01	6.875531310737997663e-03
1.000000000000000000e+14	1.700000000000000000e+01	8.569958636268436292e-03
1.260000000000000000e+14	1.700000000000000000e+01	1.088547170211015894e-02
1.580000000000000000e+14	1.700000000000000000e+01	1.403192086855597868e-02
2.000000000000000000e+14	1.700000000000000000e+01	1.842635652274340202e-02
2.510000000000000000e+14	1.700000000000000000e+01	2.373517253144044256e-02
3.160000000000000000e+14	1.700000000000000000e+01	2.973024662378969188e-02
3.980000000000000000e+14	1.700000000000000000e+01	3.516473783226503613e-02
5.010000000000000000e+14	1.700000000000000000e+01	3.909819447555894917e-02
6.310000000000000000e+14	1.700000000000000000e+01	3.973707734691843407e-02
7.940000000000000000e+14	1.700000000000000000e+01	3.694278683687313852e-02
1.000000000000000000e+15	1.700000000000000000e+01	3.125991425079031188e-02
1.260000000000000000e+15	1.700000000000000000e+01	2.412712346220152737e-02
1.580000000000000000e+15	1.700000000000000000e+01	1.720720479856206395e-02
2.000000000000000000e+15	1.700000000000000000e+01	8.934766474912493248e-03
2.510000000000000000e+15	1.700000000000000000e+01	8.339932210134660961e-04
3.160000000000000000e+15	1.700000000000000000e+01	-6.389981994938641330e-03
3.980000000000000000e+15	1.700000000000000000e+01	-1.243466709833312284e-02
5.010000000000000000e+15	1.700000000000000000e+01	-1.715086906340556119e-02
6.310000000000000000e+15	1.700000000000000000e+01	-2.057359663326634169e-02
7.940000000000000000e+15	1.700000000000000000e+01	-2.279034952459804003e-02
1.000000000000000000e+16	1.700000000000000000e+01	-2.397296182701964470e-02
1.260000000000000000e+16	1.700000000000000000e+01	-2.428922541307761487e-02
1.580000000000000000e+16	1.700000000000000000e+01	-2.395064150964626784e-02
2.000000000000000000e+16	1.700000000000000000e+01	-2.304890483480942498e-02
2.510000000000000000e+16	1.700000000000000000e+01	-2.184240498976419698e-02
3.160000000000000000e+16	1.700000000000000000e+01	-2.037734890700266394e-02
3.980000000000000000e+16	1.700000000000000000e+01	-1.877301409231764764e-02
5.010000000000000000e+16	1.700000000000000000e+01	-1.711754351433420265e-02
6.310000000000000000e+16	1.700000000000000000e+01	-1.546204170159749987e-02
7.940000000000000000e+16	1.700000000000000000e+01	-1.386426479991238053e-02
1.000000000000000000e+17	1.700000000000000000e+01	-1.233857264216373269e-02
1.000000000000000000e+11	1.900000000000000000e+01	1.008819277870897006e-05
1.258925411794166107e+11	1.900000000000000000e+01	1.271111504622140414e-05
1.584893192461110840e+11	1.900000000000000000e+01	1.602594617610582825e-05
1.995262314968882751e+11	1.900000000000000000e+01	2.022460711925578994e-05
2.511886431509582214e+11	1.900000000000000000e+01	2.556466828523550760e-05
3.162277660168379517e+11	1.900000000000000000e+01	3.239876635137733300e-05
3.981071705534969482e+11	1.900000000000000000e+01	4.121327513755273527e-05
5.011872336272714844e+11	1.900000000000000000e+01	5.262644633547082821e-05
6.309573444801943359e+11	1.900000000000000000e+01	6.692001775570813457e-05
7.943282347242821045e+11	1.900000000000000000e+01	7.539476598151369452e-05
1.000000000000000000e+12	1.900000000000000000e+01	8.877984401788677476e-05
1.260000000000000000e+12	1.900000000000000000e+01	1.170136546903851693e-04
1.580000000000000000e+12	1.900000000000000000e+01	1.477990165372535534e-04
2.000000000000000000e+12	1.900000000000000000e+01	1.878250016277104701e-04
2.510000000000000000e+12	1.900000000000000000e+01	2.355139447478260789e-04
3.160000000000000000e+12	1.900000000000000000e+01	2.957022096203759166e-04
3.980000000000000000e+12	1.900000000000000000e+01	3.729025119420620814e-04
5.010000000000000000e+12	1.900000000000000000e+01	4.693329665563273105e-04
6.310000000000000000e+12	1.900000000000000000e+01	5.896487776628377879e-04
7.940000000000000000e+12	1.900000000000000000e+01	7.439569705465303405e-04
1.000000000000000000e+13	1.900000000000000000e+01	9.398728908684429425e-04
1.260000000000000000e+13	1.900000000000000000e+01	1.186435030067140625e-03
1.580000000000000000e+13	1.900000000000000000e+01	1.492262877511256209e-03
2.000000000000000000e+13	1.900000000000000000e+01	1.890789855763064936e-03
2.510000000000000000e+13	1.900000000000000000e+01	2.377368684284907746e-03
3.160000000000000000e+13	1.900000000000000000e+01	2.978206306177809404e-03
3.980000000000000000e+13	1.900000000000000000e+01	3.680540215684847093e-03
5.010000000000000000e+13	1.900000000000000000e+01	4.523522834963189174e-03
6.310000000000000000e+13	1.900000000000000000e+01	5.565362501840062474e-03
7.940000000000000000e+13	1.900000000000000000e+01	6.876117356240504276e-03
1.000000000000000000e+14	1.900000000000000000e+01	8.595866667604347422e-03
1.260000000000000000e+14	1.900000000000000000e+01	1.093999853477197089e-02
1.580000000000000000e+14	1.900000000000000000e+01	1.410970581269289578e-02
2.000000000000000000e+14	1.900000000000000000e+01	1.863730845991795615e-02
2.510000000000000000e+14	1.900000000000000000e+01	2.405017159568778595e-02
3.160000000000000000e+14	1.900000000000000000e+01	2.999959031422370914e-02
3.980000000000000000e+14	1.900000000000000000e+01	3.559633955175688091e-02
5.010000000000000000e+14	1.900000000000000000e+01	3.854776881166910307e-02
6.310000000000000000e+14	1.900000000000000000e+01	3.973592778352354887e-02
7.940000000000000000e+14	1.900000000000000000e+01	3.816015518041860483e-02
1.000000000000000000e+15	1.900000000000000000e+01	3.380377537477961131e-02
1.260000000000000000e+15	1.900000000000000000e+01	2.781795200260741077e-02
1.580000000000000000e+15	1.900000000000000000e+01	1.894478726256040163e-02
2.000000000000000000e+15	1.900000000000000000e+01	9.985162017102750323e-03
2.510000000000000000e+15	1.900000000000000000e+01	1.414731637026786374e-03
3.160000000000000000e+15	1.900000000000000000e+01	-6.199083638556876844e-03
3.980000000000000000e+15	1.900000000000000000e+01	-1.255493213082403345e-02
5.010000000000000000e+15	1.900000000000000000e+01	-1.751112900589775825e-02
6.310000000000000000e+15	1.900000000000000000e+01	-2.110959941339178927e-02
7.940000000000000000e+15	1.900000000000000000e+01	-2.344738559870802527e-02
1.000000000000000000e+16	1.900000000000000000e+01	-2.470504739974442934e-02
1.260000000000000000e+16	1.900000000000000000e+01	-2.505846559634144349e-02
1.580000000000000000e+16	1.900000000000000000e+01	-2.472779278465393055e-02
2.000000000000000000e+16	1.900000000000000000e+01	-2.381063674040242995e-02
2.510000000000000000e+16	1.900000000000000000e+01	-2.257334381338570173e-02
3.160000000000000000e+16	1.900000000000000000e+01	-2.106603620704793414e-02
3.980000000000000000e+16	1.900000000000000000e+01	-1.941258044965680010e-02
5.010000000000000000e+16	1.900000000000000000e+01	-1.770410235014448219e-02
6.310000000000000000e+16	1.900000000000000000e+01	-1.599472490064278093e-02
7.940000000000000000e+16	1.900000000000000000e+01	-1.434395545214090135e-02
1.000000000000000000e+17	1.900000000000000000e+01	-1.276690672640608606e-02
1.000000000000000000e+11	2.100000000000000000e+01	9.746208709959704530e-06
1.258925411794166107e+11	2.100000000000000000e+01	1.228073064469873420e-05
1.584893192461110840e+11	2.100000000000000000e+01	1.548358026274365432e-05
1.995262314968882751e+11	2.100000000000000000e+01	1.954078300302687342e-05
2.511886431509582214e+11	2.100000000000000000e+01	2.470229353366651832e-05
3.162277660168379517e+11	2.100000000000000000e+01	3.131026914037084136e-05
3.981071705534969482e+11	2.100000000000000000e+01	3.983684655342524284e-05
5.011872336272714844e+11	2.100000000000000000e+01	5.087897622700894942e-05
6.309573444801943359e+11	2.100000000000000000e+01	6.468059106364729648e-05
7.943282347242821045e+11	2.100000000000000000e+01	7.237405099300397689e-05
1.000000000000000000e+12	2.100000000000000000e+01	8.519666829788983522e-05
1.260000000000000000e+12	2.100000000000000000e+01	1.129457752833112606e-04
1.580000000000000000e+12	2.100000000000000000e+01	1.426581244165289340e-04
2.000000000000000000e+12	2.100000000000000000e+01	1.808441800762125053e-04
2.510000000000000000e+12	2.100000000000000000e+01	2.273441121758623326e-04
3.160000000000000000e+12	2.100000000000000000e+01	2.874887382054743651e-04
3.980000000000000000e+12	2.100000000000000000e+01	3.619702730338399273e-04
5.010000000000000000e+12	2.100000000000000000e+01	4.544923116309586937e-04
6.310000000000000000e+12	2.100000000000000000e+01	5.732138595465458529e-04
7.940000000000000000e+12	2.100000000000000000e+01	7.223277389200808687e-04
1.000000000000000000e+13	2.100000000000000000e+01	9.109501377084176918e-04
1.260000000000000000e+13	2.100000000000000000e+01	1.152042228954322555e-03
1.580000000000000000e+13	2.100000000000000000e+01	1.448388498234735693e-03
2.000000000000000000e+13	2.100000000000000000e+01	1.836930258432695239e-03
2.510000000000000000e+13	2.100000000000000000e+01	2.304366827593642020e-03
3.160000000000000000e+13	2.100000000000000000e+01	2.879375573226227759e-03
3.980000000000000000e+13	2.100000000000000000e+01	3.576267161256407260e-03
5.010000000000000000e+13	2.100000000000000000e+01	4.407623913259230662e-03
6.310000000000000000e+13	2.100000000000000000e+01	5.438496924349368877e-03
7.940000000000000000e+13	2.100000000000000000e+01	6.736274447068485091e-03
1.000000000000000000e+14	2.100000000000000000e+01	8.443477572923414887e-03
1.260000000000000000e+14	2.100000000000000000e+01	1.075302772909021709e-02
1.580000000000000000e+14	2.100000000000000000e+01	1.391802691304433286e-02
2.000000000000000000e+14	2.100000000000000000e+01	1.835583608093942221e-02
2.510000000000000000e+14	2.100000000000000000e+01	2.372146714829280120e-02
3.160000000000000000e+14	2.100000000000000000e+01	2.960848962015829450e-02
3.980000000000000000e+14	2.100000000000000000e+01	3.481196573796231652e-02
5.010000000000000000e+14	2.100000000000000000e+01	3.887334580403781215e-02
6.310000000000000000e+14	2.100000000000000000e+01	3.900228702855500218e-02
7.940000000000000000e+14	2.100000000000000000e+01	3.700288751372778073e-02
1.000000000000000000e+15	2.100000000000000000e+01	3.249505351889469401e-02
1.260000000000000000e+15	2.100000000000000000e+01	2.460959030647867293e-02
1.580000000000000000e+15	2.100000000000000000e+01	1.751930839536050555e-02
2.000000000000000000e+15	2.100000000000000000e+01	9.155776846481543732e-03
2.510000000000000000e+15	2.100000000000000000e+01	1.000020815086697908e-03
3.160000000000000000e+15	2.100000000000000000e+01	-6.262684649787765394e-03
3.980000000000000000e+15	2.100000000000000000e+01	-1.233574478361503489e-02
5.010000000000000000e+15	2.100000000000000000e+01	-1.707398140301170930e-02
6.310000000000000000e+15	2.100000000000000000e+01	-2.051251757583107127e-02
7.940000000000000000e+15	2.100000000000000000e+01	-2.274206142731837951e-02
1.000000000000000000e+16	2.100000000000000000e+01	-2.393474573773338165e-02
1.260000000000000000e+16	2.100000000000000000e+01	-2.425895248893666228e-02
1.580000000000000000e+16	2.100000000000000000e+01	-2.392652991939840310e-02
2.000000000000000000e+16	2.100000000000000000e+01	-2.303016842345747411e-02
2.510000000000000000e+16	2.100000000000000000e+01	-2.182726954868545455e-02
3.160000000000000000e+16	2.100000000000000000e+01	-2.036531040364729719e-02
3.980000000000000000e+16	2.100000000000000000e+01	-1.876356574731924062e-02
5.010000000000000000e+16	2.100000000000000000e+01	-1.710998940035714580e-02
6.310000000000000000e+16	2.100000000000000000e+01	-1.545601852145316382e-02
7.940000000000000000e+16	2.100000000000000000e+01	-1.385953182471554197e-02
1.000000000000000000e+17	2.100000000000000000e+01	-1.233478859573172715e-02
