1.000000000000000000e+11	5.000000000000000000e-01	2.200530488243281071e-05
1.258925411794166107e+11	5.000000000000000000e-01	2.772864498575140543e-05
1.584893192461110840e+11	5.000000000000000000e-01	3.496167370284180409e-05
1.995262314968882751e+11	5.000000000000000000e-01	4.400976523478577373e-05
2.511886431509582214e+11	5.000000000000000000e-01	5.577615021101935941e-05
3.162277660168379517e+11	5.000000000000000000e-01	7.069358934284260287e-05
3.981071705534969482e+11	5.000000000000000000e-01	8.998905068318434266e-05
5.011872336272714844e+11	5.000000000000000000e-01	1.153399994112398161e-04
6.309573444801943359e+11	5.000000000000000000e-01	1.493532166421502553e-04
7.943282347242821045e+11	5.000000000000000000e-01	1.966428102544920192e-04
1.000000000000000000e+12	5.000000000000000000e-01	2.291256856067356901e-04
1.260000000000000000e+12	5.000000000000000000e-01	2.495386380872210768e-04
1.580000000000000000e+12	5.000000000000000000e-01	2.930048332575267548e-04
2.000000000000000000e+12	5.000000000000000000e-01	3.559240816096571045e-04
2.510000000000000000e+12	5.000000000000000000e-01	4.352192878831524650e-04
3.160000000000000000e+12	5.000000000000000000e-01	5.384597986402428352e-04
3.980000000000000000e+12	5.000000000000000000e-01	6.702609742881556832e-04
5.010000000000000000e+12	5.000000000000000000e-01	8.371524720298524581e-04
6.310000000000000000e+12	5.000000000000000000e-01	1.050393819864157627e-03
7.940000000000000000e+12	5.000000000000000000e-01	1.324267232352839725e-03
1.000000000000000000e+13	5.000000000000000000e-01	1.679983347619850350e-03
1.260000000000000000e+13	5.000000000000000000e-01	2.135395817039962597e-03
1.580000000000000000e+13	5.000000000000000000e-01	2.696412226750476496e-03
2.000000000000000000e+13	5.000000000000000000e-01	3.437143870280708752e-03
2.510000000000000000e+13	5.000000000000000000e-01	4.304034036991053434e-03
3.160000000000000000e+13	5.000000000000000000e-01	5.293466911958568701e-03
3.980000000000000000e+13	5.000000000000000000e-01	6.289644286632509879e-03
5.010000000000000000e+13	5.000000000000000000e-01	7.191119889693223764e-03
6.310000000000000000e+13	5.000000000000000000e-01	7.986169154754235028e-03
7.940000000000000000e+13	5.000000000000000000e-01	8.791866721789245304e-03
1.000000000000000000e+14	5.000000000000000000e-01	9.850092983126173748e-03
1.260000000000000000e+14	5.000000000000000000e-01	1.149722912217936675e-02
1.580000000000000000e+14	5.000000000000000000e-01	1.399628966829243037e-02
2.000000000000000000e+14	5.000000000000000000e-01	1.789946996381232280e-02
2.510000000000000000e+14	5.000000000000000000e-01	2.287554838809988111e-02
3.160000000000000000e+14	5.000000000000000000e-01	2.850507266155662134e-02
3.980000000000000000e+14	5.000000000000000000e-01	3.372413424976870855e-02
5.010000000000000000e+14	5.000000000000000000e-01	3.726649907536999651e-02
6.310000000000000000e+14	5.000000000000000000e-01	3.818728968160645110e-02
7.940000000000000000e+14	5.000000000000000000e-01	3.613007467785198101e-02
1.000000000000000000e+15	5.000000000000000000e-01	3.125144909059207610e-02
1.260000000000000000e+15	5.000000000000000000e-01	2.434203508804398328e-02
1.580000000000000000e+15	5.000000000000000000e-01	1.647930174529955993e-02
2.000000000000000000e+15	5.000000000000000000e-01	8.184453014884711039e-03
2.510000000000000000e+15	5.000000000000000000e-01	2.004448572753088809e-04
3.160000000000000000e+15	5.000000000000000000e-01	-7.065905707936923422e-03
3.980000000000000000e+15	5.000000000000000000e-01	-1.317120052410048099e-02
5.010000000000000000e+15	5.000000000000000000e-01	-1.793992023940546923e-02
6.310000000000000000e+15	5.000000000000000000e-01	-2.139621433945925605e-02
7.940000000000000000e+15	5.000000000000000000e-01	-2.362675639865720323e-02
1.000000000000000000e+16	5.000000000000000000e-01	-2.480444562733754438e-02
1.260000000000000000e+16	5.000000000000000000e-01	-2.509958277189660789e-02
1.580000000000000000e+16	5.000000000000000000e-01	-2.472761693305093600e-02
2.000000000000000000e+16	5.000000000000000000e-01	-2.378069766674491964e-02
2.510000000000000000e+16	5.000000000000000000e-01	-2.252475260419044625e-02
3.160000000000000000e+16	5.000000000000000000e-01	-2.100624200066879971e-02
3.980000000000000000e+16	5.000000000000000000e-01	-1.934620819640205450e-02
5.010000000000000000e+16	5.000000000000000000e-01	-1.763577153627925512e-02
6.310000000000000000e+16	5.000000000000000000e-01	-1.592693189668757323e-02
7.940000000000000000e+16	5.000000000000000000e-01	-1.427884700601300509e-02
1.000000000000000000e+17	5.000000000000000000e-01	-1.270571504625863865e-02
1.000000000000000000e+11	1.500000000000000000e+00	1.893032297216333309e-05
1.258925411794166107e+11	1.500000000000000000e+00	2.385456148009381936e-05
1.584893192461110840e+11	1.500000000000000000e+00	3.007862211808494160e-05
1.995262314968882751e+11	1.500000000000000000e+00	3.796430991240923677e-05
2.511886431509582214e+11	1.500000000000000000e+00	4.799745120650815222e-05
3.162277660168379517e+11	1.500000000000000000e+00	6.084929514205332735e-05
3.981071705534969482e+11	1.500000000000000000e+00	7.748521641428016734e-05
5.011872336272714844e+11	1.500000000000000000e+00	9.934144508225843954e-05
6.309573444801943359e+11	1.500000000000000000e+00	1.285340845014371514e-04
7.943282347242821045e+11	1.500000000000000000e+00	1.670231333125517562e-04
1.000000000000000000e+12	1.500000000000000000e+00	1.942346795519332768e-04
1.260000000000000000e+12	1.500000000000000000e+00	2.139241261901954664e-04
1.580000000000000000e+12	1.500000000000000000e+00	2.521874125998595684e-04
2.000000000000000000e+12	1.500000000000000000e+00	3.074720206257538580e-04
2.510000000000000000e+12	1.500000000000000000e+00	3.769887323484824517e-04
3.160000000000000000e+12	1.500000000000000000e+00	4.671676954937499342e-04
3.980000000000000000e+12	1.500000000000000000e+00	5.823552370986661165e-04
5.010000000000000000e+12	1.500000000000000000e+00	7.285258618566233359e-04
6.310000000000000000e+12	1.500000000000000000e+00	9.152371992946078949e-04
7.940000000000000000e+12	1.500000000000000000e+00	1.154044639933206155e-03
1.000000000000000000e+13	1.500000000000000000e+00	1.463260248043461286e-03
1.260000000000000000e+13	1.500000000000000000e+00	1.859119404549931321e-03
1.580000000000000000e+13	1.500000000000000000e+00	2.346898635552854741e-03
2.000000000000000000e+13	1.500000000000000000e+00	2.990163486262885535e-03
2.510000000000000000e+13	1.500000000000000000e+00	3.753321216310478645e-03
3.160000000000000000e+13	1.500000000000000000e+00	4.632318804792192810e-03
3.980000000000000000e+13	1.500000000000000000e+00	5.555170996803737542e-03
5.010000000000000000e+13	1.500000000000000000e+00	6.440600429077246274e-03
6.310000000000000000e+13	1.500000000000000000e+00	7.305617416655183806e-03
7.940000000000000000e+13	1.500000000000000000e+00	8.270304708580903177e-03
1.000000000000000000e+14	1.500000000000000000e+00	9.514661000618939574e-03
1.260000000000000000e+14	1.500000000000000000e+00	1.133704732237657622e-02
1.580000000000000000e+14	1.500000000000000000e+00	1.403289289555962986e-02
2.000000000000000000e+14	1.500000000000000000e+00	1.806649434126207654e-02
2.510000000000000000e+14	1.500000000000000000e+00	2.312795433973854897e-02
3.160000000000000000e+14	1.500000000000000000e+00	2.891200810371502561e-02
3.980000000000000000e+14	1.500000000000000000e+00	3.414758706333402560e-02
5.010000000000000000e+14	1.500000000000000000e+00	3.780010004391488182e-02
6.310000000000000000e+14	1.500000000000000000e+00	3.885945614089110489e-02
7.940000000000000000e+14	1.500000000000000000e+00	3.671968307093124995e-02
1.000000000000000000e+15	1.500000000000000000e+00	3.177882138024411968e-02
1.260000000000000000e+15	1.500000000000000000e+00	2.501897819511982382e-02
1.580000000000000000e+15	1.500000000000000000e+00	1.713269293532439577e-02
2.000000000000000000e+15	1.500000000000000000e+00	8.575213548557801546e-03
2.510000000000000000e+15	1.500000000000000000e+00	4.893568051925288988e-04
3.160000000000000000e+15	1.500000000000000000e+00	-6.845821746210950000e-03
3.980000000000000000e+15	1.500000000000000000e+00	-1.300025966504187239e-02
5.010000000000000000e+15	1.500000000000000000e+00	-1.780593332757186148e-02
6.310000000000000000e+15	1.500000000000000000e+00	-2.129068608636376300e-02
7.940000000000000000e+15	1.500000000000000000e+00	-2.354329782138322308e-02
1.000000000000000000e+16	1.500000000000000000e+00	-2.473875244678734597e-02
1.260000000000000000e+16	1.500000000000000000e+00	-2.504722671137235221e-02
1.580000000000000000e+16	1.500000000000000000e+00	-2.468593730112289206e-02
2.000000000000000000e+16	1.500000000000000000e+00	-2.374797643873789721e-02
2.510000000000000000e+16	1.500000000000000000e+00	-2.249854339707601028e-02
3.160000000000000000e+16	1.500000000000000000e+00	-2.098543430217530287e-02
3.980000000000000000e+16	1.500000000000000000e+00	-1.932968452724929953e-02
5.010000000000000000e+16	1.500000000000000000e+00	-1.762233944912333303e-02
6.310000000000000000e+16	1.500000000000000000e+00	-1.591653407645420362e-02
7.940000000000000000e+16	1.500000000000000000e+00	-1.427056852230294826e-02
1.000000000000000000e+17	1.500000000000000000e+00	-1.269913992399521185e-02
1.000000000000000000e+11	2.500000000000000000e+00	1.692114488316058299e-05
1.258925411794166107e+11	2.500000000000000000e+00	2.132276558355694152e-05
1.584893192461110840e+11	2.500000000000000000e+00	2.688645449197933290e-05
1.995262314968882751e+11	2.500000000000000000e+00	3.393575261860182565e-05
2.511886431509582214e+11	2.500000000000000000e+00	4.290555831655678149e-05
3.162277660168379517e+11	2.500000000000000000e+00	5.439630538922712297e-05
3.981071705534969482e+11	2.500000000000000000e+00	6.926906005651357185e-05
5.011872336272714844e+11	2.500000000000000000e+00	8.878499084532856501e-05
6.309573444801943359e+11	2.500000000000000000e+00	1.146742566301331531e-04
7.943282347242821045e+11	2.500000000000000000e+00	1.467392103852271489e-04
1.000000000000000000e+12	2.500000000000000000e+00	1.706203664221607236e-04
1.260000000000000000e+12	2.500000000000000000e+00	1.916577198230327752e-04
1.580000000000000000e+12	2.500000000000000000e+00	2.276860727001291215e-04
2.000000000000000000e+12	2.500000000000000000e+00	2.782636249881718406e-04
2.510000000000000000e+12	2.500000000000000000e+00	3.420533084253000425e-04
3.160000000000000000e+12	2.500000000000000000e+00	4.251466987024255591e-04
3.980000000000000000e+12	2.500000000000000000e+00	5.310378815526380081e-04
5.010000000000000000e+12	2.500000000000000000e+00	6.650504884249529725e-04
6.310000000000000000e+12	2.500000000000000000e+00	8.358779946516221946e-04
7.940000000000000000e+12	2.500000000000000000e+00	1.054355829869476615e-03
1.000000000000000000e+13	2.500000000000000000e+00	1.336927168306346848e-03
1.260000000000000000e+13	2.500000000000000000e+00	1.697597949499357085e-03
1.580000000000000000e+13	2.500000000000000000e+00	2.143564003840997979e-03
2.000000000000000000e+13	2.500000000000000000e+00	2.729141896049870619e-03
2.510000000000000000e+13	2.500000000000000000e+00	3.424252066547883548e-03
3.160000000000000000e+13	2.500000000000000000e+00	4.238713880949718411e-03
3.980000000000000000e+13	2.500000000000000000e+00	5.111952809596809200e-03
5.010000000000000000e+13	2.500000000000000000e+00	5.999456967761732096e-03
6.310000000000000000e+13	2.500000000000000000e+00	6.916329254699106997e-03
7.940000000000000000e+13	2.500000000000000000e+00	7.921248699954076128e-03
1.000000000000000000e+14	2.500000000000000000e+00	9.266902233139369394e-03
1.260000000000000000e+14	2.500000000000000000e+00	1.123904823192239423e-02
1.580000000000000000e+14	2.500000000000000000e+00	1.403604002569767972e-02
2.000000000000000000e+14	2.500000000000000000e+00	1.819745293963262803e-02
2.510000000000000000e+14	2.500000000000000000e+00	2.337412298274494510e-02
3.160000000000000000e+14	2.500000000000000000e+00	2.923711134349654336e-02
3.980000000000000000e+14	2.500000000000000000e+00	3.454432240426954376e-02
5.010000000000000000e+14	2.500000000000000000e+00	3.789603172343168624e-02
6.310000000000000000e+14	2.500000000000000000e+00	3.873572095801992160e-02
7.940000000000000000e+14	2.500000000000000000e+00	3.696343281130071157e-02
1.000000000000000000e+15	2.500000000000000000e+00	3.230667116368178549e-02
1.260000000000000000e+15	2.500000000000000000e+00	2.535850282355119056e-02
1.580000000000000000e+15	2.500000000000000000e+00	1.742207853780633822e-02
2.000000000000000000e+15	2.500000000000000000e+00	9.022890353384266718e-03
2.510000000000000000e+15	2.500000000000000000e+00	7.392789586340073587e-04
3.160000000000000000e+15	2.500000000000000000e+00	-6.665115716433032793e-03
3.980000000000000000e+15	2.500000000000000000e+00	-1.286342276085608062e-02
5.010000000000000000e+15	2.500000000000000000e+00	-1.770005257841127111e-02
6.310000000000000000e+15	2.500000000000000000e+00	-2.120789900931872515e-02
7.940000000000000000e+15	2.500000000000000000e+00	-2.347812067273449474e-02
1.000000000000000000e+16	2.500000000000000000e+00	-2.468730108218524996e-02
1.260000000000000000e+16	2.500000000000000000e+00	-2.500653630986284653e-02
1.580000000000000000e+16	2.500000000000000000e+00	-2.465355162716686629e-02
2.000000000000000000e+16	2.500000000000000000e+00	-2.372243519476098170e-02
2.510000000000000000e+16	2.500000000000000000e+00	-2.247819077838922666e-02
3.160000000000000000e+16	2.500000000000000000e+00	-2.096886665514001782e-02
3.980000000000000000e+16	2.500000000000000000e+00	-1.931686698583654285e-02
5.010000000000000000e+16	2.500000000000000000e+00	-1.761229105650863672e-02
6.310000000000000000e+16	2.500000000000000000e+00	-1.590844069160766983e-02
7.940000000000000000e+16	2.500000000000000000e+00	-1.426414960317401275e-02
1.000000000000000000e+17	2.500000000000000000e+00	-1.269404892923296953e-02
1.000000000000000000e+11	4.000000000000000000e+00	1.490875112209101351e-05
1.258925411794166107e+11	4.000000000000000000e+00	1.878637001176106078e-05
1.584893192461110840e+11	4.000000000000000000e+00	2.368741268584049274e-05
1.995262314968882751e+11	4.000000000000000000e+00	2.989648319842214450e-05
2.511886431509582214e+11	4.000000000000000000e+00	3.779578626734430972e-05
3.162277660168379517e+11	4.000000000000000000e+00	4.791210207582994397e-05
3.981071705534969482e+11	4.000000000000000000e+00	6.099386069048689580e-05
5.011872336272714844e+11	4.000000000000000000e+00	7.810805501014629127e-05
6.309573444801943359e+11	4.000000000000000000e+00	1.005444845037361271e-04
7.943282347242821045e+11	4.000000000000000000e+00	1.254887428345753339e-04
1.000000000000000000e+12	4.000000000000000000e+00	1.463200009141917316e-04
1.260000000000000000e+12	4.000000000000000000e+00	1.696586669214267425e-04
1.580000000000000000e+12	4.000000000000000000e+00	2.041969482902072041e-04
2.000000000000000000e+12	4.000000000000000000e+00	2.522091335568298585e-04
2.510000000000000000e+12	4.000000000000000000e+00	3.118793609967591106e-04
3.160000000000000000e+12	4.000000000000000000e+00	3.885970272296081283e-04
3.980000000000000000e+12	4.000000000000000000e+00	4.862534281799194935e-04
5.010000000000000000e+12	4.000000000000000000e+00	6.100555176632768001e-04
6.310000000000000000e+12	4.000000000000000000e+00	7.678367843052615093e-04
7.940000000000000000e+12	4.000000000000000000e+00	9.687232340970194401e-04
1.000000000000000000e+13	4.000000000000000000e+00	1.227529234326633174e-03
1.260000000000000000e+13	4.000000000000000000e+00	1.558820976540686463e-03
1.580000000000000000e+13	4.000000000000000000e+00	1.966751835236830309e-03
2.000000000000000000e+13	4.000000000000000000e+00	2.501728953133566368e-03
2.510000000000000000e+13	4.000000000000000000e+00	3.139852208782832003e-03
3.160000000000000000e+13	4.000000000000000000e+00	3.896848098140920369e-03
3.980000000000000000e+13	4.000000000000000000e+00	4.718673919140208874e-03
5.010000000000000000e+13	4.000000000000000000e+00	5.574257336962524720e-03
6.310000000000000000e+13	4.000000000000000000e+00	6.498051582961818055e-03
7.940000000000000000e+13	4.000000000000000000e+00	7.582231276035928530e-03
1.000000000000000000e+14	4.000000000000000000e+00	9.014835456078526196e-03
1.260000000000000000e+14	4.000000000000000000e+00	1.104286291951277893e-02
1.580000000000000000e+14	4.000000000000000000e+00	1.393850479817932905e-02
2.000000000000000000e+14	4.000000000000000000e+00	1.816532566056988651e-02
2.510000000000000000e+14	4.000000000000000000e+00	2.336765393995158396e-02
3.160000000000000000e+14	4.000000000000000000e+00	2.917577486607486961e-02
3.980000000000000000e+14	4.000000000000000000e+00	3.456049473922388759e-02
5.010000000000000000e+14	4.000000000000000000e+00	3.829907871776966344e-02
6.310000000000000000e+14	4.000000000000000000e+00	3.933876566294137317e-02
7.940000000000000000e+14	4.000000000000000000e+00	3.716333052522277636e-02
1.000000000000000000e+15	4.000000000000000000e+00	3.227109709157290063e-02
1.260000000000000000e+15	4.000000000000000000e+00	2.534414085192300548e-02
1.580000000000000000e+15	4.000000000000000000e+00	1.710346434388509973e-02
2.000000000000000000e+15	4.000000000000000000e+00	8.565080447677564379e-03
2.510000000000000000e+15	4.000000000000000000e+00	5.985049806318179641e-04
3.160000000000000000e+15	4.000000000000000000e+00	-6.674880517609834557e-03
3.980000000000000000e+15	4.000000000000000000e+00	-1.278287632973056608e-02
5.010000000000000000e+15	4.000000000000000000e+00	-1.755419710282172391e-02
6.310000000000000000e+15	4.000000000000000000e+00	-2.101579166798728943e-02
7.940000000000000000e+15	4.000000000000000000e+00	-2.325561208021779958e-02
1.000000000000000000e+16	4.000000000000000000e+00	-2.444725237393523265e-02
1.260000000000000000e+16	4.000000000000000000e+00	-2.475942996317763781e-02
1.580000000000000000e+16	4.000000000000000000e+00	-2.440730941551617905e-02
2.000000000000000000e+16	4.000000000000000000e+00	-2.348362969305693368e-02
2.510000000000000000e+16	4.000000000000000000e+00	-2.225065265900070047e-02
3.160000000000000000e+16	4.000000000000000000e+00	-2.075565965814534300e-02
3.980000000000000000e+16	4.000000000000000000e+00	-1.911979610151354550e-02
5.010000000000000000e+16	4.000000000000000000e+00	-1.743214159210912037e-02
6.310000000000000000e+16	4.000000000000000000e+00	-1.574533302336689547e-02
7.940000000000000000e+16	4.000000000000000000e+00	-1.411763422861680474e-02
1.000000000000000000e+17	4.000000000000000000e+00	-1.256347704099787868e-02
1.000000000000000000e+11	6.000000000000000000e+00	1.304280942759842992e-05
1.258925411794166107e+11	6.000000000000000000e+00	1.643481044446652367e-05
1.584893192461110840e+11	6.000000000000000000e+00	2.072164199695110474e-05
1.995262314968882751e+11	6.000000000000000000e+00	2.615226949470835500e-05
2.511886431509582214e+11	6.000000000000000000e+00	3.306027239148093808e-05
3.162277660168379517e+11	6.000000000000000000e+00	4.190506005636783721e-05
3.981071705534969482e+11	6.000000000000000000e+00	5.333257938435741625e-05
5.011872336272714844e+11	6.000000000000000000e+00	6.823434368150850212e-05
6.309573444801943359e+11	6.000000000000000000e+00	8.750373148776771593e-05
7.943282347242821045e+11	6.000000000000000000e+00	1.060268514978630953e-04
1.000000000000000000e+12	6.000000000000000000e+00	1.238988803041273889e-04
1.260000000000000000e+12	6.000000000000000000e+00	1.492587972820991866e-04
1.580000000000000000e+12	6.000000000000000000e+00	1.826694649124357744e-04
2.000000000000000000e+12	6.000000000000000000e+00	2.275105787670426147e-04
2.510000000000000000e+12	6.000000000000000000e+00	2.824950448865285878e-04
3.160000000000000000e+12	6.000000000000000000e+00	3.532635070561586529e-04
3.980000000000000000e+12	6.000000000000000000e+00	4.431762474927313736e-04
5.010000000000000000e+12	6.000000000000000000e+00	5.565900136743747112e-04
6.310000000000000000e+12	6.000000000000000000e+00	7.005806616183279587e-04
7.940000000000000000e+12	6.000000000000000000e+00	8.835779637162133587e-04
1.000000000000000000e+13	6.000000000000000000e+00	1.118554688315353185e-03
1.260000000000000000e+13	6.000000000000000000e+00	1.417615416291584862e-03
1.580000000000000000e+13	6.000000000000000000e+00	1.786587160391603715e-03
2.000000000000000000e+13	6.000000000000000000e+00	2.270805692274521868e-03
2.510000000000000000e+13	6.000000000000000000e+00	2.846486749984686836e-03
3.160000000000000000e+13	6.000000000000000000e+00	3.544866244757112397e-03
3.980000000000000000e+13	6.000000000000000000e+00	4.342166868844589758e-03
5.010000000000000000e+13	6.000000000000000000e+00	5.192499798741436433e-03
6.310000000000000000e+13	6.000000000000000000e+00	6.150476414438516698e-03
7.940000000000000000e+13	6.000000000000000000e+00	7.319718499423535744e-03
1.000000000000000000e+14	6.000000000000000000e+00	8.856291399228995859e-03
1.260000000000000000e+14	6.000000000000000000e+00	1.100674096505928692e-02
1.580000000000000000e+14	6.000000000000000000e+00	1.397984272060322046e-02
2.000000000000000000e+14	6.000000000000000000e+00	1.828335242434169644e-02
2.510000000000000000e+14	6.000000000000000000e+00	2.359418475042211402e-02
3.160000000000000000e+14	6.000000000000000000e+00	2.941895111676162342e-02
3.980000000000000000e+14	6.000000000000000000e+00	3.469647380707412132e-02
5.010000000000000000e+14	6.000000000000000000e+00	3.832848457945401549e-02
6.310000000000000000e+14	6.000000000000000000e+00	3.924447448266999566e-02
7.940000000000000000e+14	6.000000000000000000e+00	3.710911486609416721e-02
1.000000000000000000e+15	6.000000000000000000e+00	3.222394455463835350e-02
1.260000000000000000e+15	6.000000000000000000e+00	2.521147206755191758e-02
1.580000000000000000e+15	6.000000000000000000e+00	1.706906496731796716e-02
2.000000000000000000e+15	6.000000000000000000e+00	8.571899049521642874e-03
2.510000000000000000e+15	6.000000000000000000e+00	6.450560209562370426e-04
3.160000000000000000e+15	6.000000000000000000e+00	-6.588691771475464927e-03
3.980000000000000000e+15	6.000000000000000000e+00	-1.266216340423633770e-02
5.010000000000000000e+15	6.000000000000000000e+00	-1.739790975037607337e-02
6.310000000000000000e+15	6.000000000000000000e+00	-2.084887253164522183e-02
7.940000000000000000e+15	6.000000000000000000e+00	-2.307698512791062778e-02
1.000000000000000000e+16	6.000000000000000000e+00	-2.426344848052091815e-02
1.260000000000000000e+16	6.000000000000000000e+00	-2.457597099990993170e-02
1.580000000000000000e+16	6.000000000000000000e+00	-2.422828240594042740e-02
2.000000000000000000e+16	6.000000000000000000e+00	-2.331271647250864401e-02
2.510000000000000000e+16	6.000000000000000000e+00	-2.208963930068699039e-02
3.160000000000000000e+16	6.000000000000000000e+00	-2.060613662299499299e-02
3.980000000000000000e+16	6.000000000000000000e+00	-1.898256767235607240e-02
5.010000000000000000e+16	6.000000000000000000e+00	-1.730735361979434186e-02
6.310000000000000000e+16	6.000000000000000000e+00	-1.563290335366460462e-02
7.940000000000000000e+16	6.000000000000000000e+00	-1.401702544089356885e-02
1.000000000000000000e+17	6.000000000000000000e+00	-1.247409118325748176e-02
1.000000000000000000e+11	8.000000000000000000e+00	1.200023706760303303e-05
1.258925411794166107e+11	8.000000000000000000e+00	1.512057742005691083e-05
1.584893192461110840e+11	8.000000000000000000e+00	1.906362968455061927e-05
1.995262314968882751e+11	8.000000000000000000e+00	2.405811351790582879e-05
2.511886431509582214e+11	8.000000000000000000e+00	3.040989657995359349e-05
3.162277660168379517e+11	8.000000000000000000e+00	3.853856861320309495e-05
3.981071705534969482e+11	8.000000000000000000e+00	4.902998709583329505e-05
5.011872336272714844e+11	8.000000000000000000e+00	6.266819289864665823e-05
6.309573444801943359e+11	8.000000000000000000e+00	8.009680880142057251e-05
7.943282347242821045e+11	8.000000000000000000e+00	9.467415929387444575e-05
1.000000000000000000e+12	8.000000000000000000e+00	1.111917391978050983e-04
1.260000000000000000e+12	8.000000000000000000e+00	1.383402161631758264e-04
1.580000000000000000e+12	8.000000000000000000e+00	1.711168951909101618e-04
2.000000000000000000e+12	8.000000000000000000e+00	2.146985677141266145e-04
2.510000000000000000e+12	8.000000000000000000e+00	2.678921616260818107e-04
3.160000000000000000e+12	8.000000000000000000e+00	3.358607683626396267e-04
3.980000000000000000e+12	8.000000000000000000e+00	4.218796222476263675e-04
5.010000000000000000e+12	8.000000000000000000e+00	5.302053178132186233e-04
6.310000000000000000e+12	8.000000000000000000e+00	6.676148218024668653e-04
7.940000000000000000e+12	8.000000000000000000e+00	8.420388410137600753e-04
1.000000000000000000e+13	8.000000000000000000e+00	1.065407070109400042e-03
1.260000000000000000e+13	8.000000000000000000e+00	1.348727960091699154e-03
1.580000000000000000e+13	8.000000000000000000e+00	1.700082995136920246e-03
2.000000000000000000e+13	8.000000000000000000e+00	2.161653758744618275e-03
2.510000000000000000e+13	8.000000000000000000e+00	2.713087991893444861e-03
3.160000000000000000e+13	8.000000000000000000e+00	3.368366779860480689e-03
3.980000000000000000e+13	8.000000000000000000e+00	4.118297199741649366e-03
5.010000000000000000e+13	8.000000000000000000e+00	4.975915291087934164e-03
6.310000000000000000e+13	8.000000000000000000e+00	5.970621035760370968e-03
7.940000000000000000e+13	8.000000000000000000e+00	7.175915915889955615e-03
1.000000000000000000e+14	8.000000000000000000e+00	8.765836167108168389e-03
1.260000000000000000e+14	8.000000000000000000e+00	1.098981469373134373e-02
1.580000000000000000e+14	8.000000000000000000e+00	1.404392458989298965e-02
2.000000000000000000e+14	8.000000000000000000e+00	1.840500747762853148e-02
2.510000000000000000e+14	8.000000000000000000e+00	2.370816335700946451e-02
3.160000000000000000e+14	8.000000000000000000e+00	2.967086091761911987e-02
3.980000000000000000e+14	8.000000000000000000e+00	3.514234396606972372e-02
5.010000000000000000e+14	8.000000000000000000e+00	3.863989089697705132e-02
6.310000000000000000e+14	8.000000000000000000e+00	3.945958309382723017e-02
7.940000000000000000e+14	8.000000000000000000e+00	3.734356773134964863e-02
1.000000000000000000e+15	8.000000000000000000e+00	3.266839462362314261e-02
1.260000000000000000e+15	8.000000000000000000e+00	2.662366633619892009e-02
1.580000000000000000e+15	8.000000000000000000e+00	1.930425061250819890e-02
2.000000000000000000e+15	8.000000000000000000e+00	1.032903563208251684e-02
2.510000000000000000e+15	8.000000000000000000e+00	1.508973458872224114e-03
3.160000000000000000e+15	8.000000000000000000e+00	-6.156193396472605522e-03
3.980000000000000000e+15	8.000000000000000000e+00	-1.253212313134634617e-02
5.010000000000000000e+15	8.000000000000000000e+00	-1.749764386588362891e-02
6.310000000000000000e+15	8.000000000000000000e+00	-2.110098964820548637e-02
7.940000000000000000e+15	8.000000000000000000e+00	-2.344148133189103214e-02
1.000000000000000000e+16	8.000000000000000000e+00	-2.470085743838963677e-02
1.260000000000000000e+16	8.000000000000000000e+00	-2.505536911398514519e-02
1.580000000000000000e+16	8.000000000000000000e+00	-2.472542395503414536e-02
2.000000000000000000e+16	8.000000000000000000e+00	-2.380882985744690178e-02
2.510000000000000000e+16	8.000000000000000000e+00	-2.257193832125339861e-02
3.160000000000000000e+16	8.000000000000000000e+00	-2.106538972930414519e-02
3.980000000000000000e+16	8.000000000000000000e+00	-1.941171622637029651e-02
5.010000000000000000e+16	8.000000000000000000e+00	-1.770340265815164779e-02
6.310000000000000000e+16	8.000000000000000000e+00	-1.599415403006817366e-02
7.940000000000000000e+16	8.000000000000000000e+00	-1.434351619268038613e-02
1.000000000000000000e+17	8.000000000000000000e+00	-1.276656503954652633e-02
1.000000000000000000e+11	1.000000000000000000e+01	1.114794007984723945e-05
1.258925411794166107e+11	1.000000000000000000e+01	1.404657033285706167e-05
1.584893192461110840e+11	1.000000000000000000e+01	1.770947938337394205e-05
1.995262314968882751e+11	1.000000000000000000e+01	2.234909396780460577e-05
2.511886431509582214e+11	1.000000000000000000e+01	2.824958157841355748e-05
3.162277660168379517e+11	1.000000000000000000e+01	3.580054670892468229e-05
3.981071705534969482e+11	1.000000000000000000e+01	4.554833582700671806e-05
5.011872336272714844e+11	1.000000000000000000e+01	5.820163401345943645e-05
6.309573444801943359e+11	1.000000000000000000e+01	7.421516393306149548e-05
7.943282347242821045e+11	1.000000000000000000e+01	8.605669575985485796e-05
1.000000000000000000e+12	1.000000000000000000e+01	1.011325908686358185e-04
1.260000000000000000e+12	1.000000000000000000e+01	1.288285190225104293e-04
1.580000000000000000e+12	1.000000000000000000e+01	1.608193669827036993e-04
2.000000000000000000e+12	1.000000000000000000e+01	2.026425549271385854e-04
2.510000000000000000e+12	1.000000000000000000e+01	2.535124548677399991e-04
3.160000000000000000e+12	1.000000000000000000e+01	3.183779422542766155e-04
3.980000000000000000e+12	1.000000000000000000e+01	4.002796546934497021e-04
5.010000000000000000e+12	1.000000000000000000e+01	5.034784765074893026e-04
6.310000000000000000e+12	1.000000000000000000e+01	6.341496971573428983e-04
7.940000000000000000e+12	1.000000000000000000e+01	7.991236716134559291e-04
1.000000000000000000e+13	1.000000000000000000e+01	1.010587892970406894e-03
1.260000000000000000e+13	1.000000000000000000e+01	1.279367440433572213e-03
1.580000000000000000e+13	1.000000000000000000e+01	1.610048357060480783e-03
2.000000000000000000e+13	1.000000000000000000e+01	2.043591940744131884e-03
2.510000000000000000e+13	1.000000000000000000e+01	2.561397483064186287e-03
3.160000000000000000e+13	1.000000000000000000e+01	3.197771193019874683e-03
3.980000000000000000e+13	1.000000000000000000e+01	3.940087632458559586e-03
5.010000000000000000e+13	1.000000000000000000e+01	4.785707108834496258e-03
6.310000000000000000e+13	1.000000000000000000e+01	5.782548526685547807e-03
7.940000000000000000e+13	1.000000000000000000e+01	7.025177953213778380e-03
1.000000000000000000e+14	1.000000000000000000e+01	8.676151363637033681e-03
1.260000000000000000e+14	1.000000000000000000e+01	1.091628894535803286e-02
1.580000000000000000e+14	1.000000000000000000e+01	1.397595581211192109e-02
2.000000000000000000e+14	1.000000000000000000e+01	1.835745229638921852e-02
2.510000000000000000e+14	1.000000000000000000e+01	2.376485961161026866e-02
3.160000000000000000e+14	1.000000000000000000e+01	2.964565488041848509e-02
3.980000000000000000e+14	1.000000000000000000e+01	3.491785117018395695e-02
5.010000000000000000e+14	1.000000000000000000e+01	3.856485562491551028e-02
6.310000000000000000e+14	1.000000000000000000e+01	3.951744741706669090e-02
7.940000000000000000e+14	1.000000000000000000e+01	3.784723264217192823e-02
1.000000000000000000e+15	1.000000000000000000e+01	3.309836039712297368e-02
1.260000000000000000e+15	1.000000000000000000e+01	2.540613008376567741e-02
1.580000000000000000e+15	1.000000000000000000e+01	1.627239544834799267e-02
2.000000000000000000e+15	1.000000000000000000e+01	7.462112800661216926e-03
2.510000000000000000e+15	1.000000000000000000e+01	2.102208388576605838e-04
3.160000000000000000e+15	1.000000000000000000e+01	-6.791975299277825187e-03
3.980000000000000000e+15	1.000000000000000000e+01	-1.272105709359435018e-02
5.010000000000000000e+15	1.000000000000000000e+01	-1.736545611053649796e-02
6.310000000000000000e+15	1.000000000000000000e+01	-2.073729915637554516e-02
7.940000000000000000e+15	1.000000000000000000e+01	-2.291708337783585070e-02
1.000000000000000000e+16	1.000000000000000000e+01	-2.407259675880916647e-02
1.260000000000000000e+16	1.000000000000000000e+01	-2.436761287666914036e-02
1.580000000000000000e+16	1.000000000000000000e+01	-2.401280388870462301e-02
2.000000000000000000e+16	1.000000000000000000e+01	-2.309813779999179972e-02
2.510000000000000000e+16	1.000000000000000000e+01	-2.188135518669525811e-02
3.160000000000000000e+16	1.000000000000000000e+01	-2.040821541033194589e-02
3.980000000000000000e+16	1.000000000000000000e+01	-1.879761144926099872e-02
5.010000000000000000e+16	1.000000000000000000e+01	-1.713679915989236094e-02
6.310000000000000000e+16	1.000000000000000000e+01	-1.547747542474877183e-02
7.940000000000000000e+16	1.000000000000000000e+01	-1.387658223779575026e-02
1.000000000000000000e+17	1.000000000000000000e+01	-1.234830959222135011e-02
1.000000000000000000e+11	1.200000000000000000e+01	1.073244366938844916e-05
1.258925411794166107e+11	1.200000000000000000e+01	1.352285495972382812e-05
1.584893192461110840e+11	1.200000000000000000e+01	1.704885171080489380e-05
1.995262314968882751e+11	1.200000000000000000e+01	2.151479801663008307e-05
2.511886431509582214e+11	1.200000000000000000e+01	2.719390092413635470e-05
3.162277660168379517e+11	1.200000000000000000e+01	3.446051111420618741e-05
3.981071705534969482e+11	1.200000000000000000e+01	4.383193667688136324e-05
5.011872336272714844e+11	1.200000000000000000e+01	5.597615139718775597e-05
6.309573444801943359e+11	1.200000000000000000e+01	7.127712195060348051e-05
7.943282347242821045e+11	1.200000000000000000e+01	8.159013592031147421e-05
1.000000000000000000e+12	1.200000000000000000e+01	9.611301840356300868e-05
1.260000000000000000e+12	1.200000000000000000e+01	1.243877143338472280e-04
1.580000000000000000e+12	1.200000000000000000e+01	1.561398071867339202e-04
2.000000000000000000e+12	1.200000000000000000e+01	1.974709821631851370e-04
2.510000000000000000e+12	1.200000000000000000e+01	2.474373096562774359e-04
3.160000000000000000e+12	1.200000000000000000e+01	3.116373582497244531e-04
3.980000000000000000e+12	1.200000000000000000e+01	3.915837035722740441e-04
5.010000000000000000e+12	1.200000000000000000e+01	4.924550497108773827e-04
6.310000000000000000e+12	1.200000000000000000e+01	6.269832656497094890e-04
7.940000000000000000e+12	1.200000000000000000e+01	7.822229444176865849e-04
1.000000000000000000e+13	1.200000000000000000e+01	9.880902030424860982e-04
1.260000000000000000e+13	1.200000000000000000e+01	1.249369850141299979e-03
1.580000000000000000e+13	1.200000000000000000e+01	1.570747004645828802e-03
2.000000000000000000e+13	1.200000000000000000e+01	1.992998951986660675e-03
2.510000000000000000e+13	1.200000000000000000e+01	2.506794595469173225e-03
3.160000000000000000e+13	1.200000000000000000e+01	3.121663201412084275e-03
3.980000000000000000e+13	1.200000000000000000e+01	3.850208898963941844e-03
5.010000000000000000e+13	1.200000000000000000e+01	4.703547475208142564e-03
6.310000000000000000e+13	1.200000000000000000e+01	5.723241901324036679e-03
7.940000000000000000e+13	1.200000000000000000e+01	6.997839528453958166e-03
1.000000000000000000e+14	1.200000000000000000e+01	8.665215038818915513e-03
1.260000000000000000e+14	1.200000000000000000e+01	1.096202821003235996e-02
1.580000000000000000e+14	1.200000000000000000e+01	1.409593757913874847e-02
2.000000000000000000e+14	1.200000000000000000e+01	1.854892718779795405e-02
2.510000000000000000e+14	1.200000000000000000e+01	2.384668807946704536e-02
3.160000000000000000e+14	1.200000000000000000e+01	2.982233118157101223e-02
3.980000000000000000e+14	1.200000000000000000e+01	3.546096159029477057e-02
5.010000000000000000e+14	1.200000000000000000e+01	3.918160609617154372e-02
6.310000000000000000e+14	1.200000000000000000e+01	4.028166847067621292e-02
7.940000000000000000e+14	1.200000000000000000e+01	3.835599114613954391e-02
1.000000000000000000e+15	1.200000000000000000e+01	3.328329896156355383e-02
1.260000000000000000e+15	1.200000000000000000e+01	2.548078826197457819e-02
1.580000000000000000e+15	1.200000000000000000e+01	1.831503658589360775e-02
2.000000000000000000e+15	1.200000000000000000e+01	1.078613047334824396e-02
2.510000000000000000e+15	1.200000000000000000e+01	1.593764347945464876e-03
3.160000000000000000e+15	1.200000000000000000e+01	-6.118259268758839860e-03
3.980000000000000000e+15	1.200000000000000000e+01	-1.251003350222807536e-02
5.010000000000000000e+15	1.200000000000000000e+01	-1.748297575830936798e-02
6.310000000000000000e+15	1.200000000000000000e+01	-2.109051036115580993e-02
7.940000000000000000e+15	1.200000000000000000e+01	-2.343368522554916539e-02
1.000000000000000000e+16	1.200000000000000000e+01	-2.469490533998808246e-02
1.260000000000000000e+16	1.200000000000000000e+01	-2.505076329282479239e-02
1.580000000000000000e+16	1.200000000000000000e+01	-2.472181773411301700e-02
2.000000000000000000e+16	1.200000000000000000e+01	-2.380599967851116869e-02
2.510000000000000000e+16	1.200000000000000000e+01	-2.256969628218634741e-02
3.160000000000000000e+16	1.200000000000000000e+01	-2.106319853430155958e-02
3.980000000000000000e+16	1.200000000000000000e+01	-1.941031992314092014e-02
5.010000000000000000e+16	1.200000000000000000e+01	-1.770224589827565018e-02
6.310000000000000000e+16	1.200000000000000000e+01	-1.599324956308856641e-02
7.940000000000000000e+16	1.200000000000000000e+01	-1.434281946268590492e-02
1.000000000000000000e+17	1.200000000000000000e+01	-1.276600595953375321e-02
1.000000000000000000e+11	1.400000000000000000e+01	1.024496392260652424e-05
1.258925411794166107e+11	1.400000000000000000e+01	1.290878312825762821e-05
1.584893192461110840e+11	1.400000000000000000e+01	1.627507010198095489e-05
1.995262314968882751e+11	1.400000000000000000e+01	2.053917488342320419e-05
2.511886431509582214e+11	1.400000000000000000e+01	2.596253541585686643e-05
3.162277660168379517e+11	1.400000000000000000e+01	3.290392593548282141e-05
3.981071705534969482e+11	1.400000000000000000e+01	4.185832398610942980e-05
5.011872336272714844e+11	1.400000000000000000e+01	5.347238288616758104e-05
6.309573444801943359e+11	1.400000000000000000e+01	6.802315220151908389e-05
7.943282347242821045e+11	1.400000000000000000e+01	7.706183159210435439e-05
1.000000000000000000e+12	1.400000000000000000e+01	9.066974529701149314e-05
1.260000000000000000e+12	1.400000000000000000e+01	1.187341489452813797e-04
1.580000000000000000e+12	1.400000000000000000e+01	1.495573174718086665e-04
2.000000000000000000e+12	1.400000000000000000e+01	1.893995024035203503e-04
2.510000000000000000e+12	1.400000000000000000e+01	2.376521635615841789e-04
3.160000000000000000e+12	1.400000000000000000e+01	2.990054711312434754e-04
3.980000000000000000e+12	1.400000000000000000e+01	3.763501417839718922e-04
5.010000000000000000e+12	1.400000000000000000e+01	4.736003870617786437e-04
6.310000000000000000e+12	1.400000000000000000e+01	5.966303896340921465e-04
7.940000000000000000e+12	1.400000000000000000e+01	7.519748810749526686e-04
1.000000000000000000e+13	1.400000000000000000e+01	9.485901361543613549e-04
1.260000000000000000e+13	1.400000000000000000e+01	1.199479660118416783e-03
1.580000000000000000e+13	1.400000000000000000e+01	1.510754596044395701e-03
2.000000000000000000e+13	1.400000000000000000e+01	1.916024976652070527e-03
2.510000000000000000e+13	1.400000000000000000e+01	2.403691351863131414e-03
3.160000000000000000e+13	1.400000000000000000e+01	3.000443630436846164e-03
3.980000000000000000e+13	1.400000000000000000e+01	3.717650763968151622e-03
5.010000000000000000e+13	1.400000000000000000e+01	4.563139423122194310e-03
6.310000000000000000e+13	1.400000000000000000e+01	5.577859880374237168e-03
7.940000000000000000e+13	1.400000000000000000e+01	6.850684624546399953e-03
1.000000000000000000e+14	1.400000000000000000e+01	8.526500246369824940e-03
1.260000000000000000e+14	1.400000000000000000e+01	1.083617048913368061e-02
1.580000000000000000e+14	1.400000000000000000e+01	1.395821377181265602e-02
2.000000000000000000e+14	1.400000000000000000e+01	1.836661723072722380e-02
2.510000000000000000e+14	1.400000000000000000e+01	2.376553452784599743e-02
3.160000000000000000e+14	1.400000000000000000e+01	2.960905166017414880e-02
3.980000000000000000e+14	1.400000000000000000e+01	3.488613820714416697e-02
5.010000000000000000e+14	1.400000000000000000e+01	3.841616136406778015e-02
6.310000000000000000e+14	1.400000000000000000e+01	3.933113785632063458e-02
7.940000000000000000e+14	1.400000000000000000e+01	3.663966517750735785e-02
1.000000000000000000e+15	1.400000000000000000e+01	3.173254215151648239e-02
1.260000000000000000e+15	1.400000000000000000e+01	2.642898250427449039e-02
1.580000000000000000e+15	1.400000000000000000e+01	1.781078864748492779e-02
2.000000000000000000e+15	1.400000000000000000e+01	8.112896429954137914e-03
2.510000000000000000e+15	1.400000000000000000e+01	6.387779757636803451e-04
3.160000000000000000e+15	1.400000000000000000e+01	-6.483899832922284528e-03
3.980000000000000000e+15	1.400000000000000000e+01	-1.248995057741293657e-02
5.010000000000000000e+15	1.400000000000000000e+01	-1.718793588615105672e-02
6.310000000000000000e+15	1.400000000000000000e+01	-2.059921186866214143e-02
7.940000000000000000e+15	1.400000000000000000e+01	-2.280918228160084410e-02
1.000000000000000000e+16	1.400000000000000000e+01	-2.398722432310750052e-02
1.260000000000000000e+16	1.400000000000000000e+01	-2.430019606364928336e-02
1.580000000000000000e+16	1.400000000000000000e+01	-2.395920787627690493e-02
2.000000000000000000e+16	1.400000000000000000e+01	-2.305587377537111557e-02
2.510000000000000000e+16	1.400000000000000000e+01	-2.184771543108578531e-02
3.160000000000000000e+16	1.400000000000000000e+01	-2.038193262672385181e-02
3.980000000000000000e+16	1.400000000000000000e+01	-1.877640413411885145e-02
5.010000000000000000e+16	1.400000000000000000e+01	-1.711999166280663703e-02
6.310000000000000000e+16	1.400000000000000000e+01	-1.546409386698941943e-02
7.940000000000000000e+16	1.400000000000000000e+01	-1.386597580303768583e-02
1.000000000000000000e+17	1.400000000000000000e+01	-1.233987776937244853e-02
1.000000000000000000e+11	1.600000000000000000e+01	1.013755506515925753e-05
1.258925411794166107e+11	1.600000000000000000e+01	1.277335114094500646e-05
1.584893192461110840e+11	1.600000000000000000e+01	1.610411738240652272e-05
1.995262314968882751e+11	1.600000000000000000e+01	2.032299876616780912e-05
2.511886431509582214e+11	1.600000000000000000e+01	2.568856144964018603e-05
3.162277660168379517e+11	1.600000000000000000e+01	3.255496323929165395e-05
3.981071705534969482e+11	1.600000000000000000e+01	4.141088500601696208e-05
5.011872336272714844e+11	1.600000000000000000e+01	5.287552447625517541e-05
6.309573444801943359e+11	1.600000000000000000e+01	6.723577376430630594e-05
7.943282347242821045e+11	1.600000000000000000e+01	7.579990204718580458e-05
1.000000000000000000e+12	1.600000000000000000e+01	8.934127455085866167e-05
1.260000000000000000e+12	1.600000000000000000e+01	1.175881166787665018e-04
1.580000000000000000e+12	1.600000000000000000e+01	1.484153104463623507e-04
2.000000000000000000e+12	1.600000000000000000e+01	1.883275533006898393e-04
2.510000000000000000e+12	1.600000000000000000e+01	2.364795547711666922e-04
3.160000000000000000e+12	1.600000000000000000e+01	2.976646386118835365e-04
3.980000000000000000e+12	1.600000000000000000e+01	3.746357264479617966e-04
5.010000000000000000e+12	1.600000000000000000e+01	4.714724201436146841e-04
6.310000000000000000e+12	1.600000000000000000e+01	5.936981555427227244e-04
7.940000000000000000e+12	1.600000000000000000e+01	7.481026519420815382e-04
1.000000000000000000e+13	1.600000000000000000e+01	9.459279439909943667e-04
1.260000000000000000e+13	1.600000000000000000e+01	1.195118561302788542e-03
1.580000000000000000e+13	1.600000000000000000e+01	1.501541461208883484e-03
2.000000000000000000e+13	1.600000000000000000e+01	1.904870094493964650e-03
2.510000000000000000e+13	1.600000000000000000e+01	2.385617672267841688e-03
3.160000000000000000e+13	1.600000000000000000e+01	2.995019910664259519e-03
3.980000000000000000e+13	1.600000000000000000e+01	3.718166461029929256e-03
5.010000000000000000e+13	1.600000000000000000e+01	4.561927536291314651e-03
6.310000000000000000e+13	1.600000000000000000e+01	5.613054486055906594e-03
7.940000000000000000e+13	1.600000000000000000e+01	6.938115951901008445e-03
1.000000000000000000e+14	1.600000000000000000e+01	8.689004296405254679e-03
1.260000000000000000e+14	1.600000000000000000e+01	1.104913287884730366e-02
1.580000000000000000e+14	1.600000000000000000e+01	1.424295274284608642e-02
2.000000000000000000e+14	1.600000000000000000e+01	1.870478055066873702e-02
2.510000000000000000e+14	1.600000000000000000e+01	2.405984200079664889e-02
3.160000000000000000e+14	1.600000000000000000e+01	3.010048781190709580e-02
3.980000000000000000e+14	1.600000000000000000e+01	3.561938070349618402e-02
5.010000000000000000e+14	1.600000000000000000e+01	3.967413763098762841e-02
6.310000000000000000e+14	1.600000000000000000e+01	4.049180417433281831e-02
7.940000000000000000e+14	1.600000000000000000e+01	3.799147164760655754e-02
1.000000000000000000e+15	1.600000000000000000e+01	3.318288653623410051e-02
1.260000000000000000e+15	1.600000000000000000e+01	2.542571891073118137e-02
1.580000000000000000e+15	1.600000000000000000e+01	1.828021339325763481e-02
2.000000000000000000e+15	1.600000000000000000e+01	1.076205990594583835e-02
2.510000000000000000e+15	1.600000000000000000e+01	1.576043127112394674e-03
3.160000000000000000e+15	1.600000000000000000e+01	-6.131650419652012567e-03
3.980000000000000000e+15	1.600000000000000000e+01	-1.252032992077946327e-02
5.010000000000000000e+15	1.600000000000000000e+01	-1.749099423631143846e-02
6.310000000000000000e+15	1.600000000000000000e+01	-2.109680062319382529e-02
7.940000000000000000e+15	1.600000000000000000e+01	-2.343826680247994634e-02
1.000000000000000000e+16	1.600000000000000000e+01	-2.469882158312764961e-02
1.260000000000000000e+16	1.600000000000000000e+01	-2.505386651084823627e-02
1.580000000000000000e+16	1.600000000000000000e+01	-2.472432628437955596e-02
2.000000000000000000e+16	1.600000000000000000e+01	-2.380794373018969498e-02
2.510000000000000000e+16	1.600000000000000000e+01	-2.257123811988203180e-02
3.160000000000000000e+16	1.600000000000000000e+01	-2.106443850017753958e-02
3.980000000000000000e+16	1.600000000000000000e+01	-1.941130934882006470e-02
5.010000000000000000e+16	1.600000000000000000e+01	-1.770319769512438204e-02
6.310000000000000000e+16	1.600000000000000000e+01	-1.599386827320774945e-02
7.940000000000000000e+16	1.600000000000000000e+01	-1.434329691043448839e-02
1.000000000000000000e+17	1.600000000000000000e+01	-1.276639527094543258e-02
1.000000000000000000e+11	1.800000000000000000e+01	9.823685076703501660e-06
1.258925411794166107e+11	1.800000000000000000e+01	1.237809064124013845e-05
1.584893192461110840e+11	1.800000000000000000e+01	1.560623889319069012e-05
1.995262314968882751e+11	1.800000000000000000e+01	1.969568052216463824e-05
2.511886431509582214e+11	1.800000000000000000e+01	2.489767672245964722e-05
3.162277660168379517e+11	1.800000000000000000e+01	3.155689670214856311e-05
3.981071705534969482e+11	1.800000000000000000e+01	4.015012922219494279e-05
5.011872336272714844e+11	1.800000000000000000e+01	5.127540509809401899e-05
6.309573444801943359e+11	1.800000000000000000e+01	6.518896432301583518e-05
7.943282347242821045e+11	1.800000000000000000e+01	7.307447781633761522e-05
1.000000000000000000e+12	1.800000000000000000e+01	8.596161110326790947e-05
1.260000000000000000e+12	1.800000000000000000e+01	1.138039051298204811e-04
1.580000000000000000e+12	1.800000000000000000e+01	1.438804209310545637e-04
2.000000000000000000e+12	1.800000000000000000e+01	1.826971139721035131e-04
2.510000000000000000e+12	1.800000000000000000e+01	2.294566121337048156e-04
3.160000000000000000e+12	1.800000000000000000e+01	2.889350029306482753e-04
3.980000000000000000e+12	1.800000000000000000e+01	3.639539985879083027e-04
5.010000000000000000e+12	1.800000000000000000e+01	4.579900569082467486e-04
6.310000000000000000e+12	1.800000000000000000e+01	5.770870709692809070e-04
7.940000000000000000e+12	1.800000000000000000e+01	7.275325532179263569e-04
1.000000000000000000e+13	1.800000000000000000e+01	9.176237217948823334e-04
1.260000000000000000e+13	1.800000000000000000e+01	1.157616648617509946e-03
1.580000000000000000e+13	1.800000000000000000e+01	1.431045088624113837e-03
2.000000000000000000e+13	1.800000000000000000e+01	1.846598155931019475e-03
2.510000000000000000e+13	1.800000000000000000e+01	2.318619332560572024e-03
3.160000000000000000e+13	1.800000000000000000e+01	2.899248569438606180e-03
3.980000000000000000e+13	1.800000000000000000e+01	3.601943005093951114e-03
5.010000000000000000e+13	1.800000000000000000e+01	4.448973701790574602e-03
6.310000000000000000e+13	1.800000000000000000e+01	5.483843308299422847e-03
7.940000000000000000e+13	1.800000000000000000e+01	6.781576764395585988e-03
1.000000000000000000e+14	1.800000000000000000e+01	8.482211973627050428e-03
1.260000000000000000e+14	1.800000000000000000e+01	1.080000219100870837e-02
1.580000000000000000e+14	1.800000000000000000e+01	1.394002726412736475e-02
2.000000000000000000e+14	1.800000000000000000e+01	1.834998986363308229e-02
2.510000000000000000e+14	1.800000000000000000e+01	2.376107218705106675e-02
3.160000000000000000e+14	1.800000000000000000e+01	2.965984503505137912e-02
3.980000000000000000e+14	1.800000000000000000e+01	3.496112876126970109e-02
5.010000000000000000e+14	1.800000000000000000e+01	3.835091908796216253e-02
6.310000000000000000e+14	1.800000000000000000e+01	3.991509462292010951e-02
7.940000000000000000e+14	1.800000000000000000e+01	3.839116173943562388e-02
1.000000000000000000e+15	1.800000000000000000e+01	3.211613113680767545e-02
1.260000000000000000e+15	1.800000000000000000e+01	2.548588873967246385e-02
1.580000000000000000e+15	1.800000000000000000e+01	1.753796361490395431e-02
2.000000000000000000e+15	1.800000000000000000e+01	7.964725142241871683e-03
2.510000000000000000e+15	1.800000000000000000e+01	5.417509335768289297e-04
3.160000000000000000e+15	1.800000000000000000e+01	-6.552419711866598953e-03
3.980000000000000000e+15	1.800000000000000000e+01	-1.254057904796178867e-02
5.010000000000000000e+15	1.800000000000000000e+01	-1.722641798210956116e-02
6.310000000000000000e+15	1.800000000000000000e+01	-2.062893227626315731e-02
7.940000000000000000e+15	1.800000000000000000e+01	-2.283239630115279153e-02
1.000000000000000000e+16	1.800000000000000000e+01	-2.400546000469105240e-02
1.260000000000000000e+16	1.800000000000000000e+01	-2.431456822498946277e-02
1.580000000000000000e+16	1.800000000000000000e+01	-2.397063691386594822e-02
2.000000000000000000e+16	1.800000000000000000e+01	-2.306486762850764802e-02
2.510000000000000000e+16	1.800000000000000000e+01	-2.185486853750994926e-02
3.160000000000000000e+16	1.800000000000000000e+01	-2.038720842795681623e-02
3.980000000000000000e+16	1.800000000000000000e+01	-1.878091050164012663e-02
5.010000000000000000e+16	1.800000000000000000e+01	-1.712356765781289022e-02
6.310000000000000000e+16	1.800000000000000000e+01	-1.546694166363306484e-02
7.940000000000000000e+16	1.800000000000000000e+01	-1.386823179257045020e-02
1.000000000000000000e+17	1.800000000000000000e+01	-1.234169058414971189e-02
