1.000000000000000000e+11	5.000000000000000000e-01	1.955746563223395833e-05
1.258925411794166107e+11	5.000000000000000000e-01	2.464606862759211164e-05
1.584893192461110840e+11	5.000000000000000000e-01	3.107903756067080601e-05
1.995262314968882751e+11	5.000000000000000000e-01	3.923204181037182167e-05
2.511886431509582214e+11	5.000000000000000000e-01	4.961007089223043475e-05
3.162277660168379517e+11	5.000000000000000000e-01	6.291496856766273370e-05
3.981071705534969482e+11	5.000000000000000000e-01	8.016214314246060835e-05
5.011872336272714844e+11	5.000000000000000000e-01	1.028890954726569852e-04
6.309573444801943359e+11	5.000000000000000000e-01	1.334705892231635683e-04
7.943282347242821045e+11	5.000000000000000000e-01	1.756299501088340103e-04
1.000000000000000000e+12	5.000000000000000000e-01	2.032653680269262079e-04
1.260000000000000000e+12	5.000000000000000000e-01	2.194927476355363846e-04
1.580000000000000000e+12	5.000000000000000000e-01	2.564011844444080029e-04
2.000000000000000000e+12	5.000000000000000000e-01	3.104598997508999959e-04
2.510000000000000000e+12	5.000000000000000000e-01	3.792673095069052118e-04
3.160000000000000000e+12	5.000000000000000000e-01	4.686920541575966925e-04
3.980000000000000000e+12	5.000000000000000000e-01	5.828870070491066644e-04
5.010000000000000000e+12	5.000000000000000000e-01	7.274158971646421928e-04
6.310000000000000000e+12	5.000000000000000000e-01	9.116385934049288072e-04
7.940000000000000000e+12	5.000000000000000000e-01	1.146197608931162496e-03
1.000000000000000000e+13	5.000000000000000000e-01	1.448539009102243254e-03
1.260000000000000000e+13	5.000000000000000000e-01	1.835318439398001336e-03
1.580000000000000000e+13	5.000000000000000000e-01	2.313430737234634018e-03
2.000000000000000000e+13	5.000000000000000000e-01	2.946633848231119176e-03
2.510000000000000000e+13	5.000000000000000000e-01	3.711854654322434451e-03
3.160000000000000000e+13	5.000000000000000000e-01	4.634012578912946080e-03
3.980000000000000000e+13	5.000000000000000000e-01	5.643351886703098542e-03
5.010000000000000000e+13	5.000000000000000000e-01	6.641387674136270576e-03
6.310000000000000000e+13	5.000000000000000000e-01	7.600350535322403234e-03
7.940000000000000000e+13	5.000000000000000000e-01	8.596329238213060164e-03
1.000000000000000000e+14	5.000000000000000000e-01	9.836376302857866363e-03
1.260000000000000000e+14	5.000000000000000000e-01	1.162227513186415637e-02
1.580000000000000000e+14	5.000000000000000000e-01	1.424727963135443559e-02
2.000000000000000000e+14	5.000000000000000000e-01	1.822833114010183678e-02
2.510000000000000000e+14	5.000000000000000000e-01	2.324921194409957509e-02
3.160000000000000000e+14	5.000000000000000000e-01	2.890447152392812413e-02
3.980000000000000000e+14	5.000000000000000000e-01	3.413827021166705028e-02
5.010000000000000000e+14	5.000000000000000000e-01	3.766302140101696061e-02
6.310000000000000000e+14	5.000000000000000000e-01	3.857836386723933336e-02
7.940000000000000000e+14	5.000000000000000000e-01	3.646341754235900290e-02
1.000000000000000000e+15	5.000000000000000000e-01	3.173128561948099918e-02
1.260000000000000000e+15	5.000000000000000000e-01	2.487457645067424339e-02
1.580000000000000000e+15	5.000000000000000000e-01	1.678814088697607246e-02
2.000000000000000000e+15	5.000000000000000000e-01	8.406901604966179192e-03
2.510000000000000000e+15	5.000000000000000000e-01	3.700960793764656752e-04
3.160000000000000000e+15	5.000000000000000000e-01	-6.934464347430138037e-03
3.980000000000000000e+15	5.000000000000000000e-01	-1.306837177349958259e-02
5.010000000000000000e+15	5.000000000000000000e-01	-1.785894297284191384e-02
6.310000000000000000e+15	5.000000000000000000e-01	-2.133227212510974136e-02
7.940000000000000000e+15	5.000000000000000000e-01	-2.357649461423014237e-02
1.000000000000000000e+16	5.000000000000000000e-01	-2.476468667422851780e-02
1.260000000000000000e+16	5.000000000000000000e-01	-2.506775109945611965e-02
1.580000000000000000e+16	5.000000000000000000e-01	-2.470226256582607263e-02
2.000000000000000000e+16	5.000000000000000000e-01	-2.376087053125214288e-02
2.510000000000000000e+16	5.000000000000000000e-01	-2.250880911635965223e-02
3.160000000000000000e+16	5.000000000000000000e-01	-2.099315923939495260e-02
3.980000000000000000e+16	5.000000000000000000e-01	-1.933615408871313876e-02
5.010000000000000000e+16	5.000000000000000000e-01	-1.762762306767283460e-02
6.310000000000000000e+16	5.000000000000000000e-01	-1.592002329552003742e-02
7.940000000000000000e+16	5.000000000000000000e-01	-1.427381118737242396e-02
1.000000000000000000e+17	5.000000000000000000e-01	-1.270173370153343528e-02
1.000000000000000000e+11	1.500000000000000000e+00	1.637746132070425854e-05
1.258925411794166107e+11	1.500000000000000000e+00	2.063933221174345942e-05
1.584893192461110840e+11	1.500000000000000000e+00	2.602818903928345940e-05
1.995262314968882751e+11	1.500000000000000000e+00	3.285981174162212639e-05
2.511886431509582214e+11	1.500000000000000000e+00	4.155971291040269470e-05
3.162277660168379517e+11	1.500000000000000000e+00	5.272089611629704876e-05
3.981071705534969482e+11	1.500000000000000000e+00	6.720050341337609635e-05
5.011872336272714844e+11	1.500000000000000000e+00	8.627514362871666390e-05
6.309573444801943359e+11	1.500000000000000000e+00	1.117683504571082031e-04
7.943282347242821045e+11	1.500000000000000000e+00	1.443470650175416085e-04
1.000000000000000000e+12	1.500000000000000000e+00	1.667390606814874538e-04
1.260000000000000000e+12	1.500000000000000000e+00	1.832968117496307854e-04
1.580000000000000000e+12	1.500000000000000000e+00	1.992596324992825202e-04
2.000000000000000000e+12	1.500000000000000000e+00	2.621911652251126689e-04
2.510000000000000000e+12	1.500000000000000000e+00	3.208263044948941639e-04
3.160000000000000000e+12	1.500000000000000000e+00	3.975171141313173077e-04
3.980000000000000000e+12	1.500000000000000000e+00	4.955183760643730234e-04
5.010000000000000000e+12	1.500000000000000000e+00	6.199891829184134241e-04
6.310000000000000000e+12	1.500000000000000000e+00	7.783559581546533809e-04
7.940000000000000000e+12	1.500000000000000000e+00	9.791900189488420697e-04
1.000000000000000000e+13	1.500000000000000000e+00	1.237131856085438471e-03
1.260000000000000000e+13	1.500000000000000000e+00	1.566774714245077089e-03
1.580000000000000000e+13	1.500000000000000000e+00	1.975107357697858997e-03
2.000000000000000000e+13	1.500000000000000000e+00	2.515579207265211930e-03
2.510000000000000000e+13	1.500000000000000000e+00	3.172620697113931378e-03
3.160000000000000000e+13	1.500000000000000000e+00	3.975004613877573638e-03
3.980000000000000000e+13	1.500000000000000000e+00	4.884967248310128143e-03
5.010000000000000000e+13	1.500000000000000000e+00	5.846257205284766285e-03
6.310000000000000000e+13	1.500000000000000000e+00	6.856270643100778606e-03
7.940000000000000000e+13	1.500000000000000000e+00	7.966876570264911153e-03
1.000000000000000000e+14	1.500000000000000000e+00	9.365269215338714592e-03
1.260000000000000000e+14	1.500000000000000000e+00	1.134074364295920186e-02
1.580000000000000000e+14	1.500000000000000000e+00	1.414980596060514718e-02
2.000000000000000000e+14	1.500000000000000000e+00	1.828294228935934546e-02
2.510000000000000000e+14	1.500000000000000000e+00	2.340136508990748807e-02
3.160000000000000000e+14	1.500000000000000000e+00	2.916779599802898568e-02
3.980000000000000000e+14	1.500000000000000000e+00	3.444865578029534386e-02
5.010000000000000000e+14	1.500000000000000000e+00	3.800811845214536328e-02
6.310000000000000000e+14	1.500000000000000000e+00	3.897510860956863998e-02
7.940000000000000000e+14	1.500000000000000000e+00	3.690298930387499177e-02
1.000000000000000000e+15	1.500000000000000000e+00	3.198458806493281736e-02
1.260000000000000000e+15	1.500000000000000000e+00	2.516296302236875268e-02
1.580000000000000000e+15	1.500000000000000000e+00	1.726015377959043418e-02
2.000000000000000000e+15	1.500000000000000000e+00	8.698686963344481188e-03
2.510000000000000000e+15	1.500000000000000000e+00	6.242818837818095304e-04
3.160000000000000000e+15	1.500000000000000000e+00	-6.690753755733923162e-03
3.980000000000000000e+15	1.500000000000000000e+00	-1.282565394308980873e-02
5.010000000000000000e+15	1.500000000000000000e+00	-1.761577885145784034e-02
6.310000000000000000e+15	1.500000000000000000e+00	-2.109026395291278486e-02
7.940000000000000000e+15	1.500000000000000000e+00	-2.333851009182337510e-02
1.000000000000000000e+16	1.500000000000000000e+00	-2.453393266007849668e-02
1.260000000000000000e+16	1.500000000000000000e+00	-2.484711219137632210e-02
1.580000000000000000e+16	1.500000000000000000e+00	-2.449363076412907833e-02
2.000000000000000000e+16	1.500000000000000000e+00	-2.356658468313652458e-02
2.510000000000000000e+16	1.500000000000000000e+00	-2.232917778786991034e-02
3.160000000000000000e+16	1.500000000000000000e+00	-2.082885414002303565e-02
3.980000000000000000e+16	1.500000000000000000e+00	-1.918717519547913364e-02
5.010000000000000000e+16	1.500000000000000000e+00	-1.749338776613480056e-02
6.310000000000000000e+16	1.500000000000000000e+00	-1.580077840148906218e-02
7.940000000000000000e+16	1.500000000000000000e+00	-1.416729516165758651e-02
1.000000000000000000e+17	1.500000000000000000e+00	-1.260765919875520870e-02
1.000000000000000000e+11	2.500000000000000000e+00	1.455397922543419950e-05
1.258925411794166107e+11	2.500000000000000000e+00	1.834116624784425966e-05
1.584893192461110840e+11	2.500000000000000000e+00	2.313000525092899167e-05
1.995262314968882751e+11	2.500000000000000000e+00	2.920107165076562980e-05
2.511886431509582214e+11	2.500000000000000000e+00	3.693321314738701552e-05
3.162277660168379517e+11	2.500000000000000000e+00	4.685333735336386530e-05
3.981071705534969482e+11	2.500000000000000000e+00	5.972002552420691809e-05
5.011872336272714844e+11	2.500000000000000000e+00	7.664150991056043112e-05
6.309573444801943359e+11	2.500000000000000000e+00	9.906619457460324530e-05
7.943282347242821045e+11	2.500000000000000000e+00	1.255042078845205209e-04
1.000000000000000000e+12	2.500000000000000000e+00	1.448702837760169676e-04
1.260000000000000000e+12	2.500000000000000000e+00	1.629698357913871671e-04
1.580000000000000000e+12	2.500000000000000000e+00	1.938035406155524747e-04
2.000000000000000000e+12	2.500000000000000000e+00	2.375702676256470571e-04
2.510000000000000000e+12	2.500000000000000000e+00	2.920408170387740689e-04
3.160000000000000000e+12	2.500000000000000000e+00	3.627153941422371305e-04
3.980000000000000000e+12	2.500000000000000000e+00	4.531822021852418550e-04
5.010000000000000000e+12	2.500000000000000000e+00	5.674258123627103946e-04
6.310000000000000000e+12	2.500000000000000000e+00	7.128935062494641496e-04
7.940000000000000000e+12	2.500000000000000000e+00	8.968003225996814577e-04
1.000000000000000000e+13	2.500000000000000000e+00	1.131800415852038649e-03
1.260000000000000000e+13	2.500000000000000000e+00	1.431212288781574240e-03
1.580000000000000000e+13	2.500000000000000000e+00	1.801977147335131688e-03
2.000000000000000000e+13	2.500000000000000000e+00	2.294665321878944925e-03
2.510000000000000000e+13	2.500000000000000000e+00	2.891444966673554096e-03
3.160000000000000000e+13	2.500000000000000000e+00	3.630278839801831178e-03
3.980000000000000000e+13	2.500000000000000000e+00	4.496120723920046455e-03
5.010000000000000000e+13	2.500000000000000000e+00	5.447616823137210913e-03
6.310000000000000000e+13	2.500000000000000000e+00	6.483325465893047951e-03
7.940000000000000000e+13	2.500000000000000000e+00	7.677592668981586717e-03
1.000000000000000000e+14	2.500000000000000000e+00	9.196187695247531185e-03
1.260000000000000000e+14	2.500000000000000000e+00	1.129602595815739317e-02
1.580000000000000000e+14	2.500000000000000000e+00	1.419786001343123841e-02
2.000000000000000000e+14	2.500000000000000000e+00	1.842495940779861202e-02
2.510000000000000000e+14	2.500000000000000000e+00	2.365211095549867373e-02
3.160000000000000000e+14	2.500000000000000000e+00	2.942195545831977413e-02
3.980000000000000000e+14	2.500000000000000000e+00	3.477514457807724668e-02
5.010000000000000000e+14	2.500000000000000000e+00	3.857098083246654485e-02
6.310000000000000000e+14	2.500000000000000000e+00	3.952600961519038558e-02
7.940000000000000000e+14	2.500000000000000000e+00	3.731059755207286055e-02
1.000000000000000000e+15	2.500000000000000000e+00	3.247113216813390241e-02
1.260000000000000000e+15	2.500000000000000000e+00	2.536679405307936189e-02
1.580000000000000000e+15	2.500000000000000000e+00	1.717639082263355474e-02
2.000000000000000000e+15	2.500000000000000000e+00	8.728910980943976536e-03
2.510000000000000000e+15	2.500000000000000000e+00	6.602194716317147773e-04
3.160000000000000000e+15	2.500000000000000000e+00	-6.657658498192210901e-03
3.980000000000000000e+15	2.500000000000000000e+00	-1.279780385038590228e-02
5.010000000000000000e+15	2.500000000000000000e+00	-1.759291750161202927e-02
6.310000000000000000e+15	2.500000000000000000e+00	-2.107178617661270223e-02
7.940000000000000000e+15	2.500000000000000000e+00	-2.332367471370697110e-02
1.000000000000000000e+16	2.500000000000000000e+00	-2.452207274085348859e-02
1.260000000000000000e+16	2.500000000000000000e+00	-2.483765810813599179e-02
1.580000000000000000e+16	2.500000000000000000e+00	-2.448607391907173941e-02
2.000000000000000000e+16	2.500000000000000000e+00	-2.356060639813784691e-02
2.510000000000000000e+16	2.500000000000000000e+00	-2.232441504464881959e-02
3.160000000000000000e+16	2.500000000000000000e+00	-2.082506408915923632e-02
3.980000000000000000e+16	2.500000000000000000e+00	-1.918417376794956733e-02
5.010000000000000000e+16	2.500000000000000000e+00	-1.749129574003394430e-02
6.310000000000000000e+16	2.500000000000000000e+00	-1.579887181502272891e-02
7.940000000000000000e+16	2.500000000000000000e+00	-1.416581125478524363e-02
1.000000000000000000e+17	2.500000000000000000e+00	-1.260645563703082297e-02
1.000000000000000000e+11	4.000000000000000000e+00	1.282657960623754623e-05
1.258925411794166107e+11	4.000000000000000000e+00	1.616361057532250065e-05
1.584893192461110840e+11	4.000000000000000000e+00	2.038253574449981143e-05
1.995262314968882751e+11	4.000000000000000000e+00	2.572991867954745054e-05
2.511886431509582214e+11	4.000000000000000000e+00	3.253789707331015686e-05
3.162277660168379517e+11	4.000000000000000000e+00	4.126692864732304887e-05
3.981071705534969482e+11	4.000000000000000000e+00	5.257167357635016852e-05
5.011872336272714844e+11	4.000000000000000000e+00	6.738823028541654893e-05
6.309573444801943359e+11	4.000000000000000000e+00	8.668332352044575404e-05
7.943282347242821045e+11	4.000000000000000000e+00	1.062840746291912689e-04
1.000000000000000000e+12	4.000000000000000000e+00	1.234195015996593153e-04
1.260000000000000000e+12	4.000000000000000000e+00	1.453388357981957727e-04
1.580000000000000000e+12	4.000000000000000000e+00	1.757184045826444595e-04
2.000000000000000000e+12	4.000000000000000000e+00	2.172998358099583068e-04
2.510000000000000000e+12	4.000000000000000000e+00	2.690434364415230100e-04
3.160000000000000000e+12	4.000000000000000000e+00	3.357712885968289511e-04
3.980000000000000000e+12	4.000000000000000000e+00	4.203576660035681051e-04
5.010000000000000000e+12	4.000000000000000000e+00	5.272228945773861685e-04
6.310000000000000000e+12	4.000000000000000000e+00	6.628282096400334861e-04
7.940000000000000000e+12	4.000000000000000000e+00	8.338664744630132049e-04
1.000000000000000000e+13	4.000000000000000000e+00	1.051817514693383646e-03
1.260000000000000000e+13	4.000000000000000000e+00	1.328922447083495618e-03
1.580000000000000000e+13	4.000000000000000000e+00	1.672660613002458548e-03
2.000000000000000000e+13	4.000000000000000000e+00	2.125948662475062121e-03
2.510000000000000000e+13	4.000000000000000000e+00	2.677078489342732837e-03
3.160000000000000000e+13	4.000000000000000000e+00	3.366110602307083397e-03
3.980000000000000000e+13	4.000000000000000000e+00	4.184444313436685298e-03
5.010000000000000000e+13	4.000000000000000000e+00	5.112016355834711999e-03
6.310000000000000000e+13	4.000000000000000000e+00	6.170905233433453957e-03
7.940000000000000000e+13	4.000000000000000000e+00	7.428908513351466930e-03
1.000000000000000000e+14	4.000000000000000000e+00	9.027460584509872099e-03
1.260000000000000000e+14	4.000000000000000000e+00	1.118930928143316642e-02
1.580000000000000000e+14	4.000000000000000000e+00	1.416780683397004560e-02
2.000000000000000000e+14	4.000000000000000000e+00	1.846216482949725873e-02
2.510000000000000000e+14	4.000000000000000000e+00	2.373242559347898961e-02
3.160000000000000000e+14	4.000000000000000000e+00	2.961187506997208299e-02
3.980000000000000000e+14	4.000000000000000000e+00	3.498701024333625287e-02
5.010000000000000000e+14	4.000000000000000000e+00	3.843182810449247144e-02
6.310000000000000000e+14	4.000000000000000000e+00	3.934104620650309692e-02
7.940000000000000000e+14	4.000000000000000000e+00	3.742393151625098002e-02
1.000000000000000000e+15	4.000000000000000000e+00	3.256788936440322552e-02
1.260000000000000000e+15	4.000000000000000000e+00	2.571565392937509228e-02
1.580000000000000000e+15	4.000000000000000000e+00	1.776598986931617399e-02
2.000000000000000000e+15	4.000000000000000000e+00	9.144660595354726224e-03
2.510000000000000000e+15	4.000000000000000000e+00	9.147748031092303028e-04
3.160000000000000000e+15	4.000000000000000000e+00	-6.473736467846331021e-03
3.980000000000000000e+15	4.000000000000000000e+00	-1.265865274631142873e-02
5.010000000000000000e+15	4.000000000000000000e+00	-1.748543416031453010e-02
6.310000000000000000e+15	4.000000000000000000e+00	-2.098785782570071826e-02
7.940000000000000000e+15	4.000000000000000000e+00	-2.325764930248554532e-02
1.000000000000000000e+16	4.000000000000000000e+00	-2.446997605669849751e-02
1.260000000000000000e+16	4.000000000000000000e+00	-2.479647863646753519e-02
1.580000000000000000e+16	4.000000000000000000e+00	-2.445331815505184456e-02
2.000000000000000000e+16	4.000000000000000000e+00	-2.353476421196267279e-02
2.510000000000000000e+16	4.000000000000000000e+00	-2.230383703726205799e-02
3.160000000000000000e+16	4.000000000000000000e+00	-2.080873761961151563e-02
3.980000000000000000e+16	4.000000000000000000e+00	-1.917120506185703357e-02
5.010000000000000000e+16	4.000000000000000000e+00	-1.748083001317446428e-02
6.310000000000000000e+16	4.000000000000000000e+00	-1.579071287678250612e-02
7.940000000000000000e+16	4.000000000000000000e+00	-1.415931542962396011e-02
1.000000000000000000e+17	4.000000000000000000e+00	-1.260132354386936729e-02
1.000000000000000000e+11	6.000000000000000000e+00	1.153107775577721319e-05
1.258925411794166107e+11	6.000000000000000000e+00	1.453056735225942290e-05
1.584893192461110840e+11	6.000000000000000000e+00	1.832204605700325830e-05
1.995262314968882751e+11	6.000000000000000000e+00	2.312689865489313696e-05
2.511886431509582214e+11	6.000000000000000000e+00	2.924250729008206134e-05
3.162277660168379517e+11	6.000000000000000000e+00	3.707969066545059399e-05
3.981071705534969482e+11	6.000000000000000000e+00	4.721648501353941166e-05
5.011872336272714844e+11	6.000000000000000000e+00	6.045564664032722487e-05
6.309573444801943359e+11	6.000000000000000000e+00	7.743549908273112228e-05
7.943282347242821045e+11	6.000000000000000000e+00	9.205109218786033563e-05
1.000000000000000000e+12	6.000000000000000000e+00	1.072431366667960607e-04
1.260000000000000000e+12	6.000000000000000000e+00	1.314602795987028516e-04
1.580000000000000000e+12	6.000000000000000000e+00	1.618808406989343657e-04
2.000000000000000000e+12	6.000000000000000000e+00	2.024229891190667706e-04
2.510000000000000000e+12	6.000000000000000000e+00	2.519091434911453200e-04
3.160000000000000000e+12	6.000000000000000000e+00	3.152413677498042003e-04
3.980000000000000000e+12	6.000000000000000000e+00	3.955525686073460188e-04
5.010000000000000000e+12	6.000000000000000000e+00	4.967286855124768532e-04
6.310000000000000000e+12	6.000000000000000000e+00	6.247161515213671629e-04
7.940000000000000000e+12	6.000000000000000000e+00	7.858981544000326249e-04
1.000000000000000000e+13	6.000000000000000000e+00	9.908288908690482573e-04
1.260000000000000000e+13	6.000000000000000000e+00	1.251158396288126057e-03
1.580000000000000000e+13	6.000000000000000000e+00	1.571976998640341747e-03
2.000000000000000000e+13	6.000000000000000000e+00	1.997042882813897160e-03
2.510000000000000000e+13	6.000000000000000000e+00	2.516056266788851449e-03
3.160000000000000000e+13	6.000000000000000000e+00	3.165712210727715872e-03
3.980000000000000000e+13	6.000000000000000000e+00	3.951334928514575913e-03
5.010000000000000000e+13	6.000000000000000000e+00	4.863483227788348122e-03
6.310000000000000000e+13	6.000000000000000000e+00	5.925168938100766960e-03
7.940000000000000000e+13	6.000000000000000000e+00	7.207254296352352124e-03
1.000000000000000000e+14	6.000000000000000000e+00	8.864478043468822580e-03
1.260000000000000000e+14	6.000000000000000000e+00	1.111263031995764552e-02
1.580000000000000000e+14	6.000000000000000000e+00	1.415251983734014916e-02
2.000000000000000000e+14	6.000000000000000000e+00	1.849805072901673092e-02
2.510000000000000000e+14	6.000000000000000000e+00	2.380553147464443964e-02
3.160000000000000000e+14	6.000000000000000000e+00	2.972521820586360858e-02
3.980000000000000000e+14	6.000000000000000000e+00	3.506545938609948593e-02
5.010000000000000000e+14	6.000000000000000000e+00	3.863838569753216129e-02
6.310000000000000000e+14	6.000000000000000000e+00	3.963397482864135235e-02
7.940000000000000000e+14	6.000000000000000000e+00	3.750010835370911483e-02
1.000000000000000000e+15	6.000000000000000000e+00	3.250654812115476994e-02
1.260000000000000000e+15	6.000000000000000000e+00	2.547745073522447376e-02
1.580000000000000000e+15	6.000000000000000000e+00	1.739985296668209239e-02
2.000000000000000000e+15	6.000000000000000000e+00	8.879525687421722935e-03
2.510000000000000000e+15	6.000000000000000000e+00	8.111013824551146145e-04
3.160000000000000000e+15	6.000000000000000000e+00	-6.492807109431116691e-03
3.980000000000000000e+15	6.000000000000000000e+00	-1.261627332659238931e-02
5.010000000000000000e+15	6.000000000000000000e+00	-1.739700883653262295e-02
6.310000000000000000e+15	6.000000000000000000e+00	-2.086751824884622644e-02
7.940000000000000000e+15	6.000000000000000000e+00	-2.311554293725341658e-02
1.000000000000000000e+16	6.000000000000000000e+00	-2.431494006477990036e-02
1.260000000000000000e+16	6.000000000000000000e+00	-2.463572700036426380e-02
1.580000000000000000e+16	6.000000000000000000e+00	-2.429234614369254683e-02
2.000000000000000000e+16	6.000000000000000000e+00	-2.337808420771735063e-02
2.510000000000000000e+16	6.000000000000000000e+00	-2.215414814558869239e-02
3.160000000000000000e+16	6.000000000000000000e+00	-2.066820164643513175e-02
3.980000000000000000e+16	6.000000000000000000e+00	-1.904114693275129472e-02
5.010000000000000000e+16	6.000000000000000000e+00	-1.736172456903335715e-02
6.310000000000000000e+16	6.000000000000000000e+00	-1.568219846649778620e-02
7.940000000000000000e+16	6.000000000000000000e+00	-1.406227974723704005e-02
1.000000000000000000e+17	6.000000000000000000e+00	-1.251477074136293256e-02
1.000000000000000000e+11	8.000000000000000000e+00	1.077377664832771458e-05
1.258925411794166107e+11	8.000000000000000000e+00	1.357583884677655408e-05
1.584893192461110840e+11	8.000000000000000000e+00	1.711750759621047502e-05
1.995262314968882751e+11	8.000000000000000000e+00	2.160509701764424788e-05
2.511886431509582214e+11	8.000000000000000000e+00	2.731555450855040326e-05
3.162277660168379517e+11	8.000000000000000000e+00	3.462919678698878686e-05
3.981071705534969482e+11	8.000000000000000000e+00	4.408230738592111504e-05
5.011872336272714844e+11	8.000000000000000000e+00	5.639534949551863058e-05
6.309573444801943359e+11	8.000000000000000000e+00	7.200513423666048281e-05
7.943282347242821045e+11	8.000000000000000000e+00	8.363705958309178247e-05
1.000000000000000000e+12	8.000000000000000000e+00	9.788633924640127953e-05
1.260000000000000000e+12	8.000000000000000000e+00	1.237693532643381654e-04
1.580000000000000000e+12	8.000000000000000000e+00	1.539109864070542044e-04
2.000000000000000000e+12	8.000000000000000000e+00	1.935380367627645068e-04
2.510000000000000000e+12	8.000000000000000000e+00	2.418227118892565450e-04
3.160000000000000000e+12	8.000000000000000000e+00	3.034314913054018546e-04
3.980000000000000000e+12	8.000000000000000000e+00	3.812521053263376596e-04
5.010000000000000000e+12	8.000000000000000000e+00	4.790381432612531108e-04
6.310000000000000000e+12	8.000000000000000000e+00	6.026085272248472499e-04
7.940000000000000000e+12	8.000000000000000000e+00	7.581037917236307629e-04
1.000000000000000000e+13	8.000000000000000000e+00	9.554075446289358314e-04
1.260000000000000000e+13	8.000000000000000000e+00	1.204709571776643598e-03
1.580000000000000000e+13	8.000000000000000000e+00	1.514509980870769844e-03
2.000000000000000000e+13	8.000000000000000000e+00	1.923442406554922357e-03
2.510000000000000000e+13	8.000000000000000000e+00	2.418636467450742226e-03
3.160000000000000000e+13	8.000000000000000000e+00	3.042840237547623713e-03
3.980000000000000000e+13	8.000000000000000000e+00	3.808362357890818142e-03
5.010000000000000000e+13	8.000000000000000000e+00	4.726739865793180839e-03
6.310000000000000000e+13	8.000000000000000000e+00	5.804034393169140923e-03
7.940000000000000000e+13	8.000000000000000000e+00	7.106453825179043574e-03
1.000000000000000000e+14	8.000000000000000000e+00	8.796908836827528264e-03
1.260000000000000000e+14	8.000000000000000000e+00	1.109634068896652240e-02
1.580000000000000000e+14	8.000000000000000000e+00	1.421570938598831768e-02
2.000000000000000000e+14	8.000000000000000000e+00	1.861785987576871151e-02
2.510000000000000000e+14	8.000000000000000000e+00	2.391784941116686589e-02
3.160000000000000000e+14	8.000000000000000000e+00	2.979430108382263506e-02
3.980000000000000000e+14	8.000000000000000000e+00	3.530882655624574540e-02
5.010000000000000000e+14	8.000000000000000000e+00	3.908855813201721208e-02
6.310000000000000000e+14	8.000000000000000000e+00	4.012856422183271737e-02
7.940000000000000000e+14	8.000000000000000000e+00	3.818255201125517195e-02
1.000000000000000000e+15	8.000000000000000000e+00	3.330241610843536620e-02
1.260000000000000000e+15	8.000000000000000000e+00	2.667255089219872782e-02
1.580000000000000000e+15	8.000000000000000000e+00	1.897997294240744148e-02
2.000000000000000000e+15	8.000000000000000000e+00	9.997183903117368847e-03
2.510000000000000000e+15	8.000000000000000000e+00	1.368764723273999248e-03
3.160000000000000000e+15	8.000000000000000000e+00	-6.244265653464284999e-03
3.980000000000000000e+15	8.000000000000000000e+00	-1.259332579358769799e-02
5.010000000000000000e+15	8.000000000000000000e+00	-1.754255433095644121e-02
6.310000000000000000e+15	8.000000000000000000e+00	-2.113495025886407211e-02
7.940000000000000000e+15	8.000000000000000000e+00	-2.346767451115877937e-02
1.000000000000000000e+16	8.000000000000000000e+00	-2.472126499708818953e-02
1.260000000000000000e+16	8.000000000000000000e+00	-2.507137193136394979e-02
1.580000000000000000e+16	8.000000000000000000e+00	-2.473810559085134336e-02
2.000000000000000000e+16	8.000000000000000000e+00	-2.381880155912840386e-02
2.510000000000000000e+16	8.000000000000000000e+00	-2.257985432865571712e-02
3.160000000000000000e+16	8.000000000000000000e+00	-2.107124654428882068e-02
3.980000000000000000e+16	8.000000000000000000e+00	-1.941670894896129970e-02
5.010000000000000000e+16	8.000000000000000000e+00	-1.770751900491899719e-02
6.310000000000000000e+16	8.000000000000000000e+00	-1.599731145275593708e-02
7.940000000000000000e+16	8.000000000000000000e+00	-1.434602504651526916e-02
1.000000000000000000e+17	8.000000000000000000e+00	-1.276854361852548109e-02
1.000000000000000000e+11	1.000000000000000000e+01	1.021571577245720077e-05
1.258925411794166107e+11	1.000000000000000000e+01	1.287244206380612507e-05
1.584893192461110840e+11	1.000000000000000000e+01	1.623033901550207118e-05
1.995262314968882751e+11	1.000000000000000000e+01	2.048490878591097478e-05
2.511886431509582214e+11	1.000000000000000000e+01	2.589850107182604480e-05
3.162277660168379517e+11	1.000000000000000000e+01	3.283173056370773950e-05
3.981071705534969482e+11	1.000000000000000000e+01	4.178722051937426395e-05
5.011872336272714844e+11	1.000000000000000000e+01	4.632899854941446117e-05
6.309573444801943359e+11	1.000000000000000000e+01	6.808404360570362301e-05
7.943282347242821045e+11	1.000000000000000000e+01	7.771836148092005684e-05
1.000000000000000000e+12	1.000000000000000000e+01	9.118623296187546186e-05
1.260000000000000000e+12	1.000000000000000000e+01	1.177830310551422025e-04
1.580000000000000000e+12	1.000000000000000000e+01	1.475176734631122671e-04
2.000000000000000000e+12	1.000000000000000000e+01	1.863559013999775823e-04
2.510000000000000000e+12	1.000000000000000000e+01	2.333356833397757027e-04
3.160000000000000000e+12	1.000000000000000000e+01	2.932923576622916664e-04
3.980000000000000000e+12	1.000000000000000000e+01	3.688483040524212779e-04
5.010000000000000000e+12	1.000000000000000000e+01	4.635773819268024774e-04
6.310000000000000000e+12	1.000000000000000000e+01	5.833023427826839174e-04
7.940000000000000000e+12	1.000000000000000000e+01	7.337526166772315823e-04
1.000000000000000000e+13	1.000000000000000000e+01	9.241476160672569421e-04
1.260000000000000000e+13	1.000000000000000000e+01	1.164163264712823886e-03
1.580000000000000000e+13	1.000000000000000000e+01	1.464574619135405008e-03
2.000000000000000000e+13	1.000000000000000000e+01	1.857417855770200459e-03
2.510000000000000000e+13	1.000000000000000000e+01	2.336398522854575988e-03
3.160000000000000000e+13	1.000000000000000000e+01	2.942144851882174013e-03
3.980000000000000000e+13	1.000000000000000000e+01	3.690847386390218136e-03
5.010000000000000000e+13	1.000000000000000000e+01	4.583487363307036169e-03
6.310000000000000000e+13	1.000000000000000000e+01	5.665066282401197764e-03
7.940000000000000000e+13	1.000000000000000000e+01	6.993381436596207874e-03
1.000000000000000000e+14	1.000000000000000000e+01	8.699054247193822170e-03
1.260000000000000000e+14	1.000000000000000000e+01	1.099957171325392953e-02
1.580000000000000000e+14	1.000000000000000000e+01	1.410184322924652907e-02
2.000000000000000000e+14	1.000000000000000000e+01	1.849742774818558672e-02
2.510000000000000000e+14	1.000000000000000000e+01	2.390605053605196137e-02
3.160000000000000000e+14	1.000000000000000000e+01	2.980879612280297464e-02
3.980000000000000000e+14	1.000000000000000000e+01	3.516201664424548068e-02
5.010000000000000000e+14	1.000000000000000000e+01	3.886046843106281262e-02
6.310000000000000000e+14	1.000000000000000000e+01	3.992244273813320282e-02
7.940000000000000000e+14	1.000000000000000000e+01	3.773017630152845914e-02
1.000000000000000000e+15	1.000000000000000000e+01	3.233034038067778698e-02
1.260000000000000000e+15	1.000000000000000000e+01	2.423647264483076713e-02
1.580000000000000000e+15	1.000000000000000000e+01	1.609814828690464203e-02
2.000000000000000000e+15	1.000000000000000000e+01	8.554980006170319687e-03
2.510000000000000000e+15	1.000000000000000000e+01	5.995611835748765198e-04
3.160000000000000000e+15	1.000000000000000000e+01	-6.552843082749575457e-03
3.980000000000000000e+15	1.000000000000000000e+01	-1.255449547391241684e-02
5.010000000000000000e+15	1.000000000000000000e+01	-1.724252985532270105e-02
6.310000000000000000e+15	1.000000000000000000e+01	-2.064386741428368352e-02
7.940000000000000000e+15	1.000000000000000000e+01	-2.284523070255324237e-02
1.000000000000000000e+16	1.000000000000000000e+01	-2.401610378605809060e-02
1.260000000000000000e+16	1.000000000000000000e+01	-2.432323627409265984e-02
1.580000000000000000e+16	1.000000000000000000e+01	-2.397763822709930714e-02
2.000000000000000000e+16	1.000000000000000000e+01	-2.307045736039114309e-02
2.510000000000000000e+16	1.000000000000000000e+01	-2.185934228730650186e-02
3.160000000000000000e+16	1.000000000000000000e+01	-2.039062109478081974e-02
3.980000000000000000e+16	1.000000000000000000e+01	-1.878376208601972852e-02
5.010000000000000000e+16	1.000000000000000000e+01	-1.712583866044904007e-02
6.310000000000000000e+16	1.000000000000000000e+01	-1.546874943020344964e-02
7.940000000000000000e+16	1.000000000000000000e+01	-1.386966196507961706e-02
1.000000000000000000e+17	1.000000000000000000e+01	-1.234282577692190699e-02
1.000000000000000000e+11	1.200000000000000000e+01	9.848742679740788501e-06
1.258925411794166107e+11	1.200000000000000000e+01	1.241006922659894372e-05
1.584893192461110840e+11	1.200000000000000000e+01	1.564743124752284448e-05
1.995262314968882751e+11	1.200000000000000000e+01	1.974942206803041120e-05
2.511886431509582214e+11	1.200000000000000000e+01	2.496917677832465924e-05
3.162277660168379517e+11	1.200000000000000000e+01	3.165468165084075862e-05
3.981071705534969482e+11	1.200000000000000000e+01	4.029011624796789866e-05
5.011872336272714844e+11	1.200000000000000000e+01	5.151174375928948299e-05
6.309573444801943359e+11	1.200000000000000000e+01	6.557440509881361733e-05
7.943282347242821045e+11	1.200000000000000000e+01	7.410798280714361115e-05
1.000000000000000000e+12	1.200000000000000000e+01	8.683475951095630003e-05
1.260000000000000000e+12	1.200000000000000000e+01	1.134739370664536370e-04
1.580000000000000000e+12	1.200000000000000000e+01	1.428712793760714118e-04
2.000000000000000000e+12	1.200000000000000000e+01	1.810767526758472255e-04
2.510000000000000000e+12	1.200000000000000000e+01	2.271281343426216062e-04
3.160000000000000000e+12	1.200000000000000000e+01	2.855217147347983704e-04
3.980000000000000000e+12	1.200000000000000000e+01	3.591896634228621031e-04
5.010000000000000000e+12	1.200000000000000000e+01	4.517443146102012434e-04
6.310000000000000000e+12	1.200000000000000000e+01	5.686597760736922941e-04
7.940000000000000000e+12	1.200000000000000000e+01	7.152407858433265176e-04
1.000000000000000000e+13	1.200000000000000000e+01	9.007787389477245983e-04
1.260000000000000000e+13	1.200000000000000000e+01	1.135160046622078235e-03
1.580000000000000000e+13	1.200000000000000000e+01	1.425663323122513095e-03
2.000000000000000000e+13	1.200000000000000000e+01	1.810395289943242175e-03
2.510000000000000000e+13	1.200000000000000000e+01	2.276236712956525472e-03
3.160000000000000000e+13	1.200000000000000000e+01	2.869490715102530291e-03
3.980000000000000000e+13	1.200000000000000000e+01	3.594192149456233373e-03
5.010000000000000000e+13	1.200000000000000000e+01	4.476525447846696655e-03
6.310000000000000000e+13	1.200000000000000000e+01	5.555773729874622507e-03
7.940000000000000000e+13	1.200000000000000000e+01	6.884266627773533674e-03
1.000000000000000000e+14	1.200000000000000000e+01	8.604813622352424154e-03
1.260000000000000000e+14	1.200000000000000000e+01	1.092000121018588121e-02
1.580000000000000000e+14	1.200000000000000000e+01	1.403232007336978338e-02
2.000000000000000000e+14	1.200000000000000000e+01	1.843546618198651718e-02
2.510000000000000000e+14	1.200000000000000000e+01	2.374505422188930362e-02
3.160000000000000000e+14	1.200000000000000000e+01	2.962677373504458284e-02
3.980000000000000000e+14	1.200000000000000000e+01	3.494205910862951958e-02
5.010000000000000000e+14	1.200000000000000000e+01	3.848507178788337924e-02
6.310000000000000000e+14	1.200000000000000000e+01	3.949895584773857604e-02
7.940000000000000000e+14	1.200000000000000000e+01	3.672088394683298979e-02
1.000000000000000000e+15	1.200000000000000000e+01	3.180777997257377976e-02
1.260000000000000000e+15	1.200000000000000000e+01	2.647072379252592492e-02
1.580000000000000000e+15	1.200000000000000000e+01	1.784287826380470329e-02
2.000000000000000000e+15	1.200000000000000000e+01	8.137692240986860864e-03
2.510000000000000000e+15	1.200000000000000000e+01	6.582873936963680624e-04
3.160000000000000000e+15	1.200000000000000000e+01	-6.468534496773189167e-03
3.980000000000000000e+15	1.200000000000000000e+01	-1.247781122666068859e-02
5.010000000000000000e+15	1.200000000000000000e+01	-1.717832099911895116e-02
6.310000000000000000e+15	1.200000000000000000e+01	-2.059159338924569302e-02
7.940000000000000000e+15	1.200000000000000000e+01	-2.280315866928697352e-02
1.000000000000000000e+16	1.200000000000000000e+01	-2.398242644049492292e-02
1.260000000000000000e+16	1.200000000000000000e+01	-2.429639037823266151e-02
1.580000000000000000e+16	1.200000000000000000e+01	-2.395617333845627070e-02
2.000000000000000000e+16	1.200000000000000000e+01	-2.305347669229323992e-02
2.510000000000000000e+16	1.200000000000000000e+01	-2.184581145726839993e-02
3.160000000000000000e+16	1.200000000000000000e+01	-2.038041589531430775e-02
3.980000000000000000e+16	1.200000000000000000e+01	-1.877519232120440293e-02
5.010000000000000000e+16	1.200000000000000000e+01	-1.711903102317393136e-02
6.310000000000000000e+16	1.200000000000000000e+01	-1.546333416496457024e-02
7.940000000000000000e+16	1.200000000000000000e+01	-1.386537035189297842e-02
1.000000000000000000e+17	1.200000000000000000e+01	-1.233939633810750454e-02
1.000000000000000000e+11	1.400000000000000000e+01	9.720029687862701272e-06
1.258925411794166107e+11	1.400000000000000000e+01	1.224773672436997921e-05
1.584893192461110840e+11	1.400000000000000000e+01	1.544249046977693335e-05
1.995262314968882751e+11	1.400000000000000000e+01	1.949029335739178569e-05
2.511886431509582214e+11	1.400000000000000000e+01	2.464054734722033755e-05
3.162277660168379517e+11	1.400000000000000000e+01	3.123625395809137654e-05
3.981071705534969482e+11	1.400000000000000000e+01	3.975184390043381288e-05
5.011872336272714844e+11	1.400000000000000000e+01	5.081031784838641464e-05
6.309573444801943359e+11	1.400000000000000000e+01	6.462257565139603631e-05
7.943282347242821045e+11	1.400000000000000000e+01	7.256886813552717046e-05
1.000000000000000000e+12	1.400000000000000000e+01	8.516256832092343910e-05
1.260000000000000000e+12	1.400000000000000000e+01	1.122682075672330309e-04
1.580000000000000000e+12	1.400000000000000000e+01	1.417827209429082017e-04
2.000000000000000000e+12	1.400000000000000000e+01	1.797586535673182891e-04
2.510000000000000000e+12	1.400000000000000000e+01	2.255983354497700705e-04
3.160000000000000000e+12	1.400000000000000000e+01	2.840284208502125607e-04
3.980000000000000000e+12	1.400000000000000000e+01	3.575605082894119558e-04
5.010000000000000000e+12	1.400000000000000000e+01	4.496767265997384205e-04
6.310000000000000000e+12	1.400000000000000000e+01	5.659228468757759476e-04
7.940000000000000000e+12	1.400000000000000000e+01	7.118484983626064506e-04
1.000000000000000000e+13	1.400000000000000000e+01	8.967596851774859400e-04
1.260000000000000000e+13	1.400000000000000000e+01	1.130926276891543311e-03
1.580000000000000000e+13	1.400000000000000000e+01	1.418642118443294792e-03
2.000000000000000000e+13	1.400000000000000000e+01	1.797546666937042178e-03
2.510000000000000000e+13	1.400000000000000000e+01	2.260727453621021957e-03
3.160000000000000000e+13	1.400000000000000000e+01	2.846583248317594971e-03
3.980000000000000000e+13	1.400000000000000000e+01	3.583485612760902751e-03
5.010000000000000000e+13	1.400000000000000000e+01	4.472979221345072670e-03
6.310000000000000000e+13	1.400000000000000000e+01	5.563407604622062734e-03
7.940000000000000000e+13	1.400000000000000000e+01	6.918815329616141707e-03
1.000000000000000000e+14	1.400000000000000000e+01	8.653252360554428493e-03
1.260000000000000000e+14	1.400000000000000000e+01	1.100393309393192694e-02
1.580000000000000000e+14	1.400000000000000000e+01	1.415196474485536787e-02
2.000000000000000000e+14	1.400000000000000000e+01	1.861519414916674650e-02
2.510000000000000000e+14	1.400000000000000000e+01	2.395796988864778293e-02
3.160000000000000000e+14	1.400000000000000000e+01	2.984091961545106905e-02
3.980000000000000000e+14	1.400000000000000000e+01	3.521079839689351954e-02
5.010000000000000000e+14	1.400000000000000000e+01	3.847322365135318750e-02
6.310000000000000000e+14	1.400000000000000000e+01	3.927622253100552380e-02
7.940000000000000000e+14	1.400000000000000000e+01	3.878702625354150252e-02
1.000000000000000000e+15	1.400000000000000000e+01	3.463183898764409657e-02
1.260000000000000000e+15	1.400000000000000000e+01	2.603061880500481470e-02
1.580000000000000000e+15	1.400000000000000000e+01	1.867412659126596597e-02
2.000000000000000000e+15	1.400000000000000000e+01	1.104108911656798142e-02
2.510000000000000000e+15	1.400000000000000000e+01	1.785716962542437808e-03
3.160000000000000000e+15	1.400000000000000000e+01	-5.971021231254638670e-03
3.980000000000000000e+15	1.400000000000000000e+01	-1.239553890647583992e-02
5.010000000000000000e+15	1.400000000000000000e+01	-1.738538448834176312e-02
6.310000000000000000e+15	1.400000000000000000e+01	-2.101978476346860053e-02
7.940000000000000000e+15	1.400000000000000000e+01	-2.337775211419575172e-02
1.000000000000000000e+16	1.400000000000000000e+01	-2.465064109037504517e-02
1.260000000000000000e+16	1.400000000000000000e+01	-2.501570194779448308e-02
1.580000000000000000e+16	1.400000000000000000e+01	-2.469388773740792062e-02
2.000000000000000000e+16	1.400000000000000000e+01	-2.378396023160959938e-02
2.510000000000000000e+16	1.400000000000000000e+01	-2.255213738332887893e-02
3.160000000000000000e+16	1.400000000000000000e+01	-2.104925679773705580e-02
3.980000000000000000e+16	1.400000000000000000e+01	-1.939926105150621694e-02
5.010000000000000000e+16	1.400000000000000000e+01	-1.769346350859411776e-02
6.310000000000000000e+16	1.400000000000000000e+01	-1.598631420019835936e-02
7.940000000000000000e+16	1.400000000000000000e+01	-1.433727174015375638e-02
1.000000000000000000e+17	1.400000000000000000e+01	-1.276160153588670049e-02
1.000000000000000000e+11	1.600000000000000000e+01	9.531459194396466609e-06
1.258925411794166107e+11	1.600000000000000000e+01	1.201018444263900495e-05
1.584893192461110840e+11	1.600000000000000000e+01	1.514307336016479941e-05
1.995262314968882751e+11	1.600000000000000000e+01	1.911259594653529358e-05
2.511886431509582214e+11	1.600000000000000000e+01	2.416358026100711979e-05
3.162277660168379517e+11	1.600000000000000000e+01	3.063235815683447254e-05
3.981071705534969482e+11	1.600000000000000000e+01	3.898674650995120851e-05
5.011872336272714844e+11	1.600000000000000000e+01	4.982143199536624657e-05
6.309573444801943359e+11	1.600000000000000000e+01	6.334549769929643235e-05
7.943282347242821045e+11	1.600000000000000000e+01	7.074954352236570150e-05
1.000000000000000000e+12	1.600000000000000000e+01	8.300514437752598920e-05
1.260000000000000000e+12	1.600000000000000000e+01	1.101199066850947682e-04
1.580000000000000000e+12	1.600000000000000000e+01	1.392605077681121348e-04
2.000000000000000000e+12	1.600000000000000000e+01	1.768513010518585771e-04
2.510000000000000000e+12	1.600000000000000000e+01	2.221643581400103333e-04
3.160000000000000000e+12	1.600000000000000000e+01	2.796528018690774028e-04
3.980000000000000000e+12	1.600000000000000000e+01	3.519389185757641086e-04
5.010000000000000000e+12	1.600000000000000000e+01	4.427328766448788565e-04
6.310000000000000000e+12	1.600000000000000000e+01	5.575182935648926750e-04
7.940000000000000000e+12	1.600000000000000000e+01	7.013742272360454612e-04
1.000000000000000000e+13	1.600000000000000000e+01	8.830481495718349449e-04
1.260000000000000000e+13	1.600000000000000000e+01	1.113082217337580922e-03
1.580000000000000000e+13	1.600000000000000000e+01	1.397727211944326973e-03
2.000000000000000000e+13	1.600000000000000000e+01	1.772997255919417283e-03
2.510000000000000000e+13	1.600000000000000000e+01	2.229235857128994067e-03
3.160000000000000000e+13	1.600000000000000000e+01	2.809852549122692899e-03
3.980000000000000000e+13	1.600000000000000000e+01	3.531997787575032795e-03
5.010000000000000000e+13	1.600000000000000000e+01	4.404885099836067242e-03
6.310000000000000000e+13	1.600000000000000000e+01	5.479943069076128638e-03
7.940000000000000000e+13	1.600000000000000000e+01	6.830770155827922512e-03
1.000000000000000000e+14	1.600000000000000000e+01	8.582073844550182351e-03
1.260000000000000000e+14	1.600000000000000000e+01	1.092724682404151021e-02
1.580000000000000000e+14	1.600000000000000000e+01	1.408223515123052140e-02
2.000000000000000000e+14	1.600000000000000000e+01	1.850593511461416305e-02
2.510000000000000000e+14	1.600000000000000000e+01	2.390774194871198716e-02
3.160000000000000000e+14	1.600000000000000000e+01	2.982591467578817393e-02
3.980000000000000000e+14	1.600000000000000000e+01	3.522036951103315466e-02
5.010000000000000000e+14	1.600000000000000000e+01	3.918811623106401715e-02
6.310000000000000000e+14	1.600000000000000000e+01	3.962860573680508647e-02
7.940000000000000000e+14	1.600000000000000000e+01	3.621403837071671128e-02
1.000000000000000000e+15	1.600000000000000000e+01	3.162944962805401550e-02
1.260000000000000000e+15	1.600000000000000000e+01	2.637852285986177700e-02
1.580000000000000000e+15	1.600000000000000000e+01	1.778052991252292853e-02
2.000000000000000000e+15	1.600000000000000000e+01	8.093070254111038586e-03
2.510000000000000000e+15	1.600000000000000000e+01	6.247343284009979634e-04
3.160000000000000000e+15	1.600000000000000000e+01	-6.494228499860851822e-03
3.980000000000000000e+15	1.600000000000000000e+01	-1.249776152850349403e-02
5.010000000000000000e+15	1.600000000000000000e+01	-1.719394634046451584e-02
6.310000000000000000e+15	1.600000000000000000e+01	-2.060389403868697483e-02
7.940000000000000000e+15	1.600000000000000000e+01	-2.281285594198988187e-02
1.000000000000000000e+16	1.600000000000000000e+01	-2.399011888903308798e-02
1.260000000000000000e+16	1.600000000000000000e+01	-2.430248241015067756e-02
1.580000000000000000e+16	1.600000000000000000e+01	-2.396103987718014791e-02
2.000000000000000000e+16	1.600000000000000000e+01	-2.305730539225458314e-02
2.510000000000000000e+16	1.600000000000000000e+01	-2.184886293086643269e-02
3.160000000000000000e+16	1.600000000000000000e+01	-2.038228160828832111e-02
3.980000000000000000e+16	1.600000000000000000e+01	-1.877714440355080297e-02
5.010000000000000000e+16	1.600000000000000000e+01	-1.712076438186964714e-02
6.310000000000000000e+16	1.600000000000000000e+01	-1.546454927324419221e-02
7.940000000000000000e+16	1.600000000000000000e+01	-1.386633904336151586e-02
1.000000000000000000e+17	1.600000000000000000e+01	-1.234016493390675470e-02
1.000000000000000000e+11	1.800000000000000000e+01	9.495581084381785462e-06
1.258925411794166107e+11	1.800000000000000000e+01	1.196491057006942495e-05
1.584893192461110840e+11	1.800000000000000000e+01	1.508586800446610300e-05
1.995262314968882751e+11	1.800000000000000000e+01	1.904017460930081777e-05
2.511886431509582214e+11	1.800000000000000000e+01	2.407151490553718407e-05
3.162277660168379517e+11	1.800000000000000000e+01	3.051498428321564857e-05
3.981071705534969482e+11	1.800000000000000000e+01	3.883311123494994065e-05
5.011872336272714844e+11	1.800000000000000000e+01	4.962026309078130707e-05
6.309573444801943359e+11	1.800000000000000000e+01	6.306670312483301068e-05
7.943282347242821045e+11	1.800000000000000000e+01	7.026325057133783638e-05
1.000000000000000000e+12	1.800000000000000000e+01	8.254755323869211628e-05
1.260000000000000000e+12	1.800000000000000000e+01	1.099288770954365448e-04
1.580000000000000000e+12	1.800000000000000000e+01	1.391008112168100547e-04
2.000000000000000000e+12	1.800000000000000000e+01	1.764972551602761149e-04
2.510000000000000000e+12	1.800000000000000000e+01	2.217648696089067207e-04
3.160000000000000000e+12	1.800000000000000000e+01	2.792765206630436182e-04
3.980000000000000000e+12	1.800000000000000000e+01	3.516700161232137116e-04
5.010000000000000000e+12	1.800000000000000000e+01	4.425573959010973310e-04
6.310000000000000000e+12	1.800000000000000000e+01	5.571780181575799020e-04
7.940000000000000000e+12	1.800000000000000000e+01	7.011479308696698127e-04
1.000000000000000000e+13	1.800000000000000000e+01	8.826734732483610150e-04
1.260000000000000000e+13	1.800000000000000000e+01	1.111836605758665612e-03
1.580000000000000000e+13	1.800000000000000000e+01	1.394905611520876791e-03
2.000000000000000000e+13	1.800000000000000000e+01	1.768501521800270541e-03
2.510000000000000000e+13	1.800000000000000000e+01	2.223884111772910128e-03
3.160000000000000000e+13	1.800000000000000000e+01	2.800177985433216846e-03
3.980000000000000000e+13	1.800000000000000000e+01	3.520070258702892585e-03
5.010000000000000000e+13	1.800000000000000000e+01	4.416080553890759826e-03
6.310000000000000000e+13	1.800000000000000000e+01	5.505951871497951310e-03
7.940000000000000000e+13	1.800000000000000000e+01	6.863874425655163737e-03
1.000000000000000000e+14	1.800000000000000000e+01	8.643720627521287239e-03
1.260000000000000000e+14	1.800000000000000000e+01	1.102081633874070488e-02
1.580000000000000000e+14	1.800000000000000000e+01	1.420376918150646761e-02
2.000000000000000000e+14	1.800000000000000000e+01	1.863099442797110442e-02
2.510000000000000000e+14	1.800000000000000000e+01	2.398775647875666869e-02
3.160000000000000000e+14	1.800000000000000000e+01	3.007455527425138830e-02
3.980000000000000000e+14	1.800000000000000000e+01	3.546362631968470042e-02
5.010000000000000000e+14	1.800000000000000000e+01	3.874019494621289139e-02
6.310000000000000000e+14	1.800000000000000000e+01	4.049140180558469249e-02
7.940000000000000000e+14	1.800000000000000000e+01	3.919248548182896474e-02
1.000000000000000000e+15	1.800000000000000000e+01	3.364200874112280304e-02
1.260000000000000000e+15	1.800000000000000000e+01	2.571944917587347390e-02
1.580000000000000000e+15	1.800000000000000000e+01	1.849011019216442037e-02
2.000000000000000000e+15	1.800000000000000000e+01	1.091755356742942461e-02
2.510000000000000000e+15	1.800000000000000000e+01	1.695563282159994779e-03
3.160000000000000000e+15	1.800000000000000000e+01	-6.038768693475778451e-03
3.980000000000000000e+15	1.800000000000000000e+01	-1.244757958116321506e-02
5.010000000000000000e+15	1.800000000000000000e+01	-1.743368209822765760e-02
6.310000000000000000e+15	1.800000000000000000e+01	-2.105153131284646928e-02
7.940000000000000000e+15	1.800000000000000000e+01	-2.340279536951826375e-02
1.000000000000000000e+16	1.800000000000000000e+01	-2.467041193224757401e-02
1.260000000000000000e+16	1.800000000000000000e+01	-2.503134288075289579e-02
1.580000000000000000e+16	1.800000000000000000e+01	-2.470633687624882238e-02
2.000000000000000000e+16	1.800000000000000000e+01	-2.379377637666533693e-02
2.510000000000000000e+16	1.800000000000000000e+01	-2.255995955045292378e-02
3.160000000000000000e+16	1.800000000000000000e+01	-2.105547738440597186e-02
3.980000000000000000e+16	1.800000000000000000e+01	-1.940417258921899035e-02
5.010000000000000000e+16	1.800000000000000000e+01	-1.769737782417354216e-02
6.310000000000000000e+16	1.800000000000000000e+01	-1.598938209475178271e-02
7.940000000000000000e+16	1.800000000000000000e+01	-1.433973807519053900e-02
1.000000000000000000e+17	1.800000000000000000e+01	-1.276356200707177285e-02
