1.000000000000000000e+11	5.000000000000000000e-01	1.906150881432158405e-05
1.258925411794166107e+11	5.000000000000000000e-01	2.402374613198950961e-05
1.584893192461110840e+11	5.000000000000000000e-01	3.029929019473782706e-05
1.995262314968882751e+11	5.000000000000000000e-01	3.825845667317832286e-05
2.511886431509582214e+11	5.000000000000000000e-01	4.840071099492737958e-05
3.162277660168379517e+11	5.000000000000000000e-01	6.142720477762826485e-05
3.981071705534969482e+11	5.000000000000000000e-01	7.836441142449607211e-05
5.011872336272714844e+11	5.000000000000000000e-01	1.007994553731554924e-04
6.309573444801943359e+11	5.000000000000000000e-01	1.313016202659516738e-04
7.943282347242821045e+11	5.000000000000000000e-01	1.751855181621890295e-04
1.000000000000000000e+12	5.000000000000000000e-01	2.012486593852431385e-04
1.260000000000000000e+12	5.000000000000000000e-01	2.110366322950103259e-04
1.580000000000000000e+12	5.000000000000000000e-01	2.429311265955239627e-04
2.000000000000000000e+12	5.000000000000000000e-01	2.911883786126948028e-04
2.510000000000000000e+12	5.000000000000000000e-01	3.531529122338510356e-04
3.160000000000000000e+12	5.000000000000000000e-01	4.344718939504184862e-04
3.980000000000000000e+12	5.000000000000000000e-01	5.383760554692137729e-04
5.010000000000000000e+12	5.000000000000000000e-01	6.700596668847198399e-04
6.310000000000000000e+12	5.000000000000000000e-01	8.378178569453307006e-04
7.940000000000000000e+12	5.000000000000000000e-01	1.050511629496108735e-03
1.000000000000000000e+13	5.000000000000000000e-01	1.322375760116263317e-03
1.260000000000000000e+13	5.000000000000000000e-01	1.665696904864090921e-03
1.580000000000000000e+13	5.000000000000000000e-01	2.087020231203358736e-03
2.000000000000000000e+13	5.000000000000000000e-01	2.645720147019321039e-03
2.510000000000000000e+13	5.000000000000000000e-01	3.325537504887551843e-03
3.160000000000000000e+13	5.000000000000000000e-01	4.161439109043122038e-03
3.980000000000000000e+13	5.000000000000000000e-01	5.125400139573263111e-03
5.010000000000000000e+13	5.000000000000000000e-01	6.164470656883710639e-03
6.310000000000000000e+13	5.000000000000000000e-01	7.264376119295592842e-03
7.940000000000000000e+13	5.000000000000000000e-01	8.463352860789441837e-03
1.000000000000000000e+14	5.000000000000000000e-01	9.915782226752335379e-03
1.260000000000000000e+14	5.000000000000000000e-01	1.187807901004117248e-02
1.580000000000000000e+14	5.000000000000000000e-01	1.460714028343466052e-02
2.000000000000000000e+14	5.000000000000000000e-01	1.862244154267771873e-02
2.510000000000000000e+14	5.000000000000000000e-01	2.364219217155999475e-02
3.160000000000000000e+14	5.000000000000000000e-01	2.929079054650718036e-02
3.980000000000000000e+14	5.000000000000000000e-01	3.448140078802104658e-02
5.010000000000000000e+14	5.000000000000000000e-01	3.794727952281430616e-02
6.310000000000000000e+14	5.000000000000000000e-01	3.880420387637417007e-02
7.940000000000000000e+14	5.000000000000000000e-01	3.664735202970063888e-02
1.000000000000000000e+15	5.000000000000000000e-01	3.186030620180810291e-02
1.260000000000000000e+15	5.000000000000000000e-01	2.497482567076087998e-02
1.580000000000000000e+15	5.000000000000000000e-01	1.686704515146640257e-02
2.000000000000000000e+15	5.000000000000000000e-01	8.468224969952118514e-03
2.510000000000000000e+15	5.000000000000000000e-01	4.192228890760986231e-04
3.160000000000000000e+15	5.000000000000000000e-01	-6.896052868597357839e-03
3.980000000000000000e+15	5.000000000000000000e-01	-1.303793347224024152e-02
5.010000000000000000e+15	5.000000000000000000e-01	-1.783481443956247067e-02
6.310000000000000000e+15	5.000000000000000000e-01	-2.131312819615930471e-02
7.940000000000000000e+15	5.000000000000000000e-01	-2.356127654937349714e-02
1.000000000000000000e+16	5.000000000000000000e-01	-2.475262077742427028e-02
1.260000000000000000e+16	5.000000000000000000e-01	-2.505818400282890102e-02
1.580000000000000000e+16	5.000000000000000000e-01	-2.469463056256094788e-02
2.000000000000000000e+16	5.000000000000000000e-01	-2.375483792914358586e-02
2.510000000000000000e+16	5.000000000000000000e-01	-2.250400413746467959e-02
3.160000000000000000e+16	5.000000000000000000e-01	-2.098934180932757534e-02
3.980000000000000000e+16	5.000000000000000000e-01	-1.933312425563408002e-02
5.010000000000000000e+16	5.000000000000000000e-01	-1.762521435455872282e-02
6.310000000000000000e+16	5.000000000000000000e-01	-1.591811170909273460e-02
7.940000000000000000e+16	5.000000000000000000e-01	-1.427226602862718442e-02
1.000000000000000000e+17	5.000000000000000000e-01	-1.270052774399647172e-02
1.000000000000000000e+11	1.500000000000000000e+00	1.725775633229023473e-05
1.258925411794166107e+11	1.500000000000000000e+00	2.175207808370151002e-05
1.584893192461110840e+11	1.500000000000000000e+00	2.743813364170052027e-05
1.995262314968882751e+11	1.500000000000000000e+00	3.465327534448928967e-05
2.511886431509582214e+11	1.500000000000000000e+00	4.385580225770978769e-05
3.162277660168379517e+11	1.500000000000000000e+00	5.569185934118709618e-05
3.981071705534969482e+11	1.500000000000000000e+00	7.111460440637223815e-05
5.011872336272714844e+11	1.500000000000000000e+00	9.160651081199485193e-05
6.309573444801943359e+11	1.500000000000000000e+00	1.195580894256495123e-04
7.943282347242821045e+11	1.500000000000000000e+00	1.596218631387144008e-04
1.000000000000000000e+12	1.500000000000000000e+00	1.818714435984145734e-04
1.260000000000000000e+12	1.500000000000000000e+00	1.883747172378834474e-04
1.580000000000000000e+12	1.500000000000000000e+00	2.157097053762858821e-04
2.000000000000000000e+12	1.500000000000000000e+00	2.578265591852578389e-04
2.510000000000000000e+12	1.500000000000000000e+00	3.120297153572600991e-04
3.160000000000000000e+12	1.500000000000000000e+00	3.834915200573450257e-04
3.980000000000000000e+12	1.500000000000000000e+00	4.758360345692806952e-04
5.010000000000000000e+12	1.500000000000000000e+00	5.930575659653552264e-04
6.310000000000000000e+12	1.500000000000000000e+00	7.422019254955951502e-04
7.940000000000000000e+12	1.500000000000000000e+00	9.316010516357759504e-04
1.000000000000000000e+13	1.500000000000000000e+00	1.172954924415047905e-03
1.260000000000000000e+13	1.500000000000000000e+00	1.477116235895429381e-03
1.580000000000000000e+13	1.500000000000000000e+00	1.851419165035040953e-03
2.000000000000000000e+13	1.500000000000000000e+00	2.347739814665535281e-03
2.510000000000000000e+13	1.500000000000000000e+00	2.955429936649003886e-03
3.160000000000000000e+13	1.500000000000000000e+00	3.714742068566002746e-03
3.980000000000000000e+13	1.500000000000000000e+00	4.615498919406545685e-03
5.010000000000000000e+13	1.500000000000000000e+00	5.628469447772021378e-03
6.310000000000000000e+13	1.500000000000000000e+00	6.751034312211752486e-03
7.940000000000000000e+13	1.500000000000000000e+00	8.023030181040950032e-03
1.000000000000000000e+14	1.500000000000000000e+00	9.599217374728212168e-03
1.260000000000000000e+14	1.500000000000000000e+00	1.168091900367039353e-02
1.580000000000000000e+14	1.500000000000000000e+00	1.452327531600755388e-02
2.000000000000000000e+14	1.500000000000000000e+00	1.869214359273246515e-02
2.510000000000000000e+14	1.500000000000000000e+00	2.380248674113103272e-02
3.160000000000000000e+14	1.500000000000000000e+00	2.948622168888145878e-02
3.980000000000000000e+14	1.500000000000000000e+00	3.467418131579987073e-02
5.010000000000000000e+14	1.500000000000000000e+00	3.824828326030906001e-02
6.310000000000000000e+14	1.500000000000000000e+00	3.940819504097634041e-02
7.940000000000000000e+14	1.500000000000000000e+00	3.731020868565710497e-02
1.000000000000000000e+15	1.500000000000000000e+00	3.216158949599408345e-02
1.260000000000000000e+15	1.500000000000000000e+00	2.511807801196469514e-02
1.580000000000000000e+15	1.500000000000000000e+00	1.734475871550511181e-02
2.000000000000000000e+15	1.500000000000000000e+00	8.981501505638365621e-03
2.510000000000000000e+15	1.500000000000000000e+00	7.135856684287981847e-04
3.160000000000000000e+15	1.500000000000000000e+00	-6.683126358059416489e-03
3.980000000000000000e+15	1.500000000000000000e+00	-1.287643163427113456e-02
5.010000000000000000e+15	1.500000000000000000e+00	-1.770909073160171349e-02
6.310000000000000000e+15	1.500000000000000000e+00	-2.121532900622018908e-02
7.940000000000000000e+15	1.500000000000000000e+00	-2.348425382342624046e-02
1.000000000000000000e+16	1.500000000000000000e+00	-2.469180383718536445e-02
1.260000000000000000e+16	1.500000000000000000e+00	-2.501007623972189078e-02
1.580000000000000000e+16	1.500000000000000000e+00	-2.465635612311493918e-02
2.000000000000000000e+16	1.500000000000000000e+00	-2.372464178521386385e-02
2.510000000000000000e+16	1.500000000000000000e+00	-2.247996400406100312e-02
3.160000000000000000e+16	1.500000000000000000e+00	-2.097025757938909135e-02
3.980000000000000000e+16	1.500000000000000000e+00	-1.931796947016347146e-02
5.010000000000000000e+16	1.500000000000000000e+00	-1.761318711317217886e-02
6.310000000000000000e+16	1.500000000000000000e+00	-1.590921973683627130e-02
7.940000000000000000e+16	1.500000000000000000e+00	-1.426470425495331325e-02
1.000000000000000000e+17	1.500000000000000000e+00	-1.269448536140010443e-02
1.000000000000000000e+11	2.500000000000000000e+00	1.629512155162926161e-05
1.258925411794166107e+11	2.500000000000000000e+00	2.053884294940470432e-05
1.584893192461110840e+11	2.500000000000000000e+00	2.590805495383348268e-05
1.995262314968882751e+11	2.500000000000000000e+00	3.272143011116100940e-05
2.511886431509582214e+11	2.500000000000000000e+00	4.141249547217366802e-05
3.162277660168379517e+11	2.500000000000000000e+00	5.259171142749823665e-05
3.981071705534969482e+11	2.500000000000000000e+00	6.716004336153884758e-05
5.011872336272714844e+11	2.500000000000000000e+00	8.650714636395752442e-05
6.309573444801943359e+11	2.500000000000000000e+00	1.128140321866574541e-04
7.943282347242821045e+11	2.500000000000000000e+00	1.494788169532429098e-04
1.000000000000000000e+12	2.500000000000000000e+00	1.705128074581517973e-04
1.260000000000000000e+12	2.500000000000000000e+00	1.782162799309332539e-04
1.580000000000000000e+12	2.500000000000000000e+00	2.041148418125474627e-04
2.000000000000000000e+12	2.500000000000000000e+00	2.442842864291204876e-04
2.510000000000000000e+12	2.500000000000000000e+00	2.964097022065296594e-04
3.160000000000000000e+12	2.500000000000000000e+00	3.649297065912102947e-04
3.980000000000000000e+12	2.500000000000000000e+00	4.532178992714683339e-04
5.010000000000000000e+12	2.500000000000000000e+00	5.655934981763393503e-04
6.310000000000000000e+12	2.500000000000000000e+00	7.091801748301260807e-04
7.940000000000000000e+12	2.500000000000000000e+00	8.907604340709421569e-04
1.000000000000000000e+13	2.500000000000000000e+00	1.121554895857053338e-03
1.260000000000000000e+13	2.500000000000000000e+00	1.412628399823233306e-03
1.580000000000000000e+13	2.500000000000000000e+00	1.771993861507139851e-03
2.000000000000000000e+13	2.500000000000000000e+00	2.248118331182335367e-03
2.510000000000000000e+13	2.500000000000000000e+00	2.828841649819098612e-03
3.160000000000000000e+13	2.500000000000000000e+00	3.559749592627625431e-03
3.980000000000000000e+13	2.500000000000000000e+00	4.438438672477021396e-03
5.010000000000000000e+13	2.500000000000000000e+00	5.441323079222711370e-03
6.310000000000000000e+13	2.500000000000000000e+00	6.566656287873491246e-03
7.940000000000000000e+13	2.500000000000000000e+00	7.861649239456777391e-03
1.000000000000000000e+14	2.500000000000000000e+00	9.453430756530885326e-03
1.260000000000000000e+14	2.500000000000000000e+00	1.158687719493967962e-02
1.580000000000000000e+14	2.500000000000000000e+00	1.448646282178403175e-02
2.000000000000000000e+14	2.500000000000000000e+00	1.867103646435182632e-02
2.510000000000000000e+14	2.500000000000000000e+00	2.383219337006954944e-02
3.160000000000000000e+14	2.500000000000000000e+00	2.959261113310905286e-02
3.980000000000000000e+14	2.500000000000000000e+00	3.487001471179113077e-02
5.010000000000000000e+14	2.500000000000000000e+00	3.847068273861185134e-02
6.310000000000000000e+14	2.500000000000000000e+00	3.915859598183222406e-02
7.940000000000000000e+14	2.500000000000000000e+00	3.687721145948909263e-02
1.000000000000000000e+15	2.500000000000000000e+00	3.213846335949746558e-02
1.260000000000000000e+15	2.500000000000000000e+00	2.542864120331977604e-02
1.580000000000000000e+15	2.500000000000000000e+00	1.732613746953539507e-02
2.000000000000000000e+15	2.500000000000000000e+00	8.506942198855223930e-03
2.510000000000000000e+15	2.500000000000000000e+00	5.687422609803398886e-04
3.160000000000000000e+15	2.500000000000000000e+00	-6.720385591829575525e-03
3.980000000000000000e+15	2.500000000000000000e+00	-1.284433464980960261e-02
5.010000000000000000e+15	2.500000000000000000e+00	-1.762795924419836152e-02
6.310000000000000000e+15	2.500000000000000000e+00	-2.109958850672597613e-02
7.940000000000000000e+15	2.500000000000000000e+00	-2.334550381917167156e-02
1.000000000000000000e+16	2.500000000000000000e+00	-2.453929321262763100e-02
1.260000000000000000e+16	2.500000000000000000e+00	-2.485126511142893291e-02
1.580000000000000000e+16	2.500000000000000000e+00	-2.449689186963999871e-02
2.000000000000000000e+16	2.500000000000000000e+00	-2.356914741324750082e-02
2.510000000000000000e+16	2.500000000000000000e+00	-2.233120778000835180e-02
3.160000000000000000e+16	2.500000000000000000e+00	-2.083045448409388475e-02
3.980000000000000000e+16	2.500000000000000000e+00	-1.918845306944380949e-02
5.010000000000000000e+16	2.500000000000000000e+00	-1.749470000811894146e-02
6.310000000000000000e+16	2.500000000000000000e+00	-1.580161096210300903e-02
7.940000000000000000e+16	2.500000000000000000e+00	-1.416795692237885970e-02
1.000000000000000000e+17	2.500000000000000000e+00	-1.260815838024301368e-02
1.000000000000000000e+11	3.500000000000000000e+00	1.541583357344811133e-05
1.258925411794166107e+11	3.500000000000000000e+00	1.943037201689927927e-05
1.584893192461110840e+11	3.500000000000000000e+00	2.450939392145311667e-05
1.995262314968882751e+11	3.500000000000000000e+00	3.095368198139872165e-05
2.511886431509582214e+11	3.500000000000000000e+00	3.917333589682921689e-05
3.162277660168379517e+11	3.500000000000000000e+00	4.974461930705767997e-05
3.981071705534969482e+11	3.500000000000000000e+00	6.351431125550108443e-05
5.011872336272714844e+11	3.500000000000000000e+00	8.179457298619432245e-05
6.309573444801943359e+11	3.500000000000000000e+00	1.064800850209627063e-04
7.943282347242821045e+11	3.500000000000000000e+00	1.396368926264888403e-04
1.000000000000000000e+12	3.500000000000000000e+00	1.592556163920453888e-04
1.260000000000000000e+12	3.500000000000000000e+00	1.688087603360373769e-04
1.580000000000000000e+12	3.500000000000000000e+00	1.953394157603850984e-04
2.000000000000000000e+12	3.500000000000000000e+00	2.347137386516910554e-04
2.510000000000000000e+12	3.500000000000000000e+00	2.851853299995692572e-04
3.160000000000000000e+12	3.500000000000000000e+00	3.520348802864307555e-04
3.980000000000000000e+12	3.500000000000000000e+00	4.378543610693604450e-04
5.010000000000000000e+12	3.500000000000000000e+00	5.469566419786661086e-04
6.310000000000000000e+12	3.500000000000000000e+00	6.859363189915927434e-04
7.940000000000000000e+12	3.500000000000000000e+00	8.618289763756139610e-04
1.000000000000000000e+13	3.500000000000000000e+00	1.085507344593487087e-03
1.260000000000000000e+13	3.500000000000000000e+00	1.368089580291169784e-03
1.580000000000000000e+13	3.500000000000000000e+00	1.715576183518461402e-03
2.000000000000000000e+13	3.500000000000000000e+00	2.176751057824844512e-03
2.510000000000000000e+13	3.500000000000000000e+00	2.744184957322945515e-03
3.160000000000000000e+13	3.500000000000000000e+00	3.457812968191485530e-03
3.980000000000000000e+13	3.500000000000000000e+00	4.313173573822673412e-03
5.010000000000000000e+13	3.500000000000000000e+00	5.299530160914846764e-03
6.310000000000000000e+13	3.500000000000000000e+00	6.430828910775961138e-03
7.940000000000000000e+13	3.500000000000000000e+00	7.733824804504817185e-03
1.000000000000000000e+14	3.500000000000000000e+00	9.324078944117349804e-03
1.260000000000000000e+14	3.500000000000000000e+00	1.147485254813913544e-02
1.580000000000000000e+14	3.500000000000000000e+00	1.445951714003250801e-02
2.000000000000000000e+14	3.500000000000000000e+00	1.864911046565721417e-02
2.510000000000000000e+14	3.500000000000000000e+00	2.381792546261916887e-02
3.160000000000000000e+14	3.500000000000000000e+00	2.965791414629459152e-02
3.980000000000000000e+14	3.500000000000000000e+00	3.490248438173009643e-02
5.010000000000000000e+14	3.500000000000000000e+00	3.826163402223278082e-02
6.310000000000000000e+14	3.500000000000000000e+00	3.922711144361341884e-02
7.940000000000000000e+14	3.500000000000000000e+00	3.739808743752844750e-02
1.000000000000000000e+15	3.500000000000000000e+00	3.241836875080535141e-02
1.260000000000000000e+15	3.500000000000000000e+00	2.516576850439748020e-02
1.580000000000000000e+15	3.500000000000000000e+00	1.715966953568963393e-02
2.000000000000000000e+15	3.500000000000000000e+00	8.959244766081302450e-03
2.510000000000000000e+15	3.500000000000000000e+00	7.469381098980809206e-04
3.160000000000000000e+15	3.500000000000000000e+00	-6.603738166379489669e-03
3.980000000000000000e+15	3.500000000000000000e+00	-1.275983589388837887e-02
5.010000000000000000e+15	3.500000000000000000e+00	-1.756465401055769607e-02
6.310000000000000000e+15	3.500000000000000000e+00	-2.105031921995263386e-02
7.940000000000000000e+15	3.500000000000000000e+00	-2.330665548784341748e-02
1.000000000000000000e+16	3.500000000000000000e+00	-2.450905665533970046e-02
1.260000000000000000e+16	3.500000000000000000e+00	-2.482743070345994410e-02
1.580000000000000000e+16	3.500000000000000000e+00	-2.447797041202819102e-02
2.000000000000000000e+16	3.500000000000000000e+00	-2.355422199605860037e-02
2.510000000000000000e+16	3.500000000000000000e+00	-2.231933177463348017e-02
3.160000000000000000e+16	3.500000000000000000e+00	-2.082104292437410298e-02
3.980000000000000000e+16	3.500000000000000000e+00	-1.918090074605004192e-02
5.010000000000000000e+16	3.500000000000000000e+00	-1.748862825789740047e-02
6.310000000000000000e+16	3.500000000000000000e+00	-1.579685601386337374e-02
7.940000000000000000e+16	3.500000000000000000e+00	-1.416418364205741624e-02
1.000000000000000000e+17	3.500000000000000000e+00	-1.260520934849521102e-02
1.000000000000000000e+11	4.500000000000000000e+00	1.466163214753229010e-05
1.258925411794166107e+11	4.500000000000000000e+00	1.847929889539534263e-05
1.584893192461110840e+11	4.500000000000000000e+00	2.330900656683367549e-05
1.995262314968882751e+11	4.500000000000000000e+00	2.943674987528217327e-05
2.511886431509582214e+11	4.500000000000000000e+00	3.725148723164515939e-05
3.162277660168379517e+11	4.500000000000000000e+00	4.729860797953837077e-05
3.981071705534969482e+11	4.500000000000000000e+00	6.037758095993865258e-05
5.011872336272714844e+11	4.500000000000000000e+00	7.771075205039003418e-05
6.309573444801943359e+11	4.500000000000000000e+00	1.009874354420523164e-04
7.943282347242821045e+11	4.500000000000000000e+00	1.309059433418521779e-04
1.000000000000000000e+12	4.500000000000000000e+00	1.496951682195894176e-04
1.260000000000000000e+12	4.500000000000000000e+00	1.614999916081928351e-04
1.580000000000000000e+12	4.500000000000000000e+00	1.876556742343660428e-04
2.000000000000000000e+12	4.500000000000000000e+00	2.264455190255971909e-04
2.510000000000000000e+12	4.500000000000000000e+00	2.764044892178134545e-04
3.160000000000000000e+12	4.500000000000000000e+00	3.417767551799780830e-04
3.980000000000000000e+12	4.500000000000000000e+00	4.257593729251164067e-04
5.010000000000000000e+12	4.500000000000000000e+00	5.324076622478507827e-04
6.310000000000000000e+12	4.500000000000000000e+00	6.681712846129302932e-04
7.940000000000000000e+12	4.500000000000000000e+00	8.395303626535905415e-04
1.000000000000000000e+13	4.500000000000000000e+00	1.057165033182867796e-03
1.260000000000000000e+13	4.500000000000000000e+00	1.333446128859472422e-03
1.580000000000000000e+13	4.500000000000000000e+00	1.674828065111188093e-03
2.000000000000000000e+13	4.500000000000000000e+00	2.125433433307232032e-03
2.510000000000000000e+13	4.500000000000000000e+00	2.677745712661822389e-03
3.160000000000000000e+13	4.500000000000000000e+00	3.372763732243951647e-03
3.980000000000000000e+13	4.500000000000000000e+00	4.217399639282445704e-03
5.010000000000000000e+13	4.500000000000000000e+00	5.185727722605839966e-03
6.310000000000000000e+13	4.500000000000000000e+00	6.292557097925526033e-03
7.940000000000000000e+13	4.500000000000000000e+00	7.598631687515501783e-03
1.000000000000000000e+14	4.500000000000000000e+00	9.233001396002627620e-03
1.260000000000000000e+14	4.500000000000000000e+00	1.140820549126847494e-02
1.580000000000000000e+14	4.500000000000000000e+00	1.433429709309197095e-02
2.000000000000000000e+14	4.500000000000000000e+00	1.855576325223727910e-02
2.510000000000000000e+14	4.500000000000000000e+00	2.370418526244409338e-02
3.160000000000000000e+14	4.500000000000000000e+00	2.944961666375737336e-02
3.980000000000000000e+14	4.500000000000000000e+00	3.490578103561693679e-02
5.010000000000000000e+14	4.500000000000000000e+00	3.866073096537452763e-02
6.310000000000000000e+14	4.500000000000000000e+00	3.932655971273226608e-02
7.940000000000000000e+14	4.500000000000000000e+00	3.710238970749123871e-02
1.000000000000000000e+15	4.500000000000000000e+00	3.254446725198357343e-02
1.260000000000000000e+15	4.500000000000000000e+00	2.571850642700609230e-02
1.580000000000000000e+15	4.500000000000000000e+00	1.758301054143788372e-02
2.000000000000000000e+15	4.500000000000000000e+00	8.930873389936096196e-03
2.510000000000000000e+15	4.500000000000000000e+00	8.012765831940833750e-04
3.160000000000000000e+15	4.500000000000000000e+00	-6.553761836695482824e-03
3.980000000000000000e+15	4.500000000000000000e+00	-1.271850598808430162e-02
5.010000000000000000e+15	4.500000000000000000e+00	-1.753074713787856551e-02
6.310000000000000000e+15	4.500000000000000000e+00	-2.102366025086690668e-02
7.940000000000000000e+15	4.500000000000000000e+00	-2.328539376196451030e-02
1.000000000000000000e+16	4.500000000000000000e+00	-2.449214410667481870e-02
1.260000000000000000e+16	4.500000000000000000e+00	-2.481398488274171726e-02
1.580000000000000000e+16	4.500000000000000000e+00	-2.446723267663589857e-02
2.000000000000000000e+16	4.500000000000000000e+00	-2.354574698974024050e-02
2.510000000000000000e+16	4.500000000000000000e+00	-2.231256906659188563e-02
3.160000000000000000e+16	4.500000000000000000e+00	-2.081566899906805296e-02
3.980000000000000000e+16	4.500000000000000000e+00	-1.917671923523519770e-02
5.010000000000000000e+16	4.500000000000000000e+00	-1.748520607080025768e-02
6.310000000000000000e+16	4.500000000000000000e+00	-1.579418930486499797e-02
7.940000000000000000e+16	4.500000000000000000e+00	-1.416207637742724658e-02
1.000000000000000000e+17	4.500000000000000000e+00	-1.260352453763008938e-02
1.000000000000000000e+11	5.500000000000000000e+00	1.401993432338211129e-05
1.258925411794166107e+11	5.500000000000000000e+00	1.767004399207698485e-05
1.584893192461110840e+11	5.500000000000000000e+00	2.228742440934334415e-05
1.995262314968882751e+11	5.500000000000000000e+00	2.814490684499214868e-05
2.511886431509582214e+11	5.500000000000000000e+00	3.561307321613078257e-05
3.162277660168379517e+11	5.500000000000000000e+00	4.521146993862849579e-05
3.981071705534969482e+11	5.500000000000000000e+00	5.769662250980769018e-05
5.011872336272714844e+11	5.500000000000000000e+00	7.419549988588126834e-05
6.309573444801943359e+11	5.500000000000000000e+00	9.625687188731356239e-05
7.943282347242821045e+11	5.500000000000000000e+00	1.233647196261125178e-04
1.000000000000000000e+12	5.500000000000000000e+00	1.410804158152968247e-04
1.260000000000000000e+12	5.500000000000000000e+00	1.545838736547963958e-04
1.580000000000000000e+12	5.500000000000000000e+00	1.818313895917194277e-04
2.000000000000000000e+12	5.500000000000000000e+00	2.209341945008346506e-04
2.510000000000000000e+12	5.500000000000000000e+00	2.702891438475278022e-04
3.160000000000000000e+12	5.500000000000000000e+00	3.347341551325505203e-04
3.980000000000000000e+12	5.500000000000000000e+00	4.174964945950799004e-04
5.010000000000000000e+12	5.500000000000000000e+00	5.226321693702783069e-04
6.310000000000000000e+12	5.500000000000000000e+00	6.561511130502663052e-04
7.940000000000000000e+12	5.500000000000000000e+00	8.245619930575264237e-04
1.000000000000000000e+13	5.500000000000000000e+00	1.040074223344666102e-03
1.260000000000000000e+13	5.500000000000000000e+00	1.311093865598285911e-03
1.580000000000000000e+13	5.500000000000000000e+00	1.646342938129662569e-03
2.000000000000000000e+13	5.500000000000000000e+00	2.093361618220746911e-03
2.510000000000000000e+13	5.500000000000000000e+00	2.633792586269912209e-03
3.160000000000000000e+13	5.500000000000000000e+00	3.317230631931184469e-03
3.980000000000000000e+13	5.500000000000000000e+00	4.150130993401205184e-03
5.010000000000000000e+13	5.500000000000000000e+00	5.113680459191105934e-03
6.310000000000000000e+13	5.500000000000000000e+00	6.237903959148528334e-03
7.940000000000000000e+13	5.500000000000000000e+00	7.558150036790139970e-03
1.000000000000000000e+14	5.500000000000000000e+00	9.173403032660175024e-03
1.260000000000000000e+14	5.500000000000000000e+00	1.137075380014231085e-02
1.580000000000000000e+14	5.500000000000000000e+00	1.437368219093015237e-02
2.000000000000000000e+14	5.500000000000000000e+00	1.865878368772104501e-02
2.510000000000000000e+14	5.500000000000000000e+00	2.390884492994127877e-02
3.160000000000000000e+14	5.500000000000000000e+00	2.984172238568106109e-02
3.980000000000000000e+14	5.500000000000000000e+00	3.506192375611590778e-02
5.010000000000000000e+14	5.500000000000000000e+00	3.843034591697390423e-02
6.310000000000000000e+14	5.500000000000000000e+00	3.957644304950942715e-02
7.940000000000000000e+14	5.500000000000000000e+00	3.753551381188335867e-02
1.000000000000000000e+15	5.500000000000000000e+00	3.241563108574255225e-02
1.260000000000000000e+15	5.500000000000000000e+00	2.546055591298025667e-02
1.580000000000000000e+15	5.500000000000000000e+00	1.748552155099096853e-02
2.000000000000000000e+15	5.500000000000000000e+00	8.871737142132355564e-03
2.510000000000000000e+15	5.500000000000000000e+00	7.599361058520777640e-04
3.160000000000000000e+15	5.500000000000000000e+00	-6.584059841154467005e-03
3.980000000000000000e+15	5.500000000000000000e+00	-1.274145356177471163e-02
5.010000000000000000e+15	5.500000000000000000e+00	-1.754844745597027370e-02
6.310000000000000000e+15	5.500000000000000000e+00	-2.103747735648769587e-02
7.940000000000000000e+15	5.500000000000000000e+00	-2.329627169327962155e-02
1.000000000000000000e+16	5.500000000000000000e+00	-2.450069656854902619e-02
1.260000000000000000e+16	5.500000000000000000e+00	-2.482074719208335334e-02
1.580000000000000000e+16	5.500000000000000000e+00	-2.447262161549346518e-02
2.000000000000000000e+16	5.500000000000000000e+00	-2.354998208019244005e-02
2.510000000000000000e+16	5.500000000000000000e+00	-2.231595687732633448e-02
3.160000000000000000e+16	5.500000000000000000e+00	-2.081835493275670593e-02
3.980000000000000000e+16	5.500000000000000000e+00	-1.917882863841548213e-02
5.010000000000000000e+16	5.500000000000000000e+00	-1.748689973665903258e-02
6.310000000000000000e+16	5.500000000000000000e+00	-1.579552278926436848e-02
7.940000000000000000e+16	5.500000000000000000e+00	-1.416313851626036131e-02
1.000000000000000000e+17	5.500000000000000000e+00	-1.260433824195723168e-02
1.000000000000000000e+11	6.500000000000000000e+00	1.332730630277013301e-05
1.258925411794166107e+11	6.500000000000000000e+00	1.679614514282687829e-05
1.584893192461110840e+11	6.500000000000000000e+00	2.118406938916592781e-05
1.995262314968882751e+11	6.500000000000000000e+00	2.675006286093204231e-05
2.511886431509582214e+11	6.500000000000000000e+00	3.384765785998320034e-05
3.162277660168379517e+11	6.500000000000000000e+00	4.295964939389414092e-05
3.981071705534969482e+11	6.500000000000000000e+00	5.480575874748266397e-05
5.011872336272714844e+11	6.500000000000000000e+00	7.043768225598319812e-05
6.309573444801943359e+11	6.500000000000000000e+00	9.116409303193794412e-05
7.943282347242821045e+11	6.500000000000000000e+00	1.151628131964773527e-04
1.000000000000000000e+12	6.500000000000000000e+00	1.322918810752042346e-04
1.260000000000000000e+12	6.500000000000000000e+00	1.480313768456319764e-04
1.580000000000000000e+12	6.500000000000000000e+00	1.749719002661509633e-04
2.000000000000000000e+12	6.500000000000000000e+00	2.136851798841892479e-04
2.510000000000000000e+12	6.500000000000000000e+00	2.626686885742161729e-04
3.160000000000000000e+12	6.500000000000000000e+00	3.264647633558351368e-04
3.980000000000000000e+12	6.500000000000000000e+00	4.078130548749785643e-04
5.010000000000000000e+12	6.500000000000000000e+00	5.106363486752366542e-04
6.310000000000000000e+12	6.500000000000000000e+00	6.411372113689474753e-04
7.940000000000000000e+12	6.500000000000000000e+00	8.075906334189410620e-04
1.000000000000000000e+13	6.500000000000000000e+00	1.016334299218953465e-03
1.260000000000000000e+13	6.500000000000000000e+00	1.279329019978966021e-03
1.580000000000000000e+13	6.500000000000000000e+00	1.606542584331315188e-03
2.000000000000000000e+13	6.500000000000000000e+00	2.041101481520855333e-03
2.510000000000000000e+13	6.500000000000000000e+00	2.574562066471606289e-03
3.160000000000000000e+13	6.500000000000000000e+00	3.242972260370822774e-03
3.980000000000000000e+13	6.500000000000000000e+00	4.057208295970877662e-03
5.010000000000000000e+13	6.500000000000000000e+00	5.007956410936312795e-03
6.310000000000000000e+13	6.500000000000000000e+00	6.094319528152962288e-03
7.940000000000000000e+13	6.500000000000000000e+00	7.410428313468631414e-03
1.000000000000000000e+14	6.500000000000000000e+00	9.077657539412543539e-03
1.260000000000000000e+14	6.500000000000000000e+00	1.126090124989790123e-02
1.580000000000000000e+14	6.500000000000000000e+00	1.424858821901536093e-02
2.000000000000000000e+14	6.500000000000000000e+00	1.852344283597312166e-02
2.510000000000000000e+14	6.500000000000000000e+00	2.378008829211033723e-02
3.160000000000000000e+14	6.500000000000000000e+00	2.954475586342359891e-02
3.980000000000000000e+14	6.500000000000000000e+00	3.482971359058686239e-02
5.010000000000000000e+14	6.500000000000000000e+00	3.831971560536882870e-02
6.310000000000000000e+14	6.500000000000000000e+00	3.907120849343121566e-02
7.940000000000000000e+14	6.500000000000000000e+00	3.696366290808422717e-02
1.000000000000000000e+15	6.500000000000000000e+00	3.208469356872251793e-02
1.260000000000000000e+15	6.500000000000000000e+00	2.486613248582441801e-02
1.580000000000000000e+15	6.500000000000000000e+00	1.630542726528087100e-02
2.000000000000000000e+15	6.500000000000000000e+00	7.873404854873347972e-03
2.510000000000000000e+15	6.500000000000000000e+00	3.306635054715523388e-04
3.160000000000000000e+15	6.500000000000000000e+00	-6.729569178615353760e-03
3.980000000000000000e+15	6.500000000000000000e+00	-1.268286475958553539e-02
5.010000000000000000e+15	6.500000000000000000e+00	-1.733979174506580095e-02
6.310000000000000000e+15	6.500000000000000000e+00	-2.071900874093334996e-02
7.940000000000000000e+15	6.500000000000000000e+00	-2.290401688092046431e-02
1.000000000000000000e+16	6.500000000000000000e+00	-2.406229579086406264e-02
1.260000000000000000e+16	6.500000000000000000e+00	-2.435966507143808024e-02
1.580000000000000000e+16	6.500000000000000000e+00	-2.400658133011264808e-02
2.000000000000000000e+16	6.500000000000000000e+00	-2.309327010588770046e-02
2.510000000000000000e+16	6.500000000000000000e+00	-2.187749419927296352e-02
3.160000000000000000e+16	6.500000000000000000e+00	-2.040517622734130954e-02
3.980000000000000000e+16	6.500000000000000000e+00	-1.879519302565864011e-02
5.010000000000000000e+16	6.500000000000000000e+00	-1.713489560026566078e-02
6.310000000000000000e+16	6.500000000000000000e+00	-1.547592566001761843e-02
7.940000000000000000e+16	6.500000000000000000e+00	-1.387538284617707493e-02
1.000000000000000000e+17	6.500000000000000000e+00	-1.234737094072863028e-02
1.000000000000000000e+11	7.500000000000000000e+00	1.292288443775315010e-05
1.258925411794166107e+11	7.500000000000000000e+00	1.628628322472628115e-05
1.584893192461110840e+11	7.500000000000000000e+00	2.053958654912304768e-05
1.995262314968882751e+11	7.500000000000000000e+00	2.593329036788165272e-05
2.511886431509582214e+11	7.500000000000000000e+00	3.280554650819941456e-05
3.162277660168379517e+11	7.500000000000000000e+00	4.162827810433291975e-05
3.981071705534969482e+11	7.500000000000000000e+00	5.307994333606132887e-05
5.011872336272714844e+11	7.500000000000000000e+00	6.815444057687513821e-05
6.309573444801943359e+11	7.500000000000000000e+00	8.797489715392312743e-05
7.943282347242821045e+11	7.500000000000000000e+00	1.095868988303901938e-04
1.000000000000000000e+12	7.500000000000000000e+00	1.263532419053444984e-04
1.260000000000000000e+12	7.500000000000000000e+00	1.446173829958706286e-04
1.580000000000000000e+12	7.500000000000000000e+00	1.727432289444242599e-04
2.000000000000000000e+12	7.500000000000000000e+00	2.123190256458423134e-04
2.510000000000000000e+12	7.500000000000000000e+00	2.617278000121160794e-04
3.160000000000000000e+12	7.500000000000000000e+00	3.254457131793232131e-04
3.980000000000000000e+12	7.500000000000000000e+00	4.069030405028311410e-04
5.010000000000000000e+12	7.500000000000000000e+00	5.105175369050513881e-04
6.310000000000000000e+12	7.500000000000000000e+00	6.409820390970940619e-04
7.940000000000000000e+12	7.500000000000000000e+00	8.042685985162411439e-04
1.000000000000000000e+13	7.500000000000000000e+00	1.015553341587516504e-03
1.260000000000000000e+13	7.500000000000000000e+00	1.284441444858892877e-03
1.580000000000000000e+13	7.500000000000000000e+00	1.613197723823117571e-03
2.000000000000000000e+13	7.500000000000000000e+00	2.046581182217750445e-03
2.510000000000000000e+13	7.500000000000000000e+00	2.575786714811225883e-03
3.160000000000000000e+13	7.500000000000000000e+00	3.246268629535701850e-03
3.980000000000000000e+13	7.500000000000000000e+00	4.063256676470407801e-03
5.010000000000000000e+13	7.500000000000000000e+00	5.028067134845489589e-03
6.310000000000000000e+13	7.500000000000000000e+00	6.147374425997370780e-03
7.940000000000000000e+13	7.500000000000000000e+00	7.435588840983259513e-03
1.000000000000000000e+14	7.500000000000000000e+00	9.114166224715650536e-03
1.260000000000000000e+14	7.500000000000000000e+00	1.140605650117699002e-02
1.580000000000000000e+14	7.500000000000000000e+00	1.446727143891573218e-02
2.000000000000000000e+14	7.500000000000000000e+00	1.882114556529155755e-02
2.510000000000000000e+14	7.500000000000000000e+00	2.416921962187414466e-02
3.160000000000000000e+14	7.500000000000000000e+00	2.991284129413839671e-02
3.980000000000000000e+14	7.500000000000000000e+00	3.535099899781176530e-02
5.010000000000000000e+14	7.500000000000000000e+00	3.944078021798197442e-02
6.310000000000000000e+14	7.500000000000000000e+00	4.055819779318946966e-02
7.940000000000000000e+14	7.500000000000000000e+00	3.867076303024781503e-02
1.000000000000000000e+15	7.500000000000000000e+00	3.467092757966769995e-02
1.260000000000000000e+15	7.500000000000000000e+00	2.722272393588671263e-02
1.580000000000000000e+15	7.500000000000000000e+00	1.983577731415348336e-02
2.000000000000000000e+15	7.500000000000000000e+00	1.226901331757994720e-02
2.510000000000000000e+15	7.500000000000000000e+00	2.224637694195937508e-03
3.160000000000000000e+15	7.500000000000000000e+00	-5.930225001056573138e-03
3.980000000000000000e+15	7.500000000000000000e+00	-1.264626062351424489e-02
5.010000000000000000e+15	7.500000000000000000e+00	-1.786063867542009992e-02
6.310000000000000000e+15	7.500000000000000000e+00	-2.164304761000568345e-02
7.940000000000000000e+15	7.500000000000000000e+00	-2.410467328164429823e-02
1.000000000000000000e+16	7.500000000000000000e+00	-2.543891491999489968e-02
1.260000000000000000e+16	7.500000000000000000e+00	-2.582970667864055783e-02
1.580000000000000000e+16	7.500000000000000000e+00	-2.550684519161980010e-02
2.000000000000000000e+16	7.500000000000000000e+00	-2.457374093636694942e-02
2.510000000000000000e+16	7.500000000000000000e+00	-2.330566898004637205e-02
3.160000000000000000e+16	7.500000000000000000e+00	-2.175594507737375546e-02
3.980000000000000000e+16	7.500000000000000000e+00	-2.005302510160857088e-02
5.010000000000000000e+16	7.500000000000000000e+00	-1.829157420717531998e-02
6.310000000000000000e+16	7.500000000000000000e+00	-1.652791899638674303e-02
7.940000000000000000e+16	7.500000000000000000e+00	-1.482406708293165613e-02
1.000000000000000000e+17	7.500000000000000000e+00	-1.319562002228383095e-02
1.000000000000000000e+11	9.000000000000000000e+00	1.195229242931584955e-05
1.258925411794166107e+11	9.000000000000000000e+00	1.506234704269257305e-05
1.584893192461110840e+11	9.000000000000000000e+00	1.899513380068676440e-05
1.995262314968882751e+11	9.000000000000000000e+00	2.398116672488883152e-05
2.511886431509582214e+11	9.000000000000000000e+00	3.033210401430662851e-05
3.162277660168379517e+11	9.000000000000000000e+00	3.848108388783616425e-05
3.981071705534969482e+11	9.000000000000000000e+00	4.904525734459366229e-05
5.011872336272714844e+11	9.000000000000000000e+00	6.290814144656125227e-05
6.309573444801943359e+11	9.000000000000000000e+00	8.091854696016498555e-05
7.943282347242821045e+11	9.000000000000000000e+00	9.844819826719700226e-05
1.000000000000000000e+12	9.000000000000000000e+00	1.138653808414997158e-04
1.260000000000000000e+12	9.000000000000000000e+00	1.348668827268683051e-04
1.580000000000000000e+12	9.000000000000000000e+00	1.637110556791246190e-04
2.000000000000000000e+12	9.000000000000000000e+00	2.023692573396826714e-04
2.510000000000000000e+12	9.000000000000000000e+00	2.499294662494482553e-04
3.160000000000000000e+12	9.000000000000000000e+00	3.117029359285830798e-04
3.980000000000000000e+12	9.000000000000000000e+00	3.912478191049444110e-04
5.010000000000000000e+12	9.000000000000000000e+00	4.910023835478435905e-04
6.310000000000000000e+12	9.000000000000000000e+00	6.178355737768267877e-04
7.940000000000000000e+12	9.000000000000000000e+00	7.778426439517433259e-04
1.000000000000000000e+13	9.000000000000000000e+00	9.778134831088982747e-04
1.260000000000000000e+13	9.000000000000000000e+00	1.232635277754179619e-03
1.580000000000000000e+13	9.000000000000000000e+00	1.548438733238807850e-03
2.000000000000000000e+13	9.000000000000000000e+00	1.965329672551076063e-03
2.510000000000000000e+13	9.000000000000000000e+00	2.475775764540640803e-03
3.160000000000000000e+13	9.000000000000000000e+00	3.118784977902405199e-03
3.980000000000000000e+13	9.000000000000000000e+00	3.902028934182273732e-03
5.010000000000000000e+13	9.000000000000000000e+00	4.834051993623608538e-03
6.310000000000000000e+13	9.000000000000000000e+00	5.933210113029213119e-03
7.940000000000000000e+13	9.000000000000000000e+00	7.245518131590014330e-03
1.000000000000000000e+14	9.000000000000000000e+00	8.904704580979590223e-03
1.260000000000000000e+14	9.000000000000000000e+00	1.112912121838316622e-02
1.580000000000000000e+14	9.000000000000000000e+00	1.412683247682904736e-02
2.000000000000000000e+14	9.000000000000000000e+00	1.842546040878989891e-02
2.510000000000000000e+14	9.000000000000000000e+00	2.370667465432692300e-02
3.160000000000000000e+14	9.000000000000000000e+00	2.962341444916458816e-02
3.980000000000000000e+14	9.000000000000000000e+00	3.494281421725423109e-02
5.010000000000000000e+14	9.000000000000000000e+00	3.848755070460197630e-02
6.310000000000000000e+14	9.000000000000000000e+00	3.945340497600926394e-02
7.940000000000000000e+14	9.000000000000000000e+00	3.738307715967645328e-02
1.000000000000000000e+15	9.000000000000000000e+00	3.161142501041899061e-02
1.260000000000000000e+15	9.000000000000000000e+00	2.502477833454759201e-02
1.580000000000000000e+15	9.000000000000000000e+00	1.723938849354392927e-02
2.000000000000000000e+15	9.000000000000000000e+00	7.745033504639621015e-03
2.510000000000000000e+15	9.000000000000000000e+00	3.729429350480324592e-04
3.160000000000000000e+15	9.000000000000000000e+00	-6.683664418488791115e-03
3.980000000000000000e+15	9.000000000000000000e+00	-1.264345700318536200e-02
5.010000000000000000e+15	9.000000000000000000e+00	-1.730750113356795128e-02
6.310000000000000000e+15	9.000000000000000000e+00	-2.069299699533425421e-02
7.940000000000000000e+15	9.000000000000000000e+00	-2.288320715123817392e-02
1.000000000000000000e+16	9.000000000000000000e+00	-2.404568403607104665e-02
1.260000000000000000e+16	9.000000000000000000e+00	-2.434645319952855394e-02
1.580000000000000000e+16	9.000000000000000000e+00	-2.399602801678549571e-02
2.000000000000000000e+16	9.000000000000000000e+00	-2.308492705940900017e-02
2.510000000000000000e+16	9.000000000000000000e+00	-2.187084221503493575e-02
3.160000000000000000e+16	9.000000000000000000e+00	-2.040022797589632203e-02
3.980000000000000000e+16	9.000000000000000000e+00	-1.879099355248729439e-02
5.010000000000000000e+16	9.000000000000000000e+00	-1.713171608985697772e-02
6.310000000000000000e+16	9.000000000000000000e+00	-1.547326057794978608e-02
7.940000000000000000e+16	9.000000000000000000e+00	-1.387327840407577735e-02
1.000000000000000000e+17	9.000000000000000000e+00	-1.234568007077537811e-02
1.000000000000000000e+11	1.100000000000000000e+01	1.128686975244034009e-05
1.258925411794166107e+11	1.100000000000000000e+01	1.422333081597654378e-05
1.584893192461110840e+11	1.100000000000000000e+01	1.793531578687666250e-05
1.995262314968882751e+11	1.100000000000000000e+01	2.264036881844213962e-05
2.511886431509582214e+11	1.100000000000000000e+01	2.863046930477516493e-05
3.162277660168379517e+11	1.100000000000000000e+01	3.631027408496106295e-05
3.981071705534969482e+11	1.100000000000000000e+01	4.625008829317639903e-05
5.011872336272714844e+11	1.100000000000000000e+01	5.922708649835722422e-05
6.309573444801943359e+11	1.100000000000000000e+01	7.592067039544663962e-05
7.943282347242821045e+11	1.100000000000000000e+01	9.016641264026816350e-05
1.000000000000000000e+12	1.100000000000000000e+01	1.052699408340184920e-04
1.260000000000000000e+12	1.100000000000000000e+01	1.286430399311927464e-04
1.580000000000000000e+12	1.100000000000000000e+01	1.573592335278632074e-04
2.000000000000000000e+12	1.100000000000000000e+01	1.964573956204053115e-04
2.510000000000000000e+12	1.100000000000000000e+01	2.444999335140251055e-04
3.160000000000000000e+12	1.100000000000000000e+01	3.070172969121425822e-04
3.980000000000000000e+12	1.100000000000000000e+01	3.854168146022715125e-04
5.010000000000000000e+12	1.100000000000000000e+01	4.831232155782890143e-04
6.310000000000000000e+12	1.100000000000000000e+01	6.071697912371178856e-04
7.940000000000000000e+12	1.100000000000000000e+01	7.632959052142196518e-04
1.000000000000000000e+13	1.100000000000000000e+01	9.639387794868122406e-04
1.260000000000000000e+13	1.100000000000000000e+01	1.215307566888913305e-03
1.580000000000000000e+13	1.100000000000000000e+01	1.524704285268863643e-03
2.000000000000000000e+13	1.100000000000000000e+01	1.937844303599806301e-03
2.510000000000000000e+13	1.100000000000000000e+01	2.439774559944716051e-03
3.160000000000000000e+13	1.100000000000000000e+01	3.074975817708909889e-03
3.980000000000000000e+13	1.100000000000000000e+01	3.849097356014304951e-03
5.010000000000000000e+13	1.100000000000000000e+01	4.767358442292692240e-03
6.310000000000000000e+13	1.100000000000000000e+01	5.855928461349390809e-03
7.940000000000000000e+13	1.100000000000000000e+01	7.170526709003615350e-03
1.000000000000000000e+14	1.100000000000000000e+01	8.859447755124986307e-03
1.260000000000000000e+14	1.100000000000000000e+01	1.114922479073560471e-02
1.580000000000000000e+14	1.100000000000000000e+01	1.424328982836682404e-02
2.000000000000000000e+14	1.100000000000000000e+01	1.865119499657390267e-02
2.510000000000000000e+14	1.100000000000000000e+01	2.394623227114195396e-02
3.160000000000000000e+14	1.100000000000000000e+01	2.973438465997690905e-02
3.980000000000000000e+14	1.100000000000000000e+01	3.514508427517058081e-02
5.010000000000000000e+14	1.100000000000000000e+01	3.877418602296289069e-02
6.310000000000000000e+14	1.100000000000000000e+01	3.985736951878191686e-02
7.940000000000000000e+14	1.100000000000000000e+01	3.718881313688497670e-02
1.000000000000000000e+15	1.100000000000000000e+01	3.287665663047831949e-02
1.260000000000000000e+15	1.100000000000000000e+01	2.646550700831271780e-02
1.580000000000000000e+15	1.100000000000000000e+01	1.862646731066405770e-02
2.000000000000000000e+15	1.100000000000000000e+01	1.096453134528045485e-02
2.510000000000000000e+15	1.100000000000000000e+01	1.714804589911847347e-03
3.160000000000000000e+15	1.100000000000000000e+01	-6.030874855312969192e-03
3.980000000000000000e+15	1.100000000000000000e+01	-1.244448197808795120e-02
5.010000000000000000e+15	1.100000000000000000e+01	-1.743268059819314333e-02
6.310000000000000000e+15	1.100000000000000000e+01	-2.105144103761056110e-02
7.940000000000000000e+15	1.100000000000000000e+01	-2.340303932420275540e-02
1.000000000000000000e+16	1.100000000000000000e+01	-2.467077325999467510e-02
1.260000000000000000e+16	1.100000000000000000e+01	-2.503171557678998682e-02
1.580000000000000000e+16	1.100000000000000000e+01	-2.470667994130323550e-02
2.000000000000000000e+16	1.100000000000000000e+01	-2.379406145612327286e-02
2.510000000000000000e+16	1.100000000000000000e+01	-2.256015316559184178e-02
3.160000000000000000e+16	1.100000000000000000e+01	-2.105566251632111016e-02
3.980000000000000000e+16	1.100000000000000000e+01	-1.940431996352985633e-02
5.010000000000000000e+16	1.100000000000000000e+01	-1.769766855194381330e-02
6.310000000000000000e+16	1.100000000000000000e+01	-1.598949694105551364e-02
7.940000000000000000e+16	1.100000000000000000e+01	-1.433982442700092001e-02
1.000000000000000000e+17	1.100000000000000000e+01	-1.276363376064259918e-02
1.000000000000000000e+11	1.300000000000000000e+01	1.065899437056313593e-05
1.258925411794166107e+11	1.300000000000000000e+01	1.343150050507602596e-05
1.584893192461110840e+11	1.300000000000000000e+01	1.693590549402005578e-05
1.995262314968882751e+11	1.300000000000000000e+01	2.137673681880587580e-05
2.511886431509582214e+11	1.300000000000000000e+01	2.702868846815956340e-05
3.162277660168379517e+11	1.300000000000000000e+01	3.427048620309613059e-05
3.981071705534969482e+11	1.300000000000000000e+01	4.363198387308838392e-05
5.011872336272714844e+11	1.300000000000000000e+01	5.583360106782119247e-05
6.309573444801943359e+11	1.300000000000000000e+01	7.132452530565041562e-05
7.943282347242821045e+11	1.300000000000000000e+01	8.293567954318546665e-05
1.000000000000000000e+12	1.300000000000000000e+01	9.660347076678767728e-05
1.260000000000000000e+12	1.300000000000000000e+01	1.216504435802937418e-04
1.580000000000000000e+12	1.300000000000000000e+01	1.516118380819521535e-04
2.000000000000000000e+12	1.300000000000000000e+01	1.916998118666080758e-04
2.510000000000000000e+12	1.300000000000000000e+01	2.394110953313933891e-04
3.160000000000000000e+12	1.300000000000000000e+01	2.992116307962577491e-04
3.980000000000000000e+12	1.300000000000000000e+01	3.765076847392989992e-04
5.010000000000000000e+12	1.300000000000000000e+01	4.729803351324635163e-04
6.310000000000000000e+12	1.300000000000000000e+01	5.946778203008732874e-04
7.940000000000000000e+12	1.300000000000000000e+01	7.488468809221007338e-04
1.000000000000000000e+13	1.300000000000000000e+01	9.420522646531354245e-04
1.260000000000000000e+13	1.300000000000000000e+01	1.187595314844679681e-03
1.580000000000000000e+13	1.300000000000000000e+01	1.492873583845955553e-03
2.000000000000000000e+13	1.300000000000000000e+01	1.894180162691433108e-03
2.510000000000000000e+13	1.300000000000000000e+01	2.383357453448576874e-03
3.160000000000000000e+13	1.300000000000000000e+01	3.001058242410911681e-03
3.980000000000000000e+13	1.300000000000000000e+01	3.765270177074824236e-03
5.010000000000000000e+13	1.300000000000000000e+01	4.670861810660491102e-03
6.310000000000000000e+13	1.300000000000000000e+01	5.748922787442110709e-03
7.940000000000000000e+13	1.300000000000000000e+01	7.077714035765916845e-03
1.000000000000000000e+14	1.300000000000000000e+01	8.793221369627171255e-03
1.260000000000000000e+14	1.300000000000000000e+01	1.108697284168674163e-02
1.580000000000000000e+14	1.300000000000000000e+01	1.418564894285371907e-02
2.000000000000000000e+14	1.300000000000000000e+01	1.859675178333583187e-02
2.510000000000000000e+14	1.300000000000000000e+01	2.391960113780101232e-02
3.160000000000000000e+14	1.300000000000000000e+01	2.985122200443850876e-02
3.980000000000000000e+14	1.300000000000000000e+01	3.524326515973334045e-02
5.010000000000000000e+14	1.300000000000000000e+01	3.899408892848431341e-02
6.310000000000000000e+14	1.300000000000000000e+01	3.992771738624512762e-02
7.940000000000000000e+14	1.300000000000000000e+01	3.770453594194803776e-02
1.000000000000000000e+15	1.300000000000000000e+01	3.272085964298133282e-02
1.260000000000000000e+15	1.300000000000000000e+01	2.526756778916804461e-02
1.580000000000000000e+15	1.300000000000000000e+01	1.618737468797624632e-02
2.000000000000000000e+15	1.300000000000000000e+01	7.404108906926673041e-03
2.510000000000000000e+15	1.300000000000000000e+01	1.676434191033729989e-04
3.160000000000000000e+15	1.300000000000000000e+01	-6.824125192503160443e-03
3.980000000000000000e+15	1.300000000000000000e+01	-1.274579668983165902e-02
5.010000000000000000e+15	1.300000000000000000e+01	-1.738473767416046437e-02
6.310000000000000000e+15	1.300000000000000000e+01	-2.075242254204139047e-02
7.940000000000000000e+15	1.300000000000000000e+01	-2.292949990297533588e-02
1.000000000000000000e+16	1.300000000000000000e+01	-2.408201962045477054e-02
1.260000000000000000e+16	1.300000000000000000e+01	-2.437507613096043940e-02
1.580000000000000000e+16	1.300000000000000000e+01	-2.401873854793699567e-02
2.000000000000000000e+16	1.300000000000000000e+01	-2.310281283075666520e-02
2.510000000000000000e+16	1.300000000000000000e+01	-2.188507531445019888e-02
3.160000000000000000e+16	1.300000000000000000e+01	-2.041117558558404321e-02
3.980000000000000000e+16	1.300000000000000000e+01	-1.879995491761385362e-02
5.010000000000000000e+16	1.300000000000000000e+01	-1.713866301200530837e-02
6.310000000000000000e+16	1.300000000000000000e+01	-1.547896292253870404e-02
7.940000000000000000e+16	1.300000000000000000e+01	-1.387776234288705564e-02
1.000000000000000000e+17	1.300000000000000000e+01	-1.234923990326592183e-02
1.000000000000000000e+11	1.500000000000000000e+01	1.013514930711683463e-05
1.258925411794166107e+11	1.500000000000000000e+01	1.277107252476802454e-05
1.584893192461110840e+11	1.500000000000000000e+01	1.610308819772549504e-05
1.995262314968882751e+11	1.500000000000000000e+01	2.032510351713738659e-05
2.511886431509582214e+11	1.500000000000000000e+01	2.569805639410655131e-05
3.162277660168379517e+11	1.500000000000000000e+01	3.258112589703422425e-05
3.981071705534969482e+11	1.500000000000000000e+01	4.147441996288615221e-05
5.011872336272714844e+11	1.500000000000000000e+01	5.302723887182613362e-05
6.309573444801943359e+11	1.500000000000000000e+01	6.761293594249131761e-05
7.943282347242821045e+11	1.500000000000000000e+01	7.717454367197887279e-05
1.000000000000000000e+12	1.500000000000000000e+01	9.076864425188499019e-05
1.260000000000000000e+12	1.500000000000000000e+01	1.169285259125686373e-04
1.580000000000000000e+12	1.500000000000000000e+01	1.456525446470243064e-04
2.000000000000000000e+12	1.500000000000000000e+01	1.839155858543699978e-04
2.510000000000000000e+12	1.500000000000000000e+01	2.310834146027030366e-04
3.160000000000000000e+12	1.500000000000000000e+01	2.901396832452195922e-04
3.980000000000000000e+12	1.500000000000000000e+01	3.636647105306807667e-04
5.010000000000000000e+12	1.500000000000000000e+01	4.578376807391112404e-04
6.310000000000000000e+12	1.500000000000000000e+01	5.766713129383116117e-04
7.940000000000000000e+12	1.500000000000000000e+01	7.244819443135324440e-04
1.000000000000000000e+13	1.500000000000000000e+01	9.119229941200002014e-04
1.260000000000000000e+13	1.500000000000000000e+01	1.149056079230578340e-03
1.580000000000000000e+13	1.500000000000000000e+01	1.444003546622093202e-03
2.000000000000000000e+13	1.500000000000000000e+01	1.833852961797765744e-03
2.510000000000000000e+13	1.500000000000000000e+01	2.305856544248302033e-03
3.160000000000000000e+13	1.500000000000000000e+01	2.902724230249413041e-03
3.980000000000000000e+13	1.500000000000000000e+01	3.635249465064431529e-03
5.010000000000000000e+13	1.500000000000000000e+01	4.525095338767308288e-03
6.310000000000000000e+13	1.500000000000000000e+01	5.597540448601224551e-03
7.940000000000000000e+13	1.500000000000000000e+01	6.909136524625898029e-03
1.000000000000000000e+14	1.500000000000000000e+01	8.595772412708391555e-03
1.260000000000000000e+14	1.500000000000000000e+01	1.089615281007674970e-02
1.580000000000000000e+14	1.500000000000000000e+01	1.394055905823642430e-02
2.000000000000000000e+14	1.500000000000000000e+01	1.826565682138021549e-02
2.510000000000000000e+14	1.500000000000000000e+01	2.354220585305882504e-02
3.160000000000000000e+14	1.500000000000000000e+01	2.944045747543823019e-02
3.980000000000000000e+14	1.500000000000000000e+01	3.473545702849881872e-02
5.010000000000000000e+14	1.500000000000000000e+01	3.778620996096629381e-02
6.310000000000000000e+14	1.500000000000000000e+01	3.865584113524036386e-02
7.940000000000000000e+14	1.500000000000000000e+01	3.819613970781440132e-02
1.000000000000000000e+15	1.500000000000000000e+01	3.317709991414750231e-02
1.260000000000000000e+15	1.500000000000000000e+01	2.583992757083873257e-02
1.580000000000000000e+15	1.500000000000000000e+01	1.775174497587239317e-02
2.000000000000000000e+15	1.500000000000000000e+01	8.301574712970554923e-03
2.510000000000000000e+15	1.500000000000000000e+01	6.482549693832267024e-04
3.160000000000000000e+15	1.500000000000000000e+01	-6.471954813970393072e-03
3.980000000000000000e+15	1.500000000000000000e+01	-1.247862892192631509e-02
5.010000000000000000e+15	1.500000000000000000e+01	-1.717813566304016160e-02
6.310000000000000000e+15	1.500000000000000000e+01	-2.059104566755832338e-02
7.940000000000000000e+15	1.500000000000000000e+01	-2.280214067334996458e-02
1.000000000000000000e+16	1.500000000000000000e+01	-2.398184446527010585e-02
1.260000000000000000e+16	1.500000000000000000e+01	-2.429592665569425824e-02
1.580000000000000000e+16	1.500000000000000000e+01	-2.395575737021803445e-02
2.000000000000000000e+16	1.500000000000000000e+01	-2.305312804701291698e-02
2.510000000000000000e+16	1.500000000000000000e+01	-2.184550608840632110e-02
3.160000000000000000e+16	1.500000000000000000e+01	-2.038019206017042950e-02
3.980000000000000000e+16	1.500000000000000000e+01	-1.877503854984858070e-02
5.010000000000000000e+16	1.500000000000000000e+01	-1.711888606368660443e-02
6.310000000000000000e+16	1.500000000000000000e+01	-1.546322574297430419e-02
7.940000000000000000e+16	1.500000000000000000e+01	-1.386527390228790846e-02
1.000000000000000000e+17	1.500000000000000000e+01	-1.233932703143601761e-02
1.000000000000000000e+11	1.700000000000000000e+01	1.008773424251916630e-05
1.258925411794166107e+11	1.700000000000000000e+01	1.271113751850381444e-05
1.584893192461110840e+11	1.700000000000000000e+01	1.602681348321931579e-05
1.995262314968882751e+11	1.700000000000000000e+01	2.022770804214455597e-05
2.511886431509582214e+11	1.700000000000000000e+01	2.557282620482870226e-05
3.162277660168379517e+11	1.700000000000000000e+01	3.241806532784895890e-05
3.981071705534969482e+11	1.700000000000000000e+01	4.125724504468992424e-05
5.011872336272714844e+11	1.700000000000000000e+01	5.272691172212149493e-05
6.309573444801943359e+11	1.700000000000000000e+01	6.716607255565453221e-05
7.943282347242821045e+11	1.700000000000000000e+01	7.632545436255928049e-05
1.000000000000000000e+12	1.700000000000000000e+01	8.941700913602785943e-05
1.260000000000000000e+12	1.700000000000000000e+01	1.162563340657394196e-04
1.580000000000000000e+12	1.700000000000000000e+01	1.469454992919391430e-04
2.000000000000000000e+12	1.700000000000000000e+01	1.855372532153120224e-04
2.510000000000000000e+12	1.700000000000000000e+01	2.311308126801244129e-04
3.160000000000000000e+12	1.700000000000000000e+01	2.902910033171201003e-04
3.980000000000000000e+12	1.700000000000000000e+01	3.653215866056406299e-04
5.010000000000000000e+12	1.700000000000000000e+01	4.604029849652740568e-04
6.310000000000000000e+12	1.700000000000000000e+01	5.796020766743537403e-04
7.940000000000000000e+12	1.700000000000000000e+01	7.290178766755142908e-04
1.000000000000000000e+13	1.700000000000000000e+01	9.197267696508798626e-04
1.260000000000000000e+13	1.700000000000000000e+01	1.160775736281916687e-03
1.580000000000000000e+13	1.700000000000000000e+01	1.456358382239975394e-03
2.000000000000000000e+13	1.700000000000000000e+01	1.845402893116804798e-03
2.510000000000000000e+13	1.700000000000000000e+01	2.321645244893318517e-03
3.160000000000000000e+13	1.700000000000000000e+01	2.924771147029431220e-03
3.980000000000000000e+13	1.700000000000000000e+01	3.669938362120109265e-03
5.010000000000000000e+13	1.700000000000000000e+01	4.570826752628770993e-03
6.310000000000000000e+13	1.700000000000000000e+01	5.664966558509747577e-03
7.940000000000000000e+13	1.700000000000000000e+01	7.009326549419179174e-03
1.000000000000000000e+14	1.700000000000000000e+01	8.739616052647962777e-03
1.260000000000000000e+14	1.700000000000000000e+01	1.107502003570723023e-02
1.580000000000000000e+14	1.700000000000000000e+01	1.423889338951363041e-02
2.000000000000000000e+14	1.700000000000000000e+01	1.869444948884721805e-02
2.510000000000000000e+14	1.700000000000000000e+01	2.411483802352262090e-02
3.160000000000000000e+14	1.700000000000000000e+01	3.003446906402922056e-02
3.980000000000000000e+14	1.700000000000000000e+01	3.544821744699793581e-02
5.010000000000000000e+14	1.700000000000000000e+01	3.939835482062852001e-02
6.310000000000000000e+14	1.700000000000000000e+01	3.996022696474902519e-02
7.940000000000000000e+14	1.700000000000000000e+01	3.687688552142185522e-02
1.000000000000000000e+15	1.700000000000000000e+01	3.305555473454209470e-02
1.260000000000000000e+15	1.700000000000000000e+01	2.653303814932475233e-02
1.580000000000000000e+15	1.700000000000000000e+01	1.867342202743228069e-02
2.000000000000000000e+15	1.700000000000000000e+01	1.100010048798160008e-02
2.510000000000000000e+15	1.700000000000000000e+01	1.742423846046522442e-03
3.160000000000000000e+15	1.700000000000000000e+01	-6.009123446670004698e-03
3.980000000000000000e+15	1.700000000000000000e+01	-1.242736334478498038e-02
5.010000000000000000e+15	1.700000000000000000e+01	-1.741910985580775312e-02
6.310000000000000000e+15	1.700000000000000000e+01	-2.104068070661004389e-02
7.940000000000000000e+15	1.700000000000000000e+01	-2.339447853121516888e-02
1.000000000000000000e+16	1.700000000000000000e+01	-2.466401009399319874e-02
1.260000000000000000e+16	1.700000000000000000e+01	-2.502635283265879085e-02
1.580000000000000000e+16	1.700000000000000000e+01	-2.470241221316134619e-02
2.000000000000000000e+16	1.700000000000000000e+01	-2.379069144651525108e-02
2.510000000000000000e+16	1.700000000000000000e+01	-2.255752708621328040e-02
3.160000000000000000e+16	1.700000000000000000e+01	-2.105351373928739112e-02
3.980000000000000000e+16	1.700000000000000000e+01	-1.940265759378576385e-02
5.010000000000000000e+16	1.700000000000000000e+01	-1.769616304392181497e-02
6.310000000000000000e+16	1.700000000000000000e+01	-1.598845398955775141e-02
7.940000000000000000e+16	1.700000000000000000e+01	-1.433896955296483020e-02
1.000000000000000000e+17	1.700000000000000000e+01	-1.276295421166901388e-02
1.000000000000000000e+11	1.900000000000000000e+01	9.765802045474621636e-06
1.258925411794166107e+11	1.900000000000000000e+01	1.230553254063703913e-05
1.584893192461110840e+11	1.900000000000000000e+01	1.551586154975220097e-05
1.995262314968882751e+11	1.900000000000000000e+01	1.958324138245155194e-05
2.511886431509582214e+11	1.900000000000000000e+01	2.475977386739224725e-05
3.162277660168379517e+11	1.900000000000000000e+01	3.138984885154984890e-05
3.981071705534969482e+11	1.900000000000000000e+01	3.995368360546765169e-05
5.011872336272714844e+11	1.900000000000000000e+01	5.106615177265615141e-05
6.309573444801943359e+11	1.900000000000000000e+01	6.503100835047736789e-05
7.943282347242821045e+11	1.900000000000000000e+01	7.351973957369843757e-05
1.000000000000000000e+12	1.900000000000000000e+01	8.522701165190807850e-05
1.260000000000000000e+12	1.900000000000000000e+01	1.120105553419609412e-04
1.580000000000000000e+12	1.900000000000000000e+01	1.415118339847402159e-04
2.000000000000000000e+12	1.900000000000000000e+01	1.789681270150162871e-04
2.510000000000000000e+12	1.900000000000000000e+01	2.269462103851368074e-04
3.160000000000000000e+12	1.900000000000000000e+01	2.865662570120866689e-04
3.980000000000000000e+12	1.900000000000000000e+01	3.591381198508842112e-04
5.010000000000000000e+12	1.900000000000000000e+01	4.501521265217975376e-04
6.310000000000000000e+12	1.900000000000000000e+01	5.671086746419833156e-04
7.940000000000000000e+12	1.900000000000000000e+01	7.138807399182152012e-04
1.000000000000000000e+13	1.900000000000000000e+01	8.989636456013885574e-04
1.260000000000000000e+13	1.900000000000000000e+01	1.132537430974164426e-03
1.580000000000000000e+13	1.900000000000000000e+01	1.421407076153279395e-03
2.000000000000000000e+13	1.900000000000000000e+01	1.803383193986700600e-03
2.510000000000000000e+13	1.900000000000000000e+01	2.268205611143277178e-03
3.160000000000000000e+13	1.900000000000000000e+01	2.854502425040758747e-03
3.980000000000000000e+13	1.900000000000000000e+01	3.586290341088296720e-03
5.010000000000000000e+13	1.900000000000000000e+01	4.470175299136966776e-03
6.310000000000000000e+13	1.900000000000000000e+01	5.541393917852013504e-03
7.940000000000000000e+13	1.900000000000000000e+01	6.874305293530478395e-03
1.000000000000000000e+14	1.900000000000000000e+01	8.603998530640966785e-03
1.260000000000000000e+14	1.900000000000000000e+01	1.094039551483979612e-02
1.580000000000000000e+14	1.900000000000000000e+01	1.406060576748152310e-02
2.000000000000000000e+14	1.900000000000000000e+01	1.851936170117038025e-02
2.510000000000000000e+14	1.900000000000000000e+01	2.387155393671192005e-02
3.160000000000000000e+14	1.900000000000000000e+01	2.974151229587601239e-02
3.980000000000000000e+14	1.900000000000000000e+01	3.515051825755251269e-02
5.010000000000000000e+14	1.900000000000000000e+01	3.823757782298514707e-02
6.310000000000000000e+14	1.900000000000000000e+01	3.963497876248282814e-02
7.940000000000000000e+14	1.900000000000000000e+01	3.827548066649105740e-02
1.000000000000000000e+15	1.900000000000000000e+01	3.204133553593892236e-02
1.260000000000000000e+15	1.900000000000000000e+01	2.543247415121054067e-02
1.580000000000000000e+15	1.900000000000000000e+01	1.749778229087691969e-02
2.000000000000000000e+15	1.900000000000000000e+01	7.934135524217379720e-03
2.510000000000000000e+15	1.900000000000000000e+01	5.180955212797658726e-04
3.160000000000000000e+15	1.900000000000000000e+01	-6.571114002817063718e-03
3.980000000000000000e+15	1.900000000000000000e+01	-1.255530312061477194e-02
5.010000000000000000e+15	1.900000000000000000e+01	-1.723805458137543656e-02
6.310000000000000000e+15	1.900000000000000000e+01	-2.063813185765684191e-02
7.940000000000000000e+15	1.900000000000000000e+01	-2.283974428511213739e-02
1.000000000000000000e+16	1.900000000000000000e+01	-2.401124712033901598e-02
1.260000000000000000e+16	1.900000000000000000e+01	-2.431915645296016046e-02
1.580000000000000000e+16	1.900000000000000000e+01	-2.397429764568943106e-02
2.000000000000000000e+16	1.900000000000000000e+01	-2.306775708233897715e-02
2.510000000000000000e+16	1.900000000000000000e+01	-2.185711703400754213e-02
3.160000000000000000e+16	1.900000000000000000e+01	-2.038903860088652278e-02
3.980000000000000000e+16	1.900000000000000000e+01	-1.878236002691982889e-02
5.010000000000000000e+16	1.900000000000000000e+01	-1.712479192450732171e-02
6.310000000000000000e+16	1.900000000000000000e+01	-1.546785864414712032e-02
7.940000000000000000e+16	1.900000000000000000e+01	-1.386895904178078905e-02
1.000000000000000000e+17	1.900000000000000000e+01	-1.234220081266980060e-02
1.000000000000000000e+11	2.100000000000000000e+01	9.721130176027120479e-06
1.258925411794166107e+11	2.100000000000000000e+01	1.224913278637309630e-05
1.584893192461110840e+11	2.100000000000000000e+01	1.544401395671686185e-05
1.995262314968882751e+11	2.100000000000000000e+01	1.949165199346115682e-05
2.511886431509582214e+11	2.100000000000000000e+01	2.464125760166709574e-05
3.162277660168379517e+11	2.100000000000000000e+01	3.123514989970398604e-05
3.981071705534969482e+11	2.100000000000000000e+01	3.974589295890887581e-05
5.011872336272714844e+11	2.100000000000000000e+01	5.077284162881433760e-05
6.309573444801943359e+11	2.100000000000000000e+01	6.456999178504278900e-05
7.943282347242821045e+11	2.100000000000000000e+01	7.235776100858382542e-05
1.000000000000000000e+12	2.100000000000000000e+01	8.495309948855862467e-05
1.260000000000000000e+12	2.100000000000000000e+01	1.124321126822950103e-04
1.580000000000000000e+12	2.100000000000000000e+01	1.428910458640894881e-04
2.000000000000000000e+12	2.100000000000000000e+01	1.808378501281647673e-04
2.510000000000000000e+12	2.100000000000000000e+01	2.250497297212782825e-04
3.160000000000000000e+12	2.100000000000000000e+01	2.841592022642745307e-04
3.980000000000000000e+12	2.100000000000000000e+01	3.590206419561428001e-04
5.010000000000000000e+12	2.100000000000000000e+01	4.515816460487027603e-04
6.310000000000000000e+12	2.100000000000000000e+01	5.682597369949305734e-04
7.940000000000000000e+12	2.100000000000000000e+01	7.144673601941620286e-04
1.000000000000000000e+13	2.100000000000000000e+01	9.004333723727035981e-04
1.260000000000000000e+13	2.100000000000000000e+01	1.136042883006862592e-03
1.580000000000000000e+13	2.100000000000000000e+01	1.427056971360634620e-03
2.000000000000000000e+13	2.100000000000000000e+01	1.809071414671902705e-03
2.510000000000000000e+13	2.100000000000000000e+01	2.273613244499881128e-03
3.160000000000000000e+13	2.100000000000000000e+01	2.865233988799442948e-03
3.980000000000000000e+13	2.100000000000000000e+01	3.593675025669465419e-03
5.010000000000000000e+13	2.100000000000000000e+01	4.472767585975972494e-03
6.310000000000000000e+13	2.100000000000000000e+01	5.566061125962986321e-03
7.940000000000000000e+13	2.100000000000000000e+01	6.929991503169407978e-03
1.000000000000000000e+14	2.100000000000000000e+01	8.685240022355081649e-03
1.260000000000000000e+14	2.100000000000000000e+01	1.104518951909511972e-02
1.580000000000000000e+14	2.100000000000000000e+01	1.421503937118329640e-02
2.000000000000000000e+14	2.100000000000000000e+01	1.866661342790433206e-02
2.510000000000000000e+14	2.100000000000000000e+01	2.412640390070389801e-02
3.160000000000000000e+14	2.100000000000000000e+01	3.011457247217064551e-02
3.980000000000000000e+14	2.100000000000000000e+01	3.549915600054252135e-02
5.010000000000000000e+14	2.100000000000000000e+01	3.983582397730903862e-02
6.310000000000000000e+14	2.100000000000000000e+01	4.082191093802316900e-02
7.940000000000000000e+14	2.100000000000000000e+01	3.813809023945360227e-02
1.000000000000000000e+15	2.100000000000000000e+01	3.328199134652263386e-02
1.260000000000000000e+15	2.100000000000000000e+01	2.549932109787578574e-02
1.580000000000000000e+15	2.100000000000000000e+01	1.833596343189159913e-02
2.000000000000000000e+15	2.100000000000000000e+01	1.080529478818842426e-02
2.510000000000000000e+15	2.100000000000000000e+01	1.609445705004625572e-03
3.160000000000000000e+15	2.100000000000000000e+01	-6.105378900702407470e-03
3.980000000000000000e+15	2.100000000000000000e+01	-1.249960003097555679e-02
5.010000000000000000e+15	2.100000000000000000e+01	-1.747458839980941050e-02
6.310000000000000000e+15	2.100000000000000000e+01	-2.108380605285853360e-02
7.940000000000000000e+15	2.100000000000000000e+01	-2.342795609640221932e-02
1.000000000000000000e+16	2.100000000000000000e+01	-2.469064210044202498e-02
1.260000000000000000e+16	2.100000000000000000e+01	-2.504737841151314162e-02
1.580000000000000000e+16	2.100000000000000000e+01	-2.471910554848870401e-02
2.000000000000000000e+16	2.100000000000000000e+01	-2.380386040411775275e-02
2.510000000000000000e+16	2.100000000000000000e+01	-2.256800265090527433e-02
3.160000000000000000e+16	2.100000000000000000e+01	-2.106185065317691188e-02
3.980000000000000000e+16	2.100000000000000000e+01	-1.940926023752867838e-02
5.010000000000000000e+16	2.100000000000000000e+01	-1.770126323054200396e-02
6.310000000000000000e+16	2.100000000000000000e+01	-1.599257335176171996e-02
7.940000000000000000e+16	2.100000000000000000e+01	-1.434227247527298209e-02
1.000000000000000000e+17	2.100000000000000000e+01	-1.276558429963692634e-02
1.000000000000000000e+11	2.300000000000000000e+01	9.451144562381300030e-06
1.258925411794166107e+11	2.300000000000000000e+01	1.190878013948584229e-05
1.584893192461110840e+11	2.300000000000000000e+01	1.501488227243601283e-05
1.995262314968882751e+11	2.300000000000000000e+01	1.895015812302655033e-05
2.511886431509582214e+11	2.300000000000000000e+01	2.395660230090854170e-05
3.162277660168379517e+11	2.300000000000000000e+01	3.036675515127256164e-05
3.981071705534969482e+11	2.300000000000000000e+01	3.863982166480673747e-05
5.011872336272714844e+11	2.300000000000000000e+01	4.936139751818464667e-05
6.309573444801943359e+11	2.300000000000000000e+01	6.268394527338058957e-05
7.943282347242821045e+11	2.300000000000000000e+01	6.940643168733088024e-05
1.000000000000000000e+12	2.300000000000000000e+01	8.244129460908645394e-05
1.260000000000000000e+12	2.300000000000000000e+01	1.104273008735526669e-04
1.580000000000000000e+12	2.300000000000000000e+01	1.387227431800149013e-04
2.000000000000000000e+12	2.300000000000000000e+01	1.761133711104763736e-04
2.510000000000000000e+12	2.300000000000000000e+01	2.219611487725133361e-04
3.160000000000000000e+12	2.300000000000000000e+01	2.791421610932320343e-04
3.980000000000000000e+12	2.300000000000000000e+01	3.500541748398532950e-04
5.010000000000000000e+12	2.300000000000000000e+01	4.402740442756516602e-04
6.310000000000000000e+12	2.300000000000000000e+01	5.552321172220335251e-04
7.940000000000000000e+12	2.300000000000000000e+01	6.991311336894656106e-04
1.000000000000000000e+13	2.300000000000000000e+01	8.798437586181876357e-04
1.260000000000000000e+13	2.300000000000000000e+01	1.108863014839073843e-03
1.580000000000000000e+13	2.300000000000000000e+01	1.392511903452977933e-03
2.000000000000000000e+13	2.300000000000000000e+01	1.767189367402461058e-03
2.510000000000000000e+13	2.300000000000000000e+01	2.222513369095941490e-03
3.160000000000000000e+13	2.300000000000000000e+01	2.796500113597776525e-03
3.980000000000000000e+13	2.300000000000000000e+01	3.512588310560360496e-03
5.010000000000000000e+13	2.300000000000000000e+01	4.389900716856930986e-03
6.310000000000000000e+13	2.300000000000000000e+01	5.448778357905669986e-03
7.940000000000000000e+13	2.300000000000000000e+01	6.778703298289175984e-03
1.000000000000000000e+14	2.300000000000000000e+01	8.520542834682804517e-03
1.260000000000000000e+14	2.300000000000000000e+01	1.086390329916813065e-02
1.580000000000000000e+14	2.300000000000000000e+01	1.401726686036520314e-02
2.000000000000000000e+14	2.300000000000000000e+01	1.838841593667006613e-02
2.510000000000000000e+14	2.300000000000000000e+01	2.368306161275944219e-02
3.160000000000000000e+14	2.300000000000000000e+01	2.968834116342078736e-02
3.980000000000000000e+14	2.300000000000000000e+01	3.485712937875477119e-02
5.010000000000000000e+14	2.300000000000000000e+01	3.820953725375936250e-02
6.310000000000000000e+14	2.300000000000000000e+01	3.999415850209751822e-02
7.940000000000000000e+14	2.300000000000000000e+01	3.781521078452536322e-02
1.000000000000000000e+15	2.300000000000000000e+01	3.313678589935975527e-02
1.260000000000000000e+15	2.300000000000000000e+01	2.673723378941223264e-02
1.580000000000000000e+15	2.300000000000000000e+01	1.684557566317055818e-02
2.000000000000000000e+15	2.300000000000000000e+01	7.840835450006571061e-03
2.510000000000000000e+15	2.300000000000000000e+01	4.878389057025267982e-04
3.160000000000000000e+15	2.300000000000000000e+01	-6.581581061941496613e-03
3.980000000000000000e+15	2.300000000000000000e+01	-1.255857789822989456e-02
5.010000000000000000e+15	2.300000000000000000e+01	-1.723847536467087299e-02
6.310000000000000000e+15	2.300000000000000000e+01	-2.063750614747011242e-02
7.940000000000000000e+15	2.300000000000000000e+01	-2.283877187077815868e-02
1.000000000000000000e+16	2.300000000000000000e+01	-2.401026014118093008e-02
1.260000000000000000e+16	2.300000000000000000e+01	-2.431827820395485173e-02
1.580000000000000000e+16	2.300000000000000000e+01	-2.397353619709693962e-02
2.000000000000000000e+16	2.300000000000000000e+01	-2.306712512758615080e-02
2.510000000000000000e+16	2.300000000000000000e+01	-2.185666717646305227e-02
3.160000000000000000e+16	2.300000000000000000e+01	-2.038862316405244332e-02
3.980000000000000000e+16	2.300000000000000000e+01	-1.878201941790036758e-02
5.010000000000000000e+16	2.300000000000000000e+01	-1.712445209373991348e-02
6.310000000000000000e+16	2.300000000000000000e+01	-1.546764086852966437e-02
7.940000000000000000e+16	2.300000000000000000e+01	-1.386878566885168564e-02
1.000000000000000000e+17	2.300000000000000000e+01	-1.234211147969191923e-02
1.000000000000000000e+11	2.500000000000000000e+01	9.537053984621991193e-06
1.258925411794166107e+11	2.500000000000000000e+01	1.201722096017559387e-05
1.584893192461110840e+11	2.500000000000000000e+01	1.515192589901176589e-05
1.995262314968882751e+11	2.500000000000000000e+01	1.912374067485236959e-05
2.511886431509582214e+11	2.500000000000000000e+01	2.417761649336346521e-05
3.162277660168379517e+11	2.500000000000000000e+01	3.065045706527027495e-05
3.981071705534969482e+11	2.500000000000000000e+01	3.900783019149812845e-05
5.011872336272714844e+11	2.500000000000000000e+01	4.985878213321781339e-05
6.309573444801943359e+11	2.500000000000000000e+01	6.338590251979959425e-05
7.943282347242821045e+11	2.500000000000000000e+01	7.084908645488253130e-05
1.000000000000000000e+12	2.500000000000000000e+01	8.300953059154956941e-05
1.260000000000000000e+12	2.500000000000000000e+01	1.098609586713103541e-04
1.580000000000000000e+12	2.500000000000000000e+01	1.389862624131706342e-04
2.000000000000000000e+12	2.500000000000000000e+01	1.765991092581785621e-04
2.510000000000000000e+12	2.500000000000000000e+01	2.220769441053317879e-04
3.160000000000000000e+12	2.500000000000000000e+01	2.800357797209974422e-04
3.980000000000000000e+12	2.500000000000000000e+01	3.537115581195816806e-04
5.010000000000000000e+12	2.500000000000000000e+01	4.451438930594025828e-04
6.310000000000000000e+12	2.500000000000000000e+01	5.599839433008176742e-04
7.940000000000000000e+12	2.500000000000000000e+01	7.041661836723159566e-04
1.000000000000000000e+13	2.500000000000000000e+01	8.871355557516997017e-04
1.260000000000000000e+13	2.500000000000000000e+01	1.118989676206437120e-03
1.580000000000000000e+13	2.500000000000000000e+01	1.403752373633610027e-03
2.000000000000000000e+13	2.500000000000000000e+01	1.779570428228394435e-03
2.510000000000000000e+13	2.500000000000000000e+01	2.234524768169904307e-03
3.160000000000000000e+13	2.500000000000000000e+01	2.819869617651302954e-03
3.980000000000000000e+13	2.500000000000000000e+01	3.541899570481945800e-03
5.010000000000000000e+13	2.500000000000000000e+01	4.419188021120821347e-03
6.310000000000000000e+13	2.500000000000000000e+01	5.514113132199131156e-03
7.940000000000000000e+13	2.500000000000000000e+01	6.879185958361054044e-03
1.000000000000000000e+14	2.500000000000000000e+01	8.642047464975027155e-03
1.260000000000000000e+14	2.500000000000000000e+01	1.101522988931227624e-02
1.580000000000000000e+14	2.500000000000000000e+01	1.417294580446971236e-02
2.000000000000000000e+14	2.500000000000000000e+01	1.877254559648932133e-02
2.510000000000000000e+14	2.500000000000000000e+01	2.421125319493661054e-02
3.160000000000000000e+14	2.500000000000000000e+01	2.996986718987222978e-02
3.980000000000000000e+14	2.500000000000000000e+01	3.537449964483594528e-02
5.010000000000000000e+14	2.500000000000000000e+01	3.966959671189178999e-02
6.310000000000000000e+14	2.500000000000000000e+01	4.058166139623409219e-02
7.940000000000000000e+14	2.500000000000000000e+01	3.774853075755947585e-02
1.000000000000000000e+15	2.500000000000000000e+01	3.223139197976059717e-02
1.260000000000000000e+15	2.500000000000000000e+01	2.542834440441425758e-02
1.580000000000000000e+15	2.500000000000000000e+01	1.947358048813511641e-02
2.000000000000000000e+15	2.500000000000000000e+01	1.120800274536579155e-02
2.510000000000000000e+15	2.500000000000000000e+01	1.861655482386970900e-03
3.160000000000000000e+15	2.500000000000000000e+01	-5.928656673583929115e-03
3.980000000000000000e+15	2.500000000000000000e+01	-1.236889732405489425e-02
5.010000000000000000e+15	2.500000000000000000e+01	-1.737502387475241966e-02
6.310000000000000000e+15	2.500000000000000000e+01	-2.100674988361047463e-02
7.940000000000000000e+15	2.500000000000000000e+01	-2.336804340691121459e-02
1.000000000000000000e+16	2.500000000000000000e+01	-2.464324021626727521e-02
1.260000000000000000e+16	2.500000000000000000e+01	-2.500998940179745972e-02
1.580000000000000000e+16	2.500000000000000000e+01	-2.468942484808873961e-02
2.000000000000000000e+16	2.500000000000000000e+01	-2.378046124146285245e-02
2.510000000000000000e+16	2.500000000000000000e+01	-2.254937881001439076e-02
3.160000000000000000e+16	2.500000000000000000e+01	-2.104707492152155246e-02
3.980000000000000000e+16	2.500000000000000000e+01	-1.939752935767488987e-02
5.010000000000000000e+16	2.500000000000000000e+01	-1.769228338366922795e-02
6.310000000000000000e+16	2.500000000000000000e+01	-1.598522626544639919e-02
7.940000000000000000e+16	2.500000000000000000e+01	-1.433639826539181983e-02
1.000000000000000000e+17	2.500000000000000000e+01	-1.276091688188885423e-02
