1.000000000000000000e+11	5.000000000000000000e-01	2.152513820639480275e-05
1.258925411794166107e+11	5.000000000000000000e-01	2.712617161811598312e-05
1.584893192461110840e+11	5.000000000000000000e-01	3.420715891041766800e-05
1.995262314968882751e+11	5.000000000000000000e-01	4.318214075076098890e-05
2.511886431509582214e+11	5.000000000000000000e-01	5.460792010017179426e-05
3.162277660168379517e+11	5.000000000000000000e-01	6.925870417761813248e-05
3.981071705534969482e+11	5.000000000000000000e-01	8.826083804935828795e-05
5.011872336272714844e+11	5.000000000000000000e-01	1.133444514405627251e-04
6.309573444801943359e+11	5.000000000000000000e-01	1.473207286236480893e-04
7.943282347242821045e+11	5.000000000000000000e-01	1.964899632614184601e-04
1.000000000000000000e+12	5.000000000000000000e-01	2.272434347491195366e-04
1.260000000000000000e+12	5.000000000000000000e-01	2.411101425716716728e-04
1.580000000000000000e+12	5.000000000000000000e-01	2.794449497187503689e-04
2.000000000000000000e+12	5.000000000000000000e-01	3.367457279498787637e-04
2.510000000000000000e+12	5.000000000000000000e-01	4.096056142950869720e-04
3.160000000000000000e+12	5.000000000000000000e-01	5.044710259625343569e-04
3.980000000000000000e+12	5.000000000000000000e-01	6.257406727653790600e-04
5.010000000000000000e+12	5.000000000000000000e-01	7.793497565683902206e-04
6.310000000000000000e+12	5.000000000000000000e-01	9.753742513048642773e-04
7.940000000000000000e+12	5.000000000000000000e-01	1.225640845884888672e-03
1.000000000000000000e+13	5.000000000000000000e-01	1.548398293669726649e-03
1.260000000000000000e+13	5.000000000000000000e-01	1.958206266599143465e-03
1.580000000000000000e+13	5.000000000000000000e-01	2.461095141515966863e-03
2.000000000000000000e+13	5.000000000000000000e-01	3.123775178293283859e-03
2.510000000000000000e+13	5.000000000000000000e-01	3.910085076900341773e-03
3.160000000000000000e+13	5.000000000000000000e-01	4.842406751050430669e-03
3.980000000000000000e+13	5.000000000000000000e-01	5.833281943891762550e-03
5.010000000000000000e+13	5.000000000000000000e-01	6.811310179521505408e-03
6.310000000000000000e+13	5.000000000000000000e-01	7.769981792832581294e-03
7.940000000000000000e+13	5.000000000000000000e-01	8.782088122991697082e-03
1.000000000000000000e+14	5.000000000000000000e-01	1.003841074066005520e-02
1.260000000000000000e+14	5.000000000000000000e-01	1.182528106478541313e-02
1.580000000000000000e+14	5.000000000000000000e-01	1.441812661240914409e-02
2.000000000000000000e+14	5.000000000000000000e-01	1.834236783140755569e-02
2.510000000000000000e+14	5.000000000000000000e-01	2.331553260989662965e-02
3.160000000000000000e+14	5.000000000000000000e-01	2.898070771748468416e-02
3.980000000000000000e+14	5.000000000000000000e-01	3.412246409944046099e-02
5.010000000000000000e+14	5.000000000000000000e-01	3.762106539997142618e-02
6.310000000000000000e+14	5.000000000000000000e-01	3.850105089437560330e-02
7.940000000000000000e+14	5.000000000000000000e-01	3.640708183982759721e-02
1.000000000000000000e+15	5.000000000000000000e-01	3.156483897339892181e-02
1.260000000000000000e+15	5.000000000000000000e-01	2.485922700227123638e-02
1.580000000000000000e+15	5.000000000000000000e-01	1.699366603667780418e-02
2.000000000000000000e+15	5.000000000000000000e-01	8.443347890324404831e-03
2.510000000000000000e+15	5.000000000000000000e-01	3.481989368392903643e-04
3.160000000000000000e+15	5.000000000000000000e-01	-7.005683720163374643e-03
3.980000000000000000e+15	5.000000000000000000e-01	-1.317856744252005920e-02
5.010000000000000000e+15	5.000000000000000000e-01	-1.799898053159388125e-02
6.310000000000000000e+15	5.000000000000000000e-01	-2.149337148687674448e-02
7.940000000000000000e+15	5.000000000000000000e-01	-2.375011032616165807e-02
1.000000000000000000e+16	5.000000000000000000e-01	-2.494498630338894823e-02
1.260000000000000000e+16	5.000000000000000000e-01	-2.524847208507620400e-02
1.580000000000000000e+16	5.000000000000000000e-01	-2.487910875184379256e-02
2.000000000000000000e+16	5.000000000000000000e-01	-2.393007312482744661e-02
2.510000000000000000e+16	5.000000000000000000e-01	-2.266846730707944638e-02
3.160000000000000000e+16	5.000000000000000000e-01	-2.114160419788438036e-02
3.980000000000000000e+16	5.000000000000000000e-01	-1.947254592949426710e-02
5.010000000000000000e+16	5.000000000000000000e-01	-1.775195144381661386e-02
6.310000000000000000e+16	5.000000000000000000e-01	-1.603250375686285714e-02
7.940000000000000000e+16	5.000000000000000000e-01	-1.437397067027902479e-02
1.000000000000000000e+17	5.000000000000000000e-01	-1.279076638977267102e-02
1.000000000000000000e+11	1.500000000000000000e+00	2.085154300440693909e-05
1.258925411794166107e+11	1.500000000000000000e+00	2.627812718430281804e-05
1.584893192461110840e+11	1.500000000000000000e+00	3.313955280387398161e-05
1.995262314968882751e+11	1.500000000000000000e+00	4.183790501352051104e-05
2.511886431509582214e+11	1.500000000000000000e+00	5.291513744659049695e-05
3.162277660168379517e+11	1.500000000000000000e+00	6.712700444011586009e-05
3.981071705534969482e+11	1.500000000000000000e+00	8.557576105054194246e-05
5.011872336272714844e+11	1.500000000000000000e+00	1.099609244343962037e-04
6.309573444801943359e+11	1.500000000000000000e+00	1.430541988420337023e-04
7.943282347242821045e+11	1.500000000000000000e+00	1.911032953844852395e-04
1.000000000000000000e+12	1.500000000000000000e+00	2.204254734670519733e-04
1.260000000000000000e+12	1.500000000000000000e+00	2.323616969706695395e-04
1.580000000000000000e+12	1.500000000000000000e+00	2.686137288415307053e-04
2.000000000000000000e+12	1.500000000000000000e+00	3.228038051809189882e-04
2.510000000000000000e+12	1.500000000000000000e+00	3.920796604532808625e-04
3.160000000000000000e+12	1.500000000000000000e+00	4.828924773999709115e-04
3.980000000000000000e+12	1.500000000000000000e+00	5.989233125232805953e-04
5.010000000000000000e+12	1.500000000000000000e+00	7.460559753680279065e-04
6.310000000000000000e+12	1.500000000000000000e+00	9.340765071684399958e-04
7.940000000000000000e+12	1.500000000000000000e+00	1.174730778700074606e-03
1.000000000000000000e+13	1.500000000000000000e+00	1.484554233803580354e-03
1.260000000000000000e+13	1.500000000000000000e+00	1.877442407739563900e-03
1.580000000000000000e+13	1.500000000000000000e+00	2.360731377716546002e-03
2.000000000000000000e+13	1.500000000000000000e+00	2.998448750841319153e-03
2.510000000000000000e+13	1.500000000000000000e+00	3.763273316162535093e-03
3.160000000000000000e+13	1.500000000000000000e+00	4.668316864373182017e-03
3.980000000000000000e+13	1.500000000000000000e+00	5.650114864520302919e-03
5.010000000000000000e+13	1.500000000000000000e+00	6.633418455083147681e-03
6.310000000000000000e+13	1.500000000000000000e+00	7.622801913031889906e-03
7.940000000000000000e+13	1.500000000000000000e+00	8.662581709031684854e-03
1.000000000000000000e+14	1.500000000000000000e+00	9.940805809107106442e-03
1.260000000000000000e+14	1.500000000000000000e+00	1.176337384514659044e-02
1.580000000000000000e+14	1.500000000000000000e+00	1.437817102705672527e-02
2.000000000000000000e+14	1.500000000000000000e+00	1.833222943639747915e-02
2.510000000000000000e+14	1.500000000000000000e+00	2.330935407828036224e-02
3.160000000000000000e+14	1.500000000000000000e+00	2.890174971054919675e-02
3.980000000000000000e+14	1.500000000000000000e+00	3.401923254984774714e-02
5.010000000000000000e+14	1.500000000000000000e+00	3.760567918353991540e-02
6.310000000000000000e+14	1.500000000000000000e+00	3.868234246522322950e-02
7.940000000000000000e+14	1.500000000000000000e+00	3.654367336940004402e-02
1.000000000000000000e+15	1.500000000000000000e+00	3.153398980053584433e-02
1.260000000000000000e+15	1.500000000000000000e+00	2.454174538789178836e-02
1.580000000000000000e+15	1.500000000000000000e+00	1.663253759534215337e-02
2.000000000000000000e+15	1.500000000000000000e+00	8.301759486153716810e-03
2.510000000000000000e+15	1.500000000000000000e+00	2.926012554224471625e-04
3.160000000000000000e+15	1.500000000000000000e+00	-6.993342103901963903e-03
3.980000000000000000e+15	1.500000000000000000e+00	-1.311384750974179877e-02
5.010000000000000000e+15	1.500000000000000000e+00	-1.789454270785335172e-02
6.310000000000000000e+15	1.500000000000000000e+00	-2.136026298977590152e-02
7.940000000000000000e+15	1.500000000000000000e+00	-2.359821656194273018e-02
1.000000000000000000e+16	1.500000000000000000e+00	-2.478217586599358591e-02
1.260000000000000000e+16	1.500000000000000000e+00	-2.508160224522228143e-02
1.580000000000000000e+16	1.500000000000000000e+00	-2.471328971665035304e-02
2.000000000000000000e+16	1.500000000000000000e+00	-2.376957182284890335e-02
2.510000000000000000e+16	1.500000000000000000e+00	-2.251574132348978588e-02
3.160000000000000000e+16	1.500000000000000000e+00	-2.099865972017812485e-02
3.980000000000000000e+16	1.500000000000000000e+00	-1.934047784388170585e-02
5.010000000000000000e+16	1.500000000000000000e+00	-1.763107636470387374e-02
6.310000000000000000e+16	1.500000000000000000e+00	-1.592336479833615995e-02
7.940000000000000000e+16	1.500000000000000000e+00	-1.427600149038637037e-02
1.000000000000000000e+17	1.500000000000000000e+00	-1.270345587837211354e-02
1.000000000000000000e+11	2.500000000000000000e+00	2.004397020471813040e-05
1.258925411794166107e+11	2.500000000000000000e+00	2.526054743452204899e-05
1.584893192461110840e+11	2.500000000000000000e+00	3.185675110509107516e-05
1.995262314968882751e+11	2.500000000000000000e+00	4.021934035798123538e-05
2.511886431509582214e+11	2.500000000000000000e+00	5.087026038109928325e-05
3.162277660168379517e+11	2.500000000000000000e+00	6.453725442838424025e-05
3.981071705534969482e+11	2.500000000000000000e+00	8.228269742296074132e-05
5.011872336272714844e+11	2.500000000000000000e+00	1.057390578014698128e-04
6.309573444801943359e+11	2.500000000000000000e+00	1.375379491608388416e-04
7.943282347242821045e+11	2.500000000000000000e+00	1.831627032052754824e-04
1.000000000000000000e+12	2.500000000000000000e+00	2.111414660746383052e-04
1.260000000000000000e+12	2.500000000000000000e+00	2.229666974995805060e-04
1.580000000000000000e+12	2.500000000000000000e+00	2.576963548488504655e-04
2.000000000000000000e+12	2.500000000000000000e+00	3.102190786163540738e-04
2.510000000000000000e+12	2.500000000000000000e+00	3.772822387512967789e-04
3.160000000000000000e+12	2.500000000000000000e+00	4.648944441421957703e-04
3.980000000000000000e+12	2.500000000000000000e+00	5.772671275630766527e-04
5.010000000000000000e+12	2.500000000000000000e+00	7.204630639439409253e-04
6.310000000000000000e+12	2.500000000000000000e+00	9.027563212547508840e-04
7.940000000000000000e+12	2.500000000000000000e+00	1.135326595440247976e-03
1.000000000000000000e+13	2.500000000000000000e+00	1.435243462054358859e-03
1.260000000000000000e+13	2.500000000000000000e+00	1.815720402057778831e-03
1.580000000000000000e+13	2.500000000000000000e+00	2.286230455942360029e-03
2.000000000000000000e+13	2.500000000000000000e+00	2.908252877501886751e-03
2.510000000000000000e+13	2.500000000000000000e+00	3.649956394323488999e-03
3.160000000000000000e+13	2.500000000000000000e+00	4.528943054124302814e-03
3.980000000000000000e+13	2.500000000000000000e+00	5.489198184444933973e-03
5.010000000000000000e+13	2.500000000000000000e+00	6.467070000073895861e-03
6.310000000000000000e+13	2.500000000000000000e+00	7.439247313652751735e-03
7.940000000000000000e+13	2.500000000000000000e+00	8.510558914880523435e-03
1.000000000000000000e+14	2.500000000000000000e+00	9.835153969838365123e-03
1.260000000000000000e+14	2.500000000000000000e+00	1.166875474490002007e-02
1.580000000000000000e+14	2.500000000000000000e+00	1.435635930690406549e-02
2.000000000000000000e+14	2.500000000000000000e+00	1.834763554062531637e-02
2.510000000000000000e+14	2.500000000000000000e+00	2.335408862380910361e-02
3.160000000000000000e+14	2.500000000000000000e+00	2.905718588416908790e-02
3.980000000000000000e+14	2.500000000000000000e+00	3.425765656353015054e-02
5.010000000000000000e+14	2.500000000000000000e+00	3.773961597406340351e-02
6.310000000000000000e+14	2.500000000000000000e+00	3.866397908624970292e-02
7.940000000000000000e+14	2.500000000000000000e+00	3.647701845370607265e-02
1.000000000000000000e+15	2.500000000000000000e+00	3.170339985150075202e-02
1.260000000000000000e+15	2.500000000000000000e+00	2.487335569709558242e-02
1.580000000000000000e+15	2.500000000000000000e+00	1.679076260323614234e-02
2.000000000000000000e+15	2.500000000000000000e+00	8.409778490302192641e-03
2.510000000000000000e+15	2.500000000000000000e+00	3.734074400226716989e-04
3.160000000000000000e+15	2.500000000000000000e+00	-6.932093952174216492e-03
3.980000000000000000e+15	2.500000000000000000e+00	-1.306632726298559595e-02
5.010000000000000000e+15	2.500000000000000000e+00	-1.785732326820581306e-02
6.310000000000000000e+15	2.500000000000000000e+00	-2.133096462231117221e-02
7.940000000000000000e+15	2.500000000000000000e+00	-2.357505764999964434e-02
1.000000000000000000e+16	2.500000000000000000e+00	-2.476384720353400765e-02
1.260000000000000000e+16	2.500000000000000000e+00	-2.506708335316323172e-02
1.580000000000000000e+16	2.500000000000000000e+00	-2.470172976452891453e-02
2.000000000000000000e+16	2.500000000000000000e+00	-2.376044663926397960e-02
2.510000000000000000e+16	2.500000000000000000e+00	-2.250847105916080684e-02
3.160000000000000000e+16	2.500000000000000000e+00	-2.099289144161331847e-02
3.980000000000000000e+16	2.500000000000000000e+00	-1.933594175856924099e-02
5.010000000000000000e+16	2.500000000000000000e+00	-1.762745189614162503e-02
6.310000000000000000e+16	2.500000000000000000e+00	-1.592046061922917574e-02
7.940000000000000000e+16	2.500000000000000000e+00	-1.427373305894452486e-02
1.000000000000000000e+17	2.500000000000000000e+00	-1.270162748278309134e-02
1.000000000000000000e+11	3.500000000000000000e+00	1.916068642912541000e-05
1.258925411794166107e+11	3.500000000000000000e+00	2.414729993858383823e-05
1.584893192461110840e+11	3.500000000000000000e+00	3.045284511656164787e-05
1.995262314968882751e+11	3.500000000000000000e+00	3.844683800570159208e-05
2.511886431509582214e+11	3.500000000000000000e+00	4.862830090418300891e-05
3.162277660168379517e+11	3.500000000000000000e+00	6.169261225393676319e-05
3.981071705534969482e+11	3.500000000000000000e+00	7.865297037994622899e-05
5.011872336272714844e+11	3.500000000000000000e+00	1.010589414097263448e-04
6.309573444801943359e+11	3.500000000000000000e+00	1.313535352629477762e-04
7.943282347242821045e+11	3.500000000000000000e+00	1.739328162792957717e-04
1.000000000000000000e+12	3.500000000000000000e+00	2.003474132096906915e-04
1.260000000000000000e+12	3.500000000000000000e+00	2.132724440554784506e-04
1.580000000000000000e+12	3.500000000000000000e+00	2.474690187726612126e-04
2.000000000000000000e+12	3.500000000000000000e+00	2.981743758948514410e-04
2.510000000000000000e+12	3.500000000000000000e+00	3.630631758733421518e-04
3.160000000000000000e+12	3.500000000000000000e+00	4.481054886452632701e-04
3.980000000000000000e+12	3.500000000000000000e+00	5.573687656770243137e-04
5.010000000000000000e+12	3.500000000000000000e+00	6.960330631675047371e-04
6.310000000000000000e+12	3.500000000000000000e+00	8.731268173557179407e-04
7.940000000000000000e+12	3.500000000000000000e+00	1.099507925933644863e-03
1.000000000000000000e+13	3.500000000000000000e+00	1.388912605278561823e-03
1.260000000000000000e+13	3.500000000000000000e+00	1.760253814307749303e-03
1.580000000000000000e+13	3.500000000000000000e+00	2.218016257865285720e-03
2.000000000000000000e+13	3.500000000000000000e+00	2.819455907206928295e-03
2.510000000000000000e+13	3.500000000000000000e+00	3.544386506528832397e-03
3.160000000000000000e+13	3.500000000000000000e+00	4.407838033229780766e-03
3.980000000000000000e+13	3.500000000000000000e+00	5.351999765240752355e-03
5.010000000000000000e+13	3.500000000000000000e+00	6.314371120418299510e-03
6.310000000000000000e+13	3.500000000000000000e+00	7.282459228373435421e-03
7.940000000000000000e+13	3.500000000000000000e+00	8.316137848770098831e-03
1.000000000000000000e+14	3.500000000000000000e+00	9.647092219866060595e-03
1.260000000000000000e+14	3.500000000000000000e+00	1.155504184290462137e-02
1.580000000000000000e+14	3.500000000000000000e+00	1.425895098093138934e-02
2.000000000000000000e+14	3.500000000000000000e+00	1.828131042290525102e-02
2.510000000000000000e+14	3.500000000000000000e+00	2.334734195088008016e-02
3.160000000000000000e+14	3.500000000000000000e+00	2.905108750746951754e-02
3.980000000000000000e+14	3.500000000000000000e+00	3.437704632451386855e-02
5.010000000000000000e+14	3.500000000000000000e+00	3.777348542077508392e-02
6.310000000000000000e+14	3.500000000000000000e+00	3.856850981193095385e-02
7.940000000000000000e+14	3.500000000000000000e+00	3.673314640869557862e-02
1.000000000000000000e+15	3.500000000000000000e+00	3.189451152788945476e-02
1.260000000000000000e+15	3.500000000000000000e+00	2.506207995162814187e-02
1.580000000000000000e+15	3.500000000000000000e+00	1.716051729060712183e-02
2.000000000000000000e+15	3.500000000000000000e+00	8.595066329529119434e-03
2.510000000000000000e+15	3.500000000000000000e+00	5.043228504495427932e-04
3.160000000000000000e+15	3.500000000000000000e+00	-6.834302091321945230e-03
3.980000000000000000e+15	3.500000000000000000e+00	-1.299127915484334442e-02
5.010000000000000000e+15	3.500000000000000000e+00	-1.779888007274964615e-02
6.310000000000000000e+15	3.500000000000000000e+00	-2.128511953604032836e-02
7.940000000000000000e+15	3.500000000000000000e+00	-2.353922844065075431e-02
1.000000000000000000e+16	3.500000000000000000e+00	-2.473526593667160073e-02
1.260000000000000000e+16	3.500000000000000000e+00	-2.504448760125108434e-02
1.580000000000000000e+16	3.500000000000000000e+00	-2.468371998087207433e-02
2.000000000000000000e+16	3.500000000000000000e+00	-2.374623902760949340e-02
2.510000000000000000e+16	3.500000000000000000e+00	-2.249715994398390068e-02
3.160000000000000000e+16	3.500000000000000000e+00	-2.098390839160175353e-02
3.980000000000000000e+16	3.500000000000000000e+00	-1.932877911691772629e-02
5.010000000000000000e+16	3.500000000000000000e+00	-1.762165183576423419e-02
6.310000000000000000e+16	3.500000000000000000e+00	-1.591598140776726705e-02
7.940000000000000000e+16	3.500000000000000000e+00	-1.427013245548957449e-02
1.000000000000000000e+17	3.500000000000000000e+00	-1.269880358137034926e-02
1.000000000000000000e+11	4.500000000000000000e+00	1.828458470782061984e-05
1.258925411794166107e+11	4.500000000000000000e+00	2.304289819658354035e-05
1.584893192461110840e+11	4.500000000000000000e+00	2.905952965969960464e-05
1.995262314968882751e+11	4.500000000000000000e+00	3.668691840799826620e-05
2.511886431509582214e+11	4.500000000000000000e+00	4.640084859727174646e-05
3.162277660168379517e+11	4.500000000000000000e+00	5.886355305254166524e-05
3.981071705534969482e+11	4.500000000000000000e+00	7.503743014778976276e-05
5.011872336272714844e+11	4.500000000000000000e+00	9.638189611773249270e-05
6.309573444801943359e+11	4.500000000000000000e+00	1.251319921095825891e-04
7.943282347242821045e+11	4.500000000000000000e+00	1.644150901016913841e-04
1.000000000000000000e+12	4.500000000000000000e+00	1.896422557824183151e-04
1.260000000000000000e+12	4.500000000000000000e+00	2.039205234784653134e-04
1.580000000000000000e+12	4.500000000000000000e+00	2.375305508524974164e-04
2.000000000000000000e+12	4.500000000000000000e+00	2.873011585165082481e-04
2.510000000000000000e+12	4.500000000000000000e+00	3.506507194177556591e-04
3.160000000000000000e+12	4.500000000000000000e+00	4.334330667308874127e-04
3.980000000000000000e+12	4.500000000000000000e+00	5.396933312324039703e-04
5.010000000000000000e+12	4.500000000000000000e+00	6.742254487457547242e-04
6.310000000000000000e+12	4.500000000000000000e+00	8.458173423977543648e-04
7.940000000000000000e+12	4.500000000000000000e+00	1.065357919737753472e-03
1.000000000000000000e+13	4.500000000000000000e+00	1.348829317130576097e-03
1.260000000000000000e+13	4.500000000000000000e+00	1.708606178434252717e-03
1.580000000000000000e+13	4.500000000000000000e+00	2.151683487783244506e-03
2.000000000000000000e+13	4.500000000000000000e+00	2.741143697057360756e-03
2.510000000000000000e+13	4.500000000000000000e+00	3.444895337891265216e-03
3.160000000000000000e+13	4.500000000000000000e+00	4.278436565011077032e-03
3.980000000000000000e+13	4.500000000000000000e+00	5.209023082792608832e-03
5.010000000000000000e+13	4.500000000000000000e+00	6.155434269614898542e-03
6.310000000000000000e+13	4.500000000000000000e+00	7.108138167207028561e-03
7.940000000000000000e+13	4.500000000000000000e+00	8.185390944221861143e-03
1.000000000000000000e+14	4.500000000000000000e+00	9.568075075974088670e-03
1.260000000000000000e+14	4.500000000000000000e+00	1.148601123030581345e-02
1.580000000000000000e+14	4.500000000000000000e+00	1.421871700847177934e-02
2.000000000000000000e+14	4.500000000000000000e+00	1.830682434229598601e-02
2.510000000000000000e+14	4.500000000000000000e+00	2.342621623287091323e-02
3.160000000000000000e+14	4.500000000000000000e+00	2.900599289270608047e-02
3.980000000000000000e+14	4.500000000000000000e+00	3.433516587044670859e-02
5.010000000000000000e+14	4.500000000000000000e+00	3.809967479240201904e-02
6.310000000000000000e+14	4.500000000000000000e+00	3.897093039015137039e-02
7.940000000000000000e+14	4.500000000000000000e+00	3.695441939648026058e-02
1.000000000000000000e+15	4.500000000000000000e+00	3.215817426386965300e-02
1.260000000000000000e+15	4.500000000000000000e+00	2.496091994856125887e-02
1.580000000000000000e+15	4.500000000000000000e+00	1.698349578220235273e-02
2.000000000000000000e+15	4.500000000000000000e+00	8.797539897455741720e-03
2.510000000000000000e+15	4.500000000000000000e+00	5.810579158243875213e-04
3.160000000000000000e+15	4.500000000000000000e+00	-6.782778660783510966e-03
3.980000000000000000e+15	4.500000000000000000e+00	-1.295341824671427527e-02
5.010000000000000000e+15	4.500000000000000000e+00	-1.776998494196989353e-02
6.310000000000000000e+15	4.500000000000000000e+00	-2.126267906597918006e-02
7.940000000000000000e+15	4.500000000000000000e+00	-2.352167089086282248e-02
1.000000000000000000e+16	4.500000000000000000e+00	-2.472140398362590932e-02
1.260000000000000000e+16	4.500000000000000000e+00	-2.503351246364541455e-02
1.580000000000000000e+16	4.500000000000000000e+00	-2.467501047157251437e-02
2.000000000000000000e+16	4.500000000000000000e+00	-2.373937354023702637e-02
2.510000000000000000e+16	4.500000000000000000e+00	-2.249169367864354077e-02
3.160000000000000000e+16	4.500000000000000000e+00	-2.097957214009660981e-02
3.980000000000000000e+16	4.500000000000000000e+00	-1.932537465145909086e-02
5.010000000000000000e+16	4.500000000000000000e+00	-1.761904830535481609e-02
6.310000000000000000e+16	4.500000000000000000e+00	-1.591379652639967127e-02
7.940000000000000000e+16	4.500000000000000000e+00	-1.426840919991138878e-02
1.000000000000000000e+17	4.500000000000000000e+00	-1.269744344282211501e-02
1.000000000000000000e+11	5.500000000000000000e+00	1.741161055788907071e-05
1.258925411794166107e+11	5.500000000000000000e+00	2.194243821803115526e-05
1.584893192461110840e+11	5.500000000000000000e+00	2.767094432300504705e-05
1.995262314968882751e+11	5.500000000000000000e+00	3.493255866586074832e-05
2.511886431509582214e+11	5.500000000000000000e+00	4.417915183729220194e-05
3.162277660168379517e+11	5.500000000000000000e+00	5.603927327276264414e-05
3.981071705534969482e+11	5.500000000000000000e+00	7.142286445929812522e-05
5.011872336272714844e+11	5.500000000000000000e+00	9.169477555260986484e-05
6.309573444801943359e+11	5.500000000000000000e+00	1.187371104803104725e-04
7.943282347242821045e+11	5.500000000000000000e+00	1.546949852313802371e-04
1.000000000000000000e+12	5.500000000000000000e+00	1.786886464453920969e-04
1.260000000000000000e+12	5.500000000000000000e+00	1.949048169255099619e-04
1.580000000000000000e+12	5.500000000000000000e+00	2.286320787129194720e-04
2.000000000000000000e+12	5.500000000000000000e+00	2.771522112665270239e-04
2.510000000000000000e+12	5.500000000000000000e+00	3.387625351984659963e-04
3.160000000000000000e+12	5.500000000000000000e+00	4.196021757076894856e-04
3.980000000000000000e+12	5.500000000000000000e+00	5.226274601573048474e-04
5.010000000000000000e+12	5.500000000000000000e+00	6.540519570053831460e-04
6.310000000000000000e+12	5.500000000000000000e+00	8.231232399174547585e-04
7.940000000000000000e+12	5.500000000000000000e+00	1.036406002253798843e-03
1.000000000000000000e+13	5.500000000000000000e+00	1.309884309888386961e-03
1.260000000000000000e+13	5.500000000000000000e+00	1.660457269454394726e-03
1.580000000000000000e+13	5.500000000000000000e+00	2.096625191710499003e-03
2.000000000000000000e+13	5.500000000000000000e+00	2.668906982121651335e-03
2.510000000000000000e+13	5.500000000000000000e+00	3.351495889468456262e-03
3.160000000000000000e+13	5.500000000000000000e+00	4.160946161643292937e-03
3.980000000000000000e+13	5.500000000000000000e+00	5.052490300952079856e-03
5.010000000000000000e+13	5.500000000000000000e+00	5.992677015056339061e-03
6.310000000000000000e+13	5.500000000000000000e+00	6.978431950074258198e-03
7.940000000000000000e+13	5.500000000000000000e+00	8.047066063979093145e-03
1.000000000000000000e+14	5.500000000000000000e+00	9.392458487856331084e-03
1.260000000000000000e+14	5.500000000000000000e+00	1.134247849578197929e-02
1.580000000000000000e+14	5.500000000000000000e+00	1.413976372653903690e-02
2.000000000000000000e+14	5.500000000000000000e+00	1.826042166005963779e-02
2.510000000000000000e+14	5.500000000000000000e+00	2.337464867398016816e-02
3.160000000000000000e+14	5.500000000000000000e+00	2.926832970884960666e-02
3.980000000000000000e+14	5.500000000000000000e+00	3.437358041404729031e-02
5.010000000000000000e+14	5.500000000000000000e+00	3.784384711796177220e-02
6.310000000000000000e+14	5.500000000000000000e+00	3.896367942649086452e-02
7.940000000000000000e+14	5.500000000000000000e+00	3.658013992641651058e-02
1.000000000000000000e+15	5.500000000000000000e+00	3.163164665409826798e-02
1.260000000000000000e+15	5.500000000000000000e+00	2.497746097395744241e-02
1.580000000000000000e+15	5.500000000000000000e+00	1.712909084993820621e-02
2.000000000000000000e+15	5.500000000000000000e+00	8.601522913418412422e-03
2.510000000000000000e+15	5.500000000000000000e+00	5.488995226690780932e-04
3.160000000000000000e+15	5.500000000000000000e+00	-6.748967672409312071e-03
3.980000000000000000e+15	5.500000000000000000e+00	-1.733742478012227292e-02
5.010000000000000000e+15	5.500000000000000000e+00	-1.765106190726649024e-02
6.310000000000000000e+15	5.500000000000000000e+00	-2.111869388267027456e-02
7.940000000000000000e+15	5.500000000000000000e+00	-2.336103601485427922e-02
1.000000000000000000e+16	5.500000000000000000e+00	-2.455177396209697396e-02
1.260000000000000000e+16	5.500000000000000000e+00	-2.486126403877405092e-02
1.580000000000000000e+16	5.500000000000000000e+00	-2.450490485842541158e-02
2.000000000000000000e+16	5.500000000000000000e+00	-2.357548090389384107e-02
2.510000000000000000e+16	5.500000000000000000e+00	-2.233627766591043257e-02
3.160000000000000000e+16	5.500000000000000000e+00	-2.083448464113642554e-02
3.980000000000000000e+16	5.500000000000000000e+00	-1.919165216014735720e-02
5.010000000000000000e+16	5.500000000000000000e+00	-1.749732644613665941e-02
6.310000000000000000e+16	5.500000000000000000e+00	-1.580359352662457154e-02
7.940000000000000000e+16	5.500000000000000000e+00	-1.416956085533155850e-02
1.000000000000000000e+17	5.500000000000000000e+00	-1.260943756919024467e-02
1.000000000000000000e+11	6.500000000000000000e+00	1.661282410182639125e-05
1.258925411794166107e+11	6.500000000000000000e+00	2.093522939917240628e-05
1.584893192461110840e+11	6.500000000000000000e+00	2.639977504873745840e-05
1.995262314968882751e+11	6.500000000000000000e+00	3.332569061856862990e-05
2.511886431509582214e+11	6.500000000000000000e+00	4.214278506453829110e-05
3.162277660168379517e+11	6.500000000000000000e+00	5.344738943547822123e-05
3.981071705534969482e+11	6.500000000000000000e+00	6.809827826313182659e-05
5.011872336272714844e+11	6.500000000000000000e+00	8.736679036040981305e-05
6.309573444801943359e+11	6.500000000000000000e+00	1.130360757449758364e-04
7.943282347242821045e+11	6.500000000000000000e+00	1.454065607252765912e-04
1.000000000000000000e+12	6.500000000000000000e+00	1.686018319319407570e-04
1.260000000000000000e+12	6.500000000000000000e+00	1.868456814289786913e-04
1.580000000000000000e+12	6.500000000000000000e+00	2.204131685321519981e-04
2.000000000000000000e+12	6.500000000000000000e+00	2.692093305770399347e-04
2.510000000000000000e+12	6.500000000000000000e+00	3.293825954757785752e-04
3.160000000000000000e+12	6.500000000000000000e+00	4.081241557043750095e-04
3.980000000000000000e+12	6.500000000000000000e+00	5.120507609039556254e-04
5.010000000000000000e+12	6.500000000000000000e+00	6.405307506430369269e-04
6.310000000000000000e+12	6.500000000000000000e+00	8.026764331363227039e-04
7.940000000000000000e+12	6.500000000000000000e+00	1.011070284631068262e-03
1.000000000000000000e+13	6.500000000000000000e+00	1.282109366827282769e-03
1.260000000000000000e+13	6.500000000000000000e+00	1.627875759267698392e-03
1.580000000000000000e+13	6.500000000000000000e+00	2.049346704455409871e-03
2.000000000000000000e+13	6.500000000000000000e+00	2.610144270045474269e-03
2.510000000000000000e+13	6.500000000000000000e+00	3.276923631076573105e-03
3.160000000000000000e+13	6.500000000000000000e+00	4.082476953673045729e-03
3.980000000000000000e+13	6.500000000000000000e+00	4.976570481132113789e-03
5.010000000000000000e+13	6.500000000000000000e+00	5.879101948417990268e-03
6.310000000000000000e+13	6.500000000000000000e+00	6.809933637358750631e-03
7.940000000000000000e+13	6.500000000000000000e+00	7.907855907883438659e-03
1.000000000000000000e+14	6.500000000000000000e+00	9.345169449378057727e-03
1.260000000000000000e+14	6.500000000000000000e+00	1.134203068618728182e-02
1.580000000000000000e+14	6.500000000000000000e+00	1.417988696063535170e-02
2.000000000000000000e+14	6.500000000000000000e+00	1.834522653346130905e-02
2.510000000000000000e+14	6.500000000000000000e+00	2.354178237091038642e-02
3.160000000000000000e+14	6.500000000000000000e+00	2.922831600253301618e-02
3.980000000000000000e+14	6.500000000000000000e+00	3.474842821952530553e-02
5.010000000000000000e+14	6.500000000000000000e+00	3.837248914585721093e-02
6.310000000000000000e+14	6.500000000000000000e+00	3.907831599166761843e-02
7.940000000000000000e+14	6.500000000000000000e+00	3.731883362019695199e-02
1.000000000000000000e+15	6.500000000000000000e+00	3.272276462912254713e-02
1.260000000000000000e+15	6.500000000000000000e+00	2.590081888458276374e-02
1.580000000000000000e+15	6.500000000000000000e+00	1.834628244170280822e-02
2.000000000000000000e+15	6.500000000000000000e+00	9.945580190682373409e-03
2.510000000000000000e+15	6.500000000000000000e+00	1.161338215302820534e-03
3.160000000000000000e+15	6.500000000000000000e+00	-6.471991349853303301e-03
3.980000000000000000e+15	6.500000000000000000e+00	-1.283029789605290294e-02
5.010000000000000000e+15	6.500000000000000000e+00	-1.778402960952740752e-02
6.310000000000000000e+15	6.500000000000000000e+00	-2.137687255880476797e-02
7.940000000000000000e+15	6.500000000000000000e+00	-2.370578036853699874e-02
1.000000000000000000e+16	6.500000000000000000e+00	-2.495270296423214573e-02
1.260000000000000000e+16	6.500000000000000000e+00	-2.529269658235799509e-02
1.580000000000000000e+16	6.500000000000000000e+00	-2.494734019077397488e-02
2.000000000000000000e+16	6.500000000000000000e+00	-2.401359144826049896e-02
2.510000000000000000e+16	6.500000000000000000e+00	-2.275992110903268112e-02
3.160000000000000000e+16	6.500000000000000000e+00	-2.123589377082283139e-02
3.980000000000000000e+16	6.500000000000000000e+00	-1.956595925259150062e-02
5.010000000000000000e+16	6.500000000000000000e+00	-1.784168034051397331e-02
6.310000000000000000e+16	6.500000000000000000e+00	-1.611728577901598916e-02
7.940000000000000000e+16	6.500000000000000000e+00	-1.445263969573871640e-02
1.000000000000000000e+17	6.500000000000000000e+00	-1.286272174104095833e-02
1.000000000000000000e+11	7.500000000000000000e+00	1.564201267661433621e-05
1.258925411794166107e+11	7.500000000000000000e+00	1.971162896676182283e-05
1.584893192461110840e+11	7.500000000000000000e+00	2.485633487384944203e-05
1.995262314968882751e+11	7.500000000000000000e+00	3.137660665707408945e-05
2.511886431509582214e+11	7.500000000000000000e+00	3.967649341788551332e-05
3.162277660168379517e+11	7.500000000000000000e+00	5.031634495625545214e-05
3.981071705534969482e+11	7.500000000000000000e+00	6.410048857255184053e-05
5.011872336272714844e+11	7.500000000000000000e+00	8.220376971583421405e-05
6.309573444801943359e+11	7.500000000000000000e+00	1.061936136398803553e-04
7.943282347242821045e+11	7.500000000000000000e+00	1.350883548750699545e-04
1.000000000000000000e+12	7.500000000000000000e+00	1.568393802767094347e-04
1.260000000000000000e+12	7.500000000000000000e+00	1.759478203070140756e-04
1.580000000000000000e+12	7.500000000000000000e+00	2.081868775362109489e-04
2.000000000000000000e+12	7.500000000000000000e+00	2.566426563343962965e-04
2.510000000000000000e+12	7.500000000000000000e+00	3.166655466828909504e-04
3.160000000000000000e+12	7.500000000000000000e+00	3.935546183303633718e-04
3.980000000000000000e+12	7.500000000000000000e+00	4.897804297932028617e-04
5.010000000000000000e+12	7.500000000000000000e+00	6.136237963938200209e-04
6.310000000000000000e+12	7.500000000000000000e+00	7.753051673048439200e-04
7.940000000000000000e+12	7.500000000000000000e+00	9.768770246303913867e-04
1.000000000000000000e+13	7.500000000000000000e+00	1.235423466518404019e-03
1.260000000000000000e+13	7.500000000000000000e+00	1.567549578308331673e-03
1.580000000000000000e+13	7.500000000000000000e+00	1.978270170896436614e-03
2.000000000000000000e+13	7.500000000000000000e+00	2.516522203563548599e-03
2.510000000000000000e+13	7.500000000000000000e+00	3.170092860958084995e-03
3.160000000000000000e+13	7.500000000000000000e+00	3.935458485577999002e-03
3.980000000000000000e+13	7.500000000000000000e+00	4.753755472067916141e-03
5.010000000000000000e+13	7.500000000000000000e+00	5.636558384366826407e-03
6.310000000000000000e+13	7.500000000000000000e+00	6.607225918226168268e-03
7.940000000000000000e+13	7.500000000000000000e+00	7.687185004273468757e-03
1.000000000000000000e+14	7.500000000000000000e+00	9.090123794909301877e-03
1.260000000000000000e+14	7.500000000000000000e+00	1.109274648638066373e-02
1.580000000000000000e+14	7.500000000000000000e+00	1.390063201586871564e-02
2.000000000000000000e+14	7.500000000000000000e+00	1.801825475187181572e-02
2.510000000000000000e+14	7.500000000000000000e+00	2.322679503824449584e-02
3.160000000000000000e+14	7.500000000000000000e+00	2.910615027965414089e-02
3.980000000000000000e+14	7.500000000000000000e+00	3.434007783538573638e-02
5.010000000000000000e+14	7.500000000000000000e+00	3.802465703379745432e-02
6.310000000000000000e+14	7.500000000000000000e+00	3.903105903591406328e-02
7.940000000000000000e+14	7.500000000000000000e+00	3.672415523108807367e-02
1.000000000000000000e+15	7.500000000000000000e+00	3.147638098508412363e-02
1.260000000000000000e+15	7.500000000000000000e+00	2.516629274962202747e-02
1.580000000000000000e+15	7.500000000000000000e+00	1.655790704106694516e-02
2.000000000000000000e+15	7.500000000000000000e+00	6.919948687778314754e-03
2.510000000000000000e+15	7.500000000000000000e+00	-6.087465283452476138e-05
3.160000000000000000e+15	7.500000000000000000e+00	-6.989231594666292166e-03
3.980000000000000000e+15	7.500000000000000000e+00	-1.287207949803499327e-02
5.010000000000000000e+15	7.500000000000000000e+00	-1.748324846061394613e-02
6.310000000000000000e+15	7.500000000000000000e+00	-2.082986243228305764e-02
7.940000000000000000e+15	7.500000000000000000e+00	-2.299069906689096832e-02
1.000000000000000000e+16	7.500000000000000000e+00	-2.413044308223166040e-02
1.260000000000000000e+16	7.500000000000000000e+00	-2.441340289178810935e-02
1.580000000000000000e+16	7.500000000000000000e+00	-2.404928495722296472e-02
2.000000000000000000e+16	7.500000000000000000e+00	-2.312692983735233423e-02
2.510000000000000000e+16	7.500000000000000000e+00	-2.190427452360552488e-02
3.160000000000000000e+16	7.500000000000000000e+00	-2.042642519235463722e-02
3.980000000000000000e+16	7.500000000000000000e+00	-1.881206414718977760e-02
5.010000000000000000e+16	7.500000000000000000e+00	-1.714815473889492320e-02
6.310000000000000000e+16	7.500000000000000000e+00	-1.548659539279021585e-02
7.940000000000000000e+16	7.500000000000000000e+00	-1.388383486088878502e-02
1.000000000000000000e+17	7.500000000000000000e+00	-1.235406210137194802e-02
1.000000000000000000e+11	9.000000000000000000e+00	1.454026739693963423e-05
1.258925411794166107e+11	9.000000000000000000e+00	1.832240105167358242e-05
1.584893192461110840e+11	9.000000000000000000e+00	2.310303272657196667e-05
1.995262314968882751e+11	9.000000000000000000e+00	2.916109998626388120e-05
2.511886431509582214e+11	9.000000000000000000e+00	3.686775324333668664e-05
3.162277660168379517e+11	9.000000000000000000e+00	4.674152940239612616e-05
3.981071705534969482e+11	9.000000000000000000e+00	5.951520457996789060e-05
5.011872336272714844e+11	9.000000000000000000e+00	7.623531812028730566e-05
6.309573444801943359e+11	9.000000000000000000e+00	9.815748418438829113e-05
7.943282347242821045e+11	9.000000000000000000e+00	1.224058337411169353e-04
1.000000000000000000e+12	9.000000000000000000e+00	1.418802060683712599e-04
1.260000000000000000e+12	9.000000000000000000e+00	1.651095862587486404e-04
1.580000000000000000e+12	9.000000000000000000e+00	2.001823381766440252e-04
2.000000000000000000e+12	9.000000000000000000e+00	2.460441199505928114e-04
2.510000000000000000e+12	9.000000000000000000e+00	3.034439714310935266e-04
3.160000000000000000e+12	9.000000000000000000e+00	3.777699496141670530e-04
3.980000000000000000e+12	9.000000000000000000e+00	4.721954122375796991e-04
5.010000000000000000e+12	9.000000000000000000e+00	5.924137750714836325e-04
6.310000000000000000e+12	9.000000000000000000e+00	7.437495848425856393e-04
7.940000000000000000e+12	9.000000000000000000e+00	9.383635233771354684e-04
1.000000000000000000e+13	9.000000000000000000e+00	1.189347437708674097e-03
1.260000000000000000e+13	9.000000000000000000e+00	1.506500484801292237e-03
1.580000000000000000e+13	9.000000000000000000e+00	1.900289706263374274e-03
2.000000000000000000e+13	9.000000000000000000e+00	2.418816048190314000e-03
2.510000000000000000e+13	9.000000000000000000e+00	3.032152701872872953e-03
3.160000000000000000e+13	9.000000000000000000e+00	3.781734543293367463e-03
3.980000000000000000e+13	9.000000000000000000e+00	4.620201030943290460e-03
5.010000000000000000e+13	9.000000000000000000e+00	5.496779570690404036e-03
6.310000000000000000e+13	9.000000000000000000e+00	6.466148463861736903e-03
7.940000000000000000e+13	9.000000000000000000e+00	7.612590439643894015e-03
1.000000000000000000e+14	9.000000000000000000e+00	9.102662404364371060e-03
1.260000000000000000e+14	9.000000000000000000e+00	1.119355370781279987e-02
1.580000000000000000e+14	9.000000000000000000e+00	1.412876253035824821e-02
2.000000000000000000e+14	9.000000000000000000e+00	1.842686722867522067e-02
2.510000000000000000e+14	9.000000000000000000e+00	2.363231483110790274e-02
3.160000000000000000e+14	9.000000000000000000e+00	2.949882455113904053e-02
3.980000000000000000e+14	9.000000000000000000e+00	3.492085496020305713e-02
5.010000000000000000e+14	9.000000000000000000e+00	3.843137933670264655e-02
6.310000000000000000e+14	9.000000000000000000e+00	3.941564438441191170e-02
7.940000000000000000e+14	9.000000000000000000e+00	3.770819233699135298e-02
1.000000000000000000e+15	9.000000000000000000e+00	3.262058684165473899e-02
1.260000000000000000e+15	9.000000000000000000e+00	2.468197507314722275e-02
1.580000000000000000e+15	9.000000000000000000e+00	1.784775365283119974e-02
2.000000000000000000e+15	9.000000000000000000e+00	1.044780787981068083e-02
2.510000000000000000e+15	9.000000000000000000e+00	1.334628386361425305e-03
3.160000000000000000e+15	9.000000000000000000e+00	-6.318819060842159260e-03
3.980000000000000000e+15	9.000000000000000000e+00	-1.266704819736766234e-02
5.010000000000000000e+15	9.000000000000000000e+00	-1.760665612423479437e-02
6.310000000000000000e+15	9.000000000000000000e+00	-2.118820063015743396e-02
7.940000000000000000e+15	9.000000000000000000e+00	-2.351106937638284752e-02
1.000000000000000000e+16	9.000000000000000000e+00	-2.475622171629105611e-02
1.260000000000000000e+16	9.000000000000000000e+00	-2.509936392524126855e-02
1.580000000000000000e+16	9.000000000000000000e+00	-2.476054819852123792e-02
2.000000000000000000e+16	9.000000000000000000e+00	-2.383657912808911233e-02
2.510000000000000000e+16	9.000000000000000000e+00	-2.259407050231962075e-02
3.160000000000000000e+16	9.000000000000000000e+00	-2.108254610096471290e-02
3.980000000000000000e+16	9.000000000000000000e+00	-1.942567955275638705e-02
5.010000000000000000e+16	9.000000000000000000e+00	-1.771431048692798452e-02
6.310000000000000000e+16	9.000000000000000000e+00	-1.600297854073910384e-02
7.940000000000000000e+16	9.000000000000000000e+00	-1.435050997474509975e-02
1.000000000000000000e+17	9.000000000000000000e+00	-1.277216142326573038e-02
1.000000000000000000e+11	1.100000000000000000e+01	1.308203545253180257e-05
1.258925411794166107e+11	1.100000000000000000e+01	1.648445325753983151e-05
1.584893192461110840e+11	1.100000000000000000e+01	2.078453282294305733e-05
1.995262314968882751e+11	1.100000000000000000e+01	2.623226977590187634e-05
2.511886431509582214e+11	1.100000000000000000e+01	3.316289210336758307e-05
3.162277660168379517e+11	1.100000000000000000e+01	4.203773509564243533e-05
3.981071705534969482e+11	1.100000000000000000e+01	5.350771991504290443e-05
5.011872336272714844e+11	1.100000000000000000e+01	6.847306624519360920e-05
6.309573444801943359e+11	1.100000000000000000e+01	8.785117028527685587e-05
7.943282347242821045e+11	1.100000000000000000e+01	1.066610015894912754e-04
1.000000000000000000e+12	1.100000000000000000e+01	1.249296348461641053e-04
1.260000000000000000e+12	1.100000000000000000e+01	1.496228719695888443e-04
1.580000000000000000e+12	1.100000000000000000e+01	1.817892307442082090e-04
2.000000000000000000e+12	1.100000000000000000e+01	2.264383639656180908e-04
2.510000000000000000e+12	1.100000000000000000e+01	2.822932010119117894e-04
3.160000000000000000e+12	1.100000000000000000e+01	3.531195393409498765e-04
3.980000000000000000e+12	1.100000000000000000e+01	4.425332955853846189e-04
5.010000000000000000e+12	1.100000000000000000e+01	5.555705893875652508e-04
6.310000000000000000e+12	1.100000000000000000e+01	6.996653664281742924e-04
7.940000000000000000e+12	1.100000000000000000e+01	8.823196803736733148e-04
1.000000000000000000e+13	1.100000000000000000e+01	1.116028238031080769e-03
1.260000000000000000e+13	1.100000000000000000e+01	1.415322479733008201e-03
1.580000000000000000e+13	1.100000000000000000e+01	1.784227678354561317e-03
2.000000000000000000e+13	1.100000000000000000e+01	2.267497773919791362e-03
2.510000000000000000e+13	1.100000000000000000e+01	2.849443837096294740e-03
3.160000000000000000e+13	1.100000000000000000e+01	3.537697163684142432e-03
3.980000000000000000e+13	1.100000000000000000e+01	4.316115366375696850e-03
5.010000000000000000e+13	1.100000000000000000e+01	5.182258168207661692e-03
6.310000000000000000e+13	1.100000000000000000e+01	6.152139601919357284e-03
7.940000000000000000e+13	1.100000000000000000e+01	7.319841055558593858e-03
1.000000000000000000e+14	1.100000000000000000e+01	8.848444498499216312e-03
1.260000000000000000e+14	1.100000000000000000e+01	1.097602278294294333e-02
1.580000000000000000e+14	1.100000000000000000e+01	1.395318682388139303e-02
2.000000000000000000e+14	1.100000000000000000e+01	1.824333360777550053e-02
2.510000000000000000e+14	1.100000000000000000e+01	2.345471658756296054e-02
3.160000000000000000e+14	1.100000000000000000e+01	2.924370401233287314e-02
3.980000000000000000e+14	1.100000000000000000e+01	3.450492134048984555e-02
5.010000000000000000e+14	1.100000000000000000e+01	3.803570653552876962e-02
6.310000000000000000e+14	1.100000000000000000e+01	3.900772953611583022e-02
7.940000000000000000e+14	1.100000000000000000e+01	3.640003878356373040e-02
1.000000000000000000e+15	1.100000000000000000e+01	3.228941333178780848e-02
1.260000000000000000e+15	1.100000000000000000e+01	2.618255585938067398e-02
1.580000000000000000e+15	1.100000000000000000e+01	1.643433034908815468e-02
2.000000000000000000e+15	1.100000000000000000e+01	7.529379497887078894e-03
2.510000000000000000e+15	1.100000000000000000e+01	2.453669181685627274e-04
3.160000000000000000e+15	1.100000000000000000e+01	-6.771485336749104127e-03
3.980000000000000000e+15	1.100000000000000000e+01	-1.270802814302372102e-02
5.010000000000000000e+15	1.100000000000000000e+01	-1.735659633583363712e-02
6.310000000000000000e+15	1.100000000000000000e+01	-2.073098512113576847e-02
7.940000000000000000e+15	1.100000000000000000e+01	-2.291289712001847237e-02
1.000000000000000000e+16	1.100000000000000000e+01	-2.406904282938806053e-02
1.260000000000000000e+16	1.100000000000000000e+01	-2.436488757516171860e-02
1.580000000000000000e+16	1.100000000000000000e+01	-2.401067123503100240e-02
2.000000000000000000e+16	1.100000000000000000e+01	-2.309646769080397899e-02
2.510000000000000000e+16	1.100000000000000000e+01	-2.188003612659986802e-02
3.160000000000000000e+16	1.100000000000000000e+01	-2.040753292843052250e-02
3.980000000000000000e+16	1.100000000000000000e+01	-1.879676685601953945e-02
5.010000000000000000e+16	1.100000000000000000e+01	-1.713616751889207590e-02
6.310000000000000000e+16	1.100000000000000000e+01	-1.547693342253484913e-02
7.940000000000000000e+16	1.100000000000000000e+01	-1.387617408862461092e-02
1.000000000000000000e+17	1.100000000000000000e+01	-1.234798119071066867e-02
1.000000000000000000e+11	1.300000000000000000e+01	1.224782197585189710e-05
1.258925411794166107e+11	1.300000000000000000e+01	1.543291932347960020e-05
1.584893192461110840e+11	1.300000000000000000e+01	1.945952029401242758e-05
1.995262314968882751e+11	1.300000000000000000e+01	2.455649531696301613e-05
2.511886431509582214e+11	1.300000000000000000e+01	3.104173746384893590e-05
3.162277660168379517e+11	1.300000000000000000e+01	3.934343718920106636e-05
3.981071705534969482e+11	1.300000000000000000e+01	5.006358489894086348e-05
5.011872336272714844e+11	1.300000000000000000e+01	6.401757489535483926e-05
6.309573444801943359e+11	1.300000000000000000e+01	8.192779823699392300e-05
7.943282347242821045e+11	1.300000000000000000e+01	9.771447383231670572e-05
1.000000000000000000e+12	1.300000000000000000e+01	1.140438113378183191e-04
1.260000000000000000e+12	1.300000000000000000e+01	1.402084759316113514e-04
1.580000000000000000e+12	1.300000000000000000e+01	1.739185489353135296e-04
2.000000000000000000e+12	1.300000000000000000e+01	2.176442204786659964e-04
2.510000000000000000e+12	1.300000000000000000e+01	2.700545086745560221e-04
3.160000000000000000e+12	1.300000000000000000e+01	3.384134597774755599e-04
3.980000000000000000e+12	1.300000000000000000e+01	4.260050074595717767e-04
5.010000000000000000e+12	1.300000000000000000e+01	5.360971625028442163e-04
6.310000000000000000e+12	1.300000000000000000e+01	6.737873187285406493e-04
7.940000000000000000e+12	1.300000000000000000e+01	8.498161006936716996e-04
1.000000000000000000e+13	1.300000000000000000e+01	1.076275914549564353e-03
1.260000000000000000e+13	1.300000000000000000e+01	1.360199394499823954e-03
1.580000000000000000e+13	1.300000000000000000e+01	1.715867164765272216e-03
2.000000000000000000e+13	1.300000000000000000e+01	2.181498694119005793e-03
2.510000000000000000e+13	1.300000000000000000e+01	2.735599001308141546e-03
3.160000000000000000e+13	1.300000000000000000e+01	3.395713277074973498e-03
3.980000000000000000e+13	1.300000000000000000e+01	4.173890145835821262e-03
5.010000000000000000e+13	1.300000000000000000e+01	5.043535391347385086e-03
6.310000000000000000e+13	1.300000000000000000e+01	6.015021000328637894e-03
7.940000000000000000e+13	1.300000000000000000e+01	7.197993924103696962e-03
1.000000000000000000e+14	1.300000000000000000e+01	8.774198684787480607e-03
1.260000000000000000e+14	1.300000000000000000e+01	1.098076127731151090e-02
1.580000000000000000e+14	1.300000000000000000e+01	1.398723015960822227e-02
2.000000000000000000e+14	1.300000000000000000e+01	1.834380972022634296e-02
2.510000000000000000e+14	1.300000000000000000e+01	2.374893834606583640e-02
3.160000000000000000e+14	1.300000000000000000e+01	2.980505752251652249e-02
3.980000000000000000e+14	1.300000000000000000e+01	3.515174477611247850e-02
5.010000000000000000e+14	1.300000000000000000e+01	3.863727818918710061e-02
6.310000000000000000e+14	1.300000000000000000e+01	4.007486733455693090e-02
7.940000000000000000e+14	1.300000000000000000e+01	3.861468455398962829e-02
1.000000000000000000e+15	1.300000000000000000e+01	3.360685133479883457e-02
1.260000000000000000e+15	1.300000000000000000e+01	2.648299019169834262e-02
1.580000000000000000e+15	1.300000000000000000e+01	1.838079050918227375e-02
2.000000000000000000e+15	1.300000000000000000e+01	9.616671825585600131e-03
2.510000000000000000e+15	1.300000000000000000e+01	1.146342075006821348e-03
3.160000000000000000e+15	1.300000000000000000e+01	-6.401685959181436375e-03
3.980000000000000000e+15	1.300000000000000000e+01	-1.271106837335593195e-02
5.010000000000000000e+15	1.300000000000000000e+01	-1.763283095008090495e-02
6.310000000000000000e+15	1.300000000000000000e+01	-2.120526278036357140e-02
7.940000000000000000e+15	1.300000000000000000e+01	-2.352235386044992937e-02
1.000000000000000000e+16	1.300000000000000000e+01	-2.476474018375586852e-02
1.260000000000000000e+16	1.300000000000000000e+01	-2.510570754319267975e-02
1.580000000000000000e+16	1.300000000000000000e+01	-2.476542020761286073e-02
2.000000000000000000e+16	1.300000000000000000e+01	-2.384031909644779290e-02
2.510000000000000000e+16	1.300000000000000000e+01	-2.259697126618043922e-02
3.160000000000000000e+16	1.300000000000000000e+01	-2.108485319331048283e-02
3.980000000000000000e+16	1.300000000000000000e+01	-1.942749101435065420e-02
5.010000000000000000e+16	1.300000000000000000e+01	-1.771591019889434335e-02
6.310000000000000000e+16	1.300000000000000000e+01	-1.600409560154174293e-02
7.940000000000000000e+16	1.300000000000000000e+01	-1.435142829255778643e-02
1.000000000000000000e+17	1.300000000000000000e+01	-1.277285404628771860e-02
1.000000000000000000e+11	1.500000000000000000e+01	1.143040102399874997e-05
1.258925411794166107e+11	1.500000000000000000e+01	1.440231895515853618e-05
1.584893192461110840e+11	1.500000000000000000e+01	1.815785626701467580e-05
1.995262314968882751e+11	1.500000000000000000e+01	2.291425146504522283e-05
2.511886431509582214e+11	1.500000000000000000e+01	2.896246850700612776e-05
3.162277660168379517e+11	1.500000000000000000e+01	3.670099181197896494e-05
3.981071705534969482e+11	1.500000000000000000e+01	4.668263093861970060e-05
5.011872336272714844e+11	1.500000000000000000e+01	5.963272278083849742e-05
6.309573444801943359e+11	1.500000000000000000e+01	7.605475567401475084e-05
7.943282347242821045e+11	1.500000000000000000e+01	8.837285942570636892e-05
1.000000000000000000e+12	1.500000000000000000e+01	1.047815373678535823e-04
1.260000000000000000e+12	1.500000000000000000e+01	1.337611419557332287e-04
1.580000000000000000e+12	1.500000000000000000e+01	1.645945708184124519e-04
2.000000000000000000e+12	1.500000000000000000e+01	2.066186043557199481e-04
2.510000000000000000e+12	1.500000000000000000e+01	2.590682833768253083e-04
3.160000000000000000e+12	1.500000000000000000e+01	3.247267008356885900e-04
3.980000000000000000e+12	1.500000000000000000e+01	4.070494819150252317e-04
5.010000000000000000e+12	1.500000000000000000e+01	5.117695474601832240e-04
6.310000000000000000e+12	1.500000000000000000e+01	6.465633133885518267e-04
7.940000000000000000e+12	1.500000000000000000e+01	8.150626973839754071e-04
1.000000000000000000e+13	1.500000000000000000e+01	1.030642904852763263e-03
1.260000000000000000e+13	1.500000000000000000e+01	1.305401848187255544e-03
1.580000000000000000e+13	1.500000000000000000e+01	1.644327769792042725e-03
2.000000000000000000e+13	1.500000000000000000e+01	2.089231215627739176e-03
2.510000000000000000e+13	1.500000000000000000e+01	2.613789012013090218e-03
3.160000000000000000e+13	1.500000000000000000e+01	3.264753389206967883e-03
3.980000000000000000e+13	1.500000000000000000e+01	4.007991199042363999e-03
5.010000000000000000e+13	1.500000000000000000e+01	4.833419654658314794e-03
6.310000000000000000e+13	1.500000000000000000e+01	5.830707773479079474e-03
7.940000000000000000e+13	1.500000000000000000e+01	7.069224390905097175e-03
1.000000000000000000e+14	1.500000000000000000e+01	8.708202651957479279e-03
1.260000000000000000e+14	1.500000000000000000e+01	1.095898764055301504e-02
1.580000000000000000e+14	1.500000000000000000e+01	1.403295398935989688e-02
2.000000000000000000e+14	1.500000000000000000e+01	1.835522626328209631e-02
2.510000000000000000e+14	1.500000000000000000e+01	2.360373159984854169e-02
3.160000000000000000e+14	1.500000000000000000e+01	2.947088808965972820e-02
3.980000000000000000e+14	1.500000000000000000e+01	3.491086195976390166e-02
5.010000000000000000e+14	1.500000000000000000e+01	3.874482307884669768e-02
6.310000000000000000e+14	1.500000000000000000e+01	3.928953511564046291e-02
7.940000000000000000e+14	1.500000000000000000e+01	3.670108750630794031e-02
1.000000000000000000e+15	1.500000000000000000e+01	3.108821171311355186e-02
1.260000000000000000e+15	1.500000000000000000e+01	2.399751596092632513e-02
1.580000000000000000e+15	1.500000000000000000e+01	1.710753642847256603e-02
2.000000000000000000e+15	1.500000000000000000e+01	8.857496294312358631e-03
2.510000000000000000e+15	1.500000000000000000e+01	7.731131148899063679e-04
3.160000000000000000e+15	1.500000000000000000e+01	-6.438015638764128454e-03
3.980000000000000000e+15	1.500000000000000000e+01	-1.247264293599607311e-02
5.010000000000000000e+15	1.500000000000000000e+01	-1.718095477070143498e-02
6.310000000000000000e+15	1.500000000000000000e+01	-2.059743333127120324e-02
7.940000000000000000e+15	1.500000000000000000e+01	-2.280938019057465738e-02
1.000000000000000000e+16	1.500000000000000000e+01	-2.398798438228120014e-02
1.260000000000000000e+16	1.500000000000000000e+01	-2.430113818717296106e-02
1.580000000000000000e+16	1.500000000000000000e+01	-2.395997137119379797e-02
2.000000000000000000e+16	1.500000000000000000e+01	-2.305667742257877864e-02
2.510000000000000000e+16	1.500000000000000000e+01	-2.184839728078342286e-02
3.160000000000000000e+16	1.500000000000000000e+01	-2.038240868151877314e-02
3.980000000000000000e+16	1.500000000000000000e+01	-1.877688989366862321e-02
5.010000000000000000e+16	1.500000000000000000e+01	-1.712054460219280400e-02
6.310000000000000000e+16	1.500000000000000000e+01	-1.546436169776210443e-02
7.940000000000000000e+16	1.500000000000000000e+01	-1.386620163743853412e-02
1.000000000000000000e+17	1.500000000000000000e+01	-1.234009006038883256e-02
1.000000000000000000e+11	1.700000000000000000e+01	1.097507898607746706e-05
1.258925411794166107e+11	1.700000000000000000e+01	1.382861340961740388e-05
1.584893192461110840e+11	1.700000000000000000e+01	1.743469740263970958e-05
1.995262314968882751e+11	1.700000000000000000e+01	2.200200077307941924e-05
2.511886431509582214e+11	1.700000000000000000e+01	2.781026958543706608e-05
3.162277660168379517e+11	1.700000000000000000e+01	3.524283223909598290e-05
3.981071705534969482e+11	1.700000000000000000e+01	4.483097709822375182e-05
5.011872336272714844e+11	1.700000000000000000e+01	5.726771037355521908e-05
6.309573444801943359e+11	1.700000000000000000e+01	7.299836175373838258e-05
7.943282347242821045e+11	1.700000000000000000e+01	8.432192205910073797e-05
1.000000000000000000e+12	1.700000000000000000e+01	9.879553827517554979e-05
1.260000000000000000e+12	1.700000000000000000e+01	1.255926426099197575e-04
1.580000000000000000e+12	1.700000000000000000e+01	1.584407043809050921e-04
2.000000000000000000e+12	1.700000000000000000e+01	2.015013257473861582e-04
2.510000000000000000e+12	1.700000000000000000e+01	2.517816592294024242e-04
3.160000000000000000e+12	1.700000000000000000e+01	3.173985179751204633e-04
3.980000000000000000e+12	1.700000000000000000e+01	3.998110518611329260e-04
5.010000000000000000e+12	1.700000000000000000e+01	5.013449949069605574e-04
6.310000000000000000e+12	1.700000000000000000e+01	6.305703425333416450e-04
7.940000000000000000e+12	1.700000000000000000e+01	7.949788326878883720e-04
1.000000000000000000e+13	1.700000000000000000e+01	1.003848165866162928e-03
1.260000000000000000e+13	1.700000000000000000e+01	1.269379631716826369e-03
1.580000000000000000e+13	1.700000000000000000e+01	1.597833103029529245e-03
2.000000000000000000e+13	1.700000000000000000e+01	2.026308581661550191e-03
2.510000000000000000e+13	1.700000000000000000e+01	2.550927216916926404e-03
3.160000000000000000e+13	1.700000000000000000e+01	3.177818890019537892e-03
3.980000000000000000e+13	1.700000000000000000e+01	3.912730588354137659e-03
5.010000000000000000e+13	1.700000000000000000e+01	4.776797624556302670e-03
6.310000000000000000e+13	1.700000000000000000e+01	5.787375781491820026e-03
7.940000000000000000e+13	1.700000000000000000e+01	7.048811061202958812e-03
1.000000000000000000e+14	1.700000000000000000e+01	8.713401238091580264e-03
1.260000000000000000e+14	1.700000000000000000e+01	1.101264328571256723e-02
1.580000000000000000e+14	1.700000000000000000e+01	1.410659679083171164e-02
2.000000000000000000e+14	1.700000000000000000e+01	1.860900813991266112e-02
2.510000000000000000e+14	1.700000000000000000e+01	2.407752282514926540e-02
3.160000000000000000e+14	1.700000000000000000e+01	2.993989767787003792e-02
3.980000000000000000e+14	1.700000000000000000e+01	3.558300417905930352e-02
5.010000000000000000e+14	1.700000000000000000e+01	3.967688450730164768e-02
6.310000000000000000e+14	1.700000000000000000e+01	4.045904479027082057e-02
7.940000000000000000e+14	1.700000000000000000e+01	3.812887841075831424e-02
1.000000000000000000e+15	1.700000000000000000e+01	3.350275895135899212e-02
1.260000000000000000e+15	1.700000000000000000e+01	2.643761714749393033e-02
1.580000000000000000e+15	1.700000000000000000e+01	1.835642456288359356e-02
2.000000000000000000e+15	1.700000000000000000e+01	9.602278723097049801e-03
2.510000000000000000e+15	1.700000000000000000e+01	1.137253931049566832e-03
3.160000000000000000e+15	1.700000000000000000e+01	-6.408214901545022414e-03
3.980000000000000000e+15	1.700000000000000000e+01	-1.271587518609997546e-02
5.010000000000000000e+15	1.700000000000000000e+01	-1.763639724097148045e-02
6.310000000000000000e+15	1.700000000000000000e+01	-2.120795158189305030e-02
7.940000000000000000e+15	1.700000000000000000e+01	-2.352457475352976238e-02
1.000000000000000000e+16	1.700000000000000000e+01	-2.476638329770477348e-02
1.260000000000000000e+16	1.700000000000000000e+01	-2.510698581830218823e-02
1.580000000000000000e+16	1.700000000000000000e+01	-2.446409937173557245e-02
2.000000000000000000e+16	1.700000000000000000e+01	-2.384113194664413612e-02
2.510000000000000000e+16	1.700000000000000000e+01	-2.259761247081413030e-02
3.160000000000000000e+16	1.700000000000000000e+01	-2.108534104261946401e-02
3.980000000000000000e+16	1.700000000000000000e+01	-1.942790712174140982e-02
5.010000000000000000e+16	1.700000000000000000e+01	-1.771622667945602775e-02
6.310000000000000000e+16	1.700000000000000000e+01	-1.600433442414270907e-02
7.940000000000000000e+16	1.700000000000000000e+01	-1.435143600221621546e-02
1.000000000000000000e+17	1.700000000000000000e+01	-1.277299517891049806e-02
1.000000000000000000e+11	1.900000000000000000e+01	1.039890948001583375e-05
1.258925411794166107e+11	1.900000000000000000e+01	1.310285023164057961e-05
1.584893192461110840e+11	1.900000000000000000e+01	1.652016389621795527e-05
1.995262314968882751e+11	1.900000000000000000e+01	2.084899484233893464e-05
2.511886431509582214e+11	1.900000000000000000e+01	2.635524293776545256e-05
3.162277660168379517e+11	1.900000000000000000e+01	3.340322560783606136e-05
3.981071705534969482e+11	1.900000000000000000e+01	4.249825238475027746e-05
5.011872336272714844e+11	1.900000000000000000e+01	5.429113162798903866e-05
6.309573444801943359e+11	1.900000000000000000e+01	6.914140374830034404e-05
7.943282347242821045e+11	1.900000000000000000e+01	7.882933567509484401e-05
1.000000000000000000e+12	1.900000000000000000e+01	9.260774065122329775e-05
1.260000000000000000e+12	1.900000000000000000e+01	1.207155613549466697e-04
1.580000000000000000e+12	1.900000000000000000e+01	1.506863104259695437e-04
2.000000000000000000e+12	1.900000000000000000e+01	1.897512473058307278e-04
2.510000000000000000e+12	1.900000000000000000e+01	2.398792027889603455e-04
3.160000000000000000e+12	1.900000000000000000e+01	3.018579160082349687e-04
3.980000000000000000e+12	1.900000000000000000e+01	3.789027947531401147e-04
5.010000000000000000e+12	1.900000000000000000e+01	4.774332225114592170e-04
6.310000000000000000e+12	1.900000000000000000e+01	6.014477299682893362e-04
7.940000000000000000e+12	1.900000000000000000e+01	7.580795564822143031e-04
1.000000000000000000e+13	1.900000000000000000e+01	9.587278308299394987e-04
1.260000000000000000e+13	1.900000000000000000e+01	1.212022031605948643e-03
1.580000000000000000e+13	1.900000000000000000e+01	1.525020775550228183e-03
2.000000000000000000e+13	1.900000000000000000e+01	1.937534635898667578e-03
2.510000000000000000e+13	1.900000000000000000e+01	2.425487039112594716e-03
3.160000000000000000e+13	1.900000000000000000e+01	3.021036346503753588e-03
3.980000000000000000e+13	1.900000000000000000e+01	3.731909240679903358e-03
5.010000000000000000e+13	1.900000000000000000e+01	4.559430026868665012e-03
6.310000000000000000e+13	1.900000000000000000e+01	5.567681047022671886e-03
7.940000000000000000e+13	1.900000000000000000e+01	6.821105287102815530e-03
1.000000000000000000e+14	1.900000000000000000e+01	8.445341028636588199e-03
1.260000000000000000e+14	1.900000000000000000e+01	1.074088204023676725e-02
1.580000000000000000e+14	1.900000000000000000e+01	1.389957270802732840e-02
2.000000000000000000e+14	1.900000000000000000e+01	1.827500765582827300e-02
2.510000000000000000e+14	1.900000000000000000e+01	2.361908414483110744e-02
3.160000000000000000e+14	1.900000000000000000e+01	2.946374403638729253e-02
3.980000000000000000e+14	1.900000000000000000e+01	3.478400248402931799e-02
5.010000000000000000e+14	1.900000000000000000e+01	3.776307353616063095e-02
6.310000000000000000e+14	1.900000000000000000e+01	3.887216368313484161e-02
7.940000000000000000e+14	1.900000000000000000e+01	3.686792333989606651e-02
1.000000000000000000e+15	1.900000000000000000e+01	3.147950505833761042e-02
1.260000000000000000e+15	1.900000000000000000e+01	2.544316689330922490e-02
1.580000000000000000e+15	1.900000000000000000e+01	1.774576527550059124e-02
2.000000000000000000e+15	1.900000000000000000e+01	9.278545218112783932e-03
2.510000000000000000e+15	1.900000000000000000e+01	1.080867344487328966e-03
3.160000000000000000e+15	1.900000000000000000e+01	-6.205360423653973924e-03
3.980000000000000000e+15	1.900000000000000000e+01	-1.229323747029683125e-02
5.010000000000000000e+15	1.900000000000000000e+01	-1.704148712802419294e-02
6.310000000000000000e+15	1.900000000000000000e+01	-2.048746406515101343e-02
7.940000000000000000e+15	1.900000000000000000e+01	-2.272213659426926963e-02
1.000000000000000000e+16	1.900000000000000000e+01	-2.391935371804010044e-02
1.260000000000000000e+16	1.900000000000000000e+01	-2.424681307527761301e-02
1.580000000000000000e+16	1.900000000000000000e+01	-2.391687243565669696e-02
2.000000000000000000e+16	1.900000000000000000e+01	-2.302254527284404093e-02
2.510000000000000000e+16	1.900000000000000000e+01	-2.182120414732334479e-02
3.160000000000000000e+16	1.900000000000000000e+01	-2.036050835781219592e-02
3.980000000000000000e+16	1.900000000000000000e+01	-1.875970230628269675e-02
5.010000000000000000e+16	1.900000000000000000e+01	-1.710679470160121271e-02
6.310000000000000000e+16	1.900000000000000000e+01	-1.545348134192712705e-02
7.940000000000000000e+16	1.900000000000000000e+01	-1.385763792467972245e-02
1.000000000000000000e+17	1.900000000000000000e+01	-1.233325298187232417e-02
1.000000000000000000e+11	2.100000000000000000e+01	1.016240624115715212e-05
1.258925411794166107e+11	2.100000000000000000e+01	1.280448549514383083e-05
1.584893192461110840e+11	2.100000000000000000e+01	1.510219615004712279e-05
1.995262314968882751e+11	2.100000000000000000e+01	2.037218424417344649e-05
2.511886431509582214e+11	2.100000000000000000e+01	2.575000906972700724e-05
3.162277660168379517e+11	2.100000000000000000e+01	3.263109189377391467e-05
3.981071705534969482e+11	2.100000000000000000e+01	4.150371135537070502e-05
5.011872336272714844e+11	2.100000000000000000e+01	5.298673844831012684e-05
6.309573444801943359e+11	2.100000000000000000e+01	6.735838773278025068e-05
7.943282347242821045e+11	2.100000000000000000e+01	7.587302417123204282e-05
1.000000000000000000e+12	2.100000000000000000e+01	8.938680337213483599e-05
1.260000000000000000e+12	2.100000000000000000e+01	1.180371535876792991e-04
1.580000000000000000e+12	2.100000000000000000e+01	1.499625417062857430e-04
2.000000000000000000e+12	2.100000000000000000e+01	1.899057010367466978e-04
2.510000000000000000e+12	2.100000000000000000e+01	2.370395715534143026e-04
3.160000000000000000e+12	2.100000000000000000e+01	2.981575055831144484e-04
3.980000000000000000e+12	2.100000000000000000e+01	3.761420881136052705e-04
5.010000000000000000e+12	2.100000000000000000e+01	4.732555718209250370e-04
6.310000000000000000e+12	2.100000000000000000e+01	5.956978511339128734e-04
7.940000000000000000e+12	2.100000000000000000e+01	7.505590636385137647e-04
1.000000000000000000e+13	2.100000000000000000e+01	9.479642116226556304e-04
1.260000000000000000e+13	2.100000000000000000e+01	1.198283762881839371e-03
1.580000000000000000e+13	2.100000000000000000e+01	1.506051073553960019e-03
2.000000000000000000e+13	2.100000000000000000e+01	1.910679509878486634e-03
2.510000000000000000e+13	2.100000000000000000e+01	2.392019988389783216e-03
3.160000000000000000e+13	2.100000000000000000e+01	2.994889680330756285e-03
3.980000000000000000e+13	2.100000000000000000e+01	3.717063663475454749e-03
5.010000000000000000e+13	2.100000000000000000e+01	4.556940618736081243e-03
6.310000000000000000e+13	2.100000000000000000e+01	5.579610910798197751e-03
7.940000000000000000e+13	2.100000000000000000e+01	6.869077558939714299e-03
1.000000000000000000e+14	2.100000000000000000e+01	8.597301136244333425e-03
1.260000000000000000e+14	2.100000000000000000e+01	1.090097988236656684e-02
1.580000000000000000e+14	2.100000000000000000e+01	1.399967907870431315e-02
2.000000000000000000e+14	2.100000000000000000e+01	1.838502565539325978e-02
2.510000000000000000e+14	2.100000000000000000e+01	2.368640123411829002e-02
3.160000000000000000e+14	2.100000000000000000e+01	2.964723555344500258e-02
3.980000000000000000e+14	2.100000000000000000e+01	3.492791728881119301e-02
5.010000000000000000e+14	2.100000000000000000e+01	3.897975743591243492e-02
6.310000000000000000e+14	2.100000000000000000e+01	3.933958613007190741e-02
7.940000000000000000e+14	2.100000000000000000e+01	3.757504102743126906e-02
1.000000000000000000e+15	2.100000000000000000e+01	3.389584214999892542e-02
1.260000000000000000e+15	2.100000000000000000e+01	2.571383729376814156e-02
1.580000000000000000e+15	2.100000000000000000e+01	1.647419276828351875e-02
2.000000000000000000e+15	2.100000000000000000e+01	7.606578747748543763e-03
2.510000000000000000e+15	2.100000000000000000e+01	3.195435776932351946e-04
3.160000000000000000e+15	2.100000000000000000e+01	-6.707767881389142123e-03
3.980000000000000000e+15	2.100000000000000000e+01	-1.265542351316545355e-02
5.010000000000000000e+15	2.100000000000000000e+01	-1.731389774351762417e-02
6.310000000000000000e+15	2.100000000000000000e+01	-2.069665550891547703e-02
7.940000000000000000e+15	2.100000000000000000e+01	-2.288505505729923270e-02
1.000000000000000000e+16	2.100000000000000000e+01	-2.404712344349850539e-02
1.260000000000000000e+16	2.100000000000000000e+01	-2.434743999781101287e-02
1.580000000000000000e+16	2.100000000000000000e+01	-2.399675274505608594e-02
2.000000000000000000e+16	2.100000000000000000e+01	-2.308517045219316347e-02
2.510000000000000000e+16	2.100000000000000000e+01	-2.187124569916192723e-02
3.160000000000000000e+16	2.100000000000000000e+01	-2.040020844924596635e-02
3.980000000000000000e+16	2.100000000000000000e+01	-1.879113380796091498e-02
5.010000000000000000e+16	2.100000000000000000e+01	-1.713175349191478278e-02
6.310000000000000000e+16	2.100000000000000000e+01	-1.547346392088085228e-02
7.940000000000000000e+16	2.100000000000000000e+01	-1.387334889896227330e-02
1.000000000000000000e+17	2.100000000000000000e+01	-1.234579178662716104e-02
1.000000000000000000e+11	2.300000000000000000e+01	9.945105697728126140e-06
1.258925411794166107e+11	2.300000000000000000e+01	1.253096829283024362e-05
1.584893192461110840e+11	2.300000000000000000e+01	1.579873503032648403e-05
1.995262314968882751e+11	2.300000000000000000e+01	1.993818322702677322e-05
2.511886431509582214e+11	2.300000000000000000e+01	2.520319341927779579e-05
3.162277660168379517e+11	2.300000000000000000e+01	3.194214461081556415e-05
3.981071705534969482e+11	2.300000000000000000e+01	4.063504863488747175e-05
5.011872336272714844e+11	2.300000000000000000e+01	5.189042466231033455e-05
6.309573444801943359e+11	2.300000000000000000e+01	6.597265141379356408e-05
7.943282347242821045e+11	2.300000000000000000e+01	7.411518906010318929e-05
1.000000000000000000e+12	2.300000000000000000e+01	8.714216675695819064e-05
1.260000000000000000e+12	2.300000000000000000e+01	1.151174583607548308e-04
1.580000000000000000e+12	2.300000000000000000e+01	1.457056053055184517e-04
2.000000000000000000e+12	2.300000000000000000e+01	1.858165936624100545e-04
2.510000000000000000e+12	2.300000000000000000e+01	2.330737850934595182e-04
3.160000000000000000e+12	2.300000000000000000e+01	2.919809353549385829e-04
3.980000000000000000e+12	2.300000000000000000e+01	3.673786525169193138e-04
5.010000000000000000e+12	2.300000000000000000e+01	4.626223058575780239e-04
6.310000000000000000e+12	2.300000000000000000e+01	5.840003963277518593e-04
7.940000000000000000e+12	2.300000000000000000e+01	7.368864255025501511e-04
1.000000000000000000e+13	2.300000000000000000e+01	9.290229919486091325e-04
1.260000000000000000e+13	2.300000000000000000e+01	1.173425911138617321e-03
1.580000000000000000e+13	2.300000000000000000e+01	1.476114306711339211e-03
2.000000000000000000e+13	2.300000000000000000e+01	1.869847161691248283e-03
2.510000000000000000e+13	2.300000000000000000e+01	2.350906236878037413e-03
3.160000000000000000e+13	2.300000000000000000e+01	2.936231506459258730e-03
3.980000000000000000e+13	2.300000000000000000e+01	3.632870894740181968e-03
5.010000000000000000e+13	2.300000000000000000e+01	4.485114951946128810e-03
6.310000000000000000e+13	2.300000000000000000e+01	5.507868324863971626e-03
7.940000000000000000e+13	2.300000000000000000e+01	6.771386138173750117e-03
1.000000000000000000e+14	2.300000000000000000e+01	8.513790638124896920e-03
1.260000000000000000e+14	2.300000000000000000e+01	1.089956310669546423e-02
1.580000000000000000e+14	2.300000000000000000e+01	1.408694250300242257e-02
2.000000000000000000e+14	2.300000000000000000e+01	1.860532337543353495e-02
2.510000000000000000e+14	2.300000000000000000e+01	2.393662586427813474e-02
3.160000000000000000e+14	2.300000000000000000e+01	2.978488526582000889e-02
3.980000000000000000e+14	2.300000000000000000e+01	3.497595487026187999e-02
5.010000000000000000e+14	2.300000000000000000e+01	3.850516010839537262e-02
6.310000000000000000e+14	2.300000000000000000e+01	4.042704331185302535e-02
7.940000000000000000e+14	2.300000000000000000e+01	3.841273920485887422e-02
1.000000000000000000e+15	2.300000000000000000e+01	3.396161390279711645e-02
1.260000000000000000e+15	2.300000000000000000e+01	2.792879047439658646e-02
1.580000000000000000e+15	2.300000000000000000e+01	1.902745587346587122e-02
2.000000000000000000e+15	2.300000000000000000e+01	1.004785683712834318e-02
2.510000000000000000e+15	2.300000000000000000e+01	1.463863018300630252e-03
3.160000000000000000e+15	2.300000000000000000e+01	-6.160965362938880356e-03
3.980000000000000000e+15	2.300000000000000000e+01	-1.252495374674933264e-02
5.010000000000000000e+15	2.300000000000000000e+01	-1.748733269621325151e-02
6.310000000000000000e+15	2.300000000000000000e+01	-2.109084572002841232e-02
7.940000000000000000e+15	2.300000000000000000e+01	-2.343251093495382978e-02
1.000000000000000000e+16	2.300000000000000000e+01	-2.469329216111192105e-02
1.260000000000000000e+16	2.300000000000000000e+01	-2.505503902410098280e-02
1.580000000000000000e+16	2.300000000000000000e+01	-2.472037258453254477e-02
2.000000000000000000e+16	2.300000000000000000e+01	-2.380477396232508550e-02
2.510000000000000000e+16	2.300000000000000000e+01	-2.256867433570816650e-02
3.160000000000000000e+16	2.300000000000000000e+01	-2.106237591687720387e-02
3.980000000000000000e+16	2.300000000000000000e+01	-1.940962506844604377e-02
5.010000000000000000e+16	2.300000000000000000e+01	-1.770175156069337188e-02
6.310000000000000000e+16	2.300000000000000000e+01	-1.599284120324945616e-02
7.940000000000000000e+16	2.300000000000000000e+01	-1.434247449894233278e-02
1.000000000000000000e+17	2.300000000000000000e+01	-1.276573134937247431e-02
1.000000000000000000e+11	2.500000000000000000e+01	9.840125364088900476e-06
1.258925411794166107e+11	2.500000000000000000e+01	1.239892636121080554e-05
1.584893192461110840e+11	2.500000000000000000e+01	1.563255724130135934e-05
1.995262314968882751e+11	2.500000000000000000e+01	1.972895491613972047e-05
2.511886431509582214e+11	2.500000000000000000e+01	2.494019788658935604e-05
3.162277660168379517e+11	2.500000000000000000e+01	3.161085357602117516e-05
3.981071705534969482e+11	2.500000000000000000e+01	4.021834856162363590e-05
5.011872336272714844e+11	2.500000000000000000e+01	5.136649285883164358e-05
6.309573444801943359e+11	2.500000000000000000e+01	6.531516492530894502e-05
7.943282347242821045e+11	2.500000000000000000e+01	7.329116858287019792e-05
1.000000000000000000e+12	2.500000000000000000e+01	8.613437026336038973e-05
1.260000000000000000e+12	2.500000000000000000e+01	1.138720061037039918e-04
1.580000000000000000e+12	2.500000000000000000e+01	1.445824078970548972e-04
2.000000000000000000e+12	2.500000000000000000e+01	1.824623285693038877e-04
2.510000000000000000e+12	2.500000000000000000e+01	2.283195686952887169e-04
3.160000000000000000e+12	2.500000000000000000e+01	2.895743942013684498e-04
3.980000000000000000e+12	2.500000000000000000e+01	3.649018800823505783e-04
5.010000000000000000e+12	2.500000000000000000e+01	4.588560446898667694e-04
6.310000000000000000e+12	2.500000000000000000e+01	5.775555018324542763e-04
7.940000000000000000e+12	2.500000000000000000e+01	7.267390954626368280e-04
1.000000000000000000e+13	2.500000000000000000e+01	9.187043171297904235e-04
1.260000000000000000e+13	2.500000000000000000e+01	1.160002857403007572e-03
1.580000000000000000e+13	2.500000000000000000e+01	1.457455587693285608e-03
2.000000000000000000e+13	2.500000000000000000e+01	1.849609067973468973e-03
2.510000000000000000e+13	2.500000000000000000e+01	2.320893999082756717e-03
3.160000000000000000e+13	2.500000000000000000e+01	2.900365529453531165e-03
3.980000000000000000e+13	2.500000000000000000e+01	3.603432691203745878e-03
5.010000000000000000e+13	2.500000000000000000e+01	4.445147170084066610e-03
6.310000000000000000e+13	2.500000000000000000e+01	5.487169556840732453e-03
7.940000000000000000e+13	2.500000000000000000e+01	6.820478957950221362e-03
1.000000000000000000e+14	2.500000000000000000e+01	8.501842865821352888e-03
1.260000000000000000e+14	2.500000000000000000e+01	1.078880239946881404e-02
1.580000000000000000e+14	2.500000000000000000e+01	1.398007322269969113e-02
2.000000000000000000e+14	2.500000000000000000e+01	1.842545169633730967e-02
2.510000000000000000e+14	2.500000000000000000e+01	2.383518826760700274e-02
3.160000000000000000e+14	2.500000000000000000e+01	2.975785907980733197e-02
3.980000000000000000e+14	2.500000000000000000e+01	3.505281425282797542e-02
5.010000000000000000e+14	2.500000000000000000e+01	3.926548797146076075e-02
6.310000000000000000e+14	2.500000000000000000e+01	4.007145223533590400e-02
7.940000000000000000e+14	2.500000000000000000e+01	3.709253070439515881e-02
1.000000000000000000e+15	2.500000000000000000e+01	3.136147934081814914e-02
1.260000000000000000e+15	2.500000000000000000e+01	2.420157053760984417e-02
1.580000000000000000e+15	2.500000000000000000e+01	1.726406148041911143e-02
2.000000000000000000e+15	2.500000000000000000e+01	8.979088867677769564e-03
2.510000000000000000e+15	2.500000000000000000e+01	8.683087391594604540e-04
3.160000000000000000e+15	2.500000000000000000e+01	-6.362986909121397250e-03
3.980000000000000000e+15	2.500000000000000000e+01	-1.241336611315392233e-02
5.010000000000000000e+15	2.500000000000000000e+01	-1.713456363976909036e-02
6.310000000000000000e+15	2.500000000000000000e+01	-2.056023736840574198e-02
7.940000000000000000e+15	2.500000000000000000e+01	-2.277975236216061780e-02
1.000000000000000000e+16	2.500000000000000000e+01	-2.396454981370176734e-02
1.260000000000000000e+16	2.500000000000000000e+01	-2.428255456634697412e-02
1.580000000000000000e+16	2.500000000000000000e+01	-2.394532446886902741e-02
2.000000000000000000e+16	2.500000000000000000e+01	-2.304497797786147009e-02
2.510000000000000000e+16	2.500000000000000000e+01	-2.183907894243800746e-02
3.160000000000000000e+16	2.500000000000000000e+01	-2.037469165444577568e-02
3.980000000000000000e+16	2.500000000000000000e+01	-1.877100482308912896e-02
5.010000000000000000e+16	2.500000000000000000e+01	-1.711587594051990416e-02
6.310000000000000000e+16	2.500000000000000000e+01	-1.546071144153954649e-02
7.940000000000000000e+16	2.500000000000000000e+01	-1.386325706961804086e-02
1.000000000000000000e+17	2.500000000000000000e+01	-1.233773498159863868e-02
