1.000000000000000000e+11	5.000000000000000000e-01	2.088794515960075681e-05
1.258925411794166107e+11	5.000000000000000000e-01	2.632228011237695446e-05
1.584893192461110840e+11	5.000000000000000000e-01	3.319183156600669489e-05
1.995262314968882751e+11	5.000000000000000000e-01	4.189676568091060203e-05
2.511886431509582214e+11	5.000000000000000000e-01	5.297536816866183081e-05
3.162277660168379517e+11	5.000000000000000000e-01	6.717360622584938863e-05
3.981071705534969482e+11	5.000000000000000000e-01	8.557075927723617253e-05
5.011872336272714844e+11	5.000000000000000000e-01	1.098076865418479088e-04
6.309573444801943359e+11	5.000000000000000000e-01	1.424691900883642598e-04
7.943282347242821045e+11	5.000000000000000000e-01	1.883913886755885056e-04
1.000000000000000000e+12	5.000000000000000000e-01	2.184046146438076434e-04
1.260000000000000000e+12	5.000000000000000000e-01	2.349439357097839512e-04
1.580000000000000000e+12	5.000000000000000000e-01	2.742311332996701817e-04
2.000000000000000000e+12	5.000000000000000000e-01	3.318100625928336223e-04
2.510000000000000000e+12	5.000000000000000000e-01	4.046741835867852005e-04
3.160000000000000000e+12	5.000000000000000000e-01	4.997094639063784632e-04
3.980000000000000000e+12	5.000000000000000000e-01	6.210588007617148191e-04
5.010000000000000000e+12	5.000000000000000000e-01	7.744929153136735937e-04
6.310000000000000000e+12	5.000000000000000000e-01	9.704057561664353789e-04
7.940000000000000000e+12	5.000000000000000000e-01	1.220997204666576146e-03
1.000000000000000000e+13	5.000000000000000000e-01	1.544398798525281917e-03
1.260000000000000000e+13	5.000000000000000000e-01	1.956857196414217136e-03
1.580000000000000000e+13	5.000000000000000000e-01	2.465136799937480555e-03
2.000000000000000000e+13	5.000000000000000000e-01	3.136305245744964998e-03
2.510000000000000000e+13	5.000000000000000000e-01	3.938883914431304777e-03
3.160000000000000000e+13	5.000000000000000000e-01	4.882460287234663063e-03
3.980000000000000000e+13	5.000000000000000000e-01	5.890939588932762351e-03
5.010000000000000000e+13	5.000000000000000000e-01	6.868039621491854770e-03
6.310000000000000000e+13	5.000000000000000000e-01	7.793230602092446162e-03
7.940000000000000000e+13	5.000000000000000000e-01	8.749672925702131274e-03
1.000000000000000000e+14	5.000000000000000000e-01	9.944752276452714299e-03
1.260000000000000000e+14	5.000000000000000000e-01	1.168122810014727425e-02
1.580000000000000000e+14	5.000000000000000000e-01	1.425072664989456700e-02
2.000000000000000000e+14	5.000000000000000000e-01	1.816999664627944044e-02
2.510000000000000000e+14	5.000000000000000000e-01	2.315987208728065988e-02
3.160000000000000000e+14	5.000000000000000000e-01	2.879053506304848561e-02
3.980000000000000000e+14	5.000000000000000000e-01	3.398084178196449090e-02
5.010000000000000000e+14	5.000000000000000000e-01	3.748619991329872614e-02
6.310000000000000000e+14	5.000000000000000000e-01	3.840104027309457213e-02
7.940000000000000000e+14	5.000000000000000000e-01	3.636166933303314891e-02
1.000000000000000000e+15	5.000000000000000000e-01	3.144550979882082542e-02
1.260000000000000000e+15	5.000000000000000000e-01	2.446885035535446146e-02
1.580000000000000000e+15	5.000000000000000000e-01	1.657479438751415998e-02
2.000000000000000000e+15	5.000000000000000000e-01	8.257638616044088442e-03
2.510000000000000000e+15	5.000000000000000000e-01	2.584668130490013361e-04
3.160000000000000000e+15	5.000000000000000000e-01	-7.020792850998783252e-03
3.980000000000000000e+15	5.000000000000000000e-01	-1.313561120518417190e-02
5.010000000000000000e+15	5.000000000000000000e-01	-1.791174264270783620e-02
6.310000000000000000e+15	5.000000000000000000e-01	-2.137389585534731073e-02
7.940000000000000000e+15	5.000000000000000000e-01	-2.360904291725062290e-02
1.000000000000000000e+16	5.000000000000000000e-01	-2.479076301162240828e-02
1.260000000000000000e+16	5.000000000000000000e-01	-2.508841900605785630e-02
1.580000000000000000e+16	5.000000000000000000e-01	-2.471872077592417866e-02
2.000000000000000000e+16	5.000000000000000000e-01	-2.377386336222285512e-02
2.510000000000000000e+16	5.000000000000000000e-01	-2.251915741262240298e-02
3.160000000000000000e+16	5.000000000000000000e-01	-2.100137667219986390e-02
3.980000000000000000e+16	5.000000000000000000e-01	-1.934267779744960544e-02
5.010000000000000000e+16	5.000000000000000000e-01	-1.763279473360521155e-02
6.310000000000000000e+16	5.000000000000000000e-01	-1.592472506748790484e-02
7.940000000000000000e+16	5.000000000000000000e-01	-1.427708001032242449e-02
1.000000000000000000e+17	5.000000000000000000e-01	-1.270432933198646988e-02
1.000000000000000000e+11	1.500000000000000000e+00	1.828343938107620815e-05
1.258925411794166107e+11	1.500000000000000000e+00	2.304116339072937087e-05
1.584893192461110840e+11	1.500000000000000000e+00	2.905661617472068717e-05
1.995262314968882751e+11	1.500000000000000000e+00	3.668186499166099741e-05
2.511886431509582214e+11	1.500000000000000000e+00	4.639131743675491148e-05
3.162277660168379517e+11	1.500000000000000000e+00	5.884541238196177269e-05
3.981071705534969482e+11	1.500000000000000000e+00	7.500150401981355182e-05
5.011872336272714844e+11	1.500000000000000000e+00	9.630503405158827063e-05
6.309573444801943359e+11	1.500000000000000000e+00	1.249518813976158258e-04
7.943282347242821045e+11	1.500000000000000000e+00	1.637663492546427883e-04
1.000000000000000000e+12	1.500000000000000000e+00	1.891404381256239916e-04
1.260000000000000000e+12	1.500000000000000000e+00	2.042574737391306670e-04
1.580000000000000000e+12	1.500000000000000000e+00	2.386670361546162987e-04
2.000000000000000000e+12	1.500000000000000000e+00	2.893417969192295879e-04
2.510000000000000000e+12	1.500000000000000000e+00	3.533738200841848929e-04
3.160000000000000000e+12	1.500000000000000000e+00	4.368775553404721877e-04
3.980000000000000000e+12	1.500000000000000000e+00	5.437102164204611794e-04
5.010000000000000000e+12	1.500000000000000000e+00	6.796460098698601420e-04
6.310000000000000000e+12	1.500000000000000000e+00	8.530291689646389867e-04
7.940000000000000000e+12	1.500000000000000000e+00	1.073565951451004204e-03
1.000000000000000000e+13	1.500000000000000000e+00	1.357804218548348471e-03
1.260000000000000000e+13	1.500000000000000000e+00	1.720323788224888736e-03
1.580000000000000000e+13	1.500000000000000000e+00	2.168527087002012754e-03
2.000000000000000000e+13	1.500000000000000000e+00	2.759998743388625882e-03
2.510000000000000000e+13	1.500000000000000000e+00	3.471171598570594458e-03
3.160000000000000000e+13	1.500000000000000000e+00	4.319767117285571410e-03
3.980000000000000000e+13	1.500000000000000000e+00	5.253731124521084615e-03
5.010000000000000000e+13	1.500000000000000000e+00	6.210712493853034165e-03
6.310000000000000000e+13	1.500000000000000000e+00	7.173728777373187399e-03
7.940000000000000000e+13	1.500000000000000000e+00	8.229978317994303405e-03
1.000000000000000000e+14	1.500000000000000000e+00	9.576533829116891383e-03
1.260000000000000000e+14	1.500000000000000000e+00	1.148446285236790973e-02
1.580000000000000000e+14	1.500000000000000000e+00	1.421211966146113982e-02
2.000000000000000000e+14	1.500000000000000000e+00	1.826975777374348353e-02
2.510000000000000000e+14	1.500000000000000000e+00	2.332927548141209770e-02
3.160000000000000000e+14	1.500000000000000000e+00	2.902498482570851912e-02
3.980000000000000000e+14	1.500000000000000000e+00	3.431797562863779516e-02
5.010000000000000000e+14	1.500000000000000000e+00	3.776364606037910937e-02
6.310000000000000000e+14	1.500000000000000000e+00	3.866672954954668978e-02
7.940000000000000000e+14	1.500000000000000000e+00	3.672728503856430293e-02
1.000000000000000000e+15	1.500000000000000000e+00	3.205999423408183169e-02
1.260000000000000000e+15	1.500000000000000000e+00	2.539493942237818977e-02
1.580000000000000000e+15	1.500000000000000000e+00	1.731971859053662438e-02
2.000000000000000000e+15	1.500000000000000000e+00	8.703036526808463971e-03
2.510000000000000000e+15	1.500000000000000000e+00	5.837012779877229565e-04
3.160000000000000000e+15	1.500000000000000000e+00	-6.773297925161332264e-03
3.980000000000000000e+15	1.500000000000000000e+00	-1.294400031781956645e-02
5.010000000000000000e+15	1.500000000000000000e+00	-1.776187506717626097e-02
6.310000000000000000e+15	1.500000000000000000e+00	-2.125600331376881896e-02
7.940000000000000000e+15	1.500000000000000000e+00	-2.351625974058340479e-02
1.000000000000000000e+16	1.500000000000000000e+00	-2.471706030439698928e-02
1.260000000000000000e+16	1.500000000000000000e+00	-2.503005272339435885e-02
1.580000000000000000e+16	1.500000000000000000e+00	-2.467224580656487629e-02
2.000000000000000000e+16	1.500000000000000000e+00	-2.373717803678494775e-02
2.510000000000000000e+16	1.500000000000000000e+00	-2.248993996543021540e-02
3.160000000000000000e+16	1.500000000000000000e+00	-2.097817918606338650e-02
3.980000000000000000e+16	1.500000000000000000e+00	-1.932426270285433206e-02
5.010000000000000000e+16	1.500000000000000000e+00	-1.761817549862586263e-02
6.310000000000000000e+16	1.500000000000000000e+00	-1.591309974755199599e-02
7.940000000000000000e+16	1.500000000000000000e+00	-1.426785131117437253e-02
1.000000000000000000e+17	1.500000000000000000e+00	-1.269698246444806063e-02
1.000000000000000000e+11	2.500000000000000000e+00	1.670736927622774116e-05
1.258925411794166107e+11	2.500000000000000000e+00	2.105492998725342404e-05
1.584893192461110840e+11	2.500000000000000000e+00	2.655189976334989654e-05
1.995262314968882751e+11	2.500000000000000000e+00	3.351994922858589284e-05
2.511886431509582214e+11	2.500000000000000000e+00	4.239299775940488568e-05
3.162277660168379517e+11	2.500000000000000000e+00	5.377440623888018545e-05
3.981071705534969482e+11	2.500000000000000000e+00	6.853599470861695487e-05
5.011872336272714844e+11	2.500000000000000000e+00	8.797799814595608063e-05
6.309573444801943359e+11	2.500000000000000000e+00	1.139671673281087544e-04
7.943282347242821045e+11	2.500000000000000000e+00	1.474146571739858383e-04
1.000000000000000000e+12	2.500000000000000000e+00	1.703845874933923273e-04
1.260000000000000000e+12	2.500000000000000000e+00	1.872883068651195505e-04
1.580000000000000000e+12	2.500000000000000000e+00	2.201622357805252687e-04
2.000000000000000000e+12	2.500000000000000000e+00	2.673778636719362808e-04
2.510000000000000000e+12	2.500000000000000000e+00	3.274217906709929200e-04
3.160000000000000000e+12	2.500000000000000000e+00	4.058210236621904283e-04
3.980000000000000000e+12	2.500000000000000000e+00	5.061360630127564918e-04
5.010000000000000000e+12	2.500000000000000000e+00	6.333598391422298832e-04
6.310000000000000000e+12	2.500000000000000000e+00	7.952484017087722845e-04
7.940000000000000000e+12	2.500000000000000000e+00	1.001113866881583100e-03
1.000000000000000000e+13	2.500000000000000000e+00	1.265819840705977332e-03
1.260000000000000000e+13	2.500000000000000000e+00	1.603192905075828982e-03
1.580000000000000000e+13	2.500000000000000000e+00	2.020961758929934460e-03
2.000000000000000000e+13	2.500000000000000000e+00	2.575216799524808302e-03
2.510000000000000000e+13	2.500000000000000000e+00	3.239290375291870635e-03
3.160000000000000000e+13	2.500000000000000000e+00	4.038930061274459936e-03
3.980000000000000000e+13	2.500000000000000000e+00	4.939352304841732738e-03
5.010000000000000000e+13	2.500000000000000000e+00	5.868521665301249662e-03
6.310000000000000000e+13	2.500000000000000000e+00	6.855441047377758279e-03
7.940000000000000000e+13	2.500000000000000000e+00	7.974588816951861531e-03
1.000000000000000000e+14	2.500000000000000000e+00	9.385380922952294910e-03
1.260000000000000000e+14	2.500000000000000000e+00	1.135226773689989969e-02
1.580000000000000000e+14	2.500000000000000000e+00	1.416787851152493359e-02
2.000000000000000000e+14	2.500000000000000000e+00	1.833196685202367893e-02
2.510000000000000000e+14	2.500000000000000000e+00	2.346450743806040989e-02
3.160000000000000000e+14	2.500000000000000000e+00	2.925474471618770902e-02
3.980000000000000000e+14	2.500000000000000000e+00	3.456890629487351790e-02
5.010000000000000000e+14	2.500000000000000000e+00	3.829385593736286952e-02
6.310000000000000000e+14	2.500000000000000000e+00	3.925892093832659274e-02
7.940000000000000000e+14	2.500000000000000000e+00	3.698397195521180292e-02
1.000000000000000000e+15	2.500000000000000000e+00	3.194384155085620153e-02
1.260000000000000000e+15	2.500000000000000000e+00	2.482885022119184215e-02
1.580000000000000000e+15	2.500000000000000000e+00	1.686837641843473221e-02
2.000000000000000000e+15	2.500000000000000000e+00	8.508951735015934242e-03
2.510000000000000000e+15	2.500000000000000000e+00	4.939456885872364669e-04
3.160000000000000000e+15	2.500000000000000000e+00	-6.786602267441938473e-03
3.980000000000000000e+15	2.500000000000000000e+00	-1.289846092993241801e-02
5.010000000000000000e+15	2.500000000000000000e+00	-1.767199929833451755e-02
6.310000000000000000e+15	2.500000000000000000e+00	-2.113427788930382842e-02
7.940000000000000000e+15	2.500000000000000000e+00	-2.337277298711120180e-02
1.000000000000000000e+16	2.500000000000000000e+00	-2.456126260471265879e-02
1.260000000000000000e+16	2.500000000000000000e+00	-2.486870977114615661e-02
1.580000000000000000e+16	2.500000000000000000e+00	-2.451080824491623164e-02
2.000000000000000000e+16	2.500000000000000000e+00	-2.358013990592719780e-02
2.510000000000000000e+16	2.500000000000000000e+00	-2.233996013522670729e-02
3.160000000000000000e+16	2.500000000000000000e+00	-2.083741992847578522e-02
3.980000000000000000e+16	2.500000000000000000e+00	-1.919399279393782867e-02
5.010000000000000000e+16	2.500000000000000000e+00	-1.749891609545314169e-02
6.310000000000000000e+16	2.500000000000000000e+00	-1.580507075709861042e-02
7.940000000000000000e+16	2.500000000000000000e+00	-1.417072714021027670e-02
1.000000000000000000e+17	2.500000000000000000e+00	-1.261036221018960353e-02
1.000000000000000000e+11	3.500000000000000000e+00	1.547888386039122127e-05
1.258925411794166107e+11	3.500000000000000000e+00	1.950642680256418974e-05
1.584893192461110840e+11	3.500000000000000000e+00	2.459854188449639512e-05
1.995262314968882751e+11	3.500000000000000000e+00	3.105300014275544552e-05
2.511886431509582214e+11	3.500000000000000000e+00	3.927114232536570317e-05
3.162277660168379517e+11	3.500000000000000000e+00	4.981020046924876458e-05
3.981071705534969482e+11	3.500000000000000000e+00	6.347203434537697050e-05
5.011872336272714844e+11	3.500000000000000000e+00	8.143270295204423222e-05
6.309573444801943359e+11	3.500000000000000000e+00	1.052774644512597210e-04
7.943282347242821045e+11	3.500000000000000000e+00	1.341954421552555632e-04
1.000000000000000000e+12	3.500000000000000000e+00	1.553222655175169099e-04
1.260000000000000000e+12	3.500000000000000000e+00	1.740233677577598568e-04
1.580000000000000000e+12	3.500000000000000000e+00	2.063038814992447392e-04
2.000000000000000000e+12	3.500000000000000000e+00	2.522728855306945075e-04
2.510000000000000000e+12	3.500000000000000000e+00	3.099603549453817009e-04
3.160000000000000000e+12	3.500000000000000000e+00	3.847046966467528527e-04
3.980000000000000000e+12	3.500000000000000000e+00	4.802693868956243897e-04
5.010000000000000000e+12	3.500000000000000000e+00	6.013486065921865584e-04
6.310000000000000000e+12	3.500000000000000000e+00	7.559855508963527664e-04
7.940000000000000000e+12	3.500000000000000000e+00	9.523116310357704686e-04
1.000000000000000000e+13	3.500000000000000000e+00	1.204086973080260511e-03
1.260000000000000000e+13	3.500000000000000000e+00	1.525695526523373818e-03
1.580000000000000000e+13	3.500000000000000000e+00	1.923329406556201562e-03
2.000000000000000000e+13	3.500000000000000000e+00	2.444452566483902058e-03
2.510000000000000000e+13	3.500000000000000000e+00	3.073513375293307221e-03
3.160000000000000000e+13	3.500000000000000000e+00	3.840524986588720116e-03
3.980000000000000000e+13	3.500000000000000000e+00	4.708237106050026932e-03
5.010000000000000000e+13	3.500000000000000000e+00	5.637972330231724553e-03
6.310000000000000000e+13	3.500000000000000000e+00	6.625610037943773650e-03
7.940000000000000000e+13	3.500000000000000000e+00	7.758115807754364587e-03
1.000000000000000000e+14	3.500000000000000000e+00	9.225468604876869635e-03
1.260000000000000000e+14	3.500000000000000000e+00	1.127210531083097309e-02
1.580000000000000000e+14	3.500000000000000000e+00	1.414258942433858739e-02
2.000000000000000000e+14	3.500000000000000000e+00	1.835083243743910672e-02
2.510000000000000000e+14	3.500000000000000000e+00	2.356535955400916246e-02
3.160000000000000000e+14	3.500000000000000000e+00	2.934541282308859855e-02
3.980000000000000000e+14	3.500000000000000000e+00	3.472900632949607602e-02
5.010000000000000000e+14	3.500000000000000000e+00	3.831781161780635492e-02
6.310000000000000000e+14	3.500000000000000000e+00	3.912001115990374617e-02
7.940000000000000000e+14	3.500000000000000000e+00	3.695978345070360244e-02
1.000000000000000000e+15	3.500000000000000000e+00	3.228223199927833520e-02
1.260000000000000000e+15	3.500000000000000000e+00	2.572426944142888749e-02
1.580000000000000000e+15	3.500000000000000000e+00	1.785204686686786557e-02
2.000000000000000000e+15	3.500000000000000000e+00	9.246158886047049080e-03
2.510000000000000000e+15	3.500000000000000000e+00	8.979537095657693681e-04
3.160000000000000000e+15	3.500000000000000000e+00	-6.546137819763110308e-03
3.980000000000000000e+15	3.500000000000000000e+00	-1.277193398628574325e-02
5.010000000000000000e+15	3.500000000000000000e+00	-1.762872643193074546e-02
6.310000000000000000e+15	3.500000000000000000e+00	-2.115191238128541831e-02
7.940000000000000000e+15	3.500000000000000000e+00	-2.343427048414876632e-02
1.000000000000000000e+16	3.500000000000000000e+00	-2.465236715097243736e-02
1.260000000000000000e+16	3.500000000000000000e+00	-2.497889300987468295e-02
1.580000000000000000e+16	3.500000000000000000e+00	-2.463153501319001112e-02
2.000000000000000000e+16	3.500000000000000000e+00	-2.370506369424213791e-02
2.510000000000000000e+16	3.500000000000000000e+00	-2.246437380829160307e-02
3.160000000000000000e+16	3.500000000000000000e+00	-2.095788173491557396e-02
3.980000000000000000e+16	3.500000000000000000e+00	-1.930815786984718674e-02
5.010000000000000000e+16	3.500000000000000000e+00	-1.760539318617111715e-02
6.310000000000000000e+16	3.500000000000000000e+00	-1.590294376456414735e-02
7.940000000000000000e+16	3.500000000000000000e+00	-1.425982281696322983e-02
1.000000000000000000e+17	3.500000000000000000e+00	-1.269056942884505546e-02
1.000000000000000000e+11	5.000000000000000000e+00	1.398592716633081113e-05
1.258925411794166107e+11	5.000000000000000000e+00	1.762451047263327599e-05
1.584893192461110840e+11	5.000000000000000000e+00	2.222410206794317070e-05
1.995262314968882751e+11	5.000000000000000000e+00	2.805344707487947100e-05
2.511886431509582214e+11	5.000000000000000000e+00	3.547381917702011907e-05
3.162277660168379517e+11	5.000000000000000000e+00	4.498056237578084462e-05
3.981071705534969482e+11	5.000000000000000000e+00	5.730143652504913234e-05
5.011872336272714844e+11	5.000000000000000000e+00	7.346091667815756647e-05
6.309573444801943359e+11	5.000000000000000000e+00	9.462335149675549456e-05
7.943282347242821045e+11	5.000000000000000000e+00	1.178119739943445289e-04
1.000000000000000000e+12	5.000000000000000000e+00	1.367635818695287202e-04
1.260000000000000000e+12	5.000000000000000000e+00	1.581867156068617378e-04
1.580000000000000000e+12	5.000000000000000000e+00	1.902431620948853805e-04
2.000000000000000000e+12	5.000000000000000000e+00	2.345541145262968299e-04
2.510000000000000000e+12	5.000000000000000000e+00	2.897028192117328182e-04
3.160000000000000000e+12	5.000000000000000000e+00	3.610523805487194878e-04
3.980000000000000000e+12	5.000000000000000000e+00	4.517511517817027309e-04
5.010000000000000000e+12	5.000000000000000000e+00	5.664010003818813893e-04
6.310000000000000000e+12	5.000000000000000000e+00	7.121722786404409726e-04
7.940000000000000000e+12	5.000000000000000000e+00	8.969825640421809614e-04
1.000000000000000000e+13	5.000000000000000000e+00	1.134069994610656775e-03
1.260000000000000000e+13	5.000000000000000000e+00	1.435775585545695726e-03
1.580000000000000000e+13	5.000000000000000000e+00	1.808489909829060112e-03
2.000000000000000000e+13	5.000000000000000000e+00	2.300322900972589547e-03
2.510000000000000000e+13	5.000000000000000000e+00	2.891565383554040979e-03
3.160000000000000000e+13	5.000000000000000000e+00	3.616015950168663569e-03
3.980000000000000000e+13	5.000000000000000000e+00	4.442544848076507985e-03
5.010000000000000000e+13	5.000000000000000000e+00	5.347108696140326529e-03
6.310000000000000000e+13	5.000000000000000000e+00	6.350119155471533640e-03
7.940000000000000000e+13	5.000000000000000000e+00	7.517624069574433548e-03
1.000000000000000000e+14	5.000000000000000000e+00	9.031849814152293973e-03
1.260000000000000000e+14	5.000000000000000000e+00	1.114956062626952168e-02
1.580000000000000000e+14	5.000000000000000000e+00	1.407993050422551122e-02
2.000000000000000000e+14	5.000000000000000000e+00	1.832877075489381183e-02
2.510000000000000000e+14	5.000000000000000000e+00	2.353404877119540453e-02
3.160000000000000000e+14	5.000000000000000000e+00	2.941245153580105895e-02
3.980000000000000000e+14	5.000000000000000000e+00	3.478780198445864669e-02
5.010000000000000000e+14	5.000000000000000000e+00	3.830859417290580909e-02
6.310000000000000000e+14	5.000000000000000000e+00	3.930946063448187422e-02
7.940000000000000000e+14	5.000000000000000000e+00	3.729943787648618003e-02
1.000000000000000000e+15	5.000000000000000000e+00	3.235396202266610510e-02
1.260000000000000000e+15	5.000000000000000000e+00	2.535356318325910838e-02
1.580000000000000000e+15	5.000000000000000000e+00	1.729379144277386551e-02
2.000000000000000000e+15	5.000000000000000000e+00	8.784180191799858053e-03
2.510000000000000000e+15	5.000000000000000000e+00	7.160193406244169407e-04
3.160000000000000000e+15	5.000000000000000000e+00	-6.591621196562437966e-03
3.980000000000000000e+15	5.000000000000000000e+00	-1.272048388374483370e-02
5.010000000000000000e+15	5.000000000000000000e+00	-1.750617896847221286e-02
6.310000000000000000e+15	5.000000000000000000e+00	-2.097838246537825357e-02
7.940000000000000000e+15	5.000000000000000000e+00	-2.322658590930178762e-02
1.000000000000000000e+16	5.000000000000000000e+00	-2.442406826435115919e-02
1.260000000000000000e+16	5.000000000000000000e+00	-2.474111958644967940e-02
1.580000000000000000e+16	5.000000000000000000e+00	-2.439274742446660010e-02
2.000000000000000000e+16	5.000000000000000000e+00	-2.347213796792930671e-02
2.510000000000000000e+16	5.000000000000000000e+00	-2.224150744839848565e-02
3.160000000000000000e+16	5.000000000000000000e+00	-2.074840477529842075e-02
3.980000000000000000e+16	5.000000000000000000e+00	-1.911408173621597512e-02
5.010000000000000000e+16	5.000000000000000000e+00	-1.742768071982633490e-02
6.310000000000000000e+16	5.000000000000000000e+00	-1.574113656670472761e-02
7.940000000000000000e+16	5.000000000000000000e+00	-1.411474835462964497e-02
1.000000000000000000e+17	5.000000000000000000e+00	-1.256114618376300007e-02
1.000000000000000000e+11	7.000000000000000000e+00	1.268318395731822361e-05
1.258925411794166107e+11	7.000000000000000000e+00	1.598200687015730606e-05
1.584893192461110840e+11	7.000000000000000000e+00	2.015162797203718786e-05
1.995262314968882751e+11	7.000000000000000000e+00	2.543483774891810929e-05
2.511886431509582214e+11	7.000000000000000000e+00	3.215736817497996181e-05
3.162277660168379517e+11	7.000000000000000000e+00	4.076894022567360376e-05
3.981071705534969482e+11	7.000000000000000000e+00	5.190349591685238401e-05
5.011872336272714844e+11	7.000000000000000000e+00	6.643798824094758546e-05
6.309573444801943359e+11	7.000000000000000000e+00	8.524891867149791741e-05
7.943282347242821045e+11	7.000000000000000000e+00	1.032074488807842034e-04
1.000000000000000000e+12	7.000000000000000000e+00	1.204696079654888263e-04
1.260000000000000000e+12	7.000000000000000000e+00	1.447456496861004882e-04
1.580000000000000000e+12	7.000000000000000000e+00	1.766313095806800305e-04
2.000000000000000000e+12	7.000000000000000000e+00	2.199409221965866303e-04
2.510000000000000000e+12	7.000000000000000000e+00	2.731723227946642276e-04
3.160000000000000000e+12	7.000000000000000000e+00	3.414024943407529384e-04
3.980000000000000000e+12	7.000000000000000000e+00	4.279804770587949253e-04
5.010000000000000000e+12	7.000000000000000000e+00	5.374361640332888735e-04
6.310000000000000000e+12	7.000000000000000000e+00	6.761940956862481748e-04
7.940000000000000000e+12	7.000000000000000000e+00	8.520118911376222022e-04
1.000000000000000000e+13	7.000000000000000000e+00	1.076082429461801965e-03
1.260000000000000000e+13	7.000000000000000000e+00	1.361784270740839901e-03
1.580000000000000000e+13	7.000000000000000000e+00	1.715588698122110130e-03
2.000000000000000000e+13	7.000000000000000000e+00	2.181937547604050325e-03
2.510000000000000000e+13	7.000000000000000000e+00	2.743434841094674267e-03
3.160000000000000000e+13	7.000000000000000000e+00	3.428334152500127005e-03
3.980000000000000000e+13	7.000000000000000000e+00	4.231016927921110379e-03
5.010000000000000000e+13	7.000000000000000000e+00	5.120897670904372111e-03
6.310000000000000000e+13	7.000000000000000000e+00	6.135519707902319098e-03
7.940000000000000000e+13	7.000000000000000000e+00	7.371417597024038613e-03
1.000000000000000000e+14	7.000000000000000000e+00	8.944546754122885066e-03
1.260000000000000000e+14	7.000000000000000000e+00	1.111904077233915981e-02
1.580000000000000000e+14	7.000000000000000000e+00	1.412672624478325013e-02
2.000000000000000000e+14	7.000000000000000000e+00	1.844723441677884740e-02
2.510000000000000000e+14	7.000000000000000000e+00	2.381426082018231472e-02
3.160000000000000000e+14	7.000000000000000000e+00	2.960691160894796461e-02
3.980000000000000000e+14	7.000000000000000000e+00	3.489040157652547464e-02
5.010000000000000000e+14	7.000000000000000000e+00	3.873239198255693655e-02
6.310000000000000000e+14	7.000000000000000000e+00	3.988566763235911611e-02
7.940000000000000000e+14	7.000000000000000000e+00	3.794529189389019008e-02
1.000000000000000000e+15	7.000000000000000000e+00	3.342338795251226929e-02
1.260000000000000000e+15	7.000000000000000000e+00	2.607081265982076970e-02
1.580000000000000000e+15	7.000000000000000000e+00	1.808824970573520707e-02
2.000000000000000000e+15	7.000000000000000000e+00	1.008423895863577030e-02
2.510000000000000000e+15	7.000000000000000000e+00	1.287300845730842032e-03
3.160000000000000000e+15	7.000000000000000000e+00	-6.322562419108915428e-03
3.980000000000000000e+15	7.000000000000000000e+00	-1.265889370228731776e-02
5.010000000000000000e+15	7.000000000000000000e+00	-1.759577183079078649e-02
6.310000000000000000e+15	7.000000000000000000e+00	-2.117763081083350735e-02
7.940000000000000000e+15	7.000000000000000000e+00	-2.350140189571035473e-02
1.000000000000000000e+16	7.000000000000000000e+00	-2.474842333761522253e-02
1.260000000000000000e+16	7.000000000000000000e+00	-2.509296207534430709e-02
1.580000000000000000e+16	7.000000000000000000e+00	-2.475531140422513807e-02
2.000000000000000000e+16	7.000000000000000000e+00	-2.383242083175927950e-02
2.510000000000000000e+16	7.000000000000000000e+00	-2.259071842408891945e-02
3.160000000000000000e+16	7.000000000000000000e+00	-2.108028751539995152e-02
3.980000000000000000e+16	7.000000000000000000e+00	-1.942355508310246448e-02
5.010000000000000000e+16	7.000000000000000000e+00	-1.771281102976319036e-02
6.310000000000000000e+16	7.000000000000000000e+00	-1.600158147281102727e-02
7.940000000000000000e+16	7.000000000000000000e+00	-1.434944492192478938e-02
1.000000000000000000e+17	7.000000000000000000e+00	-1.277125556390020476e-02
1.000000000000000000e+11	9.000000000000000000e+00	1.167250222006921663e-05
1.258925411794166107e+11	9.000000000000000000e+00	1.470815916401983640e-05
1.584893192461110840e+11	9.000000000000000000e+00	1.854452342337493915e-05
1.995262314968882751e+11	9.000000000000000000e+00	2.340497603188881320e-05
2.511886431509582214e+11	9.000000000000000000e+00	2.958833596663266281e-05
3.162277660168379517e+11	9.000000000000000000e+00	3.750611728264632567e-05
3.981071705534969482e+11	9.000000000000000000e+00	4.773391009197718797e-05
5.011872336272714844e+11	9.000000000000000000e+00	6.104524033647723720e-05
6.309573444801943359e+11	9.000000000000000000e+00	7.807744538844567958e-05
7.943282347242821045e+11	9.000000000000000000e+00	9.226147842839972429e-05
1.000000000000000000e+12	9.000000000000000000e+00	1.079849949115558520e-04
1.260000000000000000e+12	9.000000000000000000e+00	1.340654547422929187e-04
1.580000000000000000e+12	9.000000000000000000e+00	1.657134473759468119e-04
2.000000000000000000e+12	9.000000000000000000e+00	2.078399217894811711e-04
2.510000000000000000e+12	9.000000000000000000e+00	2.588310482738108410e-04
3.160000000000000000e+12	9.000000000000000000e+00	3.243906395060462927e-04
3.980000000000000000e+12	9.000000000000000000e+00	4.074732219687416659e-04
5.010000000000000000e+12	9.000000000000000000e+00	5.118924313220672663e-04
6.310000000000000000e+12	9.000000000000000000e+00	6.443967579944240515e-04
7.940000000000000000e+12	9.000000000000000000e+00	8.112991155234218011e-04
1.000000000000000000e+13	9.000000000000000000e+00	1.025332521639071674e-03
1.260000000000000000e+13	9.000000000000000000e+00	1.297923461191377928e-03
1.580000000000000000e+13	9.000000000000000000e+00	1.633405715942571603e-03
2.000000000000000000e+13	9.000000000000000000e+00	2.075519975376081613e-03
2.510000000000000000e+13	9.000000000000000000e+00	2.609546419799261673e-03
3.160000000000000000e+13	9.000000000000000000e+00	3.269681096334934364e-03
3.980000000000000000e+13	9.000000000000000000e+00	4.028192968348697986e-03
5.010000000000000000e+13	9.000000000000000000e+00	4.904802198784682932e-03
6.310000000000000000e+13	9.000000000000000000e+00	5.923326295631358394e-03
7.940000000000000000e+13	9.000000000000000000e+00	7.140427023351427101e-03
1.000000000000000000e+14	9.000000000000000000e+00	8.754367687754973509e-03
1.260000000000000000e+14	9.000000000000000000e+00	1.097114080528089307e-02
1.580000000000000000e+14	9.000000000000000000e+00	1.401406504737144447e-02
2.000000000000000000e+14	9.000000000000000000e+00	1.835733312474143591e-02
2.510000000000000000e+14	9.000000000000000000e+00	2.366330666043916717e-02
3.160000000000000000e+14	9.000000000000000000e+00	2.960389679077785052e-02
3.980000000000000000e+14	9.000000000000000000e+00	3.499223261959075182e-02
5.010000000000000000e+14	9.000000000000000000e+00	3.843184759233839176e-02
6.310000000000000000e+14	9.000000000000000000e+00	3.921414953844699208e-02
7.940000000000000000e+14	9.000000000000000000e+00	3.731732085189921888e-02
1.000000000000000000e+15	9.000000000000000000e+00	3.168685863559295157e-02
1.260000000000000000e+15	9.000000000000000000e+00	2.503789410539505531e-02
1.580000000000000000e+15	9.000000000000000000e+00	1.724380328011883984e-02
2.000000000000000000e+15	9.000000000000000000e+00	7.746567849609705715e-03
2.510000000000000000e+15	9.000000000000000000e+00	3.734671461975557372e-04
3.160000000000000000e+15	9.000000000000000000e+00	-6.683647931560570896e-03
3.980000000000000000e+15	9.000000000000000000e+00	-1.264359548155708814e-02
5.010000000000000000e+15	9.000000000000000000e+00	-1.730768425731530127e-02
6.310000000000000000e+15	9.000000000000000000e+00	-2.069317810937429739e-02
7.940000000000000000e+15	9.000000000000000000e+00	-2.288336868170031194e-02
1.000000000000000000e+16	9.000000000000000000e+00	-2.404582132667339167e-02
1.260000000000000000e+16	9.000000000000000000e+00	-2.434656577925273929e-02
1.580000000000000000e+16	9.000000000000000000e+00	-2.399611918878217717e-02
2.000000000000000000e+16	9.000000000000000000e+00	-2.308499641945723282e-02
2.510000000000000000e+16	9.000000000000000000e+00	-2.187089823594301832e-02
3.160000000000000000e+16	9.000000000000000000e+00	-2.039978555329133997e-02
3.980000000000000000e+16	9.000000000000000000e+00	-1.879104253930227036e-02
5.010000000000000000e+16	9.000000000000000000e+00	-1.713174483901694703e-02
6.310000000000000000e+16	9.000000000000000000e+00	-1.547333743205319551e-02
7.940000000000000000e+16	9.000000000000000000e+00	-1.387329734414423019e-02
1.000000000000000000e+17	9.000000000000000000e+00	-1.234569522419575079e-02
1.000000000000000000e+11	1.100000000000000000e+01	1.103454237227313249e-05
1.258925411794166107e+11	1.100000000000000000e+01	1.390395887245016422e-05
1.584893192461110840e+11	1.100000000000000000e+01	1.753020011929830934e-05
1.995262314968882751e+11	1.100000000000000000e+01	2.212382861606159400e-05
2.511886431509582214e+11	1.100000000000000000e+01	2.796692572684109969e-05
3.162277660168379517e+11	1.100000000000000000e+01	3.544667291279444130e-05
3.981071705534969482e+11	1.100000000000000000e+01	4.510282390170505557e-05
5.011872336272714844e+11	1.100000000000000000e+01	5.766279163388235933e-05
6.309573444801943359e+11	1.100000000000000000e+01	7.355513885326883140e-05
7.943282347242821045e+11	1.100000000000000000e+01	8.536706374336557762e-05
1.000000000000000000e+12	1.100000000000000000e+01	1.001612792219151802e-04
1.260000000000000000e+12	1.100000000000000000e+01	1.272313256286895962e-04
1.580000000000000000e+12	1.100000000000000000e+01	1.586609728212331040e-04
2.000000000000000000e+12	1.100000000000000000e+01	1.997976636213721674e-04
2.510000000000000000e+12	1.100000000000000000e+01	2.498554227753031548e-04
3.160000000000000000e+12	1.100000000000000000e+01	3.136965851336553685e-04
3.980000000000000000e+12	1.100000000000000000e+01	3.943312658128891044e-04
5.010000000000000000e+12	1.100000000000000000e+01	4.956769919799453592e-04
6.310000000000000000e+12	1.100000000000000000e+01	6.236181493540257203e-04
7.940000000000000000e+12	1.100000000000000000e+01	7.861397023700660144e-04
1.000000000000000000e+13	1.100000000000000000e+01	9.936890051001755642e-04
1.260000000000000000e+13	1.100000000000000000e+01	1.255875250379287012e-03
1.580000000000000000e+13	1.100000000000000000e+01	1.579438193549497892e-03
2.000000000000000000e+13	1.100000000000000000e+01	2.006347729077798906e-03
2.510000000000000000e+13	1.100000000000000000e+01	2.519734111280521726e-03
3.160000000000000000e+13	1.100000000000000000e+01	3.155959436934609869e-03
3.980000000000000000e+13	1.100000000000000000e+01	3.913820799772760317e-03
5.010000000000000000e+13	1.100000000000000000e+01	4.777353384913115078e-03
6.310000000000000000e+13	1.100000000000000000e+01	5.805771029128097872e-03
7.940000000000000000e+13	1.100000000000000000e+01	7.066315548068411931e-03
1.000000000000000000e+14	1.100000000000000000e+01	8.715748003950071765e-03
1.260000000000000000e+14	1.100000000000000000e+01	1.099249930059529104e-02
1.580000000000000000e+14	1.100000000000000000e+01	1.406659040618041430e-02
2.000000000000000000e+14	1.100000000000000000e+01	1.843812517086790975e-02
2.510000000000000000e+14	1.100000000000000000e+01	2.379309189613736109e-02
3.160000000000000000e+14	1.100000000000000000e+01	2.977963615524602953e-02
3.980000000000000000e+14	1.100000000000000000e+01	3.517678372851285734e-02
5.010000000000000000e+14	1.100000000000000000e+01	3.882491081789057885e-02
6.310000000000000000e+14	1.100000000000000000e+01	4.000369672188486964e-02
7.940000000000000000e+14	1.100000000000000000e+01	3.725184947355667658e-02
1.000000000000000000e+15	1.100000000000000000e+01	3.291861325771466840e-02
1.260000000000000000e+15	1.100000000000000000e+01	2.649571941774462799e-02
1.580000000000000000e+15	1.100000000000000000e+01	1.864930856061243133e-02
2.000000000000000000e+15	1.100000000000000000e+01	1.098198513453424278e-02
2.510000000000000000e+15	1.100000000000000000e+01	1.728353674382143842e-03
3.160000000000000000e+15	1.100000000000000000e+01	-6.020172081330134317e-03
3.980000000000000000e+15	1.100000000000000000e+01	-1.243604711747417838e-02
5.010000000000000000e+15	1.100000000000000000e+01	-1.742601067363739806e-02
6.310000000000000000e+15	1.100000000000000000e+01	-2.104616886359128233e-02
7.940000000000000000e+15	1.100000000000000000e+01	-2.339885084841897278e-02
1.000000000000000000e+16	1.100000000000000000e+01	-2.466745240681400206e-02
1.260000000000000000e+16	1.100000000000000000e+01	-2.502908767894078054e-02
1.580000000000000000e+16	1.100000000000000000e+01	-2.470457857747217559e-02
2.000000000000000000e+16	1.100000000000000000e+01	-2.379240304277164750e-02
2.510000000000000000e+16	1.100000000000000000e+01	-2.255887946025269403e-02
3.160000000000000000e+16	1.100000000000000000e+01	-2.105461849926249310e-02
3.980000000000000000e+16	1.100000000000000000e+01	-1.940349221568413163e-02
5.010000000000000000e+16	1.100000000000000000e+01	-1.769684304153132381e-02
6.310000000000000000e+16	1.100000000000000000e+01	-1.598897338549698857e-02
7.940000000000000000e+16	1.100000000000000000e+01	-1.433940075446238534e-02
1.000000000000000000e+17	1.100000000000000000e+01	-1.276329768583373860e-02
1.000000000000000000e+11	1.300000000000000000e+01	1.057448653834355002e-05
1.258925411794166107e+11	1.300000000000000000e+01	1.332407349278229763e-05
1.584893192461110840e+11	1.300000000000000000e+01	1.679873703888948167e-05
1.995262314968882751e+11	1.300000000000000000e+01	2.120025263349493801e-05
2.511886431509582214e+11	1.300000000000000000e+01	2.679843388520378335e-05
3.162277660168379517e+11	1.300000000000000000e+01	3.396385154576316321e-05
3.981071705534969482e+11	1.300000000000000000e+01	4.320932008286574265e-05
5.011872336272714844e+11	1.300000000000000000e+01	5.520898084810347298e-05
6.309573444801943359e+11	1.300000000000000000e+01	7.031389931504848547e-05
7.943282347242821045e+11	1.300000000000000000e+01	8.044827002636975328e-05
1.000000000000000000e+12	1.300000000000000000e+01	9.462242946486443089e-05
1.260000000000000000e+12	1.300000000000000000e+01	1.224155594287420319e-04
1.580000000000000000e+12	1.300000000000000000e+01	1.535343775939586341e-04
2.000000000000000000e+12	1.300000000000000000e+01	1.939310033544050483e-04
2.510000000000000000e+12	1.300000000000000000e+01	2.428668504428279783e-04
3.160000000000000000e+12	1.300000000000000000e+01	3.053258064917221005e-04
3.980000000000000000e+12	1.300000000000000000e+01	3.840126542164357809e-04
5.010000000000000000e+12	1.300000000000000000e+01	4.827440666748478377e-04
6.310000000000000000e+12	1.300000000000000000e+01	6.089889031110382956e-04
7.940000000000000000e+12	1.300000000000000000e+01	7.665432755083398386e-04
1.000000000000000000e+13	1.300000000000000000e+01	9.650682632367800539e-04
1.260000000000000000e+13	1.300000000000000000e+01	1.220395830285090017e-03
1.580000000000000000e+13	1.300000000000000000e+01	1.537668073725375912e-03
2.000000000000000000e+13	1.300000000000000000e+01	1.951394606328982640e-03
2.510000000000000000e+13	1.300000000000000000e+01	2.452063232485521271e-03
3.160000000000000000e+13	1.300000000000000000e+01	3.066711240607010187e-03
3.980000000000000000e+13	1.300000000000000000e+01	3.808795656312640755e-03
5.010000000000000000e+13	1.300000000000000000e+01	4.681814851886919801e-03
6.310000000000000000e+13	1.300000000000000000e+01	5.713880857172303797e-03
7.940000000000000000e+13	1.300000000000000000e+01	7.005771556637942384e-03
1.000000000000000000e+14	1.300000000000000000e+01	8.686008220589503531e-03
1.260000000000000000e+14	1.300000000000000000e+01	1.097412274597602162e-02
1.580000000000000000e+14	1.300000000000000000e+01	1.410072451562351288e-02
2.000000000000000000e+14	1.300000000000000000e+01	1.855000075585253039e-02
2.510000000000000000e+14	1.300000000000000000e+01	2.388270496895695746e-02
3.160000000000000000e+14	1.300000000000000000e+01	2.973790551279987746e-02
3.980000000000000000e+14	1.300000000000000000e+01	3.522731256742184930e-02
5.010000000000000000e+14	1.300000000000000000e+01	3.910099628411293354e-02
6.310000000000000000e+14	1.300000000000000000e+01	3.996317058405707973e-02
7.940000000000000000e+14	1.300000000000000000e+01	3.772558618727209212e-02
1.000000000000000000e+15	1.300000000000000000e+01	3.273514623219542924e-02
1.260000000000000000e+15	1.300000000000000000e+01	2.527792650645035305e-02
1.580000000000000000e+15	1.300000000000000000e+01	1.619555469915794077e-02
2.000000000000000000e+15	1.300000000000000000e+01	7.410041615438954163e-03
2.510000000000000000e+15	1.300000000000000000e+01	1.723058967497836534e-04
3.160000000000000000e+15	1.300000000000000000e+01	-6.820470161270549350e-03
3.980000000000000000e+15	1.300000000000000000e+01	-1.274292199763677955e-02
5.010000000000000000e+15	1.300000000000000000e+01	-1.738246383286409097e-02
6.310000000000000000e+15	1.300000000000000000e+01	-2.075062318706816580e-02
7.940000000000000000e+15	1.300000000000000000e+01	-2.292771343371778972e-02
1.000000000000000000e+16	1.300000000000000000e+01	-2.408088921530425128e-02
1.260000000000000000e+16	1.300000000000000000e+01	-2.437417307316377263e-02
1.580000000000000000e+16	1.300000000000000000e+01	-2.401802271848240203e-02
2.000000000000000000e+16	1.300000000000000000e+01	-2.310224838819583196e-02
2.510000000000000000e+16	1.300000000000000000e+01	-2.188462391768196749e-02
3.160000000000000000e+16	1.300000000000000000e+01	-2.041081787263445205e-02
3.980000000000000000e+16	1.300000000000000000e+01	-1.879967400426168361e-02
5.010000000000000000e+16	1.300000000000000000e+01	-1.713843755929166796e-02
6.310000000000000000e+16	1.300000000000000000e+01	-1.547878369722789638e-02
7.940000000000000000e+16	1.300000000000000000e+01	-1.387761919620284640e-02
1.000000000000000000e+17	1.300000000000000000e+01	-1.234914836929075846e-02
1.000000000000000000e+11	1.500000000000000000e+01	1.009232802976626905e-05
1.258925411794166107e+11	1.500000000000000000e+01	1.271680487210700042e-05
1.584893192461110840e+11	1.500000000000000000e+01	1.603347524848736740e-05
1.995262314968882751e+11	1.500000000000000000e+01	2.023527702708363755e-05
2.511886431509582214e+11	1.500000000000000000e+01	2.558046154849986462e-05
3.162277660168379517e+11	1.500000000000000000e+01	3.242399688788751705e-05
3.981071705534969482e+11	1.500000000000000000e+01	4.125655469442647858e-05
5.011872336272714844e+11	1.500000000000000000e+01	5.270716472914798112e-05
6.309573444801943359e+11	1.500000000000000000e+01	6.709077105358126334e-05
7.943282347242821045e+11	1.500000000000000000e+01	7.596573974729867694e-05
1.000000000000000000e+12	1.500000000000000000e+01	8.929238647045988065e-05
1.260000000000000000e+12	1.500000000000000000e+01	1.166106742739608402e-04
1.580000000000000000e+12	1.500000000000000000e+01	1.468106053041485864e-04
2.000000000000000000e+12	1.500000000000000000e+01	1.860364438773346471e-04
2.510000000000000000e+12	1.500000000000000000e+01	2.334319086273472263e-04
3.160000000000000000e+12	1.500000000000000000e+01	2.937553229121701837e-04
3.980000000000000000e+12	1.500000000000000000e+01	3.694479959659364749e-04
5.010000000000000000e+12	1.500000000000000000e+01	4.654322459502152707e-04
6.310000000000000000e+12	1.500000000000000000e+01	5.858878037361325494e-04
7.940000000000000000e+12	1.500000000000000000e+01	7.368431186084370291e-04
1.000000000000000000e+13	1.500000000000000000e+01	9.314072274034952128e-04
1.260000000000000000e+13	1.500000000000000000e+01	1.176413630811884133e-03
1.580000000000000000e+13	1.500000000000000000e+01	1.477578700040139579e-03
2.000000000000000000e+13	1.500000000000000000e+01	1.874953232305376057e-03
2.510000000000000000e+13	1.500000000000000000e+01	2.352989548318982441e-03
3.160000000000000000e+13	1.500000000000000000e+01	2.956979063439795288e-03
3.980000000000000000e+13	1.500000000000000000e+01	3.678270889737545769e-03
5.010000000000000000e+13	1.500000000000000000e+01	4.514517781404171412e-03
6.310000000000000000e+13	1.500000000000000000e+01	5.537564431453818013e-03
7.940000000000000000e+13	1.500000000000000000e+01	6.817513768716766329e-03
1.000000000000000000e+14	1.500000000000000000e+01	8.496596618615136903e-03
1.260000000000000000e+14	1.500000000000000000e+01	1.076331555703729549e-02
1.580000000000000000e+14	1.500000000000000000e+01	1.381715728906474615e-02
2.000000000000000000e+14	1.500000000000000000e+01	1.820030531580872288e-02
2.510000000000000000e+14	1.500000000000000000e+01	2.351216629280078463e-02
3.160000000000000000e+14	1.500000000000000000e+01	2.936764991301778552e-02
3.980000000000000000e+14	1.500000000000000000e+01	3.469510282940516804e-02
5.010000000000000000e+14	1.500000000000000000e+01	3.765569081135711899e-02
6.310000000000000000e+14	1.500000000000000000e+01	3.847960766801561405e-02
7.940000000000000000e+14	1.500000000000000000e+01	3.794564211071914384e-02
1.000000000000000000e+15	1.500000000000000000e+01	3.277613485999703036e-02
1.260000000000000000e+15	1.500000000000000000e+01	2.477020163143478504e-02
1.580000000000000000e+15	1.500000000000000000e+01	1.762733874942857409e-02
2.000000000000000000e+15	1.500000000000000000e+01	9.232812510690314653e-03
2.510000000000000000e+15	1.500000000000000000e+01	1.057917716396329427e-03
3.160000000000000000e+15	1.500000000000000000e+01	-6.218364968559946318e-03
3.980000000000000000e+15	1.500000000000000000e+01	-1.230135292252522439e-02
5.010000000000000000e+15	1.500000000000000000e+01	-1.704693572085623499e-02
6.310000000000000000e+15	1.500000000000000000e+01	-2.049131807512770409e-02
7.940000000000000000e+15	1.500000000000000000e+01	-2.272530454912377942e-02
1.000000000000000000e+16	1.500000000000000000e+01	-2.392148890016411455e-02
1.260000000000000000e+16	1.500000000000000000e+01	-2.424850491366649721e-02
1.580000000000000000e+16	1.500000000000000000e+01	-2.391817426598110211e-02
2.000000000000000000e+16	1.500000000000000000e+01	-2.302354588287882503e-02
2.510000000000000000e+16	1.500000000000000000e+01	-2.182199921470952611e-02
3.160000000000000000e+16	1.500000000000000000e+01	-2.036154842861285369e-02
3.980000000000000000e+16	1.500000000000000000e+01	-1.876024353104488451e-02
5.010000000000000000e+16	1.500000000000000000e+01	-1.710735312601767075e-02
6.310000000000000000e+16	1.500000000000000000e+01	-1.545390577685063806e-02
7.940000000000000000e+16	1.500000000000000000e+01	-1.385786709354914353e-02
1.000000000000000000e+17	1.500000000000000000e+01	-1.233344936892633373e-02
1.000000000000000000e+11	1.700000000000000000e+01	1.007891133243965181e-05
1.258925411794166107e+11	1.700000000000000000e+01	1.269955192031566674e-05
1.584893192461110840e+11	1.700000000000000000e+01	1.601125274113954011e-05
1.995262314968882751e+11	1.700000000000000000e+01	2.020623639340998000e-05
2.511886431509582214e+11	1.700000000000000000e+01	2.554183065293273383e-05
3.162277660168379517e+11	1.700000000000000000e+01	3.237059650071527373e-05
3.981071705534969482e+11	1.700000000000000000e+01	4.117934464653686148e-05
5.011872336272714844e+11	1.700000000000000000e+01	5.260660690788335561e-05
6.309573444801943359e+11	1.700000000000000000e+01	6.687971296011620509e-05
7.943282347242821045e+11	1.700000000000000000e+01	7.539872039171169598e-05
1.000000000000000000e+12	1.700000000000000000e+01	8.867117353426046665e-05
1.260000000000000000e+12	1.700000000000000000e+01	1.168097431248916047e-04
1.580000000000000000e+12	1.700000000000000000e+01	1.475471122452816884e-04
2.000000000000000000e+12	1.700000000000000000e+01	1.870911352679458396e-04
2.510000000000000000e+12	1.700000000000000000e+01	2.349075399191944693e-04
3.160000000000000000e+12	1.700000000000000000e+01	2.956333945315359744e-04
3.980000000000000000e+12	1.700000000000000000e+01	3.725413672471558049e-04
5.010000000000000000e+12	1.700000000000000000e+01	4.682234000758841845e-04
6.310000000000000000e+12	1.700000000000000000e+01	5.904306769056736270e-04
7.940000000000000000e+12	1.700000000000000000e+01	7.424151660690468191e-04
1.000000000000000000e+13	1.700000000000000000e+01	9.369977337501277830e-04
1.260000000000000000e+13	1.700000000000000000e+01	1.182835552536562213e-03
1.580000000000000000e+13	1.700000000000000000e+01	1.487075050334337204e-03
2.000000000000000000e+13	1.700000000000000000e+01	1.886061293709524007e-03
2.510000000000000000e+13	1.700000000000000000e+01	2.309893340629593905e-03
3.160000000000000000e+13	1.700000000000000000e+01	2.968678455075802764e-03
3.980000000000000000e+13	1.700000000000000000e+01	3.689721559152992544e-03
5.010000000000000000e+13	1.700000000000000000e+01	4.568065732786522927e-03
6.310000000000000000e+13	1.700000000000000000e+01	5.636171003890660947e-03
7.940000000000000000e+13	1.700000000000000000e+01	6.952822742309303430e-03
1.000000000000000000e+14	1.700000000000000000e+01	8.683213367168632693e-03
1.260000000000000000e+14	1.700000000000000000e+01	1.104933695673725354e-02
1.580000000000000000e+14	1.700000000000000000e+01	1.425979358535793898e-02
2.000000000000000000e+14	1.700000000000000000e+01	1.868241566277277152e-02
2.510000000000000000e+14	1.700000000000000000e+01	2.400486181805657968e-02
3.160000000000000000e+14	1.700000000000000000e+01	3.004441634943719533e-02
3.980000000000000000e+14	1.700000000000000000e+01	3.554219275651940985e-02
5.010000000000000000e+14	1.700000000000000000e+01	3.955429158836899772e-02
6.310000000000000000e+14	1.700000000000000000e+01	4.026750948025894367e-02
7.940000000000000000e+14	1.700000000000000000e+01	3.717975444878472702e-02
1.000000000000000000e+15	1.700000000000000000e+01	3.348994727749732281e-02
1.260000000000000000e+15	1.700000000000000000e+01	2.762922745221797066e-02
1.580000000000000000e+15	1.700000000000000000e+01	1.881490698927993158e-02
2.000000000000000000e+15	1.700000000000000000e+01	9.890711954447605966e-03
2.510000000000000000e+15	1.700000000000000000e+01	1.343346397099613862e-03
3.160000000000000000e+15	1.700000000000000000e+01	-6.254476069861068452e-03
3.980000000000000000e+15	1.700000000000000000e+01	-1.259813128401963273e-02
5.010000000000000000e+15	1.700000000000000000e+01	-1.754506155763587913e-02
6.310000000000000000e+15	1.700000000000000000e+01	-2.113636543908280901e-02
7.940000000000000000e+15	1.700000000000000000e+01	-2.346853655186303955e-02
1.000000000000000000e+16	1.700000000000000000e+01	-2.472181161769020433e-02
1.260000000000000000e+16	1.700000000000000000e+01	-2.507175493247689596e-02
1.580000000000000000e+16	1.700000000000000000e+01	-2.473839190329977719e-02
2.000000000000000000e+16	1.700000000000000000e+01	-2.381898655634490450e-02
2.510000000000000000e+16	1.700000000000000000e+01	-2.257999526792806716e-02
3.160000000000000000e+16	1.700000000000000000e+01	-2.107131921096101757e-02
3.980000000000000000e+16	1.700000000000000000e+01	-1.941680362193777890e-02
5.010000000000000000e+16	1.700000000000000000e+01	-1.770742706032851776e-02
6.310000000000000000e+16	1.700000000000000000e+01	-1.599736877909129287e-02
7.940000000000000000e+16	1.700000000000000000e+01	-1.434605676679804459e-02
1.000000000000000000e+17	1.700000000000000000e+01	-1.276857878571447356e-02
1.000000000000000000e+11	1.900000000000000000e+01	9.780162757186484763e-06
1.258925411794166107e+11	1.900000000000000000e+01	1.232340022217204065e-05
1.584893192461110840e+11	1.900000000000000000e+01	1.553737578005953235e-05
1.995262314968882751e+11	1.900000000000000000e+01	1.960905016932205377e-05
2.511886431509582214e+11	1.900000000000000000e+01	2.478879751629119006e-05
3.162277660168379517e+11	1.900000000000000000e+01	3.142001163778114611e-05
3.981071705534969482e+11	1.900000000000000000e+01	3.997693364822575305e-05
5.011872336272714844e+11	1.900000000000000000e+01	5.106010688154961338e-05
6.309573444801943359e+11	1.900000000000000000e+01	6.492078929989505086e-05
7.943282347242821045e+11	1.900000000000000000e+01	7.274527304764015761e-05
1.000000000000000000e+12	1.900000000000000000e+01	8.560306233848887685e-05
1.260000000000000000e+12	1.900000000000000000e+01	1.132249299206784641e-04
1.580000000000000000e+12	1.900000000000000000e+01	1.430344392465249216e-04
2.000000000000000000e+12	1.900000000000000000e+01	1.817302441113791513e-04
2.510000000000000000e+12	1.900000000000000000e+01	2.283184214875153863e-04
3.160000000000000000e+12	1.900000000000000000e+01	2.874157987797252645e-04
3.980000000000000000e+12	1.900000000000000000e+01	3.616696151802251840e-04
5.010000000000000000e+12	1.900000000000000000e+01	4.549282162222829224e-04
6.310000000000000000e+12	1.900000000000000000e+01	5.738019357628593208e-04
7.940000000000000000e+12	1.900000000000000000e+01	7.229751134309660588e-04
1.000000000000000000e+13	1.900000000000000000e+01	9.113891656522073084e-04
1.260000000000000000e+13	1.900000000000000000e+01	1.150711032633313161e-03
1.580000000000000000e+13	1.900000000000000000e+01	1.446562254852341682e-03
2.000000000000000000e+13	1.900000000000000000e+01	1.835485403138475708e-03
2.510000000000000000e+13	1.900000000000000000e+01	2.305543452760757447e-03
3.160000000000000000e+13	1.900000000000000000e+01	2.886402011510089041e-03
3.980000000000000000e+13	1.900000000000000000e+01	3.609084895474394105e-03
5.010000000000000000e+13	1.900000000000000000e+01	4.476520505277936136e-03
6.310000000000000000e+13	1.900000000000000000e+01	5.514100089362375216e-03
7.940000000000000000e+13	1.900000000000000000e+01	6.820832220674995401e-03
1.000000000000000000e+14	1.900000000000000000e+01	8.541721033768297569e-03
1.260000000000000000e+14	1.900000000000000000e+01	1.087921522239027397e-02
1.580000000000000000e+14	1.900000000000000000e+01	1.401943406835636820e-02
2.000000000000000000e+14	1.900000000000000000e+01	1.848956234713627217e-02
2.510000000000000000e+14	1.900000000000000000e+01	2.382375464044106730e-02
3.160000000000000000e+14	1.900000000000000000e+01	2.962896965993622178e-02
3.980000000000000000e+14	1.900000000000000000e+01	3.513518199484445825e-02
5.010000000000000000e+14	1.900000000000000000e+01	3.834637035430166208e-02
6.310000000000000000e+14	1.900000000000000000e+01	3.967212522475636188e-02
7.940000000000000000e+14	1.900000000000000000e+01	3.829792341251950227e-02
1.000000000000000000e+15	1.900000000000000000e+01	3.205676192648939521e-02
1.260000000000000000e+15	1.900000000000000000e+01	2.544458396107293977e-02
1.580000000000000000e+15	1.900000000000000000e+01	1.750634542992647591e-02
2.000000000000000000e+15	1.900000000000000000e+01	7.940695781774276610e-03
2.510000000000000000e+15	1.900000000000000000e+01	5.230213533283656216e-04
3.160000000000000000e+15	1.900000000000000000e+01	-6.567083045948088685e-03
3.980000000000000000e+15	1.900000000000000000e+01	-1.255212593280371526e-02
5.010000000000000000e+15	1.900000000000000000e+01	-1.723554179756275548e-02
6.310000000000000000e+15	1.900000000000000000e+01	-2.063614806872583057e-02
7.940000000000000000e+15	1.900000000000000000e+01	-2.283816815180128232e-02
1.000000000000000000e+16	1.900000000000000000e+01	-2.400999668671541937e-02
1.260000000000000000e+16	1.900000000000000000e+01	-2.431816421433019224e-02
1.580000000000000000e+16	1.900000000000000000e+01	-2.397348368985910069e-02
2.000000000000000000e+16	1.900000000000000000e+01	-2.306713266550131439e-02
2.510000000000000000e+16	1.900000000000000000e+01	-2.185665811437010816e-02
3.160000000000000000e+16	1.900000000000000000e+01	-2.038863142983482826e-02
3.980000000000000000e+16	1.900000000000000000e+01	-1.878204977270563417e-02
5.010000000000000000e+16	1.900000000000000000e+01	-1.712445751486454254e-02
6.310000000000000000e+16	1.900000000000000000e+01	-1.546765304335593477e-02
7.940000000000000000e+16	1.900000000000000000e+01	-1.386880266857599443e-02
1.000000000000000000e+17	1.900000000000000000e+01	-1.234212005936835554e-02
1.000000000000000000e+11	2.100000000000000000e+01	9.775672730467690330e-06
1.258925411794166107e+11	2.100000000000000000e+01	1.231748238208759512e-05
1.584893192461110840e+11	2.100000000000000000e+01	1.552995681155563805e-05
1.995262314968882751e+11	2.100000000000000000e+01	1.959934743833247487e-05
2.511886431509582214e+11	2.100000000000000000e+01	2.477581439906701582e-05
3.162277660168379517e+11	2.100000000000000000e+01	3.140205924855711219e-05
3.981071705534969482e+11	2.100000000000000000e+01	3.995125556842273171e-05
5.011872336272714844e+11	2.100000000000000000e+01	5.101930408820984733e-05
6.309573444801943359e+11	2.100000000000000000e+01	6.484931755524104310e-05
7.943282347242821045e+11	2.100000000000000000e+01	7.256461420204370885e-05
1.000000000000000000e+12	2.100000000000000000e+01	8.530844946523161165e-05
1.260000000000000000e+12	2.100000000000000000e+01	1.132279252711808733e-04
1.580000000000000000e+12	2.100000000000000000e+01	1.434708309360310352e-04
2.000000000000000000e+12	2.100000000000000000e+01	1.821964967166126131e-04
2.510000000000000000e+12	2.100000000000000000e+01	2.288743242972231674e-04
3.160000000000000000e+12	2.100000000000000000e+01	2.883769178320642760e-04
3.980000000000000000e+12	2.100000000000000000e+01	3.630386157719481233e-04
5.010000000000000000e+12	2.100000000000000000e+01	4.569911044057376522e-04
6.310000000000000000e+12	2.100000000000000000e+01	5.749036440689635078e-04
7.940000000000000000e+12	2.100000000000000000e+01	7.229313284095484782e-04
1.000000000000000000e+13	2.100000000000000000e+01	9.124986922776859993e-04
1.260000000000000000e+13	2.100000000000000000e+01	1.151311396164297896e-03
1.580000000000000000e+13	2.100000000000000000e+01	1.445738120472467520e-03
2.000000000000000000e+13	2.100000000000000000e+01	1.833631962656815870e-03
2.510000000000000000e+13	2.100000000000000000e+01	2.302461269499824371e-03
3.160000000000000000e+13	2.100000000000000000e+01	2.893802756473915633e-03
3.980000000000000000e+13	2.100000000000000000e+01	3.612321397905499283e-03
5.010000000000000000e+13	2.100000000000000000e+01	4.473541011033449477e-03
6.310000000000000000e+13	2.100000000000000000e+01	5.548622717705116274e-03
7.940000000000000000e+13	2.100000000000000000e+01	6.903147776406145207e-03
1.000000000000000000e+14	2.100000000000000000e+01	8.650503846565980870e-03
1.260000000000000000e+14	2.100000000000000000e+01	1.101803751531008763e-02
1.580000000000000000e+14	2.100000000000000000e+01	1.422607566836686134e-02
2.000000000000000000e+14	2.100000000000000000e+01	1.869502811959152661e-02
2.510000000000000000e+14	2.100000000000000000e+01	2.416398953189665549e-02
3.160000000000000000e+14	2.100000000000000000e+01	3.021780801130716232e-02
3.980000000000000000e+14	2.100000000000000000e+01	3.550480497345610137e-02
5.010000000000000000e+14	2.100000000000000000e+01	3.972068567702898706e-02
6.310000000000000000e+14	2.100000000000000000e+01	4.076901785272984968e-02
7.940000000000000000e+14	2.100000000000000000e+01	3.811162287740194055e-02
1.000000000000000000e+15	2.100000000000000000e+01	3.326335385812827228e-02
1.260000000000000000e+15	2.100000000000000000e+01	2.548549887307586040e-02
1.580000000000000000e+15	2.100000000000000000e+01	1.832498758086853474e-02
2.000000000000000000e+15	2.100000000000000000e+01	1.079712308395484009e-02
2.510000000000000000e+15	2.100000000000000000e+01	1.603021218647453271e-03
3.160000000000000000e+15	2.100000000000000000e+01	-6.110430172015094905e-03
3.980000000000000000e+15	2.100000000000000000e+01	-1.250358731842785530e-02
5.010000000000000000e+15	2.100000000000000000e+01	-1.747773882930265393e-02
6.310000000000000000e+15	2.100000000000000000e+01	-2.108630633942913321e-02
7.940000000000000000e+15	2.100000000000000000e+01	-2.342994142269657146e-02
1.000000000000000000e+16	2.100000000000000000e+01	-2.469221171889731878e-02
1.260000000000000000e+16	2.100000000000000000e+01	-2.504860232534009482e-02
1.580000000000000000e+16	2.100000000000000000e+01	-2.472011610558063482e-02
2.000000000000000000e+16	2.100000000000000000e+01	-2.380464421114674919e-02
2.510000000000000000e+16	2.100000000000000000e+01	-2.256862994971488637e-02
3.160000000000000000e+16	2.100000000000000000e+01	-2.106234958470543789e-02
3.980000000000000000e+16	2.100000000000000000e+01	-1.940965427201952337e-02
5.010000000000000000e+16	2.100000000000000000e+01	-1.770157723705965275e-02
6.310000000000000000e+16	2.100000000000000000e+01	-1.599282276282210438e-02
7.940000000000000000e+16	2.100000000000000000e+01	-1.434247009429820419e-02
1.000000000000000000e+17	2.100000000000000000e+01	-1.276574155320947881e-02
