1.000000000000000000e+11	5.000000000000000000e-01	2.131239052777021586e-05
1.258925411794166107e+11	5.000000000000000000e-01	2.686029133611275962e-05
1.584893192461110840e+11	5.000000000000000000e-01	3.387657443760724862e-05
1.995262314968882751e+11	5.000000000000000000e-01	4.277427360588934946e-05
2.511886431509582214e+11	5.000000000000000000e-01	5.411104387889863345e-05
3.162277660168379517e+11	5.000000000000000000e-01	6.866868025644926109e-05
3.981071705534969482e+11	5.000000000000000000e-01	8.759454538870720683e-05
5.011872336272714844e+11	5.000000000000000000e-01	1.126832130679323484e-04
6.309573444801943359e+11	5.000000000000000000e-01	1.469622305442850718e-04
7.943282347242821045e+11	5.000000000000000000e-01	1.984373123834317417e-04
1.000000000000000000e+12	5.000000000000000000e-01	2.279846666005968289e-04
1.260000000000000000e+12	5.000000000000000000e-01	2.358129994543865327e-04
1.580000000000000000e+12	5.000000000000000000e-01	2.699655463100387055e-04
2.000000000000000000e+12	5.000000000000000000e-01	3.225355252600997256e-04
2.510000000000000000e+12	5.000000000000000000e-01	3.902557429336890658e-04
3.160000000000000000e+12	5.000000000000000000e-01	4.790191219229006109e-04
3.980000000000000000e+12	5.000000000000000000e-01	5.927192627917399897e-04
5.010000000000000000e+12	5.000000000000000000e-01	7.369839411109040247e-04
6.310000000000000000e+12	5.000000000000000000e-01	9.211244574714820815e-04
7.940000000000000000e+12	5.000000000000000000e-01	1.156354411966671559e-03
1.000000000000000000e+13	5.000000000000000000e-01	1.458642465069007405e-03
1.260000000000000000e+13	5.000000000000000000e-01	1.839946808382368062e-03
1.580000000000000000e+13	5.000000000000000000e-01	2.305831650010551834e-03
2.000000000000000000e+13	5.000000000000000000e-01	2.919206021845865105e-03
2.510000000000000000e+13	5.000000000000000000e-01	3.654714091583900065e-03
3.160000000000000000e+13	5.000000000000000000e-01	4.524271471957370602e-03
3.980000000000000000e+13	5.000000000000000000e-01	5.469454155996821693e-03
5.010000000000000000e+13	5.000000000000000000e-01	6.431316773935812428e-03
6.310000000000000000e+13	5.000000000000000000e-01	7.413092574638160438e-03
7.940000000000000000e+13	5.000000000000000000e-01	8.493890458812377448e-03
1.000000000000000000e+14	5.000000000000000000e-01	9.855764175769981400e-03
1.260000000000000000e+14	5.000000000000000000e-01	1.176361163450593758e-02
1.580000000000000000e+14	5.000000000000000000e-01	1.447365534073802133e-02
2.000000000000000000e+14	5.000000000000000000e-01	1.848937612893932284e-02
2.510000000000000000e+14	5.000000000000000000e-01	2.349275753715513934e-02
3.160000000000000000e+14	5.000000000000000000e-01	2.911203725247738655e-02
3.980000000000000000e+14	5.000000000000000000e-01	3.429820422577654210e-02
5.010000000000000000e+14	5.000000000000000000e-01	3.779253102644493378e-02
6.310000000000000000e+14	5.000000000000000000e-01	3.867157719730320020e-02
7.940000000000000000e+14	5.000000000000000000e-01	3.655946983043817378e-02
1.000000000000000000e+15	5.000000000000000000e-01	3.158386620912377596e-02
1.260000000000000000e+15	5.000000000000000000e-01	2.457380571703848479e-02
1.580000000000000000e+15	5.000000000000000000e-01	1.665746620933402852e-02
2.000000000000000000e+15	5.000000000000000000e-01	8.321284081787675563e-03
2.510000000000000000e+15	5.000000000000000000e-01	3.087605167976388543e-04
3.160000000000000000e+15	5.000000000000000000e-01	-6.981051161745586812e-03
3.980000000000000000e+15	5.000000000000000000e-01	-1.310409371327205669e-02
5.010000000000000000e+15	5.000000000000000000e-01	-1.788680508933242902e-02
6.310000000000000000e+15	5.000000000000000000e-01	-2.135413007483709380e-02
7.940000000000000000e+15	5.000000000000000000e-01	-2.359370890837509879e-02
1.000000000000000000e+16	5.000000000000000000e-01	-2.477830170854046499e-02
1.260000000000000000e+16	5.000000000000000000e-01	-2.507853204486844290e-02
1.580000000000000000e+16	5.000000000000000000e-01	-2.471083871808138488e-02
2.000000000000000000e+16	5.000000000000000000e-01	-2.376763411993457198e-02
2.510000000000000000e+16	5.000000000000000000e-01	-2.251419647480658315e-02
3.160000000000000000e+16	5.000000000000000000e-01	-2.099743468040200095e-02
3.980000000000000000e+16	5.000000000000000000e-01	-1.933954920306961769e-02
5.010000000000000000e+16	5.000000000000000000e-01	-1.763030227137345196e-02
6.310000000000000000e+16	5.000000000000000000e-01	-1.592275139877318349e-02
7.940000000000000000e+16	5.000000000000000000e-01	-1.427551214238033037e-02
1.000000000000000000e+17	5.000000000000000000e-01	-1.270308434360299145e-02
1.000000000000000000e+11	1.500000000000000000e+00	2.259450343169433292e-05
1.258925411794166107e+11	1.500000000000000000e+00	2.847914493102872229e-05
1.584893192461110840e+11	1.500000000000000000e+00	3.592416020602553947e-05
1.995262314968882751e+11	1.500000000000000000e+00	4.537138795385732234e-05
2.511886431509582214e+11	1.500000000000000000e+00	5.742106534249211651e-05
3.162277660168379517e+11	1.500000000000000000e+00	7.291976030473212042e-05
3.981071705534969482e+11	1.500000000000000000e+00	9.312959253309414617e-05
5.011872336272714844e+11	1.500000000000000000e+00	1.200764266801719279e-04
6.309573444801943359e+11	1.500000000000000000e+00	1.574059175308883723e-04
7.943282347242821045e+11	1.500000000000000000e+00	2.173415636981211585e-04
1.000000000000000000e+12	1.500000000000000000e+00	2.475667672692848987e-04
1.260000000000000000e+12	1.500000000000000000e+00	2.456035476338234882e-04
1.580000000000000000e+12	1.500000000000000000e+00	2.749751700768357553e-04
2.000000000000000000e+12	1.500000000000000000e+00	3.238091761660668037e-04
2.510000000000000000e+12	1.500000000000000000e+00	3.882789970481564782e-04
3.160000000000000000e+12	1.500000000000000000e+00	4.739609078598141763e-04
3.980000000000000000e+12	1.500000000000000000e+00	5.850429157087393313e-04
5.010000000000000000e+12	1.500000000000000000e+00	7.269624727875104728e-04
6.310000000000000000e+12	1.500000000000000000e+00	9.087674513960215762e-04
7.940000000000000000e+12	1.500000000000000000e+00	1.141097021788543397e-03
1.000000000000000000e+13	1.500000000000000000e+00	1.440050407005967785e-03
1.260000000000000000e+13	1.500000000000000000e+00	1.817411907581127119e-03
1.580000000000000000e+13	1.500000000000000000e+00	2.279005142477223342e-03
2.000000000000000000e+13	1.500000000000000000e+00	2.888824616557752242e-03
2.510000000000000000e+13	1.500000000000000000e+00	3.619017841861096874e-03
3.160000000000000000e+13	1.500000000000000000e+00	4.484892615867702194e-03
3.980000000000000000e+13	1.500000000000000000e+00	5.441401168682562066e-03
5.010000000000000000e+13	1.500000000000000000e+00	6.421184539960449536e-03
6.310000000000000000e+13	1.500000000000000000e+00	7.437175485697660772e-03
7.940000000000000000e+13	1.500000000000000000e+00	8.552273800430835321e-03
1.000000000000000000e+14	1.500000000000000000e+00	9.942054612343417808e-03
1.260000000000000000e+14	1.500000000000000000e+00	1.186288088674629197e-02
1.580000000000000000e+14	1.500000000000000000e+00	1.456040721817849354e-02
2.000000000000000000e+14	1.500000000000000000e+00	1.858642775679278727e-02
2.510000000000000000e+14	1.500000000000000000e+00	2.362014746107958529e-02
3.160000000000000000e+14	1.500000000000000000e+00	2.925871400049512988e-02
3.980000000000000000e+14	1.500000000000000000e+00	3.446016482930533420e-02
5.010000000000000000e+14	1.500000000000000000e+00	3.799139569669063299e-02
6.310000000000000000e+14	1.500000000000000000e+00	3.884419861868519674e-02
7.940000000000000000e+14	1.500000000000000000e+00	3.663400557688723663e-02
1.000000000000000000e+15	1.500000000000000000e+00	3.169963984879649310e-02
1.260000000000000000e+15	1.500000000000000000e+00	2.496998453099253529e-02
1.580000000000000000e+15	1.500000000000000000e+00	1.708098202503325475e-02
2.000000000000000000e+15	1.500000000000000000e+00	8.511750455009259655e-03
2.510000000000000000e+15	1.500000000000000000e+00	4.023222219159606930e-04
3.160000000000000000e+15	1.500000000000000000e+00	-6.962862127807022128e-03
3.980000000000000000e+15	1.500000000000000000e+00	-1.314464974116529711e-02
5.010000000000000000e+15	1.500000000000000000e+00	-1.797207946684908561e-02
6.310000000000000000e+15	1.500000000000000000e+00	-2.147205500322840743e-02
7.940000000000000000e+15	1.500000000000000000e+00	-2.373367788254022309e-02
1.000000000000000000e+16	1.500000000000000000e+00	-2.493153745568599949e-02
1.260000000000000000e+16	1.500000000000000000e+00	-2.523780482309852594e-02
1.580000000000000000e+16	1.500000000000000000e+00	-2.487060092923120899e-02
2.000000000000000000e+16	1.500000000000000000e+00	-2.392334909783916386e-02
2.510000000000000000e+16	1.500000000000000000e+00	-2.266311389439277374e-02
3.160000000000000000e+16	1.500000000000000000e+00	-2.113734952327450331e-02
3.980000000000000000e+16	1.500000000000000000e+00	-1.946916985374890982e-02
5.010000000000000000e+16	1.500000000000000000e+00	-1.774927530211507787e-02
6.310000000000000000e+16	1.500000000000000000e+00	-1.603037318394759381e-02
7.940000000000000000e+16	1.500000000000000000e+00	-1.437230122427287683e-02
1.000000000000000000e+17	1.500000000000000000e+00	-1.278943804525825741e-02
1.000000000000000000e+11	2.500000000000000000e+00	2.403709125729275889e-05
1.258925411794166107e+11	2.500000000000000000e+00	3.030011263990499331e-05
1.584893192461110840e+11	2.500000000000000000e+00	3.822637938567536448e-05
1.995262314968882751e+11	2.500000000000000000e+00	4.828952948708786677e-05
2.511886431509582214e+11	2.500000000000000000e+00	6.113559501494594134e-05
3.162277660168379517e+11	2.500000000000000000e+00	7.768204818588839091e-05
3.981071705534969482e+11	2.500000000000000000e+00	9.931162391010859322e-05
5.011872336272714844e+11	2.500000000000000000e+00	1.282927009039114459e-04
6.309573444801943359e+11	2.500000000000000000e+00	1.689115126454243708e-04
7.943282347242821045e+11	2.500000000000000000e+00	2.377155833582323492e-04
1.000000000000000000e+12	2.500000000000000000e+00	2.688592157286691766e-04
1.260000000000000000e+12	2.500000000000000000e+00	2.570798020240107990e-04
1.580000000000000000e+12	2.500000000000000000e+00	2.822156264192980462e-04
2.000000000000000000e+12	2.500000000000000000e+00	3.273873370378070614e-04
2.510000000000000000e+12	2.500000000000000000e+00	3.891188762672925425e-04
3.160000000000000000e+12	2.500000000000000000e+00	4.734307909838025440e-04
3.980000000000000000e+12	2.500000000000000000e+00	5.833887874810242966e-04
5.010000000000000000e+12	2.500000000000000000e+00	7.246944670081753061e-04
6.310000000000000000e+12	2.500000000000000000e+00	9.065512038748239389e-04
7.940000000000000000e+12	2.500000000000000000e+00	1.139516357912224304e-03
1.000000000000000000e+13	2.500000000000000000e+00	1.439659064064025169e-03
1.260000000000000000e+13	2.500000000000000000e+00	1.817715319842724050e-03
1.580000000000000000e+13	2.500000000000000000e+00	2.283224951083818836e-03
2.000000000000000000e+13	2.500000000000000000e+00	2.899752952689136579e-03
2.510000000000000000e+13	2.500000000000000000e+00	3.638374142877915003e-03
3.160000000000000000e+13	2.500000000000000000e+00	4.518362380437312455e-03
3.980000000000000000e+13	2.500000000000000000e+00	5.481996904543240921e-03
5.010000000000000000e+13	2.500000000000000000e+00	6.484109894849853124e-03
6.310000000000000000e+13	2.500000000000000000e+00	7.490590073842577114e-03
7.940000000000000000e+13	2.500000000000000000e+00	8.587957709048863256e-03
1.000000000000000000e+14	2.500000000000000000e+00	9.959253318480590367e-03
1.260000000000000000e+14	2.500000000000000000e+00	1.185199440940551754e-02
1.580000000000000000e+14	2.500000000000000000e+00	1.454106392085937477e-02
2.000000000000000000e+14	2.500000000000000000e+00	1.852709844703452277e-02
2.510000000000000000e+14	2.500000000000000000e+00	2.353724343522431428e-02
3.160000000000000000e+14	2.500000000000000000e+00	2.920312208287050709e-02
3.980000000000000000e+14	2.500000000000000000e+00	3.433725897425726065e-02
5.010000000000000000e+14	2.500000000000000000e+00	3.756483808214521047e-02
6.310000000000000000e+14	2.500000000000000000e+00	3.843774543931427479e-02
7.940000000000000000e+14	2.500000000000000000e+00	3.659902374301671896e-02
1.000000000000000000e+15	2.500000000000000000e+00	3.181844935080054698e-02
1.260000000000000000e+15	2.500000000000000000e+00	2.457823145674448498e-02
1.580000000000000000e+15	2.500000000000000000e+00	1.641708246056620621e-02
2.000000000000000000e+15	2.500000000000000000e+00	8.230260979101362145e-03
2.510000000000000000e+15	2.500000000000000000e+00	2.495219562811224834e-04
3.160000000000000000e+15	2.500000000000000000e+00	-7.023577993790356896e-03
3.980000000000000000e+15	2.500000000000000000e+00	-1.313573777587269571e-02
5.010000000000000000e+15	2.500000000000000000e+00	-1.791135216430692415e-02
6.310000000000000000e+15	2.500000000000000000e+00	-2.137323873115349465e-02
7.940000000000000000e+15	2.500000000000000000e+00	-2.360820791535464883e-02
1.000000000000000000e+16	2.500000000000000000e+00	-2.479012606222019341e-02
1.260000000000000000e+16	2.500000000000000000e+00	-2.508786533481238701e-02
1.580000000000000000e+16	2.500000000000000000e+00	-2.471827166709197193e-02
2.000000000000000000e+16	2.500000000000000000e+00	-2.377349069285164887e-02
2.510000000000000000e+16	2.500000000000000000e+00	-2.251885589223716691e-02
3.160000000000000000e+16	2.500000000000000000e+00	-2.100113724683010108e-02
3.980000000000000000e+16	2.500000000000000000e+00	-1.934248613499608277e-02
5.010000000000000000e+16	2.500000000000000000e+00	-1.763263397083052186e-02
6.310000000000000000e+16	2.500000000000000000e+00	-1.592458088698295998e-02
7.940000000000000000e+16	2.500000000000000000e+00	-1.427698093033593317e-02
1.000000000000000000e+17	2.500000000000000000e+00	-1.270422960248250230e-02
1.000000000000000000e+11	3.500000000000000000e+00	2.507745350304854052e-05
1.258925411794166107e+11	3.500000000000000000e+00	3.161372184990395121e-05
1.584893192461110840e+11	3.500000000000000000e+00	3.988797557093365397e-05
1.995262314968882751e+11	3.500000000000000000e+00	5.039739060363788650e-05
2.511886431509582214e+11	3.500000000000000000e+00	6.382214434034651901e-05
3.162277660168379517e+11	3.500000000000000000e+00	8.113285175944046686e-05
3.981071705534969482e+11	3.500000000000000000e+00	1.038059468168076141e-04
5.011872336272714844e+11	3.500000000000000000e+00	1.342962982076843792e-04
6.309573444801943359e+11	3.500000000000000000e+00	1.773928876386049913e-04
7.943282347242821045e+11	3.500000000000000000e+00	2.530619896429342876e-04
1.000000000000000000e+12	3.500000000000000000e+00	2.850373675580044610e-04
1.260000000000000000e+12	3.500000000000000000e+00	2.652264246743840084e-04
1.580000000000000000e+12	3.500000000000000000e+00	2.858091465658002279e-04
2.000000000000000000e+12	3.500000000000000000e+00	3.281475162410746695e-04
2.510000000000000000e+12	3.500000000000000000e+00	3.871994888462675197e-04
3.160000000000000000e+12	3.500000000000000000e+00	4.671934503351387788e-04
3.980000000000000000e+12	3.500000000000000000e+00	5.749071762585891482e-04
5.010000000000000000e+12	3.500000000000000000e+00	7.154467944128263274e-04
6.310000000000000000e+12	3.500000000000000000e+00	8.972865988133944468e-04
7.940000000000000000e+12	3.500000000000000000e+00	1.130139617948483022e-03
1.000000000000000000e+13	3.500000000000000000e+00	1.104570812555289360e-03
1.260000000000000000e+13	3.500000000000000000e+00	1.806411788621899508e-03
1.580000000000000000e+13	3.500000000000000000e+00	2.270581203925978783e-03
2.000000000000000000e+13	3.500000000000000000e+00	2.884129541115519613e-03
2.510000000000000000e+13	3.500000000000000000e+00	3.626720773134542875e-03
3.160000000000000000e+13	3.500000000000000000e+00	4.507606962956192155e-03
3.980000000000000000e+13	3.500000000000000000e+00	5.480556468883740137e-03
5.010000000000000000e+13	3.500000000000000000e+00	6.483783648757435701e-03
6.310000000000000000e+13	3.500000000000000000e+00	7.517957490272458507e-03
7.940000000000000000e+13	3.500000000000000000e+00	8.619511436447804820e-03
1.000000000000000000e+14	3.500000000000000000e+00	9.963763659050745014e-03
1.260000000000000000e+14	3.500000000000000000e+00	1.184541001029895853e-02
1.580000000000000000e+14	3.500000000000000000e+00	1.451780175673419299e-02
2.000000000000000000e+14	3.500000000000000000e+00	1.848818785609526033e-02
2.510000000000000000e+14	3.500000000000000000e+00	2.283620535639617130e-02
3.160000000000000000e+14	3.500000000000000000e+00	2.907667823875403901e-02
3.980000000000000000e+14	3.500000000000000000e+00	3.420401051906446499e-02
5.010000000000000000e+14	3.500000000000000000e+00	3.790637773684245315e-02
6.310000000000000000e+14	3.500000000000000000e+00	3.873879313631482801e-02
7.940000000000000000e+14	3.500000000000000000e+00	3.637326647832164750e-02
1.000000000000000000e+15	3.500000000000000000e+00	3.183199190658671240e-02
1.260000000000000000e+15	3.500000000000000000e+00	2.524866305901776395e-02
1.580000000000000000e+15	3.500000000000000000e+00	1.719536800718171610e-02
2.000000000000000000e+15	3.500000000000000000e+00	8.584064205309303169e-03
2.510000000000000000e+15	3.500000000000000000e+00	4.538143957607363864e-04
3.160000000000000000e+15	3.500000000000000000e+00	-6.924417470936740544e-03
3.980000000000000000e+15	3.500000000000000000e+00	-1.311532307954895414e-02
5.010000000000000000e+15	3.500000000000000000e+00	-1.794928199409451253e-02
6.310000000000000000e+15	3.500000000000000000e+00	-2.145419682494932936e-02
7.940000000000000000e+15	3.500000000000000000e+00	-2.371924493188636365e-02
1.000000000000000000e+16	3.500000000000000000e+00	-2.492044454075394155e-02
1.260000000000000000e+16	3.500000000000000000e+00	-2.522902138073378209e-02
1.580000000000000000e+16	3.500000000000000000e+00	-2.486361191882946117e-02
2.000000000000000000e+16	3.500000000000000000e+00	-2.391784310408955755e-02
2.510000000000000000e+16	3.500000000000000000e+00	-2.266326622338780614e-02
3.160000000000000000e+16	3.500000000000000000e+00	-2.113386457218231415e-02
3.980000000000000000e+16	3.500000000000000000e+00	-1.946642440587684902e-02
5.010000000000000000e+16	3.500000000000000000e+00	-1.774683279347658710e-02
6.310000000000000000e+16	3.500000000000000000e+00	-1.602862225915695910e-02
7.940000000000000000e+16	3.500000000000000000e+00	-1.437091795670047620e-02
1.000000000000000000e+17	3.500000000000000000e+00	-1.278832327052124851e-02
1.000000000000000000e+11	4.500000000000000000e+00	2.589292502650688551e-05
1.258925411794166107e+11	4.500000000000000000e+00	3.264255026529963127e-05
1.584893192461110840e+11	4.500000000000000000e+00	4.118770272167724560e-05
1.995262314968882751e+11	4.500000000000000000e+00	5.204293402325645753e-05
2.511886431509582214e+11	4.500000000000000000e+00	6.591217271274517624e-05
3.162277660168379517e+11	4.500000000000000000e+00	8.380398181686582882e-05
3.981071705534969482e+11	4.500000000000000000e+00	1.072543271200518037e-04
5.011872336272714844e+11	4.500000000000000000e+00	1.388370398601181078e-04
6.309573444801943359e+11	4.500000000000000000e+00	1.836390283473362053e-04
7.943282347242821045e+11	4.500000000000000000e+00	2.635922691625367073e-04
1.000000000000000000e+12	4.500000000000000000e+00	2.963090139988437221e-04
1.260000000000000000e+12	4.500000000000000000e+00	2.730952695801477014e-04
1.580000000000000000e+12	4.500000000000000000e+00	2.923884017396274383e-04
2.000000000000000000e+12	4.500000000000000000e+00	3.314577147056226546e-04
2.510000000000000000e+12	4.500000000000000000e+00	3.895137536658711624e-04
3.160000000000000000e+12	4.500000000000000000e+00	4.719649906963620332e-04
3.980000000000000000e+12	4.500000000000000000e+00	5.805355446854313858e-04
5.010000000000000000e+12	4.500000000000000000e+00	7.211294356188571080e-04
6.310000000000000000e+12	4.500000000000000000e+00	9.040575805871488811e-04
7.940000000000000000e+12	4.500000000000000000e+00	1.138675227390950704e-03
1.000000000000000000e+13	4.500000000000000000e+00	1.443000110694869342e-03
1.260000000000000000e+13	4.500000000000000000e+00	1.830632864725302220e-03
1.580000000000000000e+13	4.500000000000000000e+00	2.307181717022839702e-03
2.000000000000000000e+13	4.500000000000000000e+00	2.938838656632530074e-03
2.510000000000000000e+13	4.500000000000000000e+00	3.693298560204253018e-03
3.160000000000000000e+13	4.500000000000000000e+00	4.588615120240580394e-03
3.980000000000000000e+13	4.500000000000000000e+00	5.577343019492714965e-03
5.010000000000000000e+13	4.500000000000000000e+00	6.582856484305859950e-03
6.310000000000000000e+13	4.500000000000000000e+00	7.590421561778438846e-03
7.940000000000000000e+13	4.500000000000000000e+00	8.663301431753315379e-03
1.000000000000000000e+14	4.500000000000000000e+00	9.961538915132852126e-03
1.260000000000000000e+14	4.500000000000000000e+00	1.179229143016894375e-02
1.580000000000000000e+14	4.500000000000000000e+00	1.443925471772269237e-02
2.000000000000000000e+14	4.500000000000000000e+00	1.838533188742973168e-02
2.510000000000000000e+14	4.500000000000000000e+00	2.329159754147924408e-02
3.160000000000000000e+14	4.500000000000000000e+00	2.894216668647982618e-02
3.980000000000000000e+14	4.500000000000000000e+00	3.432214680300926107e-02
5.010000000000000000e+14	4.500000000000000000e+00	3.773292925977889123e-02
6.310000000000000000e+14	4.500000000000000000e+00	3.862825308069352953e-02
7.940000000000000000e+14	4.500000000000000000e+00	3.655111251058437011e-02
1.000000000000000000e+15	4.500000000000000000e+00	3.138775259354078390e-02
1.260000000000000000e+15	4.500000000000000000e+00	2.448574401039149001e-02
1.580000000000000000e+15	4.500000000000000000e+00	1.659592907555951929e-02
2.000000000000000000e+15	4.500000000000000000e+00	8.276811962343876700e-03
2.510000000000000000e+15	4.500000000000000000e+00	2.747941224054400848e-04
3.160000000000000000e+15	4.500000000000000000e+00	-7.007523103844895233e-03
3.980000000000000000e+15	4.500000000000000000e+00	-1.312484339632708982e-02
5.010000000000000000e+15	4.500000000000000000e+00	-1.790244829557812237e-02
6.310000000000000000e+15	4.500000000000000000e+00	-2.136702083857470666e-02
7.940000000000000000e+15	4.500000000000000000e+00	-2.360356077478672696e-02
1.000000000000000000e+16	4.500000000000000000e+00	-2.478639514723572287e-02
1.260000000000000000e+16	4.500000000000000000e+00	-2.508494090769507884e-02
1.580000000000000000e+16	4.500000000000000000e+00	-2.471596278990841750e-02
2.000000000000000000e+16	4.500000000000000000e+00	-2.377167078894073041e-02
2.510000000000000000e+16	4.500000000000000000e+00	-2.251740935107300612e-02
3.160000000000000000e+16	4.500000000000000000e+00	-2.099999262446151232e-02
3.980000000000000000e+16	4.500000000000000000e+00	-1.934156786495110775e-02
5.010000000000000000e+16	4.500000000000000000e+00	-1.763237681439762394e-02
6.310000000000000000e+16	4.500000000000000000e+00	-1.592401615896139877e-02
7.940000000000000000e+16	4.500000000000000000e+00	-1.427656102685933084e-02
1.000000000000000000e+17	4.500000000000000000e+00	-1.270389985988685209e-02
1.000000000000000000e+11	5.500000000000000000e+00	2.576515901592292150e-05
1.258925411794166107e+11	5.500000000000000000e+00	3.248147656215994957e-05
1.584893192461110840e+11	5.500000000000000000e+00	4.098434301338244046e-05
1.995262314968882751e+11	5.500000000000000000e+00	5.178529314545188907e-05
2.511886431509582214e+11	5.500000000000000000e+00	6.558623321715179966e-05
3.162277660168379517e+11	5.500000000000000000e+00	8.338876820602839372e-05
3.981071705534969482e+11	5.500000000000000000e+00	1.067222775887620342e-04
5.011872336272714844e+11	5.500000000000000000e+00	1.381482077605392339e-04
6.309573444801943359e+11	5.500000000000000000e+00	1.827386781306227794e-04
7.943282347242821045e+11	5.500000000000000000e+00	2.625065964299242447e-04
1.000000000000000000e+12	5.500000000000000000e+00	2.936511804163307714e-04
1.260000000000000000e+12	5.500000000000000000e+00	2.693851312545072867e-04
1.580000000000000000e+12	5.500000000000000000e+00	2.893907727367061038e-04
2.000000000000000000e+12	5.500000000000000000e+00	3.304292323114069044e-04
2.510000000000000000e+12	5.500000000000000000e+00	3.908729644466485279e-04
3.160000000000000000e+12	5.500000000000000000e+00	4.742249438463491456e-04
3.980000000000000000e+12	5.500000000000000000e+00	5.841685042333622391e-04
5.010000000000000000e+12	5.500000000000000000e+00	7.273117530980135461e-04
6.310000000000000000e+12	5.500000000000000000e+00	9.097827260775072930e-04
7.940000000000000000e+12	5.500000000000000000e+00	1.143844916014574503e-03
1.000000000000000000e+13	5.500000000000000000e+00	1.451954073662804464e-03
1.260000000000000000e+13	5.500000000000000000e+00	1.843015594470796522e-03
1.580000000000000000e+13	5.500000000000000000e+00	2.324746547943421469e-03
2.000000000000000000e+13	5.500000000000000000e+00	2.960149043441440142e-03
2.510000000000000000e+13	5.500000000000000000e+00	3.721383284061198591e-03
3.160000000000000000e+13	5.500000000000000000e+00	4.639430809596829623e-03
3.980000000000000000e+13	5.500000000000000000e+00	5.627079688633977207e-03
5.010000000000000000e+13	5.500000000000000000e+00	6.607804257249078050e-03
6.310000000000000000e+13	5.500000000000000000e+00	7.603523226820735857e-03
7.940000000000000000e+13	5.500000000000000000e+00	8.657104640862292588e-03
1.000000000000000000e+14	5.500000000000000000e+00	9.968530730335193116e-03
1.260000000000000000e+14	5.500000000000000000e+00	1.180732452771722334e-02
1.580000000000000000e+14	5.500000000000000000e+00	1.444824383844124996e-02
2.000000000000000000e+14	5.500000000000000000e+00	1.842794047614064804e-02
2.510000000000000000e+14	5.500000000000000000e+00	2.348357080073847428e-02
3.160000000000000000e+14	5.500000000000000000e+00	2.911417078382148860e-02
3.980000000000000000e+14	5.500000000000000000e+00	3.398017820580116755e-02
5.010000000000000000e+14	5.500000000000000000e+00	3.742769035909600250e-02
6.310000000000000000e+14	5.500000000000000000e+00	3.862321107371225609e-02
7.940000000000000000e+14	5.500000000000000000e+00	3.666632370689025533e-02
1.000000000000000000e+15	5.500000000000000000e+00	3.178188734964382256e-02
1.260000000000000000e+15	5.500000000000000000e+00	2.480523732460350461e-02
1.580000000000000000e+15	5.500000000000000000e+00	1.708228239674266027e-02
2.000000000000000000e+15	5.500000000000000000e+00	8.752378951369035529e-03
2.510000000000000000e+15	5.500000000000000000e+00	4.949178819658310883e-04
3.160000000000000000e+15	5.500000000000000000e+00	-6.904376750283298426e-03
3.980000000000000000e+15	5.500000000000000000e+00	-1.310344517637839108e-02
5.010000000000000000e+15	5.500000000000000000e+00	-1.794148497547574592e-02
6.310000000000000000e+15	5.500000000000000000e+00	-2.144870527726529946e-02
7.940000000000000000e+15	5.500000000000000000e+00	-2.371559250832995167e-02
1.000000000000000000e+16	5.500000000000000000e+00	-2.491739632275442873e-02
1.260000000000000000e+16	5.500000000000000000e+00	-2.522666562552437763e-02
1.580000000000000000e+16	5.500000000000000000e+00	-2.486178864837957844e-02
2.000000000000000000e+16	5.500000000000000000e+00	-2.391641534605675953e-02
2.510000000000000000e+16	5.500000000000000000e+00	-2.265760308923311928e-02
3.160000000000000000e+16	5.500000000000000000e+00	-2.113297795028423742e-02
3.980000000000000000e+16	5.500000000000000000e+00	-1.946570476088803348e-02
5.010000000000000000e+16	5.500000000000000000e+00	-1.774627003671361974e-02
6.310000000000000000e+16	5.500000000000000000e+00	-1.602767976603083205e-02
7.940000000000000000e+16	5.500000000000000000e+00	-1.437056837214708595e-02
1.000000000000000000e+17	5.500000000000000000e+00	-1.278804266108017791e-02
1.000000000000000000e+11	6.500000000000000000e+00	2.482360042614319121e-05
1.258925411794166107e+11	6.500000000000000000e+00	3.129319265454113072e-05
1.584893192461110840e+11	6.500000000000000000e+00	3.948264498242795947e-05
1.995262314968882751e+11	6.500000000000000000e+00	4.988334021741823297e-05
2.511886431509582214e+11	6.500000000000000000e+00	6.316729918462537076e-05
3.162277660168379517e+11	6.500000000000000000e+00	8.029258745781711561e-05
3.981071705534969482e+11	6.500000000000000000e+00	1.027131600001854138e-04
5.011872336272714844e+11	6.500000000000000000e+00	1.328401155311752116e-04
6.309573444801943359e+11	6.500000000000000000e+00	1.753393435567080080e-04
7.943282347242821045e+11	6.500000000000000000e+00	2.492892120564436172e-04
1.000000000000000000e+12	6.500000000000000000e+00	2.816125114175584078e-04
1.260000000000000000e+12	6.500000000000000000e+00	2.640122567609936980e-04
1.580000000000000000e+12	6.500000000000000000e+00	2.836637672050257709e-04
2.000000000000000000e+12	6.500000000000000000e+00	3.247137850970562337e-04
2.510000000000000000e+12	6.500000000000000000e+00	3.848744676874315358e-04
3.160000000000000000e+12	6.500000000000000000e+00	4.674761238043304836e-04
3.980000000000000000e+12	6.500000000000000000e+00	5.759966777236392044e-04
5.010000000000000000e+12	6.500000000000000000e+00	7.151849348456648572e-04
6.310000000000000000e+12	6.500000000000000000e+00	8.986913737138622297e-04
7.940000000000000000e+12	6.500000000000000000e+00	1.137267375084875885e-03
1.000000000000000000e+13	6.500000000000000000e+00	1.439975467499870002e-03
1.260000000000000000e+13	6.500000000000000000e+00	1.828804070300861550e-03
1.580000000000000000e+13	6.500000000000000000e+00	2.311683692877875874e-03
2.000000000000000000e+13	6.500000000000000000e+00	2.948069159014863987e-03
2.510000000000000000e+13	6.500000000000000000e+00	3.717139054573422117e-03
3.160000000000000000e+13	6.500000000000000000e+00	4.610930672321907411e-03
3.980000000000000000e+13	6.500000000000000000e+00	5.566160245513974286e-03
5.010000000000000000e+13	6.500000000000000000e+00	6.536244760170135254e-03
6.310000000000000000e+13	6.500000000000000000e+00	7.500064978872530638e-03
7.940000000000000000e+13	6.500000000000000000e+00	8.545201532532688618e-03
1.000000000000000000e+14	6.500000000000000000e+00	9.822078941942910535e-03
1.260000000000000000e+14	6.500000000000000000e+00	1.163046857535879504e-02
1.580000000000000000e+14	6.500000000000000000e+00	1.424384758584601798e-02
2.000000000000000000e+14	6.500000000000000000e+00	1.813370632257221837e-02
2.510000000000000000e+14	6.500000000000000000e+00	2.317440767566489659e-02
3.160000000000000000e+14	6.500000000000000000e+00	2.893698874534920626e-02
3.980000000000000000e+14	6.500000000000000000e+00	3.410839475865441728e-02
5.010000000000000000e+14	6.500000000000000000e+00	3.756945697472410112e-02
6.310000000000000000e+14	6.500000000000000000e+00	3.851451847881354196e-02
7.940000000000000000e+14	6.500000000000000000e+00	3.630948193862639645e-02
1.000000000000000000e+15	6.500000000000000000e+00	3.150612422009651387e-02
1.260000000000000000e+15	6.500000000000000000e+00	2.460632693419531961e-02
1.580000000000000000e+15	6.500000000000000000e+00	1.633167274790328638e-02
2.000000000000000000e+15	6.500000000000000000e+00	7.950615790105544645e-03
2.510000000000000000e+15	6.500000000000000000e+00	1.641235547464947673e-04
3.160000000000000000e+15	6.500000000000000000e+00	-7.027357930605568868e-03
3.980000000000000000e+15	6.500000000000000000e+00	-1.308190143073661646e-02
5.010000000000000000e+15	6.500000000000000000e+00	-1.781455190047847095e-02
6.310000000000000000e+15	6.500000000000000000e+00	-2.124586710220789654e-02
7.940000000000000000e+15	6.500000000000000000e+00	-2.346073809090993417e-02
1.000000000000000000e+16	6.500000000000000000e+00	-2.463075986871683665e-02
1.260000000000000000e+16	6.500000000000000000e+00	-2.492370248448572828e-02
1.580000000000000000e+16	6.500000000000000000e+00	-2.455458726204439932e-02
2.000000000000000000e+16	6.500000000000000000e+00	-2.361467849486984308e-02
2.510000000000000000e+16	6.500000000000000000e+00	-2.236746814782678353e-02
3.160000000000000000e+16	6.500000000000000000e+00	-2.085925132871453702e-02
3.980000000000000000e+16	6.500000000000000000e+00	-1.921130366175519480e-02
5.010000000000000000e+16	6.500000000000000000e+00	-1.751270417231535342e-02
6.310000000000000000e+16	6.500000000000000000e+00	-1.581597847685635785e-02
7.940000000000000000e+16	6.500000000000000000e+00	-1.417944169605369308e-02
1.000000000000000000e+17	6.500000000000000000e+00	-1.261725919479133630e-02
1.000000000000000000e+11	7.500000000000000000e+00	2.330999035001969728e-05
1.258925411794166107e+11	7.500000000000000000e+00	2.938376766187330463e-05
1.584893192461110840e+11	7.500000000000000000e+00	3.707111739441931102e-05
1.995262314968882751e+11	7.500000000000000000e+00	4.683198261908561261e-05
2.511886431509582214e+11	7.500000000000000000e+00	5.929328592351632520e-05
3.162277660168379517e+11	7.500000000000000000e+00	7.534637960319124034e-05
3.981071705534969482e+11	7.500000000000000000e+00	9.634274220150032552e-05
5.011872336272714844e+11	7.500000000000000000e+00	1.244846439780502841e-04
6.309573444801943359e+11	7.500000000000000000e+00	1.639361476899983303e-04
7.943282347242821045e+11	7.500000000000000000e+00	2.305990882088189441e-04
1.000000000000000000e+12	7.500000000000000000e+00	2.609314230822221961e-04
1.260000000000000000e+12	7.500000000000000000e+00	2.461997959915154907e-04
1.580000000000000000e+12	7.500000000000000000e+00	2.694219040068750485e-04
2.000000000000000000e+12	7.500000000000000000e+00	3.160807585633338334e-04
2.510000000000000000e+12	7.500000000000000000e+00	3.757682852566812974e-04
3.160000000000000000e+12	7.500000000000000000e+00	4.581245568705651430e-04
3.980000000000000000e+12	7.500000000000000000e+00	5.650582672791482595e-04
5.010000000000000000e+12	7.500000000000000000e+00	7.063862964642610544e-04
6.310000000000000000e+12	7.500000000000000000e+00	8.887680948877104943e-04
7.940000000000000000e+12	7.500000000000000000e+00	1.121255484151151283e-03
1.000000000000000000e+13	7.500000000000000000e+00	1.422914805541322181e-03
1.260000000000000000e+13	7.500000000000000000e+00	1.805106214012958512e-03
1.580000000000000000e+13	7.500000000000000000e+00	2.278118214333728266e-03
2.000000000000000000e+13	7.500000000000000000e+00	2.907681758262720042e-03
2.510000000000000000e+13	7.500000000000000000e+00	3.664074124386550776e-03
3.160000000000000000e+13	7.500000000000000000e+00	4.550797972958397532e-03
3.980000000000000000e+13	7.500000000000000000e+00	5.508914896598939362e-03
5.010000000000000000e+13	7.500000000000000000e+00	6.470985080407204611e-03
6.310000000000000000e+13	7.500000000000000000e+00	7.418216914564561282e-03
7.940000000000000000e+13	7.500000000000000000e+00	8.418556510413446534e-03
1.000000000000000000e+14	7.500000000000000000e+00	9.687595877327757551e-03
1.260000000000000000e+14	7.500000000000000000e+00	1.151504972303328891e-02
1.580000000000000000e+14	7.500000000000000000e+00	1.418563519755461702e-02
2.000000000000000000e+14	7.500000000000000000e+00	1.827599442588344683e-02
2.510000000000000000e+14	7.500000000000000000e+00	2.312947490834038611e-02
3.160000000000000000e+14	7.500000000000000000e+00	2.846279581761375702e-02
3.980000000000000000e+14	7.500000000000000000e+00	3.385960330176203403e-02
5.010000000000000000e+14	7.500000000000000000e+00	3.748790403689582218e-02
6.310000000000000000e+14	7.500000000000000000e+00	3.807343385526176793e-02
7.940000000000000000e+14	7.500000000000000000e+00	3.594183404661908943e-02
1.000000000000000000e+15	7.500000000000000000e+00	3.130461225545627668e-02
1.260000000000000000e+15	7.500000000000000000e+00	2.357325646225045743e-02
1.580000000000000000e+15	7.500000000000000000e+00	1.480772492057858165e-02
2.000000000000000000e+15	7.500000000000000000e+00	7.039654828098137161e-03
2.510000000000000000e+15	7.500000000000000000e+00	-2.751448388268804132e-04
3.160000000000000000e+15	7.500000000000000000e+00	-7.187976283428327250e-03
3.980000000000000000e+15	7.500000000000000000e+00	-1.303731690151900026e-02
5.010000000000000000e+15	7.500000000000000000e+00	-1.761701103757301948e-02
6.310000000000000000e+15	7.500000000000000000e+00	-2.093704156257299165e-02
7.940000000000000000e+15	7.500000000000000000e+00	-2.307628510712513362e-02
1.000000000000000000e+16	7.500000000000000000e+00	-2.419858367438393679e-02
1.260000000000000000e+16	7.500000000000000000e+00	-2.446758619747122290e-02
1.580000000000000000e+16	7.500000000000000000e+00	-2.409249897517428199e-02
2.000000000000000000e+16	7.500000000000000000e+00	-2.316110337596850519e-02
2.510000000000000000e+16	7.500000000000000000e+00	-2.193151698534133442e-02
3.160000000000000000e+16	7.500000000000000000e+00	-2.044790326477327266e-02
3.980000000000000000e+16	7.500000000000000000e+00	-1.882925891460707907e-02
5.010000000000000000e+16	7.500000000000000000e+00	-1.716212071623406457e-02
6.310000000000000000e+16	7.500000000000000000e+00	-1.549738893677774822e-02
7.940000000000000000e+16	7.500000000000000000e+00	-1.389245156887090361e-02
1.000000000000000000e+17	7.500000000000000000e+00	-1.236089804302826362e-02
1.000000000000000000e+11	8.500000000000000000e+00	2.155393711198866707e-05
1.258925411794166107e+11	8.500000000000000000e+00	2.716751095316137222e-05
1.584893192461110840e+11	8.500000000000000000e+00	3.426948461668898884e-05
1.995262314968882751e+11	8.500000000000000000e+00	4.328128283615219839e-05
2.511886431509582214e+11	8.500000000000000000e+00	5.477550486629354328e-05
3.162277660168379517e+11	8.500000000000000000e+00	6.955970447509544896e-05
3.981071705534969482e+11	8.500000000000000000e+00	8.883497497636310921e-05
5.011872336272714844e+11	8.500000000000000000e+00	1.145196737940321443e-04
6.309573444801943359e+11	8.500000000000000000e+00	1.500156121354630386e-04
7.943282347242821045e+11	8.500000000000000000e+00	2.060452652634456186e-04
1.000000000000000000e+12	8.500000000000000000e+00	2.346508048506769752e-04
1.260000000000000000e+12	8.500000000000000000e+00	2.349543025208824501e-04
1.580000000000000000e+12	8.500000000000000000e+00	2.611434684092869742e-04
2.000000000000000000e+12	8.500000000000000000e+00	3.089554765144563917e-04
2.510000000000000000e+12	8.500000000000000000e+00	3.672475280832902746e-04
3.160000000000000000e+12	8.500000000000000000e+00	4.504811737011196488e-04
3.980000000000000000e+12	8.500000000000000000e+00	5.627589227657685354e-04
5.010000000000000000e+12	8.500000000000000000e+00	7.026032395716146029e-04
6.310000000000000000e+12	8.500000000000000000e+00	8.805392820700266854e-04
7.940000000000000000e+12	8.500000000000000000e+00	1.108784499067253047e-03
1.000000000000000000e+13	8.500000000000000000e+00	1.406225130317667778e-03
1.260000000000000000e+13	8.500000000000000000e+00	1.790093293308576408e-03
1.580000000000000000e+13	8.500000000000000000e+00	2.261396764563433984e-03
2.000000000000000000e+13	8.500000000000000000e+00	2.881461765605087665e-03
2.510000000000000000e+13	8.500000000000000000e+00	3.626566013033615324e-03
3.160000000000000000e+13	8.500000000000000000e+00	4.515391843680261613e-03
3.980000000000000000e+13	8.500000000000000000e+00	5.474335492224285081e-03
5.010000000000000000e+13	8.500000000000000000e+00	6.414983635799243085e-03
6.310000000000000000e+13	8.500000000000000000e+00	7.334582353914027505e-03
7.940000000000000000e+13	8.500000000000000000e+00	8.371169981101616100e-03
1.000000000000000000e+14	8.500000000000000000e+00	9.701672665373157339e-03
1.260000000000000000e+14	8.500000000000000000e+00	1.158576302338205737e-02
1.580000000000000000e+14	8.500000000000000000e+00	1.434675351656755291e-02
2.000000000000000000e+14	8.500000000000000000e+00	1.826825045468223607e-02
2.510000000000000000e+14	8.500000000000000000e+00	2.340162585216077826e-02
3.160000000000000000e+14	8.500000000000000000e+00	2.945794067514273182e-02
3.980000000000000000e+14	8.500000000000000000e+00	3.489189757336895459e-02
5.010000000000000000e+14	8.500000000000000000e+00	3.838269195434748648e-02
6.310000000000000000e+14	8.500000000000000000e+00	3.946089536140116871e-02
7.940000000000000000e+14	8.500000000000000000e+00	3.773979646909242369e-02
1.000000000000000000e+15	8.500000000000000000e+00	3.272075241618604274e-02
1.260000000000000000e+15	8.500000000000000000e+00	2.621801237387261230e-02
1.580000000000000000e+15	8.500000000000000000e+00	1.967195706061593621e-02
2.000000000000000000e+15	8.500000000000000000e+00	1.117846927137227699e-02
2.510000000000000000e+15	8.500000000000000000e+00	1.630167929215598638e-03
3.160000000000000000e+15	8.500000000000000000e+00	-6.362871664307237669e-03
3.980000000000000000e+15	8.500000000000000000e+00	-1.681245625749988246e-02
5.010000000000000000e+15	8.500000000000000000e+00	-1.811707843635840254e-02
6.310000000000000000e+15	8.500000000000000000e+00	-2.184430850169540375e-02
7.940000000000000000e+15	8.500000000000000000e+00	-2.426363723091295305e-02
1.000000000000000000e+16	8.500000000000000000e+00	-2.556425585191412012e-02
1.260000000000000000e+16	8.500000000000000000e+00	-2.592891392681430721e-02
1.580000000000000000e+16	8.500000000000000000e+00	-2.558582631163453316e-02
2.000000000000000000e+16	8.500000000000000000e+00	-2.463605119101076185e-02
2.510000000000000000e+16	8.500000000000000000e+00	-2.335527886074957593e-02
3.160000000000000000e+16	8.500000000000000000e+00	-2.179534586173853539e-02
3.980000000000000000e+16	8.500000000000000000e+00	-2.008427089816162275e-02
5.010000000000000000e+16	8.500000000000000000e+00	-1.831658787820971204e-02
6.310000000000000000e+16	8.500000000000000000e+00	-1.654771188815414365e-02
7.940000000000000000e+16	8.500000000000000000e+00	-1.483972380156578681e-02
1.000000000000000000e+17	8.500000000000000000e+00	-1.320805684059604516e-02
1.000000000000000000e+11	9.500000000000000000e+00	1.948423493193663159e-05
1.258925411794166107e+11	9.500000000000000000e+00	2.455718921044295646e-05
1.584893192461110840e+11	9.500000000000000000e+00	3.097378099323409005e-05
1.995262314968882751e+11	9.500000000000000000e+00	3.911297218156410736e-05
2.511886431509582214e+11	9.500000000000000000e+00	4.948827505065957362e-05
3.162277660168379517e+11	9.500000000000000000e+00	6.281929717998183159e-05
3.981071705534969482e+11	9.500000000000000000e+00	8.017509716686949128e-05
5.011872336272714844e+11	9.500000000000000000e+00	1.031904729646853806e-04
6.309573444801943359e+11	9.500000000000000000e+00	1.346345263911257687e-04
7.943282347242821045e+11	9.500000000000000000e+00	1.810572589491780298e-04
1.000000000000000000e+12	9.500000000000000000e+00	2.074292920138736621e-04
1.260000000000000000e+12	9.500000000000000000e+00	2.146595283568118262e-04
1.580000000000000000e+12	9.500000000000000000e+00	2.425749873956384902e-04
2.000000000000000000e+12	9.500000000000000000e+00	2.896251594492683023e-04
2.510000000000000000e+12	9.500000000000000000e+00	3.532548017821437189e-04
3.160000000000000000e+12	9.500000000000000000e+00	4.333136985706347185e-04
3.980000000000000000e+12	9.500000000000000000e+00	5.386786126884571604e-04
5.010000000000000000e+12	9.500000000000000000e+00	6.748806172978433649e-04
6.310000000000000000e+12	9.500000000000000000e+00	8.475608274229100509e-04
7.940000000000000000e+12	9.500000000000000000e+00	1.069202218818519077e-03
1.000000000000000000e+13	9.500000000000000000e+00	1.355978591385027625e-03
1.260000000000000000e+13	9.500000000000000000e+00	1.721387982538790567e-03
1.580000000000000000e+13	9.500000000000000000e+00	2.175353715412046540e-03
2.000000000000000000e+13	9.500000000000000000e+00	2.776497779262779037e-03
2.510000000000000000e+13	9.500000000000000000e+00	3.475030396906848146e-03
3.160000000000000000e+13	9.500000000000000000e+00	4.301529505903648951e-03
3.980000000000000000e+13	9.500000000000000000e+00	5.228442295807315086e-03
5.010000000000000000e+13	9.500000000000000000e+00	6.149683890624338574e-03
6.310000000000000000e+13	9.500000000000000000e+00	7.077405134789054204e-03
7.940000000000000000e+13	9.500000000000000000e+00	8.072961657487522785e-03
1.000000000000000000e+14	9.500000000000000000e+00	9.343117443556234886e-03
1.260000000000000000e+14	9.500000000000000000e+00	1.118648524260149740e-02
1.580000000000000000e+14	9.500000000000000000e+00	1.378960049898952933e-02
2.000000000000000000e+14	9.500000000000000000e+00	1.798449556324288601e-02
2.510000000000000000e+14	9.500000000000000000e+00	2.326786102822369848e-02
3.160000000000000000e+14	9.500000000000000000e+00	2.882782163424296717e-02
3.980000000000000000e+14	9.500000000000000000e+00	3.371486051388537797e-02
5.010000000000000000e+14	9.500000000000000000e+00	3.725556431375256355e-02
6.310000000000000000e+14	9.500000000000000000e+00	3.823584694881510676e-02
7.940000000000000000e+14	9.500000000000000000e+00	3.515002851563880926e-02
1.000000000000000000e+15	9.500000000000000000e+00	3.124817680058016370e-02
1.260000000000000000e+15	9.500000000000000000e+00	2.555590720670595020e-02
1.580000000000000000e+15	9.500000000000000000e+00	1.597600228181051546e-02
2.000000000000000000e+15	9.500000000000000000e+00	7.183263612475299272e-03
2.510000000000000000e+15	9.500000000000000000e+00	-2.369059584319802876e-05
3.160000000000000000e+15	9.500000000000000000e+00	-6.982065713560690542e-03
3.980000000000000000e+15	9.500000000000000000e+00	-1.287371375024609632e-02
5.010000000000000000e+15	9.500000000000000000e+00	-1.748742509650535321e-02
6.310000000000000000e+15	9.500000000000000000e+00	-2.083453953049159077e-02
7.940000000000000000e+15	9.500000000000000000e+00	-2.299501625769406754e-02
1.000000000000000000e+16	9.500000000000000000e+00	-2.413415044219124547e-02
1.260000000000000000e+16	9.500000000000000000e+00	-2.441654702113147182e-02
1.580000000000000000e+16	9.500000000000000000e+00	-2.405173407402612026e-02
2.000000000000000000e+16	9.500000000000000000e+00	-2.312896157146853565e-02
2.510000000000000000e+16	9.500000000000000000e+00	-2.190592337460495545e-02
3.160000000000000000e+16	9.500000000000000000e+00	-2.042809352094826850e-02
3.980000000000000000e+16	9.500000000000000000e+00	-1.881311138745447170e-02
5.010000000000000000e+16	9.500000000000000000e+00	-1.714913284580373704e-02
6.310000000000000000e+16	9.500000000000000000e+00	-1.548725696522514073e-02
7.940000000000000000e+16	9.500000000000000000e+00	-1.388435931767481937e-02
1.000000000000000000e+17	9.500000000000000000e+00	-1.235447899350181240e-02
1.000000000000000000e+11	1.050000000000000000e+01	1.817125935206488179e-05
1.258925411794166107e+11	1.050000000000000000e+01	2.290020129717503563e-05
1.584893192461110840e+11	1.050000000000000000e+01	2.887971266627399887e-05
1.995262314968882751e+11	1.050000000000000000e+01	3.646001389177825090e-05
2.511886431509582214e+11	1.050000000000000000e+01	4.611422269516183707e-05
3.162277660168379517e+11	1.050000000000000000e+01	5.850136705407591662e-05
3.981071705534969482e+11	1.050000000000000000e+01	7.457821804263809308e-05
5.011872336272714844e+11	1.050000000000000000e+01	9.579965668006982756e-05
6.309573444801943359e+11	1.050000000000000000e+01	1.243988282395227390e-04
7.943282347242821045e+11	1.050000000000000000e+01	1.636966145599913697e-04
1.000000000000000000e+12	1.050000000000000000e+01	1.873689381430561720e-04
1.260000000000000000e+12	1.050000000000000000e+01	2.003169755479170498e-04
1.580000000000000000e+12	1.050000000000000000e+01	2.362539074776441800e-04
2.000000000000000000e+12	1.050000000000000000e+01	2.864793983165085938e-04
2.510000000000000000e+12	1.050000000000000000e+01	3.481364795140885131e-04
3.160000000000000000e+12	1.050000000000000000e+01	4.310825004221882292e-04
3.980000000000000000e+12	1.050000000000000000e+01	5.391919426936923757e-04
5.010000000000000000e+12	1.050000000000000000e+01	6.747743105846761968e-04
6.310000000000000000e+12	1.050000000000000000e+01	8.472061559718906554e-04
7.940000000000000000e+12	1.050000000000000000e+01	1.069119102819388522e-03
1.000000000000000000e+13	1.050000000000000000e+01	1.355308930261262283e-03
1.260000000000000000e+13	1.050000000000000000e+01	1.719085133730914334e-03
1.580000000000000000e+13	1.050000000000000000e+01	2.171099805572993414e-03
2.000000000000000000e+13	1.050000000000000000e+01	2.771494175212024791e-03
2.510000000000000000e+13	1.050000000000000000e+01	3.486427553608712100e-03
3.160000000000000000e+13	1.050000000000000000e+01	4.305529323032342842e-03
3.980000000000000000e+13	1.050000000000000000e+01	5.198750110707592645e-03
5.010000000000000000e+13	1.050000000000000000e+01	6.129902242773455426e-03
6.310000000000000000e+13	1.050000000000000000e+01	7.079334626042908980e-03
7.940000000000000000e+13	1.050000000000000000e+01	8.142109576725824888e-03
1.000000000000000000e+14	1.050000000000000000e+01	9.538547859967846584e-03
1.260000000000000000e+14	1.050000000000000000e+01	1.154413052980211678e-02
1.580000000000000000e+14	1.050000000000000000e+01	1.457271180889689773e-02
2.000000000000000000e+14	1.050000000000000000e+01	1.873429669837626058e-02
2.510000000000000000e+14	1.050000000000000000e+01	2.360259859590207315e-02
3.160000000000000000e+14	1.050000000000000000e+01	2.953739078228607984e-02
3.980000000000000000e+14	1.050000000000000000e+01	3.526416649510658030e-02
5.010000000000000000e+14	1.050000000000000000e+01	3.910907375819426546e-02
6.310000000000000000e+14	1.050000000000000000e+01	4.058175146351752915e-02
7.940000000000000000e+14	1.050000000000000000e+01	3.865830635642747426e-02
1.000000000000000000e+15	1.050000000000000000e+01	3.249631752707642096e-02
1.260000000000000000e+15	1.050000000000000000e+01	2.550596916033985931e-02
1.580000000000000000e+15	1.050000000000000000e+01	1.942282494663948381e-02
2.000000000000000000e+15	1.050000000000000000e+01	1.103371673244100785e-02
2.510000000000000000e+15	1.050000000000000000e+01	1.532140403573502936e-03
3.160000000000000000e+15	1.050000000000000000e+01	-6.433601157412934847e-03
3.980000000000000000e+15	1.050000000000000000e+01	-1.302909913881332947e-02
5.010000000000000000e+15	1.050000000000000000e+01	-1.815761667836984783e-02
6.310000000000000000e+15	1.050000000000000000e+01	-2.187575866095345378e-02
7.940000000000000000e+15	1.050000000000000000e+01	-2.428829467880486148e-02
1.000000000000000000e+16	1.050000000000000000e+01	-2.558364758406127606e-02
1.260000000000000000e+16	1.050000000000000000e+01	-2.594421932040851322e-02
1.580000000000000000e+16	1.050000000000000000e+01	-2.559799049800138768e-02
2.000000000000000000e+16	1.050000000000000000e+01	-2.464565422218663315e-02
2.510000000000000000e+16	1.050000000000000000e+01	-2.336291056971446373e-02
3.160000000000000000e+16	1.050000000000000000e+01	-2.180140175117496054e-02
3.980000000000000000e+16	1.050000000000000000e+01	-2.008907657272311284e-02
5.010000000000000000e+16	1.050000000000000000e+01	-1.832007279686625328e-02
6.310000000000000000e+16	1.050000000000000000e+01	-1.655071591921248794e-02
7.940000000000000000e+16	1.050000000000000000e+01	-1.484212944191508517e-02
1.000000000000000000e+17	1.050000000000000000e+01	-1.320996252621785098e-02
1.000000000000000000e+11	1.150000000000000000e+01	1.669977727810642178e-05
1.258925411794166107e+11	1.150000000000000000e+01	2.104496493159384977e-05
1.584893192461110840e+11	1.150000000000000000e+01	2.653857669306788498e-05
1.995262314968882751e+11	1.150000000000000000e+01	3.350163159919919371e-05
2.511886431509582214e+11	1.150000000000000000e+01	4.236638283514420852e-05
3.162277660168379517e+11	1.150000000000000000e+01	5.373407213912093436e-05
3.981071705534969482e+11	1.150000000000000000e+01	6.846988415550320369e-05
5.011872336272714844e+11	1.150000000000000000e+01	8.785720449152822583e-05
6.309573444801943359e+11	1.150000000000000000e+01	1.137046025983016150e-04
7.943282347242821045e+11	1.150000000000000000e+01	1.463798418749230753e-04
1.000000000000000000e+12	1.150000000000000000e+01	1.703936360733064592e-04
1.260000000000000000e+12	1.150000000000000000e+01	1.897183016544388837e-04
1.580000000000000000e+12	1.150000000000000000e+01	2.214223032386841716e-04
2.000000000000000000e+12	1.150000000000000000e+01	2.656451876315742405e-04
2.510000000000000000e+12	1.150000000000000000e+01	3.277747169170135708e-04
3.160000000000000000e+12	1.150000000000000000e+01	4.105596149972044859e-04
3.980000000000000000e+12	1.150000000000000000e+01	5.097939438390752852e-04
5.010000000000000000e+12	1.150000000000000000e+01	6.352851064712550710e-04
6.310000000000000000e+12	1.150000000000000000e+01	7.993891262049855487e-04
7.940000000000000000e+12	1.150000000000000000e+01	1.007920173256431811e-03
1.000000000000000000e+13	1.150000000000000000e+01	1.278104406182063637e-03
1.260000000000000000e+13	1.150000000000000000e+01	1.626780972718803705e-03
1.580000000000000000e+13	1.150000000000000000e+01	2.055657521289301886e-03
2.000000000000000000e+13	1.150000000000000000e+01	2.614106016918091649e-03
2.510000000000000000e+13	1.150000000000000000e+01	3.284928894996329111e-03
3.160000000000000000e+13	1.150000000000000000e+01	4.093471012065721254e-03
3.980000000000000000e+13	1.150000000000000000e+01	4.934669390067962340e-03
5.010000000000000000e+13	1.150000000000000000e+01	5.786373873333319762e-03
6.310000000000000000e+13	1.150000000000000000e+01	6.701006655304635011e-03
7.940000000000000000e+13	1.150000000000000000e+01	7.754315940867313219e-03
1.000000000000000000e+14	1.150000000000000000e+01	9.157701876916984202e-03
1.260000000000000000e+14	1.150000000000000000e+01	1.113978784326158031e-02
1.580000000000000000e+14	1.150000000000000000e+01	1.384860070951814473e-02
2.000000000000000000e+14	1.150000000000000000e+01	1.805623718460648564e-02
2.510000000000000000e+14	1.150000000000000000e+01	2.334144009313429344e-02
3.160000000000000000e+14	1.150000000000000000e+01	2.883598495279824508e-02
3.980000000000000000e+14	1.150000000000000000e+01	3.409665429871165665e-02
5.010000000000000000e+14	1.150000000000000000e+01	3.771063157099983215e-02
6.310000000000000000e+14	1.150000000000000000e+01	3.788220546491912616e-02
7.940000000000000000e+14	1.150000000000000000e+01	3.763690025206777034e-02
1.000000000000000000e+15	1.150000000000000000e+01	3.327871396931351283e-02
1.260000000000000000e+15	1.150000000000000000e+01	2.404864500929388207e-02
1.580000000000000000e+15	1.150000000000000000e+01	1.565019808353951963e-02
2.000000000000000000e+15	1.150000000000000000e+01	7.034855920264837872e-03
2.510000000000000000e+15	1.150000000000000000e+01	-1.102585631903016459e-04
3.160000000000000000e+15	1.150000000000000000e+01	-7.037587233406892434e-03
3.980000000000000000e+15	1.150000000000000000e+01	-1.291226806448461314e-02
5.010000000000000000e+15	1.150000000000000000e+01	-1.751552843442542515e-02
6.310000000000000000e+15	1.150000000000000000e+01	-2.085565048047400075e-02
7.940000000000000000e+15	1.150000000000000000e+01	-2.301085448842908263e-02
1.000000000000000000e+16	1.150000000000000000e+01	-2.414673659448711429e-02
1.260000000000000000e+16	1.150000000000000000e+01	-2.442635364861622110e-02
1.580000000000000000e+16	1.150000000000000000e+01	-2.405961923441208780e-02
2.000000000000000000e+16	1.150000000000000000e+01	-2.313507088156116498e-02
2.510000000000000000e+16	1.150000000000000000e+01	-2.191076610368649508e-02
3.160000000000000000e+16	1.150000000000000000e+01	-2.043157326199939242e-02
3.980000000000000000e+16	1.150000000000000000e+01	-1.881616369072813127e-02
5.010000000000000000e+16	1.150000000000000000e+01	-1.715155232858974962e-02
6.310000000000000000e+16	1.150000000000000000e+01	-1.548917918079740705e-02
7.940000000000000000e+16	1.150000000000000000e+01	-1.388588111645813229e-02
1.000000000000000000e+17	1.150000000000000000e+01	-1.235570516946851542e-02
1.000000000000000000e+11	1.250000000000000000e+01	1.567924740379592961e-05
1.258925411794166107e+11	1.250000000000000000e+01	1.975774584397129111e-05
1.584893192461110840e+11	1.250000000000000000e+01	2.491620307936343159e-05
1.995262314968882751e+11	1.250000000000000000e+01	3.145295291865503844e-05
2.511886431509582214e+11	1.250000000000000000e+01	3.977467076996386066e-05
3.162277660168379517e+11	1.250000000000000000e+01	5.044450845927919718e-05
3.981071705534969482e+11	1.250000000000000000e+01	6.427154545726307866e-05
5.011872336272714844e+11	1.250000000000000000e+01	8.244164103740514340e-05
6.309573444801943359e+11	1.250000000000000000e+01	1.065525480668614449e-04
7.943282347242821045e+11	1.250000000000000000e+01	1.358328802992142569e-04
1.000000000000000000e+12	1.250000000000000000e+01	1.577798930903189650e-04
1.260000000000000000e+12	1.250000000000000000e+01	1.749746234135526012e-04
1.580000000000000000e+12	1.250000000000000000e+01	2.081538615323510588e-04
2.000000000000000000e+12	1.250000000000000000e+01	2.573412706667569261e-04
2.510000000000000000e+12	1.250000000000000000e+01	3.160651640538161356e-04
3.160000000000000000e+12	1.250000000000000000e+01	3.905346560787084490e-04
3.980000000000000000e+12	1.250000000000000000e+01	4.863298488625748209e-04
5.010000000000000000e+12	1.250000000000000000e+01	6.138346997737628664e-04
6.310000000000000000e+12	1.250000000000000000e+01	7.730402833387588256e-04
7.940000000000000000e+12	1.250000000000000000e+01	9.764381298434591638e-04
1.000000000000000000e+13	1.250000000000000000e+01	1.239117281801816774e-03
1.260000000000000000e+13	1.250000000000000000e+01	1.568242492420784560e-03
1.580000000000000000e+13	1.250000000000000000e+01	1.979785101802644404e-03
2.000000000000000000e+13	1.250000000000000000e+01	2.515058505912003400e-03
2.510000000000000000e+13	1.250000000000000000e+01	3.169125975231802065e-03
3.160000000000000000e+13	1.250000000000000000e+01	3.942536591410285285e-03
3.980000000000000000e+13	1.250000000000000000e+01	4.784424193052113153e-03
5.010000000000000000e+13	1.250000000000000000e+01	5.635266896345637357e-03
6.310000000000000000e+13	1.250000000000000000e+01	6.526577859685026711e-03
7.940000000000000000e+13	1.250000000000000000e+01	7.591111101511657799e-03
1.000000000000000000e+14	1.250000000000000000e+01	8.937688418824144693e-03
1.260000000000000000e+14	1.250000000000000000e+01	1.100245822500561105e-02
1.580000000000000000e+14	1.250000000000000000e+01	1.400078556178934071e-02
2.000000000000000000e+14	1.250000000000000000e+01	1.811504902424591196e-02
2.510000000000000000e+14	1.250000000000000000e+01	2.326263885432639997e-02
3.160000000000000000e+14	1.250000000000000000e+01	2.912334716446144181e-02
3.980000000000000000e+14	1.250000000000000000e+01	3.434229545997413702e-02
5.010000000000000000e+14	1.250000000000000000e+01	3.797037162072731259e-02
6.310000000000000000e+14	1.250000000000000000e+01	3.955161795991583851e-02
7.940000000000000000e+14	1.250000000000000000e+01	3.611186073669213348e-02
1.000000000000000000e+15	1.250000000000000000e+01	3.104028314259529506e-02
1.260000000000000000e+15	1.250000000000000000e+01	2.564576729275931666e-02
1.580000000000000000e+15	1.250000000000000000e+01	1.607526761862619613e-02
2.000000000000000000e+15	1.250000000000000000e+01	7.269924616065054530e-03
2.510000000000000000e+15	1.250000000000000000e+01	4.822155440979762316e-05
3.160000000000000000e+15	1.250000000000000000e+01	-6.923690951735957111e-03
3.980000000000000000e+15	1.250000000000000000e+01	-1.282681702190071292e-02
5.010000000000000000e+15	1.250000000000000000e+01	-1.744997445737207775e-02
6.310000000000000000e+15	1.250000000000000000e+01	-2.080463046017834439e-02
7.940000000000000000e+15	1.250000000000000000e+01	-2.297082963819355172e-02
1.000000000000000000e+16	1.250000000000000000e+01	-2.411520951715014766e-02
1.260000000000000000e+16	1.250000000000000000e+01	-2.440145231823279137e-02
1.580000000000000000e+16	1.250000000000000000e+01	-2.403983316053246930e-02
2.000000000000000000e+16	1.250000000000000000e+01	-2.311946788046397722e-02
2.510000000000000000e+16	1.250000000000000000e+01	-2.189835410093176823e-02
3.160000000000000000e+16	1.250000000000000000e+01	-2.042173619009633387e-02
3.980000000000000000e+16	1.250000000000000000e+01	-1.880830146292622115e-02
5.010000000000000000e+16	1.250000000000000000e+01	-1.714534638261819288e-02
6.310000000000000000e+16	1.250000000000000000e+01	-1.548424705573830246e-02
7.940000000000000000e+16	1.250000000000000000e+01	-1.388196766952961431e-02
1.000000000000000000e+17	1.250000000000000000e+01	-1.235259489468735865e-02
1.000000000000000000e+11	1.400000000000000000e+01	1.447859987564419845e-05
1.258925411794166107e+11	1.400000000000000000e+01	1.824459219422815430e-05
1.584893192461110840e+11	1.400000000000000000e+01	2.300495907927740019e-05
1.995262314968882751e+11	1.400000000000000000e+01	2.903611589406237717e-05
2.511886431509582214e+11	1.400000000000000000e+01	3.671049560879317396e-05
3.162277660168379517e+11	1.400000000000000000e+01	4.654125163122697077e-05
3.981071705534969482e+11	1.400000000000000000e+01	5.925874676946348750e-05
5.011872336272714844e+11	1.400000000000000000e+01	7.590292401360839098e-05
6.309573444801943359e+11	1.400000000000000000e+01	9.771612775409462708e-05
7.943282347242821045e+11	1.400000000000000000e+01	1.217646947456413960e-04
1.000000000000000000e+12	1.400000000000000000e+01	1.411235786112463966e-04
1.260000000000000000e+12	1.400000000000000000e+01	1.640802339580763969e-04
1.580000000000000000e+12	1.400000000000000000e+01	1.975776536840847489e-04
2.000000000000000000e+12	1.400000000000000000e+01	2.450595401655853291e-04
2.510000000000000000e+12	1.400000000000000000e+01	3.034272810278324547e-04
3.160000000000000000e+12	1.400000000000000000e+01	3.774102001299780261e-04
3.980000000000000000e+12	1.400000000000000000e+01	4.742162667823107214e-04
5.010000000000000000e+12	1.400000000000000000e+01	5.940054328781509563e-04
6.310000000000000000e+12	1.400000000000000000e+01	7.476892987353793733e-04
7.940000000000000000e+12	1.400000000000000000e+01	9.430815669593748665e-04
1.000000000000000000e+13	1.400000000000000000e+01	1.194975515357587148e-03
1.260000000000000000e+13	1.400000000000000000e+01	1.518241528983246781e-03
1.580000000000000000e+13	1.400000000000000000e+01	1.915303216997003410e-03
2.000000000000000000e+13	1.400000000000000000e+01	2.442655138259921914e-03
2.510000000000000000e+13	1.400000000000000000e+01	3.056043456263670549e-03
3.160000000000000000e+13	1.400000000000000000e+01	3.784785300061535226e-03
3.980000000000000000e+13	1.400000000000000000e+01	4.601100732971844139e-03
5.010000000000000000e+13	1.400000000000000000e+01	5.459415575360976325e-03
6.310000000000000000e+13	1.400000000000000000e+01	6.401581206612850898e-03
7.940000000000000000e+13	1.400000000000000000e+01	7.521933898248372996e-03
1.000000000000000000e+14	1.400000000000000000e+01	9.002994428236365046e-03
1.260000000000000000e+14	1.400000000000000000e+01	1.107584426108867634e-02
1.580000000000000000e+14	1.400000000000000000e+01	1.396490571709310333e-02
2.000000000000000000e+14	1.400000000000000000e+01	1.823881746358631956e-02
2.510000000000000000e+14	1.400000000000000000e+01	2.355876619888550710e-02
3.160000000000000000e+14	1.400000000000000000e+01	2.940466537689250329e-02
3.980000000000000000e+14	1.400000000000000000e+01	3.470786142405910685e-02
5.010000000000000000e+14	1.400000000000000000e+01	3.814986616068926500e-02
6.310000000000000000e+14	1.400000000000000000e+01	3.950373594592142962e-02
7.940000000000000000e+14	1.400000000000000000e+01	3.816555816592401978e-02
1.000000000000000000e+15	1.400000000000000000e+01	3.332387168444492231e-02
1.260000000000000000e+15	1.400000000000000000e+01	2.627468193130884019e-02
1.580000000000000000e+15	1.400000000000000000e+01	1.822086262353829825e-02
2.000000000000000000e+15	1.400000000000000000e+01	9.493252592226808159e-03
2.510000000000000000e+15	1.400000000000000000e+01	1.049793766354168096e-03
3.160000000000000000e+15	1.400000000000000000e+01	-6.478148454095449156e-03
3.980000000000000000e+15	1.400000000000000000e+01	-1.277147089633069721e-02
5.010000000000000000e+15	1.400000000000000000e+01	-1.768066279650924028e-02
6.310000000000000000e+15	1.400000000000000000e+01	-2.124316500988117362e-02
7.940000000000000000e+15	1.400000000000000000e+01	-2.355295286439720165e-02
1.000000000000000000e+16	1.400000000000000000e+01	-2.478860883137953830e-02
1.260000000000000000e+16	1.400000000000000000e+01	-2.512464546173001981e-02
1.580000000000000000e+16	1.400000000000000000e+01	-2.478052035804807415e-02
2.000000000000000000e+16	1.400000000000000000e+01	-2.385224324318431510e-02
2.510000000000000000e+16	1.400000000000000000e+01	-2.260648417695860016e-02
3.160000000000000000e+16	1.400000000000000000e+01	-2.109239858417914434e-02
3.980000000000000000e+16	1.400000000000000000e+01	-1.943347274122083496e-02
5.010000000000000000e+16	1.400000000000000000e+01	-1.772067477957502829e-02
6.310000000000000000e+16	1.400000000000000000e+01	-1.600787398412569298e-02
7.940000000000000000e+16	1.400000000000000000e+01	-1.435395971257169209e-02
1.000000000000000000e+17	1.400000000000000000e+01	-1.277522069146845400e-02
1.000000000000000000e+11	1.600000000000000000e+01	1.292237938457573412e-05
1.258925411794166107e+11	1.600000000000000000e+01	1.628285466029380084e-05
1.584893192461110840e+11	1.600000000000000000e+01	2.052985650210044426e-05
1.995262314968882751e+11	1.600000000000000000e+01	2.590956793068552113e-05
2.511886431509582214e+11	1.600000000000000000e+01	3.275162620836253365e-05
3.162277660168379517e+11	1.600000000000000000e+01	4.151103608698169270e-05
3.981071705534969482e+11	1.600000000000000000e+01	5.282494240343098252e-05
5.011872336272714844e+11	1.600000000000000000e+01	6.756672226230379453e-05
6.309573444801943359e+11	1.600000000000000000e+01	8.658364392123269447e-05
7.943282347242821045e+11	1.600000000000000000e+01	1.043869100142339574e-04
1.000000000000000000e+12	1.600000000000000000e+01	1.226802995479493632e-04
1.260000000000000000e+12	1.600000000000000000e+01	1.486799915760275627e-04
1.580000000000000000e+12	1.600000000000000000e+01	1.820200747230790381e-04
2.000000000000000000e+12	1.600000000000000000e+01	2.266024882531230279e-04
2.510000000000000000e+12	1.600000000000000000e+01	2.805207208716277217e-04
3.160000000000000000e+12	1.600000000000000000e+01	3.515273990976748543e-04
3.980000000000000000e+12	1.600000000000000000e+01	4.408210998224210944e-04
5.010000000000000000e+12	1.600000000000000000e+01	5.532729605793652340e-04
6.310000000000000000e+12	1.600000000000000000e+01	6.964969534916753795e-04
7.940000000000000000e+12	1.600000000000000000e+01	8.795435908941194331e-04
1.000000000000000000e+13	1.600000000000000000e+01	1.114165319717350978e-03
1.260000000000000000e+13	1.600000000000000000e+01	1.412291487886046864e-03
1.580000000000000000e+13	1.600000000000000000e+01	1.781938747490558221e-03
2.000000000000000000e+13	1.600000000000000000e+01	2.265701071562056367e-03
2.510000000000000000e+13	1.600000000000000000e+01	2.839700090143751961e-03
3.160000000000000000e+13	1.600000000000000000e+01	3.526077783043326218e-03
3.980000000000000000e+13	1.600000000000000000e+01	4.299670043602783071e-03
5.010000000000000000e+13	1.600000000000000000e+01	5.138565422384830557e-03
6.310000000000000000e+13	1.600000000000000000e+01	6.110177908859300809e-03
7.940000000000000000e+13	1.600000000000000000e+01	7.187673522789510792e-03
1.000000000000000000e+14	1.600000000000000000e+01	8.706249832049827581e-03
1.260000000000000000e+14	1.600000000000000000e+01	1.092798740187910823e-02
1.580000000000000000e+14	1.600000000000000000e+01	1.382727477881768967e-02
2.000000000000000000e+14	1.600000000000000000e+01	1.812467212598111582e-02
2.510000000000000000e+14	1.600000000000000000e+01	2.347374197075628027e-02
3.160000000000000000e+14	1.600000000000000000e+01	2.941268809434336926e-02
3.980000000000000000e+14	1.600000000000000000e+01	3.473472835517549262e-02
5.010000000000000000e+14	1.600000000000000000e+01	3.835024443681081530e-02
6.310000000000000000e+14	1.600000000000000000e+01	3.896609469525083580e-02
7.940000000000000000e+14	1.600000000000000000e+01	3.651204428133436597e-02
1.000000000000000000e+15	1.600000000000000000e+01	3.095198061042754231e-02
1.260000000000000000e+15	1.600000000000000000e+01	2.389463788949398176e-02
1.580000000000000000e+15	1.600000000000000000e+01	1.702773830059453597e-02
2.000000000000000000e+15	1.600000000000000000e+01	8.795473348310696091e-03
2.510000000000000000e+15	1.600000000000000000e+01	7.242232964026169362e-04
3.160000000000000000e+15	1.600000000000000000e+01	-6.476602898226210998e-03
3.980000000000000000e+15	1.600000000000000000e+01	-1.250316156059272377e-02
5.010000000000000000e+15	1.600000000000000000e+01	-1.720581115323111324e-02
6.310000000000000000e+15	1.600000000000000000e+01	-2.061661051867911404e-02
7.940000000000000000e+15	1.600000000000000000e+01	-2.282413848371793799e-02
1.000000000000000000e+16	1.600000000000000000e+01	-2.400006146177381672e-02
1.260000000000000000e+16	1.600000000000000000e+01	-2.431071903697102840e-02
1.580000000000000000e+16	1.600000000000000000e+01	-2.396778235088949105e-02
2.000000000000000000e+16	1.600000000000000000e+01	-2.306419049652914596e-02
2.510000000000000000e+16	1.600000000000000000e+01	-2.185318945098695120e-02
3.160000000000000000e+16	1.600000000000000000e+01	-2.038590325500241190e-02
3.980000000000000000e+16	1.600000000000000000e+01	-1.877990500790121392e-02
5.010000000000000000e+16	1.600000000000000000e+01	-1.712294706823722090e-02
6.310000000000000000e+16	1.600000000000000000e+01	-1.546633301305481469e-02
7.940000000000000000e+16	1.600000000000000000e+01	-1.386772055529792401e-02
1.000000000000000000e+17	1.600000000000000000e+01	-1.234127882596692226e-02
1.000000000000000000e+11	1.800000000000000000e+01	1.208900955945171108e-05
1.258925411794166107e+11	1.800000000000000000e+01	1.523238732938255749e-05
1.584893192461110840e+11	1.800000000000000000e+01	1.920457986673109650e-05
1.995262314968882751e+11	1.800000000000000000e+01	2.423573760478509910e-05
2.511886431509582214e+11	1.800000000000000000e+01	3.063363107281243857e-05
3.162277660168379517e+11	1.800000000000000000e+01	3.882094111230579973e-05
3.981071705534969482e+11	1.800000000000000000e+01	4.938661624110867674e-05
5.011872336272714844e+11	1.800000000000000000e+01	6.312007339844944679e-05
6.309573444801943359e+11	1.800000000000000000e+01	8.067279866386297944e-05
7.943282347242821045e+11	1.800000000000000000e+01	9.545323748258528252e-05
1.000000000000000000e+12	1.800000000000000000e+01	1.119262963066709976e-04
1.260000000000000000e+12	1.800000000000000000e+01	1.398292493715710602e-04
1.580000000000000000e+12	1.800000000000000000e+01	1.730218618306030942e-04
2.000000000000000000e+12	1.800000000000000000e+01	2.158520991543266961e-04
2.510000000000000000e+12	1.800000000000000000e+01	2.697103891211923986e-04
3.160000000000000000e+12	1.800000000000000000e+01	3.372546278433716867e-04
3.980000000000000000e+12	1.800000000000000000e+01	4.236391219902884905e-04
5.010000000000000000e+12	1.800000000000000000e+01	5.338940181478106549e-04
6.310000000000000000e+12	1.800000000000000000e+01	6.732730495965391724e-04
7.940000000000000000e+12	1.800000000000000000e+01	8.492575762199047621e-04
1.000000000000000000e+13	1.800000000000000000e+01	1.072912679959605632e-03
1.260000000000000000e+13	1.800000000000000000e+01	1.359875999910078754e-03
1.580000000000000000e+13	1.800000000000000000e+01	1.712284383347811726e-03
2.000000000000000000e+13	1.800000000000000000e+01	2.178347663362467570e-03
2.510000000000000000e+13	1.800000000000000000e+01	2.734401877693959197e-03
3.160000000000000000e+13	1.800000000000000000e+01	3.392675572326303481e-03
3.980000000000000000e+13	1.800000000000000000e+01	4.156945842940991745e-03
5.010000000000000000e+13	1.800000000000000000e+01	5.016506279283843017e-03
6.310000000000000000e+13	1.800000000000000000e+01	5.973062151356948145e-03
7.940000000000000000e+13	1.800000000000000000e+01	7.306564139818766575e-03
1.000000000000000000e+14	1.800000000000000000e+01	8.939509365479013370e-03
1.260000000000000000e+14	1.800000000000000000e+01	1.237902262424378855e-02
1.580000000000000000e+14	1.800000000000000000e+01	1.401603589502814495e-02
2.000000000000000000e+14	1.800000000000000000e+01	1.844676776680221827e-02
2.510000000000000000e+14	1.800000000000000000e+01	2.376999100929652955e-02
3.160000000000000000e+14	1.800000000000000000e+01	2.963751975100256328e-02
3.980000000000000000e+14	1.800000000000000000e+01	3.537736860013190182e-02
5.010000000000000000e+14	1.800000000000000000e+01	3.912984402305210579e-02
6.310000000000000000e+14	1.800000000000000000e+01	3.952561987693620216e-02
7.940000000000000000e+14	1.800000000000000000e+01	3.680422222170141172e-02
1.000000000000000000e+15	1.800000000000000000e+01	3.322684623025227296e-02
1.260000000000000000e+15	1.800000000000000000e+01	2.743407005983343819e-02
1.580000000000000000e+15	1.800000000000000000e+01	1.866412323234524148e-02
2.000000000000000000e+15	1.800000000000000000e+01	9.773597057269633667e-03
2.510000000000000000e+15	1.800000000000000000e+01	1.251200563119577933e-03
3.160000000000000000e+15	1.800000000000000000e+01	-6.327159485142545663e-03
3.980000000000000000e+15	1.800000000000000000e+01	-1.265558043743124188e-02
5.010000000000000000e+15	1.800000000000000000e+01	-1.759057015055539089e-02
6.310000000000000000e+15	1.800000000000000000e+01	-2.117242021291153298e-02
7.940000000000000000e+15	1.800000000000000000e+01	-2.349715867971170422e-02
1.000000000000000000e+16	1.800000000000000000e+01	-2.474452426077856579e-02
1.260000000000000000e+16	1.800000000000000000e+01	-2.508976278176269781e-02
1.580000000000000000e+16	1.800000000000000000e+01	-2.475273457807963123e-02
2.000000000000000000e+16	1.800000000000000000e+01	-2.383033649222352987e-02
2.510000000000000000e+16	1.800000000000000000e+01	-2.258904432883402161e-02
3.160000000000000000e+16	1.800000000000000000e+01	-2.107853632264480512e-02
3.980000000000000000e+16	1.800000000000000000e+01	-1.942250854506851615e-02
5.010000000000000000e+16	1.800000000000000000e+01	-1.771196494806358615e-02
6.310000000000000000e+16	1.800000000000000000e+01	-1.600096662829066790e-02
7.940000000000000000e+16	1.800000000000000000e+01	-1.434891449026628844e-02
1.000000000000000000e+17	1.800000000000000000e+01	-1.277084283870040006e-02
1.000000000000000000e+11	2.000000000000000000e+01	1.116132822569079304e-05
1.258925411794166107e+11	2.000000000000000000e+01	1.406333843849339032e-05
1.584893192461110840e+11	2.000000000000000000e+01	1.773078309559422401e-05
1.995262314968882751e+11	2.000000000000000000e+01	2.237584849562459656e-05
2.511886431509582214e+11	2.000000000000000000e+01	2.828275926417735272e-05
3.162277660168379517e+11	2.000000000000000000e+01	3.584300477620987283e-05
3.981071705534969482e+11	2.000000000000000000e+01	4.559662268214537004e-05
5.011872336272714844e+11	2.000000000000000000e+01	5.825328229792628616e-05
6.309573444801943359e+11	2.000000000000000000e+01	7.429153878057868845e-05
7.943282347242821045e+11	2.000000000000000000e+01	8.608263964407301256e-05
1.000000000000000000e+12	2.000000000000000000e+01	1.017100789640930771e-04
1.260000000000000000e+12	2.000000000000000000e+01	1.287057932768468347e-04
1.580000000000000000e+12	2.000000000000000000e+01	1.605679253753576087e-04
2.000000000000000000e+12	2.000000000000000000e+01	2.033838533419604763e-04
2.510000000000000000e+12	2.000000000000000000e+01	2.536082518560996710e-04
3.160000000000000000e+12	2.000000000000000000e+01	3.192340562421819186e-04
3.980000000000000000e+12	2.000000000000000000e+01	4.012597005506781246e-04
5.010000000000000000e+12	2.000000000000000000e+01	5.041391281729639068e-04
6.310000000000000000e+12	2.000000000000000000e+01	6.346660890936805513e-04
7.940000000000000000e+12	2.000000000000000000e+01	8.000666688355196222e-04
1.000000000000000000e+13	2.000000000000000000e+01	1.013489124659097945e-03
1.260000000000000000e+13	2.000000000000000000e+01	1.282478167247078906e-03
1.580000000000000000e+13	2.000000000000000000e+01	1.612607848576194615e-03
2.000000000000000000e+13	2.000000000000000000e+01	2.047093058098959067e-03
2.510000000000000000e+13	2.000000000000000000e+01	2.573888638639391241e-03
3.160000000000000000e+13	2.000000000000000000e+01	3.215321836374655882e-03
3.980000000000000000e+13	2.000000000000000000e+01	3.933430824331327069e-03
5.010000000000000000e+13	2.000000000000000000e+01	4.761604573545381337e-03
6.310000000000000000e+13	2.000000000000000000e+01	5.782859823343092925e-03
7.940000000000000000e+13	2.000000000000000000e+01	6.957601727737940112e-03
1.000000000000000000e+14	2.000000000000000000e+01	8.496424224442359480e-03
1.260000000000000000e+14	2.000000000000000000e+01	1.077993993833555042e-02
1.580000000000000000e+14	2.000000000000000000e+01	1.398402510756917815e-02
2.000000000000000000e+14	2.000000000000000000e+01	1.825910999040193661e-02
2.510000000000000000e+14	2.000000000000000000e+01	2.346398550460717866e-02
3.160000000000000000e+14	2.000000000000000000e+01	2.931934647229925833e-02
3.980000000000000000e+14	2.000000000000000000e+01	3.429010754588487225e-02
5.010000000000000000e+14	2.000000000000000000e+01	3.787056849486476057e-02
6.310000000000000000e+14	2.000000000000000000e+01	3.993440180652078897e-02
7.940000000000000000e+14	2.000000000000000000e+01	3.841940164722342649e-02
1.000000000000000000e+15	2.000000000000000000e+01	3.267230700150813155e-02
1.260000000000000000e+15	2.000000000000000000e+01	2.441194758749034785e-02
1.580000000000000000e+15	2.000000000000000000e+01	1.621447009919621193e-02
2.000000000000000000e+15	2.000000000000000000e+01	8.637318868914981365e-03
2.510000000000000000e+15	2.000000000000000000e+01	6.612776139396191319e-04
3.160000000000000000e+15	2.000000000000000000e+01	-6.505645280561912248e-03
3.980000000000000000e+15	2.000000000000000000e+01	-1.251791581010980141e-02
5.010000000000000000e+15	2.000000000000000000e+01	-1.721386177198340126e-02
6.310000000000000000e+15	2.000000000000000000e+01	-2.062132943300537535e-02
7.940000000000000000e+15	2.000000000000000000e+01	-2.282743815497563500e-02
1.000000000000000000e+16	2.000000000000000000e+01	-2.400200825307304692e-02
1.260000000000000000e+16	2.000000000000000000e+01	-2.431207795899914190e-02
1.580000000000000000e+16	2.000000000000000000e+01	-2.396876323582724719e-02
2.000000000000000000e+16	2.000000000000000000e+01	-2.306344756549156064e-02
2.510000000000000000e+16	2.000000000000000000e+01	-2.185376177305340881e-02
3.160000000000000000e+16	2.000000000000000000e+01	-2.038634721181103657e-02
3.980000000000000000e+16	2.000000000000000000e+01	-1.878023633940734821e-02
5.010000000000000000e+16	2.000000000000000000e+01	-1.712304551208355952e-02
6.310000000000000000e+16	2.000000000000000000e+01	-1.546649731018549107e-02
7.940000000000000000e+16	2.000000000000000000e+01	-1.386793579442263148e-02
1.000000000000000000e+17	2.000000000000000000e+01	-1.234142553316158047e-02
1.000000000000000000e+11	2.200000000000000000e+01	1.086292148036724277e-05
1.258925411794166107e+11	2.200000000000000000e+01	1.368734352221069047e-05
1.584893192461110840e+11	2.200000000000000000e+01	1.725661055298670384e-05
1.995262314968882751e+11	2.200000000000000000e+01	2.177732394867822087e-05
2.511886431509582214e+11	2.200000000000000000e+01	2.752662846923870728e-05
3.162277660168379517e+11	2.200000000000000000e+01	3.488358421092809246e-05
3.981071705534969482e+11	2.200000000000000000e+01	4.437442329868359318e-05
5.011872336272714844e+11	2.200000000000000000e+01	5.668368797963163716e-05
6.309573444801943359e+11	2.200000000000000000e+01	7.224195523407494688e-05
7.943282347242821045e+11	2.200000000000000000e+01	8.332921727930257003e-05
1.000000000000000000e+12	2.200000000000000000e+01	9.699385042330383757e-05
1.260000000000000000e+12	2.200000000000000000e+01	1.250416382735286731e-04
1.580000000000000000e+12	2.200000000000000000e+01	1.572391739642467793e-04
2.000000000000000000e+12	2.200000000000000000e+01	1.988497891760218064e-04
2.510000000000000000e+12	2.200000000000000000e+01	2.502962431626999944e-04
3.160000000000000000e+12	2.200000000000000000e+01	3.139080361343590721e-04
3.980000000000000000e+12	2.200000000000000000e+01	3.957769542792662575e-04
5.010000000000000000e+12	2.200000000000000000e+01	4.979793476399260255e-04
6.310000000000000000e+12	2.200000000000000000e+01	6.270961046457880755e-04
7.940000000000000000e+12	2.200000000000000000e+01	7.912117186626406798e-04
1.000000000000000000e+13	2.200000000000000000e+01	9.997981362620685618e-04
1.260000000000000000e+13	2.200000000000000000e+01	1.265893562094934756e-03
1.580000000000000000e+13	2.200000000000000000e+01	1.595992570626793066e-03
2.000000000000000000e+13	2.200000000000000000e+01	2.022824393586974100e-03
2.510000000000000000e+13	2.200000000000000000e+01	2.527895009919768187e-03
3.160000000000000000e+13	2.200000000000000000e+01	3.139852473064135441e-03
3.980000000000000000e+13	2.200000000000000000e+01	3.874161543562477245e-03
5.010000000000000000e+13	2.200000000000000000e+01	4.723498551200124192e-03
6.310000000000000000e+13	2.200000000000000000e+01	5.724821873507075429e-03
7.940000000000000000e+13	2.200000000000000000e+01	6.969763938321841580e-03
1.000000000000000000e+14	2.200000000000000000e+01	8.689351543893787319e-03
1.260000000000000000e+14	2.200000000000000000e+01	1.100541528250288323e-02
1.580000000000000000e+14	2.200000000000000000e+01	1.401509919369740842e-02
2.000000000000000000e+14	2.200000000000000000e+01	1.848908309419695917e-02
2.510000000000000000e+14	2.200000000000000000e+01	2.386683060894512556e-02
3.160000000000000000e+14	2.200000000000000000e+01	2.987668556156627270e-02
3.980000000000000000e+14	2.200000000000000000e+01	3.526040028142349986e-02
5.010000000000000000e+14	2.200000000000000000e+01	3.940624066226780520e-02
6.310000000000000000e+14	2.200000000000000000e+01	4.053877437522974969e-02
7.940000000000000000e+14	2.200000000000000000e+01	3.785003575244705321e-02
1.000000000000000000e+15	2.200000000000000000e+01	3.251998186845221628e-02
1.260000000000000000e+15	2.200000000000000000e+01	2.641226464562718146e-02
1.580000000000000000e+15	2.200000000000000000e+01	1.953088760125054266e-02
2.000000000000000000e+15	2.200000000000000000e+01	1.003193061372757537e-02
2.510000000000000000e+15	2.200000000000000000e+01	1.409969524977654730e-03
3.160000000000000000e+15	2.200000000000000000e+01	-6.215541741585080444e-03
3.980000000000000000e+15	2.200000000000000000e+01	-1.257255530097339292e-02
5.010000000000000000e+15	2.200000000000000000e+01	-1.752702058960013340e-02
6.310000000000000000e+15	2.200000000000000000e+01	-2.112307340420724322e-02
7.940000000000000000e+15	2.200000000000000000e+01	-2.345809147603351852e-02
1.000000000000000000e+16	2.200000000000000000e+01	-2.471404672150495987e-02
1.260000000000000000e+16	2.200000000000000000e+01	-2.506557598405252316e-02
1.580000000000000000e+16	2.200000000000000000e+01	-2.473362660300057816e-02
2.000000000000000000e+16	2.200000000000000000e+01	-2.381526237777149141e-02
2.510000000000000000e+16	2.200000000000000000e+01	-2.257705657366656377e-02
3.160000000000000000e+16	2.200000000000000000e+01	-2.106902964978558251e-02
3.980000000000000000e+16	2.200000000000000000e+01	-1.941494565496940106e-02
5.010000000000000000e+16	2.200000000000000000e+01	-1.770593949836841985e-02
6.310000000000000000e+16	2.200000000000000000e+01	-1.599620262931870582e-02
7.940000000000000000e+16	2.200000000000000000e+01	-1.434512276717733563e-02
1.000000000000000000e+17	2.200000000000000000e+01	-1.276784552103073754e-02
1.000000000000000000e+11	2.400000000000000000e+01	1.033933482482954803e-05
1.258925411794166107e+11	2.400000000000000000e+01	1.302746746069431154e-05
1.584893192461110840e+11	2.400000000000000000e+01	1.642456386620900141e-05
1.995262314968882751e+11	2.400000000000000000e+01	2.072706876666400747e-05
2.511886431509582214e+11	2.400000000000000000e+01	2.619866765672628414e-05
3.162277660168379517e+11	2.400000000000000000e+01	3.319980937973939666e-05
3.981071705534969482e+11	2.400000000000000000e+01	4.222776657272774725e-05
5.011872336272714844e+11	2.400000000000000000e+01	5.393604474449012931e-05
6.309573444801943359e+11	2.400000000000000000e+01	6.857213617635961062e-05
7.943282347242821045e+11	2.400000000000000000e+01	7.751792955009748174e-05
1.000000000000000000e+12	2.400000000000000000e+01	9.211267534828836200e-05
1.260000000000000000e+12	2.400000000000000000e+01	1.207986124295372230e-04
1.580000000000000000e+12	2.400000000000000000e+01	1.509858028301326604e-04
2.000000000000000000e+12	2.400000000000000000e+01	1.911253227264175000e-04
2.510000000000000000e+12	2.400000000000000000e+01	2.404737792421688921e-04
3.160000000000000000e+12	2.400000000000000000e+01	3.022461168806645361e-04
3.980000000000000000e+12	2.400000000000000000e+01	3.791621357557948971e-04
5.010000000000000000e+12	2.400000000000000000e+01	4.775803487311525348e-04
6.310000000000000000e+12	2.400000000000000000e+01	6.014443025213554294e-04
7.940000000000000000e+12	2.400000000000000000e+01	7.577919322576178460e-04
1.000000000000000000e+13	2.400000000000000000e+01	9.574918800457075160e-04
1.260000000000000000e+13	2.400000000000000000e+01	1.211098662370194146e-03
1.580000000000000000e+13	2.400000000000000000e+01	1.523029729401236205e-03
2.000000000000000000e+13	2.400000000000000000e+01	1.928009550414505700e-03
2.510000000000000000e+13	2.400000000000000000e+01	2.419632598723527473e-03
3.160000000000000000e+13	2.400000000000000000e+01	3.029717370581431340e-03
3.980000000000000000e+13	2.400000000000000000e+01	3.748554652865961675e-03
5.010000000000000000e+13	2.400000000000000000e+01	4.580488765092821310e-03
6.310000000000000000e+13	2.400000000000000000e+01	5.570730151934147854e-03
7.940000000000000000e+13	2.400000000000000000e+01	6.841709731981695380e-03
1.000000000000000000e+14	2.400000000000000000e+01	8.629877639253356186e-03
1.260000000000000000e+14	2.400000000000000000e+01	1.099271455470998519e-02
1.580000000000000000e+14	2.400000000000000000e+01	1.409707246033304294e-02
2.000000000000000000e+14	2.400000000000000000e+01	1.852515743692301209e-02
2.510000000000000000e+14	2.400000000000000000e+01	2.394293471884119395e-02
3.160000000000000000e+14	2.400000000000000000e+01	2.992595213476660979e-02
3.980000000000000000e+14	2.400000000000000000e+01	3.570263090796928218e-02
5.010000000000000000e+14	2.400000000000000000e+01	3.878311255269879104e-02
6.310000000000000000e+14	2.400000000000000000e+01	3.776668493430708484e-02
7.940000000000000000e+14	2.400000000000000000e+01	3.608893619296395239e-02
1.000000000000000000e+15	2.400000000000000000e+01	3.353730877712057801e-02
1.260000000000000000e+15	2.400000000000000000e+01	2.665862929854633662e-02
1.580000000000000000e+15	2.400000000000000000e+01	1.674695128537320027e-02
2.000000000000000000e+15	2.400000000000000000e+01	7.753404761835492459e-03
2.510000000000000000e+15	2.400000000000000000e+01	4.150411362031203961e-04
3.160000000000000000e+15	2.400000000000000000e+01	-6.640671174054098291e-03
3.980000000000000000e+15	2.400000000000000000e+01	-1.260600542661338350e-02
5.010000000000000000e+15	2.400000000000000000e+01	-1.727643469643126359e-02
6.310000000000000000e+15	2.400000000000000000e+01	-2.066775411704839874e-02
7.940000000000000000e+15	2.400000000000000000e+01	-2.286249904072057762e-02
1.000000000000000000e+16	2.400000000000000000e+01	-2.402942686481970153e-02
1.260000000000000000e+16	2.400000000000000000e+01	-2.433349450116208124e-02
1.580000000000000000e+16	2.400000000000000000e+01	-2.398564451015944635e-02
2.000000000000000000e+16	2.400000000000000000e+01	-2.307671895087484021e-02
2.510000000000000000e+16	2.400000000000000000e+01	-2.186428191893264802e-02
3.160000000000000000e+16	2.400000000000000000e+01	-2.039468114573731589e-02
3.980000000000000000e+16	2.400000000000000000e+01	-1.878687917158237963e-02
5.010000000000000000e+16	2.400000000000000000e+01	-1.712828083945275998e-02
6.310000000000000000e+16	2.400000000000000000e+01	-1.547066263054586860e-02
7.940000000000000000e+16	2.400000000000000000e+01	-1.387120941134833280e-02
1.000000000000000000e+17	2.400000000000000000e+01	-1.234403523031630569e-02
1.000000000000000000e+11	2.600000000000000000e+01	1.005661205706439186e-05
1.258925411794166107e+11	2.600000000000000000e+01	1.267131763354125578e-05
1.584893192461110840e+11	2.600000000000000000e+01	1.597568444891056180e-05
1.995262314968882751e+11	2.600000000000000000e+01	2.016094170512470733e-05
2.511886431509582214e+11	2.600000000000000000e+01	2.548382601864437354e-05
3.162277660168379517e+11	2.600000000000000000e+01	3.229542314664467836e-05
3.981071705534969482e+11	2.600000000000000000e+01	4.108031737879294448e-05
5.011872336272714844e+11	2.600000000000000000e+01	5.245175895685838871e-05
6.309573444801943359e+11	2.600000000000000000e+01	6.668180716959061407e-05
7.943282347242821045e+11	2.600000000000000000e+01	7.501178437096908582e-05
1.000000000000000000e+12	2.600000000000000000e+01	8.830185680239070799e-05
1.260000000000000000e+12	2.600000000000000000e+01	1.166051851048945190e-04
1.580000000000000000e+12	2.600000000000000000e+01	1.480131480871788659e-04
2.000000000000000000e+12	2.600000000000000000e+01	1.868134090365263043e-04
2.510000000000000000e+12	2.600000000000000000e+01	2.337957540942044187e-04
3.160000000000000000e+12	2.600000000000000000e+01	2.965027987495866832e-04
3.980000000000000000e+12	2.600000000000000000e+01	3.737044614224432080e-04
5.010000000000000000e+12	2.600000000000000000e+01	4.701242364095925184e-04
6.310000000000000000e+12	2.600000000000000000e+01	5.925672739567480274e-04
7.940000000000000000e+12	2.600000000000000000e+01	7.453080814516997417e-04
1.000000000000000000e+13	2.600000000000000000e+01	9.406244271953101985e-04
1.260000000000000000e+13	2.600000000000000000e+01	1.187828844823496247e-03
1.580000000000000000e+13	2.600000000000000000e+01	1.489949551534371086e-03
2.000000000000000000e+13	2.600000000000000000e+01	1.901024735642849444e-03
2.510000000000000000e+13	2.600000000000000000e+01	2.392345452994723912e-03
3.160000000000000000e+13	2.600000000000000000e+01	2.974529345512909144e-03
3.980000000000000000e+13	2.600000000000000000e+01	3.667397690391633377e-03
5.010000000000000000e+13	2.600000000000000000e+01	4.498727708729365234e-03
6.310000000000000000e+13	2.600000000000000000e+01	5.559773243971247343e-03
7.940000000000000000e+13	2.600000000000000000e+01	6.898290218937917773e-03
1.000000000000000000e+14	2.600000000000000000e+01	8.446339943034066391e-03
1.260000000000000000e+14	2.600000000000000000e+01	1.067366179034684621e-02
1.580000000000000000e+14	2.600000000000000000e+01	1.396782584579066636e-02
2.000000000000000000e+14	2.600000000000000000e+01	1.850100546403007570e-02
2.510000000000000000e+14	2.600000000000000000e+01	2.382461478518855050e-02
3.160000000000000000e+14	2.600000000000000000e+01	2.960794497635121231e-02
3.980000000000000000e+14	2.600000000000000000e+01	3.489555297866610284e-02
5.010000000000000000e+14	2.600000000000000000e+01	3.854881304157654898e-02
6.310000000000000000e+14	2.600000000000000000e+01	4.043250198162905845e-02
7.940000000000000000e+14	2.600000000000000000e+01	3.884441981549125594e-02
1.000000000000000000e+15	2.600000000000000000e+01	3.260917765093070131e-02
1.260000000000000000e+15	2.600000000000000000e+01	2.565739248756909036e-02
1.580000000000000000e+15	2.600000000000000000e+01	1.963279900590064395e-02
2.000000000000000000e+15	2.600000000000000000e+01	1.132330644259028560e-02
2.510000000000000000e+15	2.600000000000000000e+01	1.949776906383030983e-03
3.160000000000000000e+15	2.600000000000000000e+01	-5.860657876800780437e-03
3.980000000000000000e+15	2.600000000000000000e+01	-1.231586673589312592e-02
5.010000000000000000e+15	2.600000000000000000e+01	-1.733324940175108575e-02
6.310000000000000000e+15	2.600000000000000000e+01	-2.097390379223480067e-02
7.940000000000000000e+15	2.600000000000000000e+01	-2.334205645948751739e-02
1.000000000000000000e+16	2.600000000000000000e+01	-2.462264301999930738e-02
1.260000000000000000e+16	2.600000000000000000e+01	-2.499368690239346311e-02
1.580000000000000000e+16	2.600000000000000000e+01	-2.467643941699484283e-02
2.000000000000000000e+16	2.600000000000000000e+01	-2.377019621033239077e-02
2.510000000000000000e+16	2.600000000000000000e+01	-2.254120499399426755e-02
3.160000000000000000e+16	2.600000000000000000e+01	-2.104059120621576059e-02
3.980000000000000000e+16	2.600000000000000000e+01	-1.939234992088599563e-02
5.010000000000000000e+16	2.600000000000000000e+01	-1.768803430337903895e-02
6.310000000000000000e+16	2.600000000000000000e+01	-1.598195738045430497e-02
7.940000000000000000e+16	2.600000000000000000e+01	-1.433382013427590002e-02
1.000000000000000000e+17	2.600000000000000000e+01	-1.275886684390224388e-02
1.000000000000000000e+11	2.800000000000000000e+01	9.860732873893213621e-06
1.258925411794166107e+11	2.800000000000000000e+01	1.242474784840593011e-05
1.584893192461110840e+11	2.800000000000000000e+01	1.566505896956207908e-05
1.995262314968882751e+11	2.800000000000000000e+01	1.976984490776801024e-05
2.511886431509582214e+11	2.800000000000000000e+01	2.499126884051912316e-05
3.162277660168379517e+11	2.800000000000000000e+01	3.167534776731995732e-05
3.981071705534969482e+11	2.800000000000000000e+01	4.029912151862785770e-05
5.011872336272714844e+11	2.800000000000000000e+01	5.148708865272284808e-05
6.309573444801943359e+11	2.800000000000000000e+01	6.543972403478924430e-05
7.943282347242821045e+11	2.800000000000000000e+01	7.344138214033755238e-05
1.000000000000000000e+12	2.800000000000000000e+01	8.629796712527181154e-05
1.260000000000000000e+12	2.800000000000000000e+01	1.140536163942707356e-04
1.580000000000000000e+12	2.800000000000000000e+01	1.443706928889853115e-04
2.000000000000000000e+12	2.800000000000000000e+01	1.841331878604490194e-04
2.510000000000000000e+12	2.800000000000000000e+01	2.309511650329594036e-04
3.160000000000000000e+12	2.800000000000000000e+01	2.893021427668881172e-04
3.980000000000000000e+12	2.800000000000000000e+01	3.639947481433072050e-04
5.010000000000000000e+12	2.800000000000000000e+01	4.590611967141859304e-04
6.310000000000000000e+12	2.800000000000000000e+01	5.785257245028582957e-04
7.940000000000000000e+12	2.800000000000000000e+01	7.294371726888831476e-04
1.000000000000000000e+13	2.800000000000000000e+01	9.209423413899869241e-04
1.260000000000000000e+13	2.800000000000000000e+01	1.164781365627570470e-03
1.580000000000000000e+13	2.800000000000000000e+01	1.466982665491823462e-03
2.000000000000000000e+13	2.800000000000000000e+01	1.848912758060337024e-03
2.510000000000000000e+13	2.800000000000000000e+01	2.309685111995911800e-03
3.160000000000000000e+13	2.800000000000000000e+01	2.895729910980587938e-03
3.980000000000000000e+13	2.800000000000000000e+01	3.603588341182278627e-03
5.010000000000000000e+13	2.800000000000000000e+01	4.428604179515091208e-03
6.310000000000000000e+13	2.800000000000000000e+01	5.424783252374706065e-03
7.940000000000000000e+13	2.800000000000000000e+01	6.748967042995421273e-03
1.000000000000000000e+14	2.800000000000000000e+01	8.599661183775902246e-03
1.260000000000000000e+14	2.800000000000000000e+01	1.105046510969753815e-02
1.580000000000000000e+14	2.800000000000000000e+01	1.407389184210426636e-02
2.000000000000000000e+14	2.800000000000000000e+01	1.837192915158082293e-02
2.510000000000000000e+14	2.800000000000000000e+01	2.383210141602898346e-02
3.160000000000000000e+14	2.800000000000000000e+01	2.960573003985959503e-02
3.980000000000000000e+14	2.800000000000000000e+01	3.524771129729494662e-02
5.010000000000000000e+14	2.800000000000000000e+01	3.990318344396724670e-02
6.310000000000000000e+14	2.800000000000000000e+01	4.060229048137348890e-02
7.940000000000000000e+14	2.800000000000000000e+01	3.781118861375702689e-02
1.000000000000000000e+15	2.800000000000000000e+01	3.286829029010766845e-02
1.260000000000000000e+15	2.800000000000000000e+01	2.538576460387749478e-02
1.580000000000000000e+15	2.800000000000000000e+01	1.628118675659459558e-02
2.000000000000000000e+15	2.800000000000000000e+01	7.477926427550071059e-03
2.510000000000000000e+15	2.800000000000000000e+01	2.258402030310787583e-04
3.160000000000000000e+15	2.800000000000000000e+01	-6.778248299807080809e-03
3.980000000000000000e+15	2.800000000000000000e+01	-1.270946698334796468e-02
5.010000000000000000e+15	2.800000000000000000e+01	-1.735592058246947580e-02
6.310000000000000000e+15	2.800000000000000000e+01	-2.072957147124710950e-02
7.940000000000000000e+15	2.800000000000000000e+01	-2.291099309178823082e-02
1.000000000000000000e+16	2.800000000000000000e+01	-2.406761041162949408e-02
1.260000000000000000e+16	2.800000000000000000e+01	-2.436365034580832353e-02
1.580000000000000000e+16	2.800000000000000000e+01	-2.400963952143368024e-02
2.000000000000000000e+16	2.800000000000000000e+01	-2.309561917192361896e-02
2.510000000000000000e+16	2.800000000000000000e+01	-2.187933766778317815e-02
3.160000000000000000e+16	2.800000000000000000e+01	-2.040660970603115631e-02
3.980000000000000000e+16	2.800000000000000000e+01	-1.879635032564863639e-02
5.010000000000000000e+16	2.800000000000000000e+01	-1.713579622094792143e-02
6.310000000000000000e+16	2.800000000000000000e+01	-1.547668083875503552e-02
7.940000000000000000e+16	2.800000000000000000e+01	-1.387594128860394557e-02
1.000000000000000000e+17	2.800000000000000000e+01	-1.234780173504311865e-02
