1.000000000000000000e+11	5.000000000000000000e-01	1.634832184972641523e-05
1.258925411794166107e+11	5.000000000000000000e-01	2.060643342181286340e-05
1.584893192461110840e+11	5.000000000000000000e-01	2.599412285363768247e-05
1.995262314968882751e+11	5.000000000000000000e-01	3.283249894286594558e-05
2.511886431509582214e+11	5.000000000000000000e-01	4.155692797007387715e-05
3.162277660168379517e+11	5.000000000000000000e-01	5.278433252066623614e-05
3.981071705534969482e+11	5.000000000000000000e-01	6.742509161856878261e-05
5.011872336272714844e+11	5.000000000000000000e-01	8.691221402831584663e-05
6.309573444801943359e+11	5.000000000000000000e-01	1.134392464486030846e-04
7.943282347242821045e+11	5.000000000000000000e-01	1.509584920830406838e-04
1.000000000000000000e+12	5.000000000000000000e-01	1.717655578422965185e-04
1.260000000000000000e+12	5.000000000000000000e-01	1.783130774093785883e-04
1.580000000000000000e+12	5.000000000000000000e-01	2.040799813373487528e-04
2.000000000000000000e+12	5.000000000000000000e-01	2.435526014352489498e-04
2.510000000000000000e+12	5.000000000000000000e-01	2.948145446178472530e-04
3.160000000000000000e+12	5.000000000000000000e-01	3.621829091012830864e-04
3.980000000000000000e+12	5.000000000000000000e-01	4.484216238810251917e-04
5.010000000000000000e+12	5.000000000000000000e-01	5.578350122294313497e-04
6.310000000000000000e+12	5.000000000000000000e-01	6.966857636892047042e-04
7.940000000000000000e+12	5.000000000000000000e-01	8.715416796438777260e-04
1.000000000000000000e+13	5.000000000000000000e-01	1.092105680284703251e-03
1.260000000000000000e+13	5.000000000000000000e-01	1.365859620107519453e-03
1.580000000000000000e+13	5.000000000000000000e-01	1.700208571007412938e-03
2.000000000000000000e+13	5.000000000000000000e-01	2.146167376176939898e-03
2.510000000000000000e+13	5.000000000000000000e-01	2.699436370771464682e-03
3.160000000000000000e+13	5.000000000000000000e-01	3.414895088246074767e-03
3.980000000000000000e+13	5.000000000000000000e-01	4.318976291863338597e-03
5.010000000000000000e+13	5.000000000000000000e-01	5.426128595303970729e-03
6.310000000000000000e+13	5.000000000000000000e-01	6.736302970223984922e-03
7.940000000000000000e+13	5.000000000000000000e-01	8.235038574007910728e-03
1.000000000000000000e+14	5.000000000000000000e-01	9.985541736443965394e-03
1.260000000000000000e+14	5.000000000000000000e-01	1.217562617231256368e-02
1.580000000000000000e+14	5.000000000000000000e-01	1.503742049841264201e-02
2.000000000000000000e+14	5.000000000000000000e-01	1.911023922540937975e-02
2.510000000000000000e+14	5.000000000000000000e-01	2.414432738841133796e-02
3.160000000000000000e+14	5.000000000000000000e-01	2.976072053532111475e-02
3.980000000000000000e+14	5.000000000000000000e-01	3.490411927317502855e-02
5.010000000000000000e+14	5.000000000000000000e-01	3.837247575456842474e-02
6.310000000000000000e+14	5.000000000000000000e-01	3.922670701350430139e-02
7.940000000000000000e+14	5.000000000000000000e-01	3.708659026330385355e-02
1.000000000000000000e+15	5.000000000000000000e-01	3.211595249104427091e-02
1.260000000000000000e+15	5.000000000000000000e-01	2.525113027929601003e-02
1.580000000000000000e+15	5.000000000000000000e-01	1.731126698681318202e-02
2.000000000000000000e+15	5.000000000000000000e-01	8.713734577059451328e-03
2.510000000000000000e+15	5.000000000000000000e-01	5.985687601746509344e-04
3.160000000000000000e+15	5.000000000000000000e-01	-6.759518747220466875e-03
3.980000000000000000e+15	5.000000000000000000e-01	-1.293197911120339862e-02
5.010000000000000000e+15	5.000000000000000000e-01	-1.775111960360343383e-02
6.310000000000000000e+15	5.000000000000000000e-01	-2.124776135309557057e-02
7.940000000000000000e+15	5.000000000000000000e-01	-2.350908276596902144e-02
1.000000000000000000e+16	5.000000000000000000e-01	-2.471170858910423651e-02
1.260000000000000000e+16	5.000000000000000000e-01	-2.502577156023833710e-02
1.580000000000000000e+16	5.000000000000000000e-01	-2.451744421711244890e-02
2.000000000000000000e+16	5.000000000000000000e-01	-2.373446158198411551e-02
2.510000000000000000e+16	5.000000000000000000e-01	-2.248777612312344992e-02
3.160000000000000000e+16	5.000000000000000000e-01	-2.097695758594248991e-02
3.980000000000000000e+16	5.000000000000000000e-01	-1.932289556188709553e-02
5.010000000000000000e+16	5.000000000000000000e-01	-1.761708037216445227e-02
6.310000000000000000e+16	5.000000000000000000e-01	-1.591224531994425012e-02
7.940000000000000000e+16	5.000000000000000000e-01	-1.426716578322936683e-02
1.000000000000000000e+17	5.000000000000000000e-01	-1.269643366043471389e-02
1.000000000000000000e+11	1.500000000000000000e+00	1.441631533180544381e-05
1.258925411794166107e+11	1.500000000000000000e+00	1.817217407090052097e-05
1.584893192461110840e+11	1.500000000000000000e+00	2.292458490009940920e-05
1.995262314968882751e+11	1.500000000000000000e+00	2.896079356248242669e-05
2.511886431509582214e+11	1.500000000000000000e+00	3.666600366064428826e-05
3.162277660168379517e+11	1.500000000000000000e+00	4.659116242539031866e-05
3.981071705534969482e+11	1.500000000000000000e+00	5.955078518127614830e-05
5.011872336272714844e+11	1.500000000000000000e+00	7.681828725087856918e-05
6.309573444801943359e+11	1.500000000000000000e+00	1.002565265306461608e-04
7.943282347242821045e+11	1.500000000000000000e+00	1.319715817600130615e-04
1.000000000000000000e+12	1.500000000000000000e+00	1.496465287029601521e-04
1.260000000000000000e+12	1.500000000000000000e+00	1.562334582554505470e-04
1.580000000000000000e+12	1.500000000000000000e+00	1.790812524941712302e-04
2.000000000000000000e+12	1.500000000000000000e+00	2.140121345994949850e-04
2.510000000000000000e+12	1.500000000000000000e+00	2.589330050884323161e-04
3.160000000000000000e+12	1.500000000000000000e+00	3.186059888617422359e-04
3.980000000000000000e+12	1.500000000000000000e+00	3.954207314424318018e-04
5.010000000000000000e+12	1.500000000000000000e+00	4.927097367537739032e-04
6.310000000000000000e+12	1.500000000000000000e+00	6.167414905741044201e-04
7.940000000000000000e+12	1.500000000000000000e+00	7.730734398317601948e-04
1.000000000000000000e+13	1.500000000000000000e+00	9.701504365823736872e-04
1.260000000000000000e+13	1.500000000000000000e+00	1.215522984191450689e-03
1.580000000000000000e+13	1.500000000000000000e+00	1.514314631963569694e-03
2.000000000000000000e+13	1.500000000000000000e+00	1.909976873632438822e-03
2.510000000000000000e+13	1.500000000000000000e+00	2.397764648588972172e-03
3.160000000000000000e+13	1.500000000000000000e+00	3.027817083407635321e-03
3.980000000000000000e+13	1.500000000000000000e+00	3.825251948647811345e-03
5.010000000000000000e+13	1.500000000000000000e+00	4.816516461261269484e-03
6.310000000000000000e+13	1.500000000000000000e+00	6.037711968492577227e-03
7.940000000000000000e+13	1.500000000000000000e+00	7.517647947189673614e-03
1.000000000000000000e+14	1.500000000000000000e+00	9.346800588551286426e-03
1.260000000000000000e+14	1.500000000000000000e+00	1.169919643594581962e-02
1.580000000000000000e+14	1.500000000000000000e+00	1.475710742970634190e-02
2.000000000000000000e+14	1.500000000000000000e+00	1.905002935104865500e-02
2.510000000000000000e+14	1.500000000000000000e+00	2.423024577022227233e-02
3.160000000000000000e+14	1.500000000000000000e+00	2.995588103478610473e-02
3.980000000000000000e+14	1.500000000000000000e+00	3.518382805756961607e-02
5.010000000000000000e+14	1.500000000000000000e+00	3.878982779940833708e-02
6.310000000000000000e+14	1.500000000000000000e+00	3.968142972111046024e-02
7.940000000000000000e+14	1.500000000000000000e+00	3.748469678591458826e-02
1.000000000000000000e+15	1.500000000000000000e+00	3.264555234912683290e-02
1.260000000000000000e+15	1.500000000000000000e+00	2.548316304778565355e-02
1.580000000000000000e+15	1.500000000000000000e+00	1.726546540696813695e-02
2.000000000000000000e+15	1.500000000000000000e+00	8.797913969838125695e-03
2.510000000000000000e+15	1.500000000000000000e+00	7.151739752468188943e-04
3.160000000000000000e+15	1.500000000000000000e+00	-6.614735763103309768e-03
3.980000000000000000e+15	1.500000000000000000e+00	-1.276380402406514410e-02
5.010000000000000000e+15	1.500000000000000000e+00	-1.756600236036542570e-02
6.310000000000000000e+15	1.500000000000000000e+00	-2.105044206072356414e-02
7.940000000000000000e+15	1.500000000000000000e+00	-2.330672815021860370e-02
1.000000000000000000e+16	1.500000000000000000e+00	-2.450862923908907545e-02
1.260000000000000000e+16	1.500000000000000000e+00	-2.482699420470758228e-02
1.580000000000000000e+16	1.500000000000000000e+00	-2.447756745537116307e-02
2.000000000000000000e+16	1.500000000000000000e+00	-2.355388934617838603e-02
2.510000000000000000e+16	1.500000000000000000e+00	-2.231904874046469756e-02
3.160000000000000000e+16	1.500000000000000000e+00	-2.082081225909084704e-02
3.980000000000000000e+16	1.500000000000000000e+00	-1.918079979852548370e-02
5.010000000000000000e+16	1.500000000000000000e+00	-1.748861091447174304e-02
6.310000000000000000e+16	1.500000000000000000e+00	-1.579674209872140855e-02
7.940000000000000000e+16	1.500000000000000000e+00	-1.416411960318722692e-02
1.000000000000000000e+17	1.500000000000000000e+00	-1.260511138897582421e-02
1.000000000000000000e+11	2.500000000000000000e+00	1.342145225231628567e-05
1.258925411794166107e+11	2.500000000000000000e+00	1.691813929509226199e-05
1.584893192461110840e+11	2.500000000000000000e+00	2.134356988326925928e-05
1.995262314968882751e+11	2.500000000000000000e+00	2.696272291910048778e-05
2.511886431509582214e+11	2.500000000000000000e+00	3.413727755789330371e-05
3.162277660168379517e+11	2.500000000000000000e+00	4.337978479239364756e-05
3.981071705534969482e+11	2.500000000000000000e+00	5.544734315760894972e-05
5.011872336272714844e+11	2.500000000000000000e+00	7.151468894540486895e-05
6.309573444801943359e+11	2.500000000000000000e+00	9.320545026767140058e-05
7.943282347242821045e+11	2.500000000000000000e+00	1.212433744793316360e-04
1.000000000000000000e+12	2.500000000000000000e+00	1.373872258374325131e-04
1.260000000000000000e+12	2.500000000000000000e+00	1.454955146131113358e-04
1.580000000000000000e+12	2.500000000000000000e+00	1.675319488663812252e-04
2.000000000000000000e+12	2.500000000000000000e+00	2.012347054937243444e-04
2.510000000000000000e+12	2.500000000000000000e+00	2.449275047153675168e-04
3.160000000000000000e+12	2.500000000000000000e+00	3.018869112898394497e-04
3.980000000000000000e+12	2.500000000000000000e+00	3.751756285768546818e-04
5.010000000000000000e+12	2.500000000000000000e+00	4.686919074952493867e-04
6.310000000000000000e+12	2.500000000000000000e+00	5.873627920417741994e-04
7.940000000000000000e+12	2.500000000000000000e+00	7.370668965160759832e-04
1.000000000000000000e+13	2.500000000000000000e+00	9.258937956372730862e-04
1.260000000000000000e+13	2.500000000000000000e+00	1.160973833112781926e-03
1.580000000000000000e+13	2.500000000000000000e+00	1.447872348360127208e-03
2.000000000000000000e+13	2.500000000000000000e+00	1.826377405688983614e-03
2.510000000000000000e+13	2.500000000000000000e+00	2.291558998883674956e-03
3.160000000000000000e+13	2.500000000000000000e+00	2.889176145442914467e-03
3.980000000000000000e+13	2.500000000000000000e+00	3.648898753762924718e-03
5.010000000000000000e+13	2.500000000000000000e+00	4.598188907291952954e-03
6.310000000000000000e+13	2.500000000000000000e+00	5.776323288195226238e-03
7.940000000000000000e+13	2.500000000000000000e+00	7.238536439658144368e-03
1.000000000000000000e+14	2.500000000000000000e+00	9.082273807917670347e-03
1.260000000000000000e+14	2.500000000000000000e+00	1.147569919673709603e-02
1.580000000000000000e+14	2.500000000000000000e+00	1.462280079435089759e-02
2.000000000000000000e+14	2.500000000000000000e+00	1.898710743261507877e-02
2.510000000000000000e+14	2.500000000000000000e+00	2.423063654093620539e-02
3.160000000000000000e+14	2.500000000000000000e+00	3.006727479538258418e-02
3.980000000000000000e+14	2.500000000000000000e+00	3.539112416529602290e-02
5.010000000000000000e+14	2.500000000000000000e+00	3.880045292717095029e-02
6.310000000000000000e+14	2.500000000000000000e+00	3.954111584393117662e-02
7.940000000000000000e+14	2.500000000000000000e+00	3.748002576397208713e-02
1.000000000000000000e+15	2.500000000000000000e+00	3.270106825560502306e-02
1.260000000000000000e+15	2.500000000000000000e+00	2.567573792519918865e-02
1.580000000000000000e+15	2.500000000000000000e+00	1.768990785611168626e-02
2.000000000000000000e+15	2.500000000000000000e+00	9.256672719915334455e-03
2.510000000000000000e+15	2.500000000000000000e+00	9.626721641397666942e-04
3.160000000000000000e+15	2.500000000000000000e+00	-6.440369022054658055e-03
3.980000000000000000e+15	2.500000000000000000e+00	-1.263353617529505875e-02
5.010000000000000000e+15	2.500000000000000000e+00	-1.746600538572948627e-02
6.310000000000000000e+15	2.500000000000000000e+00	-2.097264410481756297e-02
7.940000000000000000e+15	2.500000000000000000e+00	-2.324515036538947130e-02
1.000000000000000000e+16	2.500000000000000000e+00	-2.446050569489855234e-02
1.260000000000000000e+16	2.500000000000000000e+00	-2.478898475109462055e-02
1.580000000000000000e+16	2.500000000000000000e+00	-2.444757434865279383e-02
2.000000000000000000e+16	2.500000000000000000e+00	-2.353005707885796188e-02
2.510000000000000000e+16	2.500000000000000000e+00	-2.230007522691037844e-02
3.160000000000000000e+16	2.500000000000000000e+00	-2.080629383940052479e-02
3.980000000000000000e+16	2.500000000000000000e+00	-1.916884586132104260e-02
5.010000000000000000e+16	2.500000000000000000e+00	-1.747895676518222002e-02
6.310000000000000000e+16	2.500000000000000000e+00	-1.578920747236824129e-02
7.940000000000000000e+16	2.500000000000000000e+00	-1.415813406700343162e-02
1.000000000000000000e+17	2.500000000000000000e+00	-1.260036311429225085e-02
1.000000000000000000e+11	3.500000000000000000e+00	1.263808274793039661e-05
1.258925411794166107e+11	3.500000000000000000e+00	1.593041174183979262e-05
1.584893192461110840e+11	3.500000000000000000e+00	2.009701998667374473e-05
1.995262314968882751e+11	3.500000000000000000e+00	2.538719920734198022e-05
2.511886431509582214e+11	3.500000000000000000e+00	3.214084653078162404e-05
3.162277660168379517e+11	3.500000000000000000e+00	4.083805828421820864e-05
3.981071705534969482e+11	3.500000000000000000e+00	5.219036186562084226e-05
5.011872336272714844e+11	3.500000000000000000e+00	6.727154797921560639e-05
6.309573444801943359e+11	3.500000000000000000e+00	8.750915262491829711e-05
7.943282347242821045e+11	3.500000000000000000e+00	1.122376365398205985e-04
1.000000000000000000e+12	3.500000000000000000e+00	1.273417134562340053e-04
1.260000000000000000e+12	3.500000000000000000e+00	1.376282143780469620e-04
1.580000000000000000e+12	3.500000000000000000e+00	1.601090325032625814e-04
2.000000000000000000e+12	3.500000000000000000e+00	1.930875119372288450e-04
2.510000000000000000e+12	3.500000000000000000e+00	2.353678533851842939e-04
3.160000000000000000e+12	3.500000000000000000e+00	2.909502847963115315e-04
3.980000000000000000e+12	3.500000000000000000e+00	3.623411789751466256e-04
5.010000000000000000e+12	3.500000000000000000e+00	4.527627068430138072e-04
6.310000000000000000e+12	3.500000000000000000e+00	5.681313585784519100e-04
7.940000000000000000e+12	3.500000000000000000e+00	7.136382204377777864e-04
1.000000000000000000e+13	3.500000000000000000e+00	8.966366289068261651e-04
1.260000000000000000e+13	3.500000000000000000e+00	1.124995131947140658e-03
1.580000000000000000e+13	3.500000000000000000e+00	1.404054430262928433e-03
2.000000000000000000e+13	3.500000000000000000e+00	1.771978370642679967e-03
2.510000000000000000e+13	3.500000000000000000e+00	2.221824581289043223e-03
3.160000000000000000e+13	3.500000000000000000e+00	2.802014321688967372e-03
3.980000000000000000e+13	3.500000000000000000e+00	3.537153023087422511e-03
5.010000000000000000e+13	3.500000000000000000e+00	4.452902635120025050e-03
6.310000000000000000e+13	3.500000000000000000e+00	5.602128795854486101e-03
7.940000000000000000e+13	3.500000000000000000e+00	7.038694538138746092e-03
1.000000000000000000e+14	3.500000000000000000e+00	8.877442897046065179e-03
1.260000000000000000e+14	3.500000000000000000e+00	1.128957591052851504e-02
1.580000000000000000e+14	3.500000000000000000e+00	1.443333023820097052e-02
2.000000000000000000e+14	3.500000000000000000e+00	1.882658271976808684e-02
2.510000000000000000e+14	3.500000000000000000e+00	2.415111801691659926e-02
3.160000000000000000e+14	3.500000000000000000e+00	2.994779682589610720e-02
3.980000000000000000e+14	3.500000000000000000e+00	3.524712188137828217e-02
5.010000000000000000e+14	3.500000000000000000e+00	3.879700403001337672e-02
6.310000000000000000e+14	3.500000000000000000e+00	3.976876212738864047e-02
7.940000000000000000e+14	3.500000000000000000e+00	3.768010186217548435e-02
1.000000000000000000e+15	3.500000000000000000e+00	3.253572017758018381e-02
1.260000000000000000e+15	3.500000000000000000e+00	2.556794804091173934e-02
1.580000000000000000e+15	3.500000000000000000e+00	1.758854922197983575e-02
2.000000000000000000e+15	3.500000000000000000e+00	8.977587691599293873e-03
2.510000000000000000e+15	3.500000000000000000e+00	8.815440767214771005e-04
3.160000000000000000e+15	3.500000000000000000e+00	-6.439334292339911510e-03
3.980000000000000000e+15	3.500000000000000000e+00	-1.257491777947256431e-02
5.010000000000000000e+15	3.500000000000000000e+00	-1.736533022749760929e-02
6.310000000000000000e+15	3.500000000000000000e+00	-2.084206618217492035e-02
7.940000000000000000e+15	3.500000000000000000e+00	-2.309492233504797237e-02
1.000000000000000000e+16	3.500000000000000000e+00	-2.429902132126511224e-02
1.260000000000000000e+16	3.500000000000000000e+00	-2.462310618268865464e-02
1.580000000000000000e+16	3.500000000000000000e+00	-2.428230636853138946e-02
2.000000000000000000e+16	3.500000000000000000e+00	-2.337016164967334678e-02
2.510000000000000000e+16	3.500000000000000000e+00	-2.214783630342023746e-02
3.160000000000000000e+16	3.500000000000000000e+00	-2.066318990382766743e-02
3.980000000000000000e+16	3.500000000000000000e+00	-1.903711353170383508e-02
5.010000000000000000e+16	3.500000000000000000e+00	-1.735857111346760309e-02
6.310000000000000000e+16	3.500000000000000000e+00	-1.568022517786718181e-02
7.940000000000000000e+16	3.500000000000000000e+00	-1.406028436237871139e-02
1.000000000000000000e+17	3.500000000000000000e+00	-1.251316739012781759e-02
1.000000000000000000e+11	4.500000000000000000e+00	1.210822446842912107e-05
1.258925411794166107e+11	4.500000000000000000e+00	1.526216430800820254e-05
1.584893192461110840e+11	4.500000000000000000e+00	1.925335346866054715e-05
1.995262314968882751e+11	4.500000000000000000e+00	2.432020586927751817e-05
2.511886431509582214e+11	4.500000000000000000e+00	3.078747851842724998e-05
3.162277660168379517e+11	4.500000000000000000e+00	3.911438280723939718e-05
3.981071705534969482e+11	4.500000000000000000e+00	4.997295585171216835e-05
5.011872336272714844e+11	4.500000000000000000e+00	6.437397862030897703e-05
6.309573444801943359e+11	4.500000000000000000e+00	8.357968102052146372e-05
7.943282347242821045e+11	4.500000000000000000e+00	1.058775518375880387e-04
1.000000000000000000e+12	4.500000000000000000e+00	1.203782537612454475e-04
1.260000000000000000e+12	4.500000000000000000e+00	1.321676867855021227e-04
1.580000000000000000e+12	4.500000000000000000e+00	1.549844121903378705e-04
2.000000000000000000e+12	4.500000000000000000e+00	1.883649134863599607e-04
2.510000000000000000e+12	4.500000000000000000e+00	2.303430500887134098e-04
3.160000000000000000e+12	4.500000000000000000e+00	2.854796591799016849e-04
3.980000000000000000e+12	4.500000000000000000e+00	3.562644228338389765e-04
5.010000000000000000e+12	4.500000000000000000e+00	4.459969932885131708e-04
6.310000000000000000e+12	4.500000000000000000e+00	5.597153471002647802e-04
7.940000000000000000e+12	4.500000000000000000e+00	7.029173376095013961e-04
1.000000000000000000e+13	4.500000000000000000e+00	8.838579538202359469e-04
1.260000000000000000e+13	4.500000000000000000e+00	1.109777053786885478e-03
1.580000000000000000e+13	4.500000000000000000e+00	1.385794012915717846e-03
2.000000000000000000e+13	4.500000000000000000e+00	1.750793336663652522e-03
2.510000000000000000e+13	4.500000000000000000e+00	2.197631136909235054e-03
3.160000000000000000e+13	4.500000000000000000e+00	2.769081046018877570e-03
3.980000000000000000e+13	4.500000000000000000e+00	3.491247146027637305e-03
5.010000000000000000e+13	4.500000000000000000e+00	4.393588791845089853e-03
6.310000000000000000e+13	4.500000000000000000e+00	5.526991826155378679e-03
7.940000000000000000e+13	4.500000000000000000e+00	6.955220302967244847e-03
1.000000000000000000e+14	4.500000000000000000e+00	8.796703084474591719e-03
1.260000000000000000e+14	4.500000000000000000e+00	1.122316745132472156e-02
1.580000000000000000e+14	4.500000000000000000e+00	1.441604476945945734e-02
2.000000000000000000e+14	4.500000000000000000e+00	1.888631260886475260e-02
2.510000000000000000e+14	4.500000000000000000e+00	2.424697999207890003e-02
3.160000000000000000e+14	4.500000000000000000e+00	3.012372540644020144e-02
3.980000000000000000e+14	4.500000000000000000e+00	3.546387094927327260e-02
5.010000000000000000e+14	4.500000000000000000e+00	3.894358866136327091e-02
6.310000000000000000e+14	4.500000000000000000e+00	3.989599801618488872e-02
7.940000000000000000e+14	4.500000000000000000e+00	3.773582895336168724e-02
1.000000000000000000e+15	4.500000000000000000e+00	3.293338100417177172e-02
1.260000000000000000e+15	4.500000000000000000e+00	2.607912711139526857e-02
1.580000000000000000e+15	4.500000000000000000e+00	1.790439452085392652e-02
2.000000000000000000e+15	4.500000000000000000e+00	9.408586627932681579e-03
2.510000000000000000e+15	4.500000000000000000e+00	1.077398922628638881e-03
3.160000000000000000e+15	4.500000000000000000e+00	-6.351962560463648641e-03
3.980000000000000000e+15	4.500000000000000000e+00	-1.256458537876550124e-02
5.010000000000000000e+15	4.500000000000000000e+00	-1.742141950779412321e-02
6.310000000000000000e+15	4.500000000000000000e+00	-2.092990560503763670e-02
7.940000000000000000e+15	4.500000000000000000e+00	-2.321132455584826171e-02
1.000000000000000000e+16	4.500000000000000000e+00	-2.443371854851739480e-02
1.260000000000000000e+16	4.500000000000000000e+00	-2.476775830309611154e-02
1.580000000000000000e+16	4.500000000000000000e+00	-2.443043855671819461e-02
2.000000000000000000e+16	4.500000000000000000e+00	-2.351670664429270086e-02
2.510000000000000000e+16	4.500000000000000000e+00	-2.228944195608099574e-02
3.160000000000000000e+16	4.500000000000000000e+00	-2.079731744445976679e-02
3.980000000000000000e+16	4.500000000000000000e+00	-1.916213231787614393e-02
5.010000000000000000e+16	4.500000000000000000e+00	-1.747420994549659864e-02
6.310000000000000000e+16	4.500000000000000000e+00	-1.578497819637754776e-02
7.940000000000000000e+16	4.500000000000000000e+00	-1.415477281932248609e-02
1.000000000000000000e+17	4.500000000000000000e+00	-1.259769192648882950e-02
1.000000000000000000e+11	5.500000000000000000e+00	1.166349880326145642e-05
1.258925411794166107e+11	5.500000000000000000e+00	1.470119409897906033e-05
1.584893192461110840e+11	5.500000000000000000e+00	1.854489910218794181e-05
1.995262314968882751e+11	5.500000000000000000e+00	2.342387279071675343e-05
2.511886431509582214e+11	5.500000000000000000e+00	2.964982384566055892e-05
3.162277660168379517e+11	5.500000000000000000e+00	3.766242144120728313e-05
3.981071705534969482e+11	5.500000000000000000e+00	4.810353965291411514e-05
5.011872336272714844e+11	5.500000000000000000e+00	6.192446239809594000e-05
6.309573444801943359e+11	5.500000000000000000e+00	8.023494542001765456e-05
7.943282347242821045e+11	5.500000000000000000e+00	1.003779714675443933e-04
1.000000000000000000e+12	5.500000000000000000e+00	1.142072389999176479e-04
1.260000000000000000e+12	5.500000000000000000e+00	1.280976303052119717e-04
1.580000000000000000e+12	5.500000000000000000e+00	1.516146614523999621e-04
2.000000000000000000e+12	5.500000000000000000e+00	1.847516603096118187e-04
2.510000000000000000e+12	5.500000000000000000e+00	2.266899088920658280e-04
3.160000000000000000e+12	5.500000000000000000e+00	2.813611362820556193e-04
3.980000000000000000e+12	5.500000000000000000e+00	3.517429042157010606e-04
5.010000000000000000e+12	5.500000000000000000e+00	4.406484938623161951e-04
6.310000000000000000e+12	5.500000000000000000e+00	5.533611448408637390e-04
7.940000000000000000e+12	5.500000000000000000e+00	6.954243930795494209e-04
1.000000000000000000e+13	5.500000000000000000e+00	8.747239212441332724e-04
1.260000000000000000e+13	5.500000000000000000e+00	1.099848083106631444e-03
1.580000000000000000e+13	5.500000000000000000e+00	1.374795792639453042e-03
2.000000000000000000e+13	5.500000000000000000e+00	1.733609446734211577e-03
2.510000000000000000e+13	5.500000000000000000e+00	2.172771594106456729e-03
3.160000000000000000e+13	5.500000000000000000e+00	2.737219746360277772e-03
3.980000000000000000e+13	5.500000000000000000e+00	3.449883100335482920e-03
5.010000000000000000e+13	5.500000000000000000e+00	4.347608872421161556e-03
6.310000000000000000e+13	5.500000000000000000e+00	5.462414496953049529e-03
7.940000000000000000e+13	5.500000000000000000e+00	6.875670321088714169e-03
1.000000000000000000e+14	5.500000000000000000e+00	8.714487178262970285e-03
1.260000000000000000e+14	5.500000000000000000e+00	1.116010581393083075e-02
1.580000000000000000e+14	5.500000000000000000e+00	1.436768903221091395e-02
2.000000000000000000e+14	5.500000000000000000e+00	1.883448582120730158e-02
2.510000000000000000e+14	5.500000000000000000e+00	2.423098638465177521e-02
3.160000000000000000e+14	5.500000000000000000e+00	3.012529110287464826e-02
3.980000000000000000e+14	5.500000000000000000e+00	3.529443281290051138e-02
5.010000000000000000e+14	5.500000000000000000e+00	3.893324124859046803e-02
6.310000000000000000e+14	5.500000000000000000e+00	4.012124838563782547e-02
7.940000000000000000e+14	5.500000000000000000e+00	3.789559614575302438e-02
1.000000000000000000e+15	5.500000000000000000e+00	3.271784491474687834e-02
1.260000000000000000e+15	5.500000000000000000e+00	2.585855340169870842e-02
1.580000000000000000e+15	5.500000000000000000e+00	1.767099057224969655e-02
2.000000000000000000e+15	5.500000000000000000e+00	8.797426709194257691e-03
2.510000000000000000e+15	5.500000000000000000e+00	8.345585197525449321e-04
3.160000000000000000e+15	5.500000000000000000e+00	-6.462525374688066378e-03
3.980000000000000000e+15	5.500000000000000000e+00	-1.258865596186830270e-02
5.010000000000000000e+15	5.500000000000000000e+00	-1.737435372584372056e-02
6.310000000000000000e+15	5.500000000000000000e+00	-2.084838294141240153e-02
7.940000000000000000e+15	5.500000000000000000e+00	-2.310005322573501288e-02
1.000000000000000000e+16	5.500000000000000000e+00	-2.430250939481304676e-02
1.260000000000000000e+16	5.500000000000000000e+00	-2.462579961830745415e-02
1.580000000000000000e+16	5.500000000000000000e+00	-2.428439539203372521e-02
2.000000000000000000e+16	5.500000000000000000e+00	-2.337179504137852637e-02
2.510000000000000000e+16	5.500000000000000000e+00	-2.214912858883875263e-02
3.160000000000000000e+16	5.500000000000000000e+00	-2.066420544086247993e-02
3.980000000000000000e+16	5.500000000000000000e+00	-1.903791877391612652e-02
5.010000000000000000e+16	5.500000000000000000e+00	-1.735920993010668309e-02
6.310000000000000000e+16	5.500000000000000000e+00	-1.568077264791236519e-02
7.940000000000000000e+16	5.500000000000000000e+00	-1.406068847360613001e-02
1.000000000000000000e+17	5.500000000000000000e+00	-1.251351002963427272e-02
1.000000000000000000e+11	6.500000000000000000e+00	1.125987152330644605e-05
1.258925411794166107e+11	6.500000000000000000e+00	1.419213673470086353e-05
1.584893192461110840e+11	6.500000000000000000e+00	1.790212214809210251e-05
1.995262314968882751e+11	6.500000000000000000e+00	2.261075991861382961e-05
2.511886431509582214e+11	6.500000000000000000e+00	2.861830604859196930e-05
3.162277660168379517e+11	6.500000000000000000e+00	3.634719450123692375e-05
3.981071705534969482e+11	6.500000000000000000e+00	4.641170971501607884e-05
5.011872336272714844e+11	6.500000000000000000e+00	5.970994238426879941e-05
6.309573444801943359e+11	6.500000000000000000e+00	7.722640714782650294e-05
7.943282347242821045e+11	6.500000000000000000e+00	9.546564591784791639e-05
1.000000000000000000e+12	6.500000000000000000e+00	1.088744324155133369e-04
1.260000000000000000e+12	6.500000000000000000e+00	1.241072233584025568e-04
1.580000000000000000e+12	6.500000000000000000e+00	1.479235919466739965e-04
2.000000000000000000e+12	6.500000000000000000e+00	1.811786039767205984e-04
2.510000000000000000e+12	6.500000000000000000e+00	2.232109002075376896e-04
3.160000000000000000e+12	6.500000000000000000e+00	2.778785975181601790e-04
3.980000000000000000e+12	6.500000000000000000e+00	3.471991681384658450e-04
5.010000000000000000e+12	6.500000000000000000e+00	4.351589698726767959e-04
6.310000000000000000e+12	6.500000000000000000e+00	5.470350181993944346e-04
7.940000000000000000e+12	6.500000000000000000e+00	6.872107848297427006e-04
1.000000000000000000e+13	6.500000000000000000e+00	8.640929867494618775e-04
1.260000000000000000e+13	6.500000000000000000e+00	1.085197708161585997e-03
1.580000000000000000e+13	6.500000000000000000e+00	1.357637298211476426e-03
2.000000000000000000e+13	6.500000000000000000e+00	1.718717841712231629e-03
2.510000000000000000e+13	6.500000000000000000e+00	2.157333698528462063e-03
3.160000000000000000e+13	6.500000000000000000e+00	2.716296096592033405e-03
3.980000000000000000e+13	6.500000000000000000e+00	3.422707658681998361e-03
5.010000000000000000e+13	6.500000000000000000e+00	4.303975116484112969e-03
6.310000000000000000e+13	6.500000000000000000e+00	5.413077327988065172e-03
7.940000000000000000e+13	6.500000000000000000e+00	6.819399017296200356e-03
1.000000000000000000e+14	6.500000000000000000e+00	8.632775561604315653e-03
1.260000000000000000e+14	6.500000000000000000e+00	1.107479551031376533e-02
1.580000000000000000e+14	6.500000000000000000e+00	1.431397755443414820e-02
2.000000000000000000e+14	6.500000000000000000e+00	1.878650931430892596e-02
2.510000000000000000e+14	6.500000000000000000e+00	2.415759534153110247e-02
3.160000000000000000e+14	6.500000000000000000e+00	3.002452764199882787e-02
3.980000000000000000e+14	6.500000000000000000e+00	3.555805731255246016e-02
5.010000000000000000e+14	6.500000000000000000e+00	3.913520576683997970e-02
6.310000000000000000e+14	6.500000000000000000e+00	3.975394435486425543e-02
7.940000000000000000e+14	6.500000000000000000e+00	3.769251539394406075e-02
1.000000000000000000e+15	6.500000000000000000e+00	3.294494850139933345e-02
1.260000000000000000e+15	6.500000000000000000e+00	2.598882417077535631e-02
1.580000000000000000e+15	6.500000000000000000e+00	1.820263090653391480e-02
2.000000000000000000e+15	6.500000000000000000e+00	9.783411170722601524e-03
2.510000000000000000e+15	6.500000000000000000e+00	1.263155627260158708e-03
3.160000000000000000e+15	6.500000000000000000e+00	-6.224493726880141360e-03
3.980000000000000000e+15	6.500000000000000000e+00	-1.247058208149937931e-02
5.010000000000000000e+15	6.500000000000000000e+00	-1.734017203413222574e-02
6.310000000000000000e+15	6.500000000000000000e+00	-2.087439940494587726e-02
7.940000000000000000e+15	6.500000000000000000e+00	-2.316836713172364462e-02
1.000000000000000000e+16	6.500000000000000000e+00	-2.439952521710486363e-02
1.260000000000000000e+16	6.500000000000000000e+00	-2.474077438228029779e-02
1.580000000000000000e+16	6.500000000000000000e+00	-2.440897269371946482e-02
2.000000000000000000e+16	6.500000000000000000e+00	-2.349980524085668043e-02
2.510000000000000000e+16	6.500000000000000000e+00	-2.227600534624730316e-02
3.160000000000000000e+16	6.500000000000000000e+00	-2.078647402069685318e-02
3.980000000000000000e+16	6.500000000000000000e+00	-1.915367443220396260e-02
5.010000000000000000e+16	6.500000000000000000e+00	-1.746691042120537135e-02
6.310000000000000000e+16	6.500000000000000000e+00	-1.577963542948588455e-02
7.940000000000000000e+16	6.500000000000000000e+00	-1.415053297188955533e-02
1.000000000000000000e+17	6.500000000000000000e+00	-1.259433196270564985e-02
1.000000000000000000e+11	8.000000000000000000e+00	1.071373959180643016e-05
1.258925411794166107e+11	8.000000000000000000e+00	1.350302956665210952e-05
1.584893192461110840e+11	8.000000000000000000e+00	1.703148281228379524e-05
1.995262314968882751e+11	8.000000000000000000e+00	2.150837882242602901e-05
2.511886431509582214e+11	8.000000000000000000e+00	2.721730558535569931e-05
3.162277660168379517e+11	8.000000000000000000e+00	3.455590403266570692e-05
3.981071705534969482e+11	8.000000000000000000e+00	4.409674499543560092e-05
5.011872336272714844e+11	8.000000000000000000e+00	5.665680365341580236e-05
6.309573444801943359e+11	8.000000000000000000e+00	7.301128871732319784e-05
7.943282347242821045e+11	8.000000000000000000e+00	8.827630678806769413e-05
1.000000000000000000e+12	8.000000000000000000e+00	1.012715789201799963e-04
1.260000000000000000e+12	8.000000000000000000e+00	1.192605901584948202e-04
1.580000000000000000e+12	8.000000000000000000e+00	1.440328245672066617e-04
2.000000000000000000e+12	8.000000000000000000e+00	1.781850127750779001e-04
2.510000000000000000e+12	8.000000000000000000e+00	2.204224620871420264e-04
3.160000000000000000e+12	8.000000000000000000e+00	2.748892824195174633e-04
3.980000000000000000e+12	8.000000000000000000e+00	3.443254216120772621e-04
5.010000000000000000e+12	8.000000000000000000e+00	4.320975661160674289e-04
6.310000000000000000e+12	8.000000000000000000e+00	5.431929308698951221e-04
7.940000000000000000e+12	8.000000000000000000e+00	6.829676975055266799e-04
1.000000000000000000e+13	8.000000000000000000e+00	8.585318751453204118e-04
1.260000000000000000e+13	8.000000000000000000e+00	1.079191468041138142e-03
1.580000000000000000e+13	8.000000000000000000e+00	1.351361265839507017e-03
2.000000000000000000e+13	8.000000000000000000e+00	1.707464822059804894e-03
2.510000000000000000e+13	8.000000000000000000e+00	2.140525822260709934e-03
3.160000000000000000e+13	8.000000000000000000e+00	2.695959979675210689e-03
3.980000000000000000e+13	8.000000000000000000e+00	3.397327385186239574e-03
5.010000000000000000e+13	8.000000000000000000e+00	4.273767967072900423e-03
6.310000000000000000e+13	8.000000000000000000e+00	5.375662996144117516e-03
7.940000000000000000e+13	8.000000000000000000e+00	6.771496760601884539e-03
1.000000000000000000e+14	8.000000000000000000e+00	8.582031284072026700e-03
1.260000000000000000e+14	8.000000000000000000e+00	1.098989499178461629e-02
1.580000000000000000e+14	8.000000000000000000e+00	1.420097768692171747e-02
2.000000000000000000e+14	8.000000000000000000e+00	1.868869788174499016e-02
2.510000000000000000e+14	8.000000000000000000e+00	2.405247407749551772e-02
3.160000000000000000e+14	8.000000000000000000e+00	3.001421746833720858e-02
3.980000000000000000e+14	8.000000000000000000e+00	3.549884497621096785e-02
5.010000000000000000e+14	8.000000000000000000e+00	3.920245720732398742e-02
6.310000000000000000e+14	8.000000000000000000e+00	4.009857023585314956e-02
7.940000000000000000e+14	8.000000000000000000e+00	3.820462515343472226e-02
1.000000000000000000e+15	8.000000000000000000e+00	3.304173044823963817e-02
1.260000000000000000e+15	8.000000000000000000e+00	2.551155645096975927e-02
1.580000000000000000e+15	8.000000000000000000e+00	1.657564239611176646e-02
2.000000000000000000e+15	8.000000000000000000e+00	7.488264669300697014e-03
2.510000000000000000e+15	8.000000000000000000e+00	2.678843882621228362e-04
3.160000000000000000e+15	8.000000000000000000e+00	-6.742156119406582729e-03
3.980000000000000000e+15	8.000000000000000000e+00	-1.268054083950652736e-02
5.010000000000000000e+15	8.000000000000000000e+00	-1.733292893384224750e-02
6.310000000000000000e+15	8.000000000000000000e+00	-2.071133223625061873e-02
7.940000000000000000e+15	8.000000000000000000e+00	-2.289687368590495598e-02
1.000000000000000000e+16	8.000000000000000000e+00	-2.405613153127964324e-02
1.260000000000000000e+16	8.000000000000000000e+00	-2.435453173579892397e-02
1.580000000000000000e+16	8.000000000000000000e+00	-2.400247388276429208e-02
2.000000000000000000e+16	8.000000000000000000e+00	-2.308988555342645146e-02
2.510000000000000000e+16	8.000000000000000000e+00	-2.187478261361645512e-02
3.160000000000000000e+16	8.000000000000000000e+00	-2.040289391290077067e-02
3.980000000000000000e+16	8.000000000000000000e+00	-1.879345609667392239e-02
5.010000000000000000e+16	8.000000000000000000e+00	-1.713366813838226865e-02
6.310000000000000000e+16	8.000000000000000000e+00	-1.547486490022841402e-02
7.940000000000000000e+16	8.000000000000000000e+00	-1.387450096003531308e-02
1.000000000000000000e+17	8.000000000000000000e+00	-1.234665305842071702e-02
1.000000000000000000e+11	1.000000000000000000e+01	1.026449271111349656e-05
1.258925411794166107e+11	1.000000000000000000e+01	1.293628687480276674e-05
1.584893192461110840e+11	1.000000000000000000e+01	1.631559123966750706e-05
1.995262314968882751e+11	1.000000000000000000e+01	2.060221186850097439e-05
2.511886431509582214e+11	1.000000000000000000e+01	2.606642644227074476e-05
3.162277660168379517e+11	1.000000000000000000e+01	3.308592148781255447e-05
3.981071705534969482e+11	1.000000000000000000e+01	4.220457523839885012e-05
5.011872336272714844e+11	1.000000000000000000e+01	5.416438196939418233e-05
6.309573444801943359e+11	1.000000000000000000e+01	6.958895014821792871e-05
7.943282347242821045e+11	1.000000000000000000e+01	8.255001146212031615e-05
1.000000000000000000e+12	1.000000000000000000e+01	9.502903591641337203e-05
1.260000000000000000e+12	1.000000000000000000e+01	1.150821882539405873e-04
1.580000000000000000e+12	1.000000000000000000e+01	1.406672454572611790e-04
2.000000000000000000e+12	1.000000000000000000e+01	1.750814200002632733e-04
2.510000000000000000e+12	1.000000000000000000e+01	2.174301220129136989e-04
3.160000000000000000e+12	1.000000000000000000e+01	2.720160605675422797e-04
3.980000000000000000e+12	1.000000000000000000e+01	3.412418720945334101e-04
5.010000000000000000e+12	1.000000000000000000e+01	4.282340543679955588e-04
6.310000000000000000e+12	1.000000000000000000e+01	5.383772245839257148e-04
7.940000000000000000e+12	1.000000000000000000e+01	6.765237086619903641e-04
1.000000000000000000e+13	1.000000000000000000e+01	8.525763495255399846e-04
1.260000000000000000e+13	1.000000000000000000e+01	1.072783155674253983e-03
1.580000000000000000e+13	1.000000000000000000e+01	1.341376913471091763e-03
2.000000000000000000e+13	1.000000000000000000e+01	1.696815222242121146e-03
2.510000000000000000e+13	1.000000000000000000e+01	2.130139378886565862e-03
3.160000000000000000e+13	1.000000000000000000e+01	2.683820459419708395e-03
3.980000000000000000e+13	1.000000000000000000e+01	3.379773025640157511e-03
5.010000000000000000e+13	1.000000000000000000e+01	4.247210821068746374e-03
6.310000000000000000e+13	1.000000000000000000e+01	5.338652866345284728e-03
7.940000000000000000e+13	1.000000000000000000e+01	6.720726846341846215e-03
1.000000000000000000e+14	1.000000000000000000e+01	8.531848858837676186e-03
1.260000000000000000e+14	1.000000000000000000e+01	1.095332045941419495e-02
1.580000000000000000e+14	1.000000000000000000e+01	1.416480550548582761e-02
2.000000000000000000e+14	1.000000000000000000e+01	1.868381327743676851e-02
2.510000000000000000e+14	1.000000000000000000e+01	2.404322367523739970e-02
3.160000000000000000e+14	1.000000000000000000e+01	2.998938247321744632e-02
3.980000000000000000e+14	1.000000000000000000e+01	3.530292420484863747e-02
5.010000000000000000e+14	1.000000000000000000e+01	3.870258104632113422e-02
6.310000000000000000e+14	1.000000000000000000e+01	3.940202700061234270e-02
7.940000000000000000e+14	1.000000000000000000e+01	3.715408796159046234e-02
1.000000000000000000e+15	1.000000000000000000e+01	3.288069081074901368e-02
1.260000000000000000e+15	1.000000000000000000e+01	2.687254423529284938e-02
1.580000000000000000e+15	1.000000000000000000e+01	2.008994899745145113e-02
2.000000000000000000e+15	1.000000000000000000e+01	1.160490143380380444e-02
2.510000000000000000e+15	1.000000000000000000e+01	2.148437027354756484e-03
3.160000000000000000e+15	1.000000000000000000e+01	-5.713582391849865091e-03
3.980000000000000000e+15	1.000000000000000000e+01	-1.220387278915506350e-02
5.010000000000000000e+15	1.000000000000000000e+01	-1.724592101167506455e-02
6.310000000000000000e+15	1.000000000000000000e+01	-2.090609719383074161e-02
7.940000000000000000e+15	1.000000000000000000e+01	-2.328868943595091903e-02
1.000000000000000000e+16	1.000000000000000000e+01	-2.458055043712091547e-02
1.260000000000000000e+16	1.000000000000000000e+01	-2.496038902764640549e-02
1.580000000000000000e+16	1.000000000000000000e+01	-2.464992443854841647e-02
2.000000000000000000e+16	1.000000000000000000e+01	-2.374930360032832810e-02
2.510000000000000000e+16	1.000000000000000000e+01	-2.252458744346856959e-02
3.160000000000000000e+16	1.000000000000000000e+01	-2.102737423829832350e-02
3.980000000000000000e+16	1.000000000000000000e+01	-1.938189564691692249e-02
5.010000000000000000e+16	1.000000000000000000e+01	-1.767970957184314060e-02
6.310000000000000000e+16	1.000000000000000000e+01	-1.597533591000839873e-02
7.940000000000000000e+16	1.000000000000000000e+01	-1.432860086688737128e-02
1.000000000000000000e+17	1.000000000000000000e+01	-1.275469217350773052e-02
1.000000000000000000e+11	1.200000000000000000e+01	9.984984646440999768e-06
1.258925411794166107e+11	1.200000000000000000e+01	1.258351246058052820e-05
1.584893192461110840e+11	1.200000000000000000e+01	1.586971756728397347e-05
1.995262314968882751e+11	1.200000000000000000e+01	2.003733053335841617e-05
2.511886431509582214e+11	1.200000000000000000e+01	2.534792630617537599e-05
3.162277660168379517e+11	1.200000000000000000e+01	3.216587580101135151e-05
3.981071705534969482e+11	1.200000000000000000e+01	4.100935006911058772e-05
5.011872336272714844e+11	1.200000000000000000e+01	5.258592681672301020e-05
6.309573444801943359e+11	1.200000000000000000e+01	6.739345409900972044e-05
7.943282347242821045e+11	1.200000000000000000e+01	7.873323384099567307e-05
1.000000000000000000e+12	1.200000000000000000e+01	9.099359131224629314e-05
1.260000000000000000e+12	1.200000000000000000e+01	1.127974790750230850e-04
1.580000000000000000e+12	1.200000000000000000e+01	1.390015905840140452e-04
2.000000000000000000e+12	1.200000000000000000e+01	1.737184841359034650e-04
2.510000000000000000e+12	1.200000000000000000e+01	2.164153852481618431e-04
3.160000000000000000e+12	1.200000000000000000e+01	2.711536589643753054e-04
3.980000000000000000e+12	1.200000000000000000e+01	3.405663515522498134e-04
5.010000000000000000e+12	1.200000000000000000e+01	4.281113478821723501e-04
6.310000000000000000e+12	1.200000000000000000e+01	5.385086457232674331e-04
7.940000000000000000e+12	1.200000000000000000e+01	6.774203502026362881e-04
1.000000000000000000e+13	1.200000000000000000e+01	8.511964701169919120e-04
1.260000000000000000e+13	1.200000000000000000e+01	1.070529448342243508e-03
1.580000000000000000e+13	1.200000000000000000e+01	1.342174602100193936e-03
2.000000000000000000e+13	1.200000000000000000e+01	1.698132146042848371e-03
2.510000000000000000e+13	1.200000000000000000e+01	2.130702794480539460e-03
3.160000000000000000e+13	1.200000000000000000e+01	2.682886133502361721e-03
3.980000000000000000e+13	1.200000000000000000e+01	3.381002472784359544e-03
5.010000000000000000e+13	1.200000000000000000e+01	4.250479565639837636e-03
6.310000000000000000e+13	1.200000000000000000e+01	5.343395202253484709e-03
7.940000000000000000e+13	1.200000000000000000e+01	6.722674703999468628e-03
1.000000000000000000e+14	1.200000000000000000e+01	8.522176160932898314e-03
1.260000000000000000e+14	1.200000000000000000e+01	1.094909690512001731e-02
1.580000000000000000e+14	1.200000000000000000e+01	1.415655024331635703e-02
2.000000000000000000e+14	1.200000000000000000e+01	1.861517231879252637e-02
2.510000000000000000e+14	1.200000000000000000e+01	2.407912052568263184e-02
3.160000000000000000e+14	1.200000000000000000e+01	3.005105312384759308e-02
3.980000000000000000e+14	1.200000000000000000e+01	3.555605118217249755e-02
5.010000000000000000e+14	1.200000000000000000e+01	3.932437463697720931e-02
6.310000000000000000e+14	1.200000000000000000e+01	4.036308095544064584e-02
7.940000000000000000e+14	1.200000000000000000e+01	3.833100082494803051e-02
1.000000000000000000e+15	1.200000000000000000e+01	3.305170689308911669e-02
1.260000000000000000e+15	1.200000000000000000e+01	2.550158874204769971e-02
1.580000000000000000e+15	1.200000000000000000e+01	1.636377962579635761e-02
2.000000000000000000e+15	1.200000000000000000e+01	7.538974428894135854e-03
2.510000000000000000e+15	1.200000000000000000e+01	2.731320084449231867e-04
3.160000000000000000e+15	1.200000000000000000e+01	-6.741287322981648691e-03
3.980000000000000000e+15	1.200000000000000000e+01	-1.268049319140132636e-02
5.010000000000000000e+15	1.200000000000000000e+01	-1.733308589622825288e-02
6.310000000000000000e+15	1.200000000000000000e+01	-2.071152643181426931e-02
7.940000000000000000e+15	1.200000000000000000e+01	-2.289705638129968523e-02
1.000000000000000000e+16	1.200000000000000000e+01	-2.405628497842351998e-02
1.260000000000000000e+16	1.200000000000000000e+01	-2.435466857271058674e-02
1.580000000000000000e+16	1.200000000000000000e+01	-2.400245708778147094e-02
2.000000000000000000e+16	1.200000000000000000e+01	-2.308996316118943487e-02
2.510000000000000000e+16	1.200000000000000000e+01	-2.187484343918486007e-02
3.160000000000000000e+16	1.200000000000000000e+01	-2.040304184434096890e-02
3.980000000000000000e+16	1.200000000000000000e+01	-1.879349354740302014e-02
5.010000000000000000e+16	1.200000000000000000e+01	-1.713354147281122980e-02
6.310000000000000000e+16	1.200000000000000000e+01	-1.547486108986167140e-02
7.940000000000000000e+16	1.200000000000000000e+01	-1.387453164947455991e-02
1.000000000000000000e+17	1.200000000000000000e+01	-1.234667448211775737e-02
1.000000000000000000e+11	1.400000000000000000e+01	9.778401972910132883e-06
1.258925411794166107e+11	1.400000000000000000e+01	1.232280880584325651e-05
1.584893192461110840e+11	1.400000000000000000e+01	1.554017305923925514e-05
1.995262314968882751e+11	1.400000000000000000e+01	1.961971419973553875e-05
2.511886431509582214e+11	1.400000000000000000e+01	2.481682852335220091e-05
3.162277660168379517e+11	1.400000000000000000e+01	3.148615351811003839e-05
3.981071705534969482e+11	1.400000000000000000e+01	4.012724604366508049e-05
5.011872336272714844e+11	1.400000000000000000e+01	5.141528758607436119e-05
6.309573444801943359e+11	1.400000000000000000e+01	6.577110630963767886e-05
7.943282347242821045e+11	1.400000000000000000e+01	7.591565533397440408e-05
1.000000000000000000e+12	1.400000000000000000e+01	8.803012755003705638e-05
1.260000000000000000e+12	1.400000000000000000e+01	1.108946309999564542e-04
1.580000000000000000e+12	1.400000000000000000e+01	1.375749821079647040e-04
2.000000000000000000e+12	1.400000000000000000e+01	1.729288730931166662e-04
2.510000000000000000e+12	1.400000000000000000e+01	2.159195676383456606e-04
3.160000000000000000e+12	1.400000000000000000e+01	2.707667039056303737e-04
3.980000000000000000e+12	1.400000000000000000e+01	3.399024339244966484e-04
5.010000000000000000e+12	1.400000000000000000e+01	4.275192368446850970e-04
6.310000000000000000e+12	1.400000000000000000e+01	5.390519952507699534e-04
7.940000000000000000e+12	1.400000000000000000e+01	6.773182277625550141e-04
1.000000000000000000e+13	1.400000000000000000e+01	8.527690940652874266e-04
1.260000000000000000e+13	1.400000000000000000e+01	1.074546616656373108e-03
1.580000000000000000e+13	1.400000000000000000e+01	1.344400421827430560e-03
2.000000000000000000e+13	1.400000000000000000e+01	1.700946329562894391e-03
2.510000000000000000e+13	1.400000000000000000e+01	2.136220692918818984e-03
3.160000000000000000e+13	1.400000000000000000e+01	2.689597142696397401e-03
3.980000000000000000e+13	1.400000000000000000e+01	3.387046409319633637e-03
5.010000000000000000e+13	1.400000000000000000e+01	4.257314611484711714e-03
6.310000000000000000e+13	1.400000000000000000e+01	5.348332143404478309e-03
7.940000000000000000e+13	1.400000000000000000e+01	6.741263063439173128e-03
1.000000000000000000e+14	1.400000000000000000e+01	8.554364637956765605e-03
1.260000000000000000e+14	1.400000000000000000e+01	1.096522631391779259e-02
1.580000000000000000e+14	1.400000000000000000e+01	1.419247743803126079e-02
2.000000000000000000e+14	1.400000000000000000e+01	1.869845580101428886e-02
2.510000000000000000e+14	1.400000000000000000e+01	2.417982482836774152e-02
3.160000000000000000e+14	1.400000000000000000e+01	3.020881372797401890e-02
3.980000000000000000e+14	1.400000000000000000e+01	3.557266836167700952e-02
5.010000000000000000e+14	1.400000000000000000e+01	3.942419424458625671e-02
6.310000000000000000e+14	1.400000000000000000e+01	4.037540756241200790e-02
7.940000000000000000e+14	1.400000000000000000e+01	3.745434356118454433e-02
1.000000000000000000e+15	1.400000000000000000e+01	3.334613602027342721e-02
1.260000000000000000e+15	1.400000000000000000e+01	2.673500677711270271e-02
1.580000000000000000e+15	1.400000000000000000e+01	1.882432431478102755e-02
2.000000000000000000e+15	1.400000000000000000e+01	1.111486558040855784e-02
2.510000000000000000e+15	1.400000000000000000e+01	1.831931909578108763e-03
3.160000000000000000e+15	1.400000000000000000e+01	-5.938968842552270339e-03
3.980000000000000000e+15	1.400000000000000000e+01	-1.237211826550492673e-02
5.010000000000000000e+15	1.400000000000000000e+01	-1.737544474840390166e-02
6.310000000000000000e+15	1.400000000000000000e+01	-2.100611999535746330e-02
7.940000000000000000e+15	1.400000000000000000e+01	-2.336708918037545823e-02
1.000000000000000000e+16	1.400000000000000000e+01	-2.464227239004237666e-02
1.260000000000000000e+16	1.400000000000000000e+01	-2.500908959231911560e-02
1.580000000000000000e+16	1.400000000000000000e+01	-2.468867207688780346e-02
2.000000000000000000e+16	1.400000000000000000e+01	-2.377983862834263246e-02
2.510000000000000000e+16	1.400000000000000000e+01	-2.254888297383951870e-02
3.160000000000000000e+16	1.400000000000000000e+01	-2.104665276037691671e-02
3.980000000000000000e+16	1.400000000000000000e+01	-1.939720230570051232e-02
5.010000000000000000e+16	1.400000000000000000e+01	-1.769183351935662424e-02
6.310000000000000000e+16	1.400000000000000000e+01	-1.598501636572852852e-02
7.940000000000000000e+16	1.400000000000000000e+01	-1.433623573462597736e-02
1.000000000000000000e+17	1.400000000000000000e+01	-1.276080320898266909e-02
1.000000000000000000e+11	1.600000000000000000e+01	9.578784080095308510e-06
1.258925411794166107e+11	1.600000000000000000e+01	1.207099201053798085e-05
1.584893192461110840e+11	1.600000000000000000e+01	1.522209493603662800e-05
1.995262314968882751e+11	1.600000000000000000e+01	1.921713517831440647e-05
2.511886431509582214e+11	1.600000000000000000e+01	2.430554647880957364e-05
3.162277660168379517e+11	1.600000000000000000e+01	3.083329328521410213e-05
3.981071705534969482e+11	1.600000000000000000e+01	3.928491530522499025e-05
5.011872336272714844e+11	1.600000000000000000e+01	5.031475231156668041e-05
6.309573444801943359e+11	1.600000000000000000e+01	6.425003751733372531e-05
7.943282347242821045e+11	1.600000000000000000e+01	7.336665923374413362e-05
1.000000000000000000e+12	1.600000000000000000e+01	8.524653736909799386e-05
1.260000000000000000e+12	1.600000000000000000e+01	1.090903831534619346e-04
1.580000000000000000e+12	1.600000000000000000e+01	1.362556293204114047e-04
2.000000000000000000e+12	1.600000000000000000e+01	1.717533444377382530e-04
2.510000000000000000e+12	1.600000000000000000e+01	2.150075810677239900e-04
3.160000000000000000e+12	1.600000000000000000e+01	2.698458109021077797e-04
3.980000000000000000e+12	1.600000000000000000e+01	3.390116994921235226e-04
5.010000000000000000e+12	1.600000000000000000e+01	4.254531488262532492e-04
6.310000000000000000e+12	1.600000000000000000e+01	5.340952959262357204e-04
7.940000000000000000e+12	1.600000000000000000e+01	6.720621411507618319e-04
1.000000000000000000e+13	1.600000000000000000e+01	8.464118356258422144e-04
1.260000000000000000e+13	1.600000000000000000e+01	1.065381945470184142e-03
1.580000000000000000e+13	1.600000000000000000e+01	1.336049309119653012e-03
2.000000000000000000e+13	1.600000000000000000e+01	1.690896550102966110e-03
2.510000000000000000e+13	1.600000000000000000e+01	2.121309734171191331e-03
3.160000000000000000e+13	1.600000000000000000e+01	2.673807893954425509e-03
3.980000000000000000e+13	1.600000000000000000e+01	3.367874434826629432e-03
5.010000000000000000e+13	1.600000000000000000e+01	4.232248630116551037e-03
6.310000000000000000e+13	1.600000000000000000e+01	5.324264904278155387e-03
7.940000000000000000e+13	1.600000000000000000e+01	6.699039222355745310e-03
1.000000000000000000e+14	1.600000000000000000e+01	8.488720590869974422e-03
1.260000000000000000e+14	1.600000000000000000e+01	1.090008279793734484e-02
1.580000000000000000e+14	1.600000000000000000e+01	1.410809819004822489e-02
2.000000000000000000e+14	1.600000000000000000e+01	1.863488206377694051e-02
2.510000000000000000e+14	1.600000000000000000e+01	2.398314902252265263e-02
3.160000000000000000e+14	1.600000000000000000e+01	2.982942443128280136e-02
3.980000000000000000e+14	1.600000000000000000e+01	3.520139561383955201e-02
5.010000000000000000e+14	1.600000000000000000e+01	3.848672891325714135e-02
6.310000000000000000e+14	1.600000000000000000e+01	4.001339635989051291e-02
7.940000000000000000e+14	1.600000000000000000e+01	3.846568507703606449e-02
1.000000000000000000e+15	1.600000000000000000e+01	3.217385724546822229e-02
1.260000000000000000e+15	1.600000000000000000e+01	2.553100220517796198e-02
1.580000000000000000e+15	1.600000000000000000e+01	1.757361642395401796e-02
2.000000000000000000e+15	1.600000000000000000e+01	7.992735211091343134e-03
2.510000000000000000e+15	1.600000000000000000e+01	5.639819231033868811e-04
3.160000000000000000e+15	1.600000000000000000e+01	-6.534797148791822788e-03
3.980000000000000000e+15	1.600000000000000000e+01	-1.252660684568432381e-02
5.010000000000000000e+15	1.600000000000000000e+01	-1.721533050038398516e-02
6.310000000000000000e+15	1.600000000000000000e+01	-2.062013220852132109e-02
7.940000000000000000e+15	1.600000000000000000e+01	-2.282542904546530985e-02
1.000000000000000000e+16	1.600000000000000000e+01	-2.399990780751470529e-02
1.260000000000000000e+16	1.600000000000000000e+01	-2.431016219171617046e-02
1.580000000000000000e+16	1.600000000000000000e+01	-2.396712570128654851e-02
2.000000000000000000e+16	1.600000000000000000e+01	-2.306209102981714165e-02
2.510000000000000000e+16	1.600000000000000000e+01	-2.185259900716073067e-02
3.160000000000000000e+16	1.600000000000000000e+01	-2.038545329008074197e-02
3.980000000000000000e+16	1.600000000000000000e+01	-1.877951508487766402e-02
5.010000000000000000e+16	1.600000000000000000e+01	-1.712261230116141758e-02
6.310000000000000000e+16	1.600000000000000000e+01	-1.546606264623325358e-02
7.940000000000000000e+16	1.600000000000000000e+01	-1.386753295435622785e-02
1.000000000000000000e+17	1.600000000000000000e+01	-1.234111039314446379e-02
1.000000000000000000e+11	1.800000000000000000e+01	9.489749739164250777e-06
1.258925411794166107e+11	1.800000000000000000e+01	1.195849853580639339e-05
1.584893192461110840e+11	1.800000000000000000e+01	1.507967371293599698e-05
1.995262314968882751e+11	1.800000000000000000e+01	1.903625381877857166e-05
2.511886431509582214e+11	1.800000000000000000e+01	2.407437922315539409e-05
3.162277660168379517e+11	1.800000000000000000e+01	3.053513249574793932e-05
3.981071705534969482e+11	1.800000000000000000e+01	3.889863854173068671e-05
5.011872336272714844e+11	1.800000000000000000e+01	4.978939033972407205e-05
6.309573444801943359e+11	1.800000000000000000e+01	6.349074080597493050e-05
7.943282347242821045e+11	1.800000000000000000e+01	7.192521432244230756e-05
1.000000000000000000e+12	1.800000000000000000e+01	8.382131226848774271e-05
1.260000000000000000e+12	1.800000000000000000e+01	1.085979924521041990e-04
1.580000000000000000e+12	1.800000000000000000e+01	1.360313521849384924e-04
2.000000000000000000e+12	1.800000000000000000e+01	1.717021628321933164e-04
2.510000000000000000e+12	1.800000000000000000e+01	2.148612533138101693e-04
3.160000000000000000e+12	1.800000000000000000e+01	2.698142799099106817e-04
3.980000000000000000e+12	1.800000000000000000e+01	3.395028302437826215e-04
5.010000000000000000e+12	1.800000000000000000e+01	4.273170440259643267e-04
6.310000000000000000e+12	1.800000000000000000e+01	5.389844655989772890e-04
7.940000000000000000e+12	1.800000000000000000e+01	6.785704591559685393e-04
1.000000000000000000e+13	1.800000000000000000e+01	8.535047074108096645e-04
1.260000000000000000e+13	1.800000000000000000e+01	1.074508386301286159e-03
1.580000000000000000e+13	1.800000000000000000e+01	1.345564970410821843e-03
2.000000000000000000e+13	1.800000000000000000e+01	1.702876869591781698e-03
2.510000000000000000e+13	1.800000000000000000e+01	2.138965476315663177e-03
3.160000000000000000e+13	1.800000000000000000e+01	2.693398741835220916e-03
3.980000000000000000e+13	1.800000000000000000e+01	3.392716686090341705e-03
5.010000000000000000e+13	1.800000000000000000e+01	4.264138880410149948e-03
6.310000000000000000e+13	1.800000000000000000e+01	5.349160130363140794e-03
7.940000000000000000e+13	1.800000000000000000e+01	6.749486724381767964e-03
1.000000000000000000e+14	1.800000000000000000e+01	8.562356990153124556e-03
1.260000000000000000e+14	1.800000000000000000e+01	1.097395785712723670e-02
1.580000000000000000e+14	1.800000000000000000e+01	1.420216641256241523e-02
2.000000000000000000e+14	1.800000000000000000e+01	1.870868179052439031e-02
2.510000000000000000e+14	1.800000000000000000e+01	2.418738011926111972e-02
3.160000000000000000e+14	1.800000000000000000e+01	3.017303429419233851e-02
3.980000000000000000e+14	1.800000000000000000e+01	3.571626752239461661e-02
5.010000000000000000e+14	1.800000000000000000e+01	3.971602601878998495e-02
6.310000000000000000e+14	1.800000000000000000e+01	3.966937991735598051e-02
7.940000000000000000e+14	1.800000000000000000e+01	3.806742160766184851e-02
1.000000000000000000e+15	1.800000000000000000e+01	3.444051868311855114e-02
1.260000000000000000e+15	1.800000000000000000e+01	2.593010785957747602e-02
1.580000000000000000e+15	1.800000000000000000e+01	1.861006615970147576e-02
2.000000000000000000e+15	1.800000000000000000e+01	1.099758737231992800e-02
2.510000000000000000e+15	1.800000000000000000e+01	1.753847882384504658e-03
3.160000000000000000e+15	1.800000000000000000e+01	-5.994902686266577289e-03
3.980000000000000000e+15	1.800000000000000000e+01	-1.241385347148955473e-02
5.010000000000000000e+15	1.800000000000000000e+01	-1.740741964005785430e-02
6.310000000000000000e+15	1.800000000000000000e+01	-2.103093036166767474e-02
7.940000000000000000e+15	1.800000000000000000e+01	-2.338616269849442403e-02
1.000000000000000000e+16	1.800000000000000000e+01	-2.465757359208544872e-02
1.260000000000000000e+16	1.800000000000000000e+01	-2.502118614783633774e-02
1.580000000000000000e+16	1.800000000000000000e+01	-2.469824212727905755e-02
2.000000000000000000e+16	1.800000000000000000e+01	-2.378740388318152654e-02
2.510000000000000000e+16	1.800000000000000000e+01	-2.255488657200110589e-02
3.160000000000000000e+16	1.800000000000000000e+01	-2.105143271025539803e-02
3.980000000000000000e+16	1.800000000000000000e+01	-1.940099747720103879e-02
5.010000000000000000e+16	1.800000000000000000e+01	-1.769484147366671631e-02
6.310000000000000000e+16	1.800000000000000000e+01	-1.598740437167159995e-02
7.940000000000000000e+16	1.800000000000000000e+01	-1.433813426955595285e-02
1.000000000000000000e+17	1.800000000000000000e+01	-1.276234610849802560e-02
1.000000000000000000e+11	2.000000000000000000e+01	9.262001653714636160e-06
1.258925411794166107e+11	2.000000000000000000e+01	1.167152758672404280e-05
1.584893192461110840e+11	2.000000000000000000e+01	1.471787310931047729e-05
1.995262314968882751e+11	2.000000000000000000e+01	1.857966618214606459e-05
2.511886431509582214e+11	2.000000000000000000e+01	2.349762096344364118e-05
3.162277660168379517e+11	2.000000000000000000e+01	2.980458332735363904e-05
3.981071705534969482e+11	2.000000000000000000e+01	3.796503175465599958e-05
5.011872336272714844e+11	2.000000000000000000e+01	4.859758027100565951e-05
6.309573444801943359e+11	2.000000000000000000e+01	6.193278337057462864e-05
7.943282347242821045e+11	2.000000000000000000e+01	6.967062442834933431e-05
1.000000000000000000e+12	2.000000000000000000e+01	8.119946383058753781e-05
1.260000000000000000e+12	2.000000000000000000e+01	1.060059981283557363e-04
1.580000000000000000e+12	2.000000000000000000e+01	1.326781922811769892e-04
2.000000000000000000e+12	2.000000000000000000e+01	1.676463094777643251e-04
2.510000000000000000e+12	2.000000000000000000e+01	2.108673986679630342e-04
3.160000000000000000e+12	2.000000000000000000e+01	2.657277413507638710e-04
3.980000000000000000e+12	2.000000000000000000e+01	3.354825644847483977e-04
5.010000000000000000e+12	2.000000000000000000e+01	4.219460978730469355e-04
6.310000000000000000e+12	2.000000000000000000e+01	5.300568075244651515e-04
7.940000000000000000e+12	2.000000000000000000e+01	6.679593333497637871e-04
1.000000000000000000e+13	2.000000000000000000e+01	8.408383837522260705e-04
1.260000000000000000e+13	2.000000000000000000e+01	1.056047709370321009e-03
1.580000000000000000e+13	2.000000000000000000e+01	1.324327116567282012e-03
2.000000000000000000e+13	2.000000000000000000e+01	1.677580697079468497e-03
2.510000000000000000e+13	2.000000000000000000e+01	2.105646418269370174e-03
3.160000000000000000e+13	2.000000000000000000e+01	2.653234657182912230e-03
3.980000000000000000e+13	2.000000000000000000e+01	3.341205734435607252e-03
5.010000000000000000e+13	2.000000000000000000e+01	4.198012661805891436e-03
6.310000000000000000e+13	2.000000000000000000e+01	5.280411614200161696e-03
7.940000000000000000e+13	2.000000000000000000e+01	6.636535288068440459e-03
1.000000000000000000e+14	2.000000000000000000e+01	8.411084882171118368e-03
1.260000000000000000e+14	2.000000000000000000e+01	1.081597695201848980e-02
1.580000000000000000e+14	2.000000000000000000e+01	1.400145301776738876e-02
2.000000000000000000e+14	2.000000000000000000e+01	1.845229412473510522e-02
2.510000000000000000e+14	2.000000000000000000e+01	2.387004578177742004e-02
3.160000000000000000e+14	2.000000000000000000e+01	2.978316736860846595e-02
3.980000000000000000e+14	2.000000000000000000e+01	3.496832998219089744e-02
5.010000000000000000e+14	2.000000000000000000e+01	3.825873851260937208e-02
6.310000000000000000e+14	2.000000000000000000e+01	3.974912283868466817e-02
7.940000000000000000e+14	2.000000000000000000e+01	3.746161750225030646e-02
1.000000000000000000e+15	2.000000000000000000e+01	3.211822793670156967e-02
1.260000000000000000e+15	2.000000000000000000e+01	2.669224129781503155e-02
1.580000000000000000e+15	2.000000000000000000e+01	1.800583905224334424e-02
2.000000000000000000e+15	2.000000000000000000e+01	8.260548141724898680e-03
2.510000000000000000e+15	2.000000000000000000e+01	7.536325714486987555e-04
3.160000000000000000e+15	2.000000000000000000e+01	-6.394014638451731534e-03
3.980000000000000000e+15	2.000000000000000000e+01	-1.241926810026329833e-02
5.010000000000000000e+15	2.000000000000000000e+01	-1.713207434759605324e-02
6.310000000000000000e+15	2.000000000000000000e+01	-2.055501606423134134e-02
7.940000000000000000e+15	2.000000000000000000e+01	-2.277416334939144291e-02
1.000000000000000000e+16	2.000000000000000000e+01	-2.395943697186065161e-02
1.260000000000000000e+16	2.000000000000000000e+01	-2.427813966102598461e-02
1.580000000000000000e+16	2.000000000000000000e+01	-2.394166039442506902e-02
2.000000000000000000e+16	2.000000000000000000e+01	-2.304200415678881592e-02
2.510000000000000000e+16	2.000000000000000000e+01	-2.183671731597784660e-02
3.160000000000000000e+16	2.000000000000000000e+01	-2.037316418588545550e-02
3.980000000000000000e+16	2.000000000000000000e+01	-1.876943101342489970e-02
5.010000000000000000e+16	2.000000000000000000e+01	-1.711457224664594129e-02
6.310000000000000000e+16	2.000000000000000000e+01	-1.545970287513708484e-02
7.940000000000000000e+16	2.000000000000000000e+01	-1.386248327285748497e-02
1.000000000000000000e+17	2.000000000000000000e+01	-1.233707719011527086e-02
1.000000000000000000e+11	2.200000000000000000e+01	9.334204448129591349e-06
1.258925411794166107e+11	2.200000000000000000e+01	1.176225952406203939e-05
1.584893192461110840e+11	2.200000000000000000e+01	1.483177427870873375e-05
1.995262314968882751e+11	2.200000000000000000e+01	1.872241963425586277e-05
2.511886431509582214e+11	2.200000000000000000e+01	2.367578799684565784e-05
3.162277660168379517e+11	2.200000000000000000e+01	3.002594950164573287e-05
3.981071705534969482e+11	2.200000000000000000e+01	3.823718583936974469e-05
5.011872336272714844e+11	2.200000000000000000e+01	4.890517811277587793e-05
6.309573444801943359e+11	2.200000000000000000e+01	6.230321463220765330e-05
7.943282347242821045e+11	2.200000000000000000e+01	6.993217953446821851e-05
1.000000000000000000e+12	2.200000000000000000e+01	8.163601142607355000e-05
1.260000000000000000e+12	2.200000000000000000e+01	1.072124051301743923e-04
1.580000000000000000e+12	2.200000000000000000e+01	1.348697152989288656e-04
2.000000000000000000e+12	2.200000000000000000e+01	1.704538959815660290e-04
2.510000000000000000e+12	2.200000000000000000e+01	2.139150882226327184e-04
3.160000000000000000e+12	2.200000000000000000e+01	2.698368797670738848e-04
3.980000000000000000e+12	2.200000000000000000e+01	3.387580322987310028e-04
5.010000000000000000e+12	2.200000000000000000e+01	4.260448222544793370e-04
6.310000000000000000e+12	2.200000000000000000e+01	5.378777417173006160e-04
7.940000000000000000e+12	2.200000000000000000e+01	6.751393046954019947e-04
1.000000000000000000e+13	2.200000000000000000e+01	8.491797576609357631e-04
1.260000000000000000e+13	2.200000000000000000e+01	1.070496714646530312e-03
1.580000000000000000e+13	2.200000000000000000e+01	1.341018364995748930e-03
2.000000000000000000e+13	2.200000000000000000e+01	1.696959933774729902e-03
2.510000000000000000e+13	2.200000000000000000e+01	2.133111590108664225e-03
3.160000000000000000e+13	2.200000000000000000e+01	2.687661230831671529e-03
3.980000000000000000e+13	2.200000000000000000e+01	3.385241555804785647e-03
5.010000000000000000e+13	2.200000000000000000e+01	4.258274727058770220e-03
6.310000000000000000e+13	2.200000000000000000e+01	5.341908333131947621e-03
7.940000000000000000e+13	2.200000000000000000e+01	6.724562951751614920e-03
1.000000000000000000e+14	2.200000000000000000e+01	8.537514842621227520e-03
1.260000000000000000e+14	2.200000000000000000e+01	1.095071425317300368e-02
1.580000000000000000e+14	2.200000000000000000e+01	1.416772151591056718e-02
2.000000000000000000e+14	2.200000000000000000e+01	1.870329544918303277e-02
2.510000000000000000e+14	2.200000000000000000e+01	2.401883975948456221e-02
3.160000000000000000e+14	2.200000000000000000e+01	3.001040189355687338e-02
3.980000000000000000e+14	2.200000000000000000e+01	3.552986322916124734e-02
5.010000000000000000e+14	2.200000000000000000e+01	3.961294533987375771e-02
6.310000000000000000e+14	2.200000000000000000e+01	4.043994042667702765e-02
7.940000000000000000e+14	2.200000000000000000e+01	3.757867547190923280e-02
1.000000000000000000e+15	2.200000000000000000e+01	3.248637103826262224e-02
1.260000000000000000e+15	2.200000000000000000e+01	2.433051564395342925e-02
1.580000000000000000e+15	2.200000000000000000e+01	1.617086616045716740e-02
2.000000000000000000e+15	2.200000000000000000e+01	8.612319486271651642e-03
2.510000000000000000e+15	2.200000000000000000e+01	6.446046192801336942e-04
3.160000000000000000e+15	2.200000000000000000e+01	-6.517145496554418473e-03
3.980000000000000000e+15	2.200000000000000000e+01	-1.252618169863025689e-02
5.010000000000000000e+15	2.200000000000000000e+01	-1.722000188718153524e-02
6.310000000000000000e+15	2.200000000000000000e+01	-2.062602801666676630e-02
7.940000000000000000e+15	2.200000000000000000e+01	-2.283059492739745316e-02
1.000000000000000000e+16	2.200000000000000000e+01	-2.400484704886952578e-02
1.260000000000000000e+16	2.200000000000000000e+01	-2.431430690612120665e-02
1.580000000000000000e+16	2.200000000000000000e+01	-2.397052214974455114e-02
2.000000000000000000e+16	2.200000000000000000e+01	-2.306483432270464012e-02
2.510000000000000000e+16	2.200000000000000000e+01	-2.185487208391971581e-02
3.160000000000000000e+16	2.200000000000000000e+01	-2.038722424968968799e-02
3.980000000000000000e+16	2.200000000000000000e+01	-1.878095216149412369e-02
5.010000000000000000e+16	2.200000000000000000e+01	-1.712357645009149679e-02
6.310000000000000000e+16	2.200000000000000000e+01	-1.546693630102649770e-02
7.940000000000000000e+16	2.200000000000000000e+01	-1.386823683377993131e-02
1.000000000000000000e+17	2.200000000000000000e+01	-1.234168474076126343e-02
