1.000000000000000000e+11	5.000000000000000000e-01	2.226274888454633305e-05
1.258925411794166107e+11	5.000000000000000000e-01	2.805508007094125947e-05
1.584893192461110840e+11	5.000000000000000000e-01	3.537743067259855305e-05
1.995262314968882751e+11	5.000000000000000000e-01	4.465695133147124857e-05
2.511886431509582214e+11	5.000000000000000000e-01	5.646760269400245917e-05
3.162277660168379517e+11	5.000000000000000000e-01	7.160642139280300829e-05
3.981071705534969482e+11	5.000000000000000000e-01	9.123723937724558572e-05
5.011872336272714844e+11	5.000000000000000000e-01	1.171153031837840469e-04
6.309573444801943359e+11	5.000000000000000000e-01	1.521532610375545599e-04
7.943282347242821045e+11	5.000000000000000000e-01	2.030034963481007980e-04
1.000000000000000000e+12	5.000000000000000000e-01	2.351240778355932705e-04
1.260000000000000000e+12	5.000000000000000000e-01	2.500031220916788875e-04
1.580000000000000000e+12	5.000000000000000000e-01	2.903050456828360740e-04
2.000000000000000000e+12	5.000000000000000000e-01	3.501412571517415720e-04
2.510000000000000000e+12	5.000000000000000000e-01	4.261608910696639907e-04
3.160000000000000000e+12	5.000000000000000000e-01	5.248974148415213497e-04
3.980000000000000000e+12	5.000000000000000000e-01	6.509316117425985185e-04
5.010000000000000000e+12	5.000000000000000000e-01	8.107196835471181060e-04
6.310000000000000000e+12	5.000000000000000000e-01	1.014325902044774328e-03
7.940000000000000000e+12	5.000000000000000000e-01	1.275010106090226913e-03
1.000000000000000000e+13	5.000000000000000000e-01	1.611917243171345944e-03
1.260000000000000000e+13	5.000000000000000000e-01	2.039217561448411487e-03
1.580000000000000000e+13	5.000000000000000000e-01	2.563714079180749554e-03
2.000000000000000000e+13	5.000000000000000000e-01	3.254351479510158955e-03
2.510000000000000000e+13	5.000000000000000000e-01	4.076032093639123631e-03
3.160000000000000000e+13	5.000000000000000000e-01	5.031455015578154000e-03
3.980000000000000000e+13	5.000000000000000000e-01	6.038537393357370185e-03
5.010000000000000000e+13	5.000000000000000000e-01	5.702278743507179296e-03
6.310000000000000000e+13	5.000000000000000000e-01	7.937050060033286683e-03
7.940000000000000000e+13	5.000000000000000000e-01	8.903993993541400864e-03
1.000000000000000000e+14	5.000000000000000000e-01	1.010651472132855812e-02
1.260000000000000000e+14	5.000000000000000000e-01	1.185649897623793775e-02
1.580000000000000000e+14	5.000000000000000000e-01	1.442070069818364268e-02
2.000000000000000000e+14	5.000000000000000000e-01	1.828382577837293910e-02
2.510000000000000000e+14	5.000000000000000000e-01	2.321048956201589644e-02
3.160000000000000000e+14	5.000000000000000000e-01	2.887077298688849394e-02
3.980000000000000000e+14	5.000000000000000000e-01	3.400254346383422416e-02
5.010000000000000000e+14	5.000000000000000000e-01	3.748004820491618316e-02
6.310000000000000000e+14	5.000000000000000000e-01	3.837551646300790126e-02
7.940000000000000000e+14	5.000000000000000000e-01	3.628109803576731740e-02
1.000000000000000000e+15	5.000000000000000000e-01	3.158036803420993799e-02
1.260000000000000000e+15	5.000000000000000000e-01	2.475680514833759546e-02
1.580000000000000000e+15	5.000000000000000000e-01	1.667962246629050085e-02
2.000000000000000000e+15	5.000000000000000000e-01	8.297761734557164079e-03
2.510000000000000000e+15	5.000000000000000000e-01	2.469966219752672745e-04
3.160000000000000000e+15	5.000000000000000000e-01	-7.080687568053445000e-03
3.980000000000000000e+15	5.000000000000000000e-01	-1.323592741609768732e-02
5.010000000000000000e+15	5.000000000000000000e-01	-1.804356586495595161e-02
6.310000000000000000e+15	5.000000000000000000e-01	-2.152830835364377346e-02
7.940000000000000000e+15	5.000000000000000000e-01	-2.377765303238065300e-02
1.000000000000000000e+16	5.000000000000000000e-01	-2.496674534481667374e-02
1.260000000000000000e+16	5.000000000000000000e-01	-2.526569035184930007e-02
1.580000000000000000e+16	5.000000000000000000e-01	-2.489282184524297184e-02
2.000000000000000000e+16	5.000000000000000000e-01	-2.394088357941033529e-02
2.510000000000000000e+16	5.000000000000000000e-01	-2.267707500076454954e-02
3.160000000000000000e+16	5.000000000000000000e-01	-2.114886665394639931e-02
3.980000000000000000e+16	5.000000000000000000e-01	-1.947797026476009649e-02
5.010000000000000000e+16	5.000000000000000000e-01	-1.775602254092127283e-02
6.310000000000000000e+16	5.000000000000000000e-01	-1.603590516856491857e-02
7.940000000000000000e+16	5.000000000000000000e-01	-1.437674120545587124e-02
1.000000000000000000e+17	5.000000000000000000e-01	-1.279292355601749885e-02
1.000000000000000000e+11	1.500000000000000000e+00	2.282513546597797960e-05
1.258925411794166107e+11	1.500000000000000000e+00	2.876351613614543562e-05
1.584893192461110840e+11	1.500000000000000000e+00	3.627012657947285211e-05
1.995262314968882751e+11	1.500000000000000000e+00	4.578250948529688377e-05
2.511886431509582214e+11	1.500000000000000000e+00	5.788765765298576325e-05
3.162277660168379517e+11	1.500000000000000000e+00	7.340124382788297108e-05
3.981071705534969482e+11	1.500000000000000000e+00	9.351320036175521985e-05
5.011872336272714844e+11	1.500000000000000000e+00	1.200136091606934227e-04
6.309573444801943359e+11	1.500000000000000000e+00	1.558937590593520146e-04
7.943282347242821045e+11	1.500000000000000000e+00	2.081512051393019278e-04
1.000000000000000000e+12	1.500000000000000000e+00	2.414209291317653166e-04
1.260000000000000000e+12	1.500000000000000000e+00	2.567463941225832814e-04
1.580000000000000000e+12	1.500000000000000000e+00	2.979478485702425142e-04
2.000000000000000000e+12	1.500000000000000000e+00	3.593253312354680561e-04
2.510000000000000000e+12	1.500000000000000000e+00	4.372710793264896942e-04
3.160000000000000000e+12	1.500000000000000000e+00	5.389055786346570124e-04
3.980000000000000000e+12	1.500000000000000000e+00	6.686723567975834870e-04
5.010000000000000000e+12	1.500000000000000000e+00	8.327457370548057214e-04
6.310000000000000000e+12	1.500000000000000000e+00	1.042522824930890678e-03
7.940000000000000000e+12	1.500000000000000000e+00	1.311130474158929762e-03
1.000000000000000000e+13	1.500000000000000000e+00	1.657947427562345881e-03
1.260000000000000000e+13	1.500000000000000000e+00	2.098896689624399087e-03
1.580000000000000000e+13	1.500000000000000000e+00	2.641712332577168549e-03
2.000000000000000000e+13	1.500000000000000000e+00	3.357448983904870194e-03
2.510000000000000000e+13	1.500000000000000000e+00	4.205859423576790990e-03
3.160000000000000000e+13	1.500000000000000000e+00	5.183680445515413161e-03
3.980000000000000000e+13	1.500000000000000000e+00	6.201418843677632305e-03
5.010000000000000000e+13	1.500000000000000000e+00	7.177408761475210716e-03
6.310000000000000000e+13	1.500000000000000000e+00	8.102627910193413094e-03
7.940000000000000000e+13	1.500000000000000000e+00	9.023776878145975053e-03
1.000000000000000000e+14	1.500000000000000000e+00	1.016265982136698928e-02
1.260000000000000000e+14	1.500000000000000000e+00	1.182880564573562769e-02
1.580000000000000000e+14	1.500000000000000000e+00	1.432206192224514188e-02
2.000000000000000000e+14	1.500000000000000000e+00	1.820946522898176517e-02
2.510000000000000000e+14	1.500000000000000000e+00	2.313158038163370955e-02
3.160000000000000000e+14	1.500000000000000000e+00	2.866046464316517745e-02
3.980000000000000000e+14	1.500000000000000000e+00	3.380914226146154028e-02
5.010000000000000000e+14	1.500000000000000000e+00	3.728790493179560961e-02
6.310000000000000000e+14	1.500000000000000000e+00	3.828884992977583251e-02
7.940000000000000000e+14	1.500000000000000000e+00	3.636610166129914529e-02
1.000000000000000000e+15	1.500000000000000000e+00	3.128735492327357204e-02
1.260000000000000000e+15	1.500000000000000000e+00	2.445431862090280753e-02
1.580000000000000000e+15	1.500000000000000000e+00	1.677909022222252161e-02
2.000000000000000000e+15	1.500000000000000000e+00	8.292277487454587787e-03
2.510000000000000000e+15	1.500000000000000000e+00	2.333800947704224040e-04
3.160000000000000000e+15	1.500000000000000000e+00	-7.093548905799027665e-03
3.980000000000000000e+15	1.500000000000000000e+00	-1.324711121106948546e-02
5.010000000000000000e+15	1.500000000000000000e+00	-1.805284743989018018e-02
6.310000000000000000e+15	1.500000000000000000e+00	-2.153585996945012876e-02
7.940000000000000000e+15	1.500000000000000000e+00	-2.378373436659457496e-02
1.000000000000000000e+16	1.500000000000000000e+00	-2.497162038821884589e-02
1.260000000000000000e+16	1.500000000000000000e+00	-2.526967436629165217e-02
1.580000000000000000e+16	1.500000000000000000e+00	-2.489592510915261334e-02
2.000000000000000000e+16	1.500000000000000000e+00	-2.394334487340759807e-02
2.510000000000000000e+16	1.500000000000000000e+00	-2.267904036706957019e-02
3.160000000000000000e+16	1.500000000000000000e+00	-2.115000010689054716e-02
3.980000000000000000e+16	1.500000000000000000e+00	-1.947921140042086288e-02
5.010000000000000000e+16	1.500000000000000000e+00	-1.775699460026284454e-02
6.310000000000000000e+16	1.500000000000000000e+00	-1.603670532244373323e-02
7.940000000000000000e+16	1.500000000000000000e+00	-1.437733407256994514e-02
1.000000000000000000e+17	1.500000000000000000e+00	-1.279343413821144339e-02
1.000000000000000000e+11	2.500000000000000000e+00	2.286062307943372544e-05
1.258925411794166107e+11	2.500000000000000000e+00	2.880767258641676117e-05
1.584893192461110840e+11	2.500000000000000000e+00	3.632460825828250707e-05
1.995262314968882751e+11	2.500000000000000000e+00	4.584879652115635644e-05
2.511886431509582214e+11	2.500000000000000000e+00	5.796691146339072481e-05
3.162277660168379517e+11	2.500000000000000000e+00	7.349161197239287779e-05
3.981071705534969482e+11	2.500000000000000000e+00	9.360458385063169387e-05
5.011872336272714844e+11	2.500000000000000000e+00	1.200843139171334012e-04
6.309573444801943359e+11	2.500000000000000000e+00	1.558598101695067583e-04
7.943282347242821045e+11	2.500000000000000000e+00	2.075211987447411039e-04
1.000000000000000000e+12	2.500000000000000000e+00	2.408956558070951288e-04
1.260000000000000000e+12	2.500000000000000000e+00	2.574968266835286684e-04
1.580000000000000000e+12	2.500000000000000000e+00	2.999683484522304606e-04
2.000000000000000000e+12	2.500000000000000000e+00	3.628524166641130307e-04
2.510000000000000000e+12	2.500000000000000000e+00	4.423674836725128364e-04
3.160000000000000000e+12	2.500000000000000000e+00	5.455102375231201230e-04
3.980000000000000000e+12	2.500000000000000000e+00	6.771090925834610374e-04
5.010000000000000000e+12	2.500000000000000000e+00	8.439543026723379891e-04
6.310000000000000000e+12	2.500000000000000000e+00	1.056673174897096532e-03
7.940000000000000000e+12	2.500000000000000000e+00	1.329358600288827645e-03
1.000000000000000000e+13	2.500000000000000000e+00	1.682688633684247545e-03
1.260000000000000000e+13	2.500000000000000000e+00	2.133546568001419390e-03
1.580000000000000000e+13	2.500000000000000000e+00	2.684685337912218195e-03
2.000000000000000000e+13	2.500000000000000000e+00	3.409534413274228730e-03
2.510000000000000000e+13	2.500000000000000000e+00	4.275826948057599372e-03
3.160000000000000000e+13	2.500000000000000000e+00	5.273602425275217449e-03
3.980000000000000000e+13	2.500000000000000000e+00	6.302481305189404533e-03
5.010000000000000000e+13	2.500000000000000000e+00	7.254352865346367848e-03
6.310000000000000000e+13	2.500000000000000000e+00	8.117636412373561636e-03
7.940000000000000000e+13	2.500000000000000000e+00	9.006104097874473302e-03
1.000000000000000000e+14	2.500000000000000000e+00	1.012084092530159303e-02
1.260000000000000000e+14	2.500000000000000000e+00	1.175829256941183197e-02
1.580000000000000000e+14	2.500000000000000000e+00	1.425212279286311966e-02
2.000000000000000000e+14	2.500000000000000000e+00	1.810560669964626779e-02
2.510000000000000000e+14	2.500000000000000000e+00	2.298725395227608007e-02
3.160000000000000000e+14	2.500000000000000000e+00	2.852927101193377529e-02
3.980000000000000000e+14	2.500000000000000000e+00	3.385584576052171751e-02
5.010000000000000000e+14	2.500000000000000000e+00	3.744322859258129160e-02
6.310000000000000000e+14	2.500000000000000000e+00	3.803542130477147870e-02
7.940000000000000000e+14	2.500000000000000000e+00	3.576881561585531361e-02
1.000000000000000000e+15	2.500000000000000000e+00	3.113780085513260729e-02
1.260000000000000000e+15	2.500000000000000000e+00	2.417371176045953612e-02
1.580000000000000000e+15	2.500000000000000000e+00	1.612166619740354814e-02
2.000000000000000000e+15	2.500000000000000000e+00	8.007412602144154193e-03
2.510000000000000000e+15	2.500000000000000000e+00	7.594408363423479490e-05
3.160000000000000000e+15	2.500000000000000000e+00	-7.158969537105137546e-03
3.980000000000000000e+15	2.500000000000000000e+00	-1.324222943468830217e-02
5.010000000000000000e+15	2.500000000000000000e+00	-1.799548602288852939e-02
6.310000000000000000e+15	2.500000000000000000e+00	-2.143979285277786140e-02
7.940000000000000000e+15	2.500000000000000000e+00	-2.366112643762167955e-02
1.000000000000000000e+16	2.500000000000000000e+00	-2.483197531478722672e-02
1.260000000000000000e+16	2.500000000000000000e+00	-2.512104878204851274e-02
1.580000000000000000e+16	2.500000000000000000e+00	-2.474473088383572286e-02
2.000000000000000000e+16	2.500000000000000000e+00	-2.379438018587501022e-02
2.510000000000000000e+16	2.500000000000000000e+00	-2.253549903229054574e-02
3.160000000000000000e+16	2.500000000000000000e+00	-2.101419829091549785e-02
3.980000000000000000e+16	2.500000000000000000e+00	-1.935299640817420355e-02
5.010000000000000000e+16	2.500000000000000000e+00	-1.764097112536381143e-02
6.310000000000000000e+16	2.500000000000000000e+00	-1.593063865183379918e-02
7.940000000000000000e+16	2.500000000000000000e+00	-1.428222891040448021e-02
1.000000000000000000e+17	2.500000000000000000e+00	-1.270842683979141186e-02
1.000000000000000000e+11	3.500000000000000000e+00	2.250327335350653542e-05
1.258925411794166107e+11	3.500000000000000000e+00	2.835688738317549337e-05
1.584893192461110840e+11	3.500000000000000000e+00	3.575499552406811261e-05
1.995262314968882751e+11	3.500000000000000000e+00	4.512698545096091276e-05
2.511886431509582214e+11	3.500000000000000000e+00	5.704963313780123590e-05
3.162277660168379517e+11	3.500000000000000000e+00	7.231814380999248681e-05
3.981071705534969482e+11	3.500000000000000000e+00	9.208046197862665818e-05
5.011872336272714844e+11	3.500000000000000000e+00	1.180791308907882988e-04
6.309573444801943359e+11	3.500000000000000000e+00	1.530841251427032747e-04
7.943282347242821045e+11	3.500000000000000000e+00	2.027521010414649622e-04
1.000000000000000000e+12	3.500000000000000000e+00	2.357723919365181577e-04
1.260000000000000000e+12	3.500000000000000000e+00	2.545243661372248185e-04
1.580000000000000000e+12	3.500000000000000000e+00	2.978444724006822282e-04
2.000000000000000000e+12	3.500000000000000000e+00	3.608851982638016688e-04
2.510000000000000000e+12	3.500000000000000000e+00	4.403514902326436634e-04
3.160000000000000000e+12	3.500000000000000000e+00	5.435212993928249196e-04
3.980000000000000000e+12	3.500000000000000000e+00	6.751514311812332157e-04
5.010000000000000000e+12	3.500000000000000000e+00	8.418761651975511422e-04
6.310000000000000000e+12	3.500000000000000000e+00	1.054685691948080081e-03
7.940000000000000000e+12	3.500000000000000000e+00	1.327570682709110304e-03
1.000000000000000000e+13	3.500000000000000000e+00	1.681321627305330454e-03
1.260000000000000000e+13	3.500000000000000000e+00	2.130828502267766850e-03
1.580000000000000000e+13	3.500000000000000000e+00	2.686440965473380071e-03
2.000000000000000000e+13	3.500000000000000000e+00	3.418584191594647818e-03
2.510000000000000000e+13	3.500000000000000000e+00	4.279996672139426035e-03
3.160000000000000000e+13	3.500000000000000000e+00	5.266702076933750011e-03
3.980000000000000000e+13	3.500000000000000000e+00	6.295661849572966803e-03
5.010000000000000000e+13	3.500000000000000000e+00	7.250983077800090063e-03
6.310000000000000000e+13	3.500000000000000000e+00	8.106658641041300864e-03
7.940000000000000000e+13	3.500000000000000000e+00	8.977790980587381509e-03
1.000000000000000000e+14	3.500000000000000000e+00	1.009719301410111347e-02
1.260000000000000000e+14	3.500000000000000000e+00	1.177598152413806935e-02
1.580000000000000000e+14	3.500000000000000000e+00	1.426588602627245836e-02
2.000000000000000000e+14	3.500000000000000000e+00	1.810599988869242977e-02
2.510000000000000000e+14	3.500000000000000000e+00	2.309220262164606366e-02
3.160000000000000000e+14	3.500000000000000000e+00	2.867833009443555847e-02
3.980000000000000000e+14	3.500000000000000000e+00	3.317508612351935393e-02
5.010000000000000000e+14	3.500000000000000000e+00	3.710606657346055687e-02
6.310000000000000000e+14	3.500000000000000000e+00	3.826039739140843499e-02
7.940000000000000000e+14	3.500000000000000000e+00	3.613434913620799938e-02
1.000000000000000000e+15	3.500000000000000000e+00	3.128185042981362213e-02
1.260000000000000000e+15	3.500000000000000000e+00	2.468085234930737434e-02
1.580000000000000000e+15	3.500000000000000000e+00	1.685991996647393659e-02
2.000000000000000000e+15	3.500000000000000000e+00	8.340991107906998298e-03
2.510000000000000000e+15	3.500000000000000000e+00	2.677828287130554186e-04
3.160000000000000000e+15	3.500000000000000000e+00	-7.068740508630352685e-03
3.980000000000000000e+15	3.500000000000000000e+00	-1.322832777652841081e-02
5.010000000000000000e+15	3.500000000000000000e+00	-1.803835450325572826e-02
6.310000000000000000e+15	3.500000000000000000e+00	-2.152456360251825060e-02
7.940000000000000000e+15	3.500000000000000000e+00	-2.377537448564598366e-02
1.000000000000000000e+16	3.500000000000000000e+00	-2.496461332171726055e-02
1.260000000000000000e+16	3.500000000000000000e+00	-2.526404325534029743e-02
1.580000000000000000e+16	3.500000000000000000e+00	-2.489152679835325566e-02
2.000000000000000000e+16	3.500000000000000000e+00	-2.393987612578479460e-02
2.510000000000000000e+16	3.500000000000000000e+00	-2.267628229232611370e-02
3.160000000000000000e+16	3.500000000000000000e+00	-2.114780868542113362e-02
3.980000000000000000e+16	3.500000000000000000e+00	-1.947747139065700989e-02
5.010000000000000000e+16	3.500000000000000000e+00	-1.775580689024528272e-02
6.310000000000000000e+16	3.500000000000000000e+00	-1.603560499260317865e-02
7.940000000000000000e+16	3.500000000000000000e+00	-1.437646250772090656e-02
1.000000000000000000e+17	3.500000000000000000e+00	-1.279274283638546887e-02
1.000000000000000000e+11	4.500000000000000000e+00	2.193096160255621351e-05
1.258925411794166107e+11	4.500000000000000000e+00	2.763491813030270820e-05
1.584893192461110840e+11	4.500000000000000000e+00	3.484360123024619692e-05
1.995262314968882751e+11	4.500000000000000000e+00	4.397479669703928255e-05
2.511886431509582214e+11	4.500000000000000000e+00	5.558825025724418485e-05
3.162277660168379517e+11	4.500000000000000000e+00	7.045651005858555500e-05
3.981071705534969482e+11	4.500000000000000000e+00	8.968954672878671575e-05
5.011872336272714844e+11	4.500000000000000000e+00	1.149587465657154502e-04
6.309573444801943359e+11	4.500000000000000000e+00	1.488601290062152777e-04
7.943282347242821045e+11	4.500000000000000000e+00	1.959180856540599931e-04
1.000000000000000000e+12	4.500000000000000000e+00	2.284802315582989919e-04
1.260000000000000000e+12	4.500000000000000000e+00	2.490187136803799777e-04
1.580000000000000000e+12	4.500000000000000000e+00	2.924824897936734430e-04
2.000000000000000000e+12	4.500000000000000000e+00	3.550868600046064370e-04
2.510000000000000000e+12	4.500000000000000000e+00	4.338581945173140050e-04
3.160000000000000000e+12	4.500000000000000000e+00	5.362614644717568534e-04
3.980000000000000000e+12	4.500000000000000000e+00	6.668041166817157295e-04
5.010000000000000000e+12	4.500000000000000000e+00	8.323326650500445208e-04
6.310000000000000000e+12	4.500000000000000000e+00	1.044280257206907109e-03
7.940000000000000000e+12	4.500000000000000000e+00	1.316292681398302956e-03
1.000000000000000000e+13	4.500000000000000000e+00	1.667131955879611440e-03
1.260000000000000000e+13	4.500000000000000000e+00	2.113997940258891418e-03
1.580000000000000000e+13	4.500000000000000000e+00	2.664235741432679615e-03
2.000000000000000000e+13	4.500000000000000000e+00	3.386376039653153560e-03
2.510000000000000000e+13	4.500000000000000000e+00	4.247128190978666229e-03
3.160000000000000000e+13	4.500000000000000000e+00	5.229232961157208835e-03
3.980000000000000000e+13	4.500000000000000000e+00	6.225905387620629498e-03
5.010000000000000000e+13	4.500000000000000000e+00	7.167192391154416330e-03
6.310000000000000000e+13	4.500000000000000000e+00	8.031535646930812108e-03
7.940000000000000000e+13	4.500000000000000000e+00	8.889976658709016974e-03
1.000000000000000000e+14	4.500000000000000000e+00	9.963918384232866438e-03
1.260000000000000000e+14	4.500000000000000000e+00	1.162032249216495179e-02
1.580000000000000000e+14	4.500000000000000000e+00	1.415142875178400025e-02
2.000000000000000000e+14	4.500000000000000000e+00	1.801659900280887933e-02
2.510000000000000000e+14	4.500000000000000000e+00	2.291286624186888998e-02
3.160000000000000000e+14	4.500000000000000000e+00	2.864860346739236605e-02
3.980000000000000000e+14	4.500000000000000000e+00	3.400838859239116441e-02
5.010000000000000000e+14	4.500000000000000000e+00	3.756465068631781312e-02
6.310000000000000000e+14	4.500000000000000000e+00	3.857899536969535553e-02
7.940000000000000000e+14	4.500000000000000000e+00	3.655339656412542881e-02
1.000000000000000000e+15	4.500000000000000000e+00	3.160489629453681198e-02
1.260000000000000000e+15	4.500000000000000000e+00	2.454031370148750460e-02
1.580000000000000000e+15	4.500000000000000000e+00	1.660540506494148638e-02
2.000000000000000000e+15	4.500000000000000000e+00	8.253180490464320784e-03
2.510000000000000000e+15	4.500000000000000000e+00	2.159053998497920980e-04
3.160000000000000000e+15	4.500000000000000000e+00	-7.103438421925555371e-03
3.980000000000000000e+15	4.500000000000000000e+00	-1.325316376711405293e-02
5.010000000000000000e+15	4.500000000000000000e+00	-1.805688046015273621e-02
6.310000000000000000e+15	4.500000000000000000e+00	-2.153869743426823150e-02
7.940000000000000000e+15	4.500000000000000000e+00	-2.378632387535443635e-02
1.000000000000000000e+16	4.500000000000000000e+00	-2.497318534868988096e-02
1.260000000000000000e+16	4.500000000000000000e+00	-2.527077255569085829e-02
1.580000000000000000e+16	4.500000000000000000e+00	-2.489686471646011465e-02
2.000000000000000000e+16	4.500000000000000000e+00	-2.394407469605398103e-02
2.510000000000000000e+16	4.500000000000000000e+00	-2.267963976061832670e-02
3.160000000000000000e+16	4.500000000000000000e+00	-2.115046092931707755e-02
3.980000000000000000e+16	4.500000000000000000e+00	-1.947956733130381049e-02
5.010000000000000000e+16	4.500000000000000000e+00	-1.775728854290705566e-02
6.310000000000000000e+16	4.500000000000000000e+00	-1.603693570906594701e-02
7.940000000000000000e+16	4.500000000000000000e+00	-1.437751223633786275e-02
1.000000000000000000e+17	4.500000000000000000e+00	-1.279355529635221693e-02
1.000000000000000000e+11	5.500000000000000000e+00	2.095457899956090843e-05
1.258925411794166107e+11	5.500000000000000000e+00	2.640440164178416564e-05
1.584893192461110840e+11	5.500000000000000000e+00	3.329164701645710489e-05
1.995262314968882751e+11	5.500000000000000000e+00	4.201545841036357959e-05
2.511886431509582214e+11	5.500000000000000000e+00	5.310939113027538048e-05
3.162277660168379517e+11	5.500000000000000000e+00	6.731106519258157786e-05
3.981071705534969482e+11	5.500000000000000000e+00	8.567503580079175634e-05
5.011872336272714844e+11	5.500000000000000000e+00	1.097801801723118396e-04
6.309573444801943359e+11	5.500000000000000000e+00	1.420128958295554286e-04
7.943282347242821045e+11	5.500000000000000000e+00	1.856864154507103029e-04
1.000000000000000000e+12	5.500000000000000000e+00	2.164898735289925416e-04
1.260000000000000000e+12	5.500000000000000000e+00	2.378929563328038735e-04
1.580000000000000000e+12	5.500000000000000000e+00	2.806678162728453384e-04
2.000000000000000000e+12	5.500000000000000000e+00	3.418147376880809399e-04
2.510000000000000000e+12	5.500000000000000000e+00	4.198517368015337414e-04
3.160000000000000000e+12	5.500000000000000000e+00	5.197431377999466116e-04
3.980000000000000000e+12	5.500000000000000000e+00	6.460243451592876870e-04
5.010000000000000000e+12	5.500000000000000000e+00	8.069238929220410748e-04
6.310000000000000000e+12	5.500000000000000000e+00	1.011893756764751162e-03
7.940000000000000000e+12	5.500000000000000000e+00	1.275254893866031511e-03
1.000000000000000000e+13	5.500000000000000000e+00	1.615497867149756324e-03
1.260000000000000000e+13	5.500000000000000000e+00	2.048013340789873755e-03
1.580000000000000000e+13	5.500000000000000000e+00	2.589711396303154538e-03
2.000000000000000000e+13	5.500000000000000000e+00	3.293146236040783541e-03
2.510000000000000000e+13	5.500000000000000000e+00	4.113581956742206995e-03
3.160000000000000000e+13	5.500000000000000000e+00	5.091492832926329017e-03
3.980000000000000000e+13	5.500000000000000000e+00	6.096598494426367851e-03
5.010000000000000000e+13	5.500000000000000000e+00	6.995869722551124013e-03
6.310000000000000000e+13	5.500000000000000000e+00	7.835792449356900058e-03
7.940000000000000000e+13	5.500000000000000000e+00	8.714809726160368392e-03
1.000000000000000000e+14	5.500000000000000000e+00	9.866796431727928307e-03
1.260000000000000000e+14	5.500000000000000000e+00	1.157035526455160897e-02
1.580000000000000000e+14	5.500000000000000000e+00	1.412693888620810377e-02
2.000000000000000000e+14	5.500000000000000000e+00	1.813249520469327122e-02
2.510000000000000000e+14	5.500000000000000000e+00	2.302013621957905293e-02
3.160000000000000000e+14	5.500000000000000000e+00	2.859636289921576799e-02
3.980000000000000000e+14	5.500000000000000000e+00	3.381186853917382551e-02
5.010000000000000000e+14	5.500000000000000000e+00	3.711582269147795099e-02
6.310000000000000000e+14	5.500000000000000000e+00	3.806481168591979020e-02
7.940000000000000000e+14	5.500000000000000000e+00	3.610991854702758075e-02
1.000000000000000000e+15	5.500000000000000000e+00	3.144902540527994006e-02
1.260000000000000000e+15	5.500000000000000000e+00	2.468059257746892110e-02
1.580000000000000000e+15	5.500000000000000000e+00	1.664053202589551098e-02
2.000000000000000000e+15	5.500000000000000000e+00	8.293288650673597689e-03
2.510000000000000000e+15	5.500000000000000000e+00	2.808473268556907097e-04
3.160000000000000000e+15	5.500000000000000000e+00	-7.004718441303250942e-03
3.980000000000000000e+15	5.500000000000000000e+00	-1.312378445679531803e-02
5.010000000000000000e+15	5.500000000000000000e+00	-1.790286279254325874e-02
6.310000000000000000e+15	5.500000000000000000e+00	-2.136707060668904118e-02
7.940000000000000000e+15	5.500000000000000000e+00	-2.360372742113416716e-02
1.000000000000000000e+16	5.500000000000000000e+00	-2.478658026105598489e-02
1.260000000000000000e+16	5.500000000000000000e+00	-2.508513576964496727e-02
1.580000000000000000e+16	5.500000000000000000e+00	-2.471612694911490965e-02
2.000000000000000000e+16	5.500000000000000000e+00	-2.377180729279700089e-02
2.510000000000000000e+16	5.500000000000000000e+00	-2.251752899247634263e-02
3.160000000000000000e+16	5.500000000000000000e+00	-2.100008628186924090e-02
3.980000000000000000e+16	5.500000000000000000e+00	-1.934165177287004711e-02
5.010000000000000000e+16	5.500000000000000000e+00	-1.763200033311356288e-02
6.310000000000000000e+16	5.500000000000000000e+00	-1.592349286595402119e-02
7.940000000000000000e+16	5.500000000000000000e+00	-1.427659861865535409e-02
1.000000000000000000e+17	5.500000000000000000e+00	-1.270390413317053213e-02
1.000000000000000000e+11	6.500000000000000000e+00	1.987071534944142006e-05
1.258925411794166107e+11	6.500000000000000000e+00	2.503836649386216451e-05
1.584893192461110840e+11	6.500000000000000000e+00	3.160939395640692713e-05
1.995262314968882751e+11	6.500000000000000000e+00	3.983981148059677818e-05
2.511886431509582214e+11	6.500000000000000000e+00	5.035725828938356660e-05
3.162277660168379517e+11	6.500000000000000000e+00	6.381744424817030307e-05
3.981071705534969482e+11	6.500000000000000000e+00	8.121643470191968644e-05
5.011872336272714844e+11	6.500000000000000000e+00	1.040252400485591359e-04
6.309573444801943359e+11	6.500000000000000000e+00	1.343910619242854774e-04
7.943282347242821045e+11	6.500000000000000000e+00	1.741436456174824112e-04
1.000000000000000000e+12	6.500000000000000000e+00	2.034937934643411448e-04
1.260000000000000000e+12	6.500000000000000000e+00	2.264875893693698379e-04
1.580000000000000000e+12	6.500000000000000000e+00	2.690259283740118281e-04
2.000000000000000000e+12	6.500000000000000000e+00	3.289786647572285998e-04
2.510000000000000000e+12	6.500000000000000000e+00	4.015086737434741702e-04
3.160000000000000000e+12	6.500000000000000000e+00	4.973979095173623657e-04
3.980000000000000000e+12	6.500000000000000000e+00	6.214345909011417379e-04
5.010000000000000000e+12	6.500000000000000000e+00	7.775029280402843881e-04
6.310000000000000000e+12	6.500000000000000000e+00	9.739191315015733675e-04
7.940000000000000000e+12	6.500000000000000000e+00	8.729025426705493921e-04
1.000000000000000000e+13	6.500000000000000000e+00	1.548004459350063589e-03
1.260000000000000000e+13	6.500000000000000000e+00	1.975389629822201908e-03
1.580000000000000000e+13	6.500000000000000000e+00	2.488696586551761465e-03
2.000000000000000000e+13	6.500000000000000000e+00	3.168903955036170197e-03
2.510000000000000000e+13	6.500000000000000000e+00	3.976159101530798469e-03
3.160000000000000000e+13	6.500000000000000000e+00	4.895169623393683458e-03
3.980000000000000000e+13	6.500000000000000000e+00	5.861676500073322721e-03
5.010000000000000000e+13	6.500000000000000000e+00	6.780951190658718319e-03
6.310000000000000000e+13	6.500000000000000000e+00	7.595340610431215028e-03
7.940000000000000000e+13	6.500000000000000000e+00	8.491303286901001612e-03
1.000000000000000000e+14	6.500000000000000000e+00	9.670185802832373043e-03
1.260000000000000000e+14	6.500000000000000000e+00	1.141037005333689520e-02
1.580000000000000000e+14	6.500000000000000000e+00	1.401386070477972021e-02
2.000000000000000000e+14	6.500000000000000000e+00	1.787774074615697956e-02
2.510000000000000000e+14	6.500000000000000000e+00	2.313957786166068523e-02
3.160000000000000000e+14	6.500000000000000000e+00	2.886719788641071288e-02
3.980000000000000000e+14	6.500000000000000000e+00	3.378234369688791483e-02
5.010000000000000000e+14	6.500000000000000000e+00	3.741229364508230626e-02
6.310000000000000000e+14	6.500000000000000000e+00	3.839585825622540000e-02
7.940000000000000000e+14	6.500000000000000000e+00	3.632007579002530240e-02
1.000000000000000000e+15	6.500000000000000000e+00	3.129225356517148504e-02
1.260000000000000000e+15	6.500000000000000000e+00	2.409264108412533315e-02
1.580000000000000000e+15	6.500000000000000000e+00	1.577438104436556729e-02
2.000000000000000000e+15	6.500000000000000000e+00	7.430448138050417539e-03
2.510000000000000000e+15	6.500000000000000000e+00	-9.049945968429193549e-05
3.160000000000000000e+15	6.500000000000000000e+00	-7.156681293211480076e-03
3.980000000000000000e+15	6.500000000000000000e+00	-1.312359351259755579e-02
5.010000000000000000e+15	6.500000000000000000e+00	-1.779212162205004444e-02
6.310000000000000000e+15	6.500000000000000000e+00	-2.117671504031597846e-02
7.940000000000000000e+15	6.500000000000000000e+00	-2.335887022328338516e-02
1.000000000000000000e+16	6.500000000000000000e+00	-2.450761476112340784e-02
1.260000000000000000e+16	6.500000000000000000e+00	-2.478818429405500040e-02
1.580000000000000000e+16	6.500000000000000000e+00	-2.441370197273251552e-02
2.000000000000000000e+16	6.500000000000000000e+00	-2.347384721800819737e-02
2.510000000000000000e+16	6.500000000000000000e+00	-2.223039415250712206e-02
3.160000000000000000e+16	6.500000000000000000e+00	-2.072873447846591485e-02
3.980000000000000000e+16	6.500000000000000000e+00	-1.908914585844801587e-02
5.010000000000000000e+16	6.500000000000000000e+00	-1.739989534094675550e-02
6.310000000000000000e+16	6.500000000000000000e+00	-1.571309689559590231e-02
7.940000000000000000e+16	6.500000000000000000e+00	-1.408636322939401005e-02
1.000000000000000000e+17	6.500000000000000000e+00	-1.253389018668018412e-02
1.000000000000000000e+11	7.500000000000000000e+00	1.875768135859414907e-05
1.258925411794166107e+11	7.500000000000000000e+00	2.363578584788939978e-05
1.584893192461110840e+11	7.500000000000000000e+00	2.980009874326814578e-05
1.995262314968882751e+11	7.500000000000000000e+00	3.760719048383274181e-05
2.511886431509582214e+11	7.500000000000000000e+00	4.753482759649327121e-05
3.162277660168379517e+11	7.500000000000000000e+00	6.023953231098171492e-05
3.981071705534969482e+11	7.500000000000000000e+00	7.665882682100353307e-05
5.011872336272714844e+11	7.500000000000000000e+00	9.816599288564728173e-05
6.309573444801943359e+11	7.500000000000000000e+00	1.266958489541682956e-04
7.943282347242821045e+11	7.500000000000000000e+00	1.630321536004405200e-04
1.000000000000000000e+12	7.500000000000000000e+00	1.896072736946322274e-04
1.260000000000000000e+12	7.500000000000000000e+00	2.129787830619316014e-04
1.580000000000000000e+12	7.500000000000000000e+00	2.541679356537659669e-04
2.000000000000000000e+12	7.500000000000000000e+00	3.126056261241779289e-04
2.510000000000000000e+12	7.500000000000000000e+00	3.848542349271941924e-04
3.160000000000000000e+12	7.500000000000000000e+00	4.777787073318569234e-04
3.980000000000000000e+12	7.500000000000000000e+00	5.976789795765217106e-04
5.010000000000000000e+12	7.500000000000000000e+00	7.472416921004778907e-04
6.310000000000000000e+12	7.500000000000000000e+00	9.386384982968136361e-04
7.940000000000000000e+12	7.500000000000000000e+00	1.182049375913802377e-03
1.000000000000000000e+13	7.500000000000000000e+00	1.496875831439107825e-03
1.260000000000000000e+13	7.500000000000000000e+00	1.901376099170686181e-03
1.580000000000000000e+13	7.500000000000000000e+00	2.396268654826441778e-03
2.000000000000000000e+13	7.500000000000000000e+00	3.040895029061017538e-03
2.510000000000000000e+13	7.500000000000000000e+00	3.821411226663882794e-03
3.160000000000000000e+13	7.500000000000000000e+00	4.722289461096278521e-03
3.980000000000000000e+13	7.500000000000000000e+00	5.657069218501635868e-03
5.010000000000000000e+13	7.500000000000000000e+00	6.573587325570131278e-03
6.310000000000000000e+13	7.500000000000000000e+00	7.465944548921675007e-03
7.940000000000000000e+13	7.500000000000000000e+00	8.413174454086159992e-03
1.000000000000000000e+14	7.500000000000000000e+00	9.626222311867129594e-03
1.260000000000000000e+14	7.500000000000000000e+00	1.144959724071195964e-02
1.580000000000000000e+14	7.500000000000000000e+00	1.416079100641816531e-02
2.000000000000000000e+14	7.500000000000000000e+00	1.817773033538603103e-02
2.510000000000000000e+14	7.500000000000000000e+00	2.317366426673432567e-02
3.160000000000000000e+14	7.500000000000000000e+00	2.904081131950877678e-02
3.980000000000000000e+14	7.500000000000000000e+00	3.465268546570710040e-02
5.010000000000000000e+14	7.500000000000000000e+00	3.825353842358997225e-02
6.310000000000000000e+14	7.500000000000000000e+00	3.896053605957617433e-02
7.940000000000000000e+14	7.500000000000000000e+00	3.701665720213504623e-02
1.000000000000000000e+15	7.500000000000000000e+00	3.247570019499361471e-02
1.260000000000000000e+15	7.500000000000000000e+00	2.557824306420782359e-02
1.580000000000000000e+15	7.500000000000000000e+00	1.964013900520618014e-02
2.000000000000000000e+15	7.500000000000000000e+00	1.211181954409389083e-02
2.510000000000000000e+15	7.500000000000000000e+00	1.979418428276558464e-03
3.160000000000000000e+15	7.500000000000000000e+00	-6.144689629031939437e-03
3.980000000000000000e+15	7.500000000000000000e+00	-1.282325673823923179e-02
5.010000000000000000e+15	7.500000000000000000e+00	-1.800391300125968666e-02
6.310000000000000000e+15	7.500000000000000000e+00	-2.175814891104441151e-02
7.940000000000000000e+15	7.500000000000000000e+00	-2.419653849005488910e-02
1.000000000000000000e+16	7.500000000000000000e+00	-2.551211149940877873e-02
1.260000000000000000e+16	7.500000000000000000e+00	-2.588793980141565823e-02
1.580000000000000000e+16	7.500000000000000000e+00	-2.555332817071380783e-02
2.000000000000000000e+16	7.500000000000000000e+00	-2.461049564879468077e-02
2.510000000000000000e+16	7.500000000000000000e+00	-2.333496837723163936e-02
3.160000000000000000e+16	7.500000000000000000e+00	-2.177923046851164279e-02
3.980000000000000000e+16	7.500000000000000000e+00	-2.007151063421867138e-02
5.010000000000000000e+16	7.500000000000000000e+00	-1.830624293154559795e-02
6.310000000000000000e+16	7.500000000000000000e+00	-1.653961771624568380e-02
7.940000000000000000e+16	7.500000000000000000e+00	-1.483333076448142308e-02
1.000000000000000000e+17	7.500000000000000000e+00	-1.320298158660930012e-02
1.000000000000000000e+11	9.000000000000000000e+00	1.693336485238139218e-05
1.258925411794166107e+11	9.000000000000000000e+00	2.133581592684344523e-05
1.584893192461110840e+11	9.000000000000000000e+00	2.689951220304978777e-05
1.995262314968882751e+11	9.000000000000000000e+00	3.394574204066132619e-05
2.511886431509582214e+11	9.000000000000000000e+00	4.290462913108076279e-05
3.162277660168379517e+11	9.000000000000000000e+00	5.436459841486119188e-05
3.981071705534969482e+11	9.000000000000000000e+00	6.916474233148579528e-05
5.011872336272714844e+11	9.000000000000000000e+00	8.850352918507952121e-05
6.309573444801943359e+11	9.000000000000000000e+00	1.139168024635627333e-04
7.943282347242821045e+11	9.000000000000000000e+00	1.437109042046816603e-04
1.000000000000000000e+12	9.000000000000000000e+00	1.684724407592188048e-04
1.260000000000000000e+12	9.000000000000000000e+00	1.944875750559419618e-04
1.580000000000000000e+12	9.000000000000000000e+00	2.331643989718826639e-04
2.000000000000000000e+12	9.000000000000000000e+00	2.873990637759865304e-04
2.510000000000000000e+12	9.000000000000000000e+00	3.562275325727607702e-04
3.160000000000000000e+12	9.000000000000000000e+00	4.425515076362034300e-04
3.980000000000000000e+12	9.000000000000000000e+00	5.509117886630629816e-04
5.010000000000000000e+12	9.000000000000000000e+00	6.891577858194380870e-04
6.310000000000000000e+12	9.000000000000000000e+00	8.666719646442443224e-04
7.940000000000000000e+12	9.000000000000000000e+00	1.095215439223555607e-03
1.000000000000000000e+13	9.000000000000000000e+00	1.388382837878558056e-03
1.260000000000000000e+13	9.000000000000000000e+00	1.761175085060717824e-03
1.580000000000000000e+13	9.000000000000000000e+00	2.221528522394901600e-03
2.000000000000000000e+13	9.000000000000000000e+00	2.826708757679922534e-03
2.510000000000000000e+13	9.000000000000000000e+00	3.540069268802814063e-03
3.160000000000000000e+13	9.000000000000000000e+00	4.377300752940850928e-03
3.980000000000000000e+13	9.000000000000000000e+00	5.262818989110268353e-03
5.010000000000000000e+13	9.000000000000000000e+00	6.137316399080519798e-03
6.310000000000000000e+13	9.000000000000000000e+00	7.021681396053997860e-03
7.940000000000000000e+13	9.000000000000000000e+00	8.004991462468760699e-03
1.000000000000000000e+14	9.000000000000000000e+00	9.320234936883678434e-03
1.260000000000000000e+14	9.000000000000000000e+00	1.120440932955236307e-02
1.580000000000000000e+14	9.000000000000000000e+00	1.394624950363548312e-02
2.000000000000000000e+14	9.000000000000000000e+00	1.807776825855478275e-02
2.510000000000000000e+14	9.000000000000000000e+00	2.313885219342151980e-02
3.160000000000000000e+14	9.000000000000000000e+00	2.877732160789173502e-02
3.980000000000000000e+14	9.000000000000000000e+00	3.410820170850580729e-02
5.010000000000000000e+14	9.000000000000000000e+00	3.776482390755180052e-02
6.310000000000000000e+14	9.000000000000000000e+00	3.877191637375224792e-02
7.940000000000000000e+14	9.000000000000000000e+00	3.679649743481999691e-02
1.000000000000000000e+15	9.000000000000000000e+00	3.143808057639829040e-02
1.260000000000000000e+15	9.000000000000000000e+00	2.401220994194331812e-02
1.580000000000000000e+15	9.000000000000000000e+00	1.542956367071979945e-02
2.000000000000000000e+15	9.000000000000000000e+00	6.852932792546378299e-03
2.510000000000000000e+15	9.000000000000000000e+00	-2.544560312245682508e-04
3.160000000000000000e+15	9.000000000000000000e+00	-7.151895977522221282e-03
3.980000000000000000e+15	9.000000000000000000e+00	-1.300258257794858173e-02
5.010000000000000000e+15	9.000000000000000000e+00	-1.758708552366323313e-02
6.310000000000000000e+15	9.000000000000000000e+00	-2.091228444120009355e-02
7.940000000000000000e+15	9.000000000000000000e+00	-2.305615492722869198e-02
1.000000000000000000e+16	9.000000000000000000e+00	-2.418238606315959924e-02
1.260000000000000000e+16	9.000000000000000000e+00	-2.445463294818966959e-02
1.580000000000000000e+16	9.000000000000000000e+00	-2.408214374701028726e-02
2.000000000000000000e+16	9.000000000000000000e+00	-2.315287844159565067e-02
2.510000000000000000e+16	9.000000000000000000e+00	-2.192494582081040699e-02
3.160000000000000000e+16	9.000000000000000000e+00	-2.044284978025654245e-02
3.980000000000000000e+16	9.000000000000000000e+00	-1.882508394657885983e-02
5.010000000000000000e+16	9.000000000000000000e+00	-1.715880835737346177e-02
6.310000000000000000e+16	9.000000000000000000e+00	-1.549481339510883765e-02
7.940000000000000000e+16	9.000000000000000000e+00	-1.389036800643937176e-02
1.000000000000000000e+17	9.000000000000000000e+00	-1.235924475903930723e-02
1.000000000000000000e+11	1.100000000000000000e+01	1.505017025354739833e-05
1.258925411794166107e+11	1.100000000000000000e+01	1.896331719375871048e-05
1.584893192461110840e+11	1.100000000000000000e+01	2.390784013890058380e-05
1.995262314968882751e+11	1.100000000000000000e+01	3.016932456622229585e-05
2.511886431509582214e+11	1.100000000000000000e+01	3.811606653181217653e-05
3.162277660168379517e+11	1.100000000000000000e+01	4.831206191838329726e-05
3.981071705534969482e+11	1.100000000000000000e+01	6.145327744070504933e-05
5.011872336272714844e+11	1.100000000000000000e+01	7.858356937944013787e-05
6.309573444801943359e+11	1.100000000000000000e+01	1.008633079358234465e-04
7.943282347242821045e+11	1.100000000000000000e+01	1.244640728823490203e-04
1.000000000000000000e+12	1.100000000000000000e+01	1.462814261871714415e-04
1.260000000000000000e+12	1.100000000000000000e+01	1.730951946855740673e-04
1.580000000000000000e+12	1.100000000000000000e+01	2.104022096063612891e-04
2.000000000000000000e+12	1.100000000000000000e+01	2.611660281474918917e-04
2.510000000000000000e+12	1.100000000000000000e+01	3.235891907982740390e-04
3.160000000000000000e+12	1.100000000000000000e+01	4.046358672915600528e-04
3.980000000000000000e+12	1.100000000000000000e+01	5.062605853020752745e-04
5.010000000000000000e+12	1.100000000000000000e+01	6.344844489477014350e-04
6.310000000000000000e+12	1.100000000000000000e+01	7.983520505490744774e-04
7.940000000000000000e+12	1.100000000000000000e+01	1.007654895596827790e-03
1.000000000000000000e+13	1.100000000000000000e+01	1.276370817859991298e-03
1.260000000000000000e+13	1.100000000000000000e+01	1.618217945233064482e-03
1.580000000000000000e+13	1.100000000000000000e+01	2.038953766114530788e-03
2.000000000000000000e+13	1.100000000000000000e+01	2.592922924635752621e-03
2.510000000000000000e+13	1.100000000000000000e+01	3.245849069197613221e-03
3.160000000000000000e+13	1.100000000000000000e+01	4.018557346228141501e-03
3.980000000000000000e+13	1.100000000000000000e+01	4.873250634767281250e-03
5.010000000000000000e+13	1.100000000000000000e+01	5.740600071267270947e-03
6.310000000000000000e+13	1.100000000000000000e+01	6.676267700159505512e-03
7.940000000000000000e+13	1.100000000000000000e+01	7.781617379731292639e-03
1.000000000000000000e+14	1.100000000000000000e+01	9.161306166405458126e-03
1.260000000000000000e+14	1.100000000000000000e+01	1.118441237152911251e-02
1.580000000000000000e+14	1.100000000000000000e+01	1.407148486585927359e-02
2.000000000000000000e+14	1.100000000000000000e+01	1.827278425932256714e-02
2.510000000000000000e+14	1.100000000000000000e+01	2.354885099351823954e-02
3.160000000000000000e+14	1.100000000000000000e+01	2.935476361306353990e-02
3.980000000000000000e+14	1.100000000000000000e+01	3.462523487493877200e-02
5.010000000000000000e+14	1.100000000000000000e+01	3.815221751754747925e-02
6.310000000000000000e+14	1.100000000000000000e+01	3.885508189539491064e-02
7.940000000000000000e+14	1.100000000000000000e+01	3.731833348054460625e-02
1.000000000000000000e+15	1.100000000000000000e+01	3.316142250045726186e-02
1.260000000000000000e+15	1.100000000000000000e+01	2.609124947270606218e-02
1.580000000000000000e+15	1.100000000000000000e+01	1.807547420320175860e-02
2.000000000000000000e+15	1.100000000000000000e+01	9.380437115026570016e-03
2.510000000000000000e+15	1.100000000000000000e+01	9.602159612480095155e-04
3.160000000000000000e+15	1.100000000000000000e+01	-6.548251220539791882e-03
3.980000000000000000e+15	1.100000000000000000e+01	-1.282685757231779439e-02
5.010000000000000000e+15	1.100000000000000000e+01	-1.772464667509416475e-02
6.310000000000000000e+15	1.100000000000000000e+01	-2.127792545655838793e-02
7.940000000000000000e+15	1.100000000000000000e+01	-2.358016176789277593e-02
1.000000000000000000e+16	1.100000000000000000e+01	-2.481049844432700949e-02
1.260000000000000000e+16	1.100000000000000000e+01	-2.514200675718088890e-02
1.580000000000000000e+16	1.100000000000000000e+01	-2.479434080405587895e-02
2.000000000000000000e+16	1.100000000000000000e+01	-2.386317698964680878e-02
2.510000000000000000e+16	1.100000000000000000e+01	-2.261519912902313842e-02
3.160000000000000000e+16	1.100000000000000000e+01	-2.109930526648319885e-02
3.980000000000000000e+16	1.100000000000000000e+01	-1.943897980197686892e-02
5.010000000000000000e+16	1.100000000000000000e+01	-1.772530146399642348e-02
6.310000000000000000e+16	1.100000000000000000e+01	-1.601136219606553307e-02
7.940000000000000000e+16	1.100000000000000000e+01	-1.435718691114626182e-02
1.000000000000000000e+17	1.100000000000000000e+01	-1.277740418861421715e-02
1.000000000000000000e+11	1.300000000000000000e+01	1.327122357419910892e-05
1.258925411794166107e+11	1.300000000000000000e+01	1.672179093042175767e-05
1.584893192461110840e+11	1.300000000000000000e+01	2.108212446836724930e-05
1.995262314968882751e+11	1.300000000000000000e+01	2.660416026673098248e-05
2.511886431509582214e+11	1.300000000000000000e+01	3.362528208978966202e-05
3.162277660168379517e+11	1.300000000000000000e+01	4.260776215591794038e-05
3.981071705534969482e+11	1.300000000000000000e+01	5.419892800505330744e-05
5.011872336272714844e+11	1.300000000000000000e+01	6.928223610633022509e-05
6.309573444801943359e+11	1.300000000000000000e+01	8.870947697059856354e-05
7.943282347242821045e+11	1.300000000000000000e+01	1.069666507811044395e-04
1.000000000000000000e+12	1.300000000000000000e+01	1.253341741404208093e-04
1.260000000000000000e+12	1.300000000000000000e+01	1.531973467768693359e-04
1.580000000000000000e+12	1.300000000000000000e+01	1.883623852860263328e-04
2.000000000000000000e+12	1.300000000000000000e+01	2.348658800321106691e-04
2.510000000000000000e+12	1.300000000000000000e+01	2.918219287688112590e-04
3.160000000000000000e+12	1.300000000000000000e+01	3.640910489114879589e-04
3.980000000000000000e+12	1.300000000000000000e+01	4.577754072338273352e-04
5.010000000000000000e+12	1.300000000000000000e+01	5.765663102876033728e-04
6.310000000000000000e+12	1.300000000000000000e+01	7.249520354957590630e-04
7.940000000000000000e+12	1.300000000000000000e+01	9.126710971704079947e-04
1.000000000000000000e+13	1.300000000000000000e+01	1.156379004326011902e-03
1.260000000000000000e+13	1.300000000000000000e+01	1.466473806483535374e-03
1.580000000000000000e+13	1.300000000000000000e+01	1.846633684362953979e-03
2.000000000000000000e+13	1.300000000000000000e+01	2.343057794305077393e-03
2.510000000000000000e+13	1.300000000000000000e+01	2.937635212010703770e-03
3.160000000000000000e+13	1.300000000000000000e+01	3.648846184437848101e-03
3.980000000000000000e+13	1.300000000000000000e+01	4.445032629382574506e-03
5.010000000000000000e+13	1.300000000000000000e+01	5.303180795675351347e-03
6.310000000000000000e+13	1.300000000000000000e+01	6.247628505638795453e-03
7.940000000000000000e+13	1.300000000000000000e+01	7.308299310989778939e-03
1.000000000000000000e+14	1.300000000000000000e+01	8.821648522158045611e-03
1.260000000000000000e+14	1.300000000000000000e+01	1.100786802800873647e-02
1.580000000000000000e+14	1.300000000000000000e+01	1.394765476650058032e-02
2.000000000000000000e+14	1.300000000000000000e+01	1.817530199253158257e-02
2.510000000000000000e+14	1.300000000000000000e+01	2.324850534711241090e-02
3.160000000000000000e+14	1.300000000000000000e+01	2.900975618327454597e-02
3.980000000000000000e+14	1.300000000000000000e+01	3.436804230029498475e-02
5.010000000000000000e+14	1.300000000000000000e+01	3.792418372660923825e-02
6.310000000000000000e+14	1.300000000000000000e+01	3.884360869708430170e-02
7.940000000000000000e+14	1.300000000000000000e+01	3.634608885782960458e-02
1.000000000000000000e+15	1.300000000000000000e+01	3.237752887031298404e-02
1.260000000000000000e+15	1.300000000000000000e+01	2.619491647444704280e-02
1.580000000000000000e+15	1.300000000000000000e+01	1.643903838990734903e-02
2.000000000000000000e+15	1.300000000000000000e+01	7.530111999441550276e-03
2.510000000000000000e+15	1.300000000000000000e+01	2.450359675706361893e-04
3.160000000000000000e+15	1.300000000000000000e+01	-6.772145332119140597e-03
3.980000000000000000e+15	1.300000000000000000e+01	-1.270873935277328642e-02
5.010000000000000000e+15	1.300000000000000000e+01	-1.735727658067866622e-02
6.310000000000000000e+15	1.300000000000000000e+01	-2.073154104849103327e-02
7.940000000000000000e+15	1.300000000000000000e+01	-2.291336583074509575e-02
1.000000000000000000e+16	1.300000000000000000e+01	-2.406943233580569400e-02
1.260000000000000000e+16	1.300000000000000000e+01	-2.436519718524776668e-02
1.580000000000000000e+16	1.300000000000000000e+01	-2.401092191857728125e-02
2.000000000000000000e+16	1.300000000000000000e+01	-2.309666871255877663e-02
2.510000000000000000e+16	1.300000000000000000e+01	-2.188018322303696833e-02
3.160000000000000000e+16	1.300000000000000000e+01	-2.040730539448884495e-02
3.980000000000000000e+16	1.300000000000000000e+01	-1.879686778997393184e-02
5.010000000000000000e+16	1.300000000000000000e+01	-1.713623907564521681e-02
6.310000000000000000e+16	1.300000000000000000e+01	-1.547699662215941234e-02
7.940000000000000000e+16	1.300000000000000000e+01	-1.387622438814371112e-02
1.000000000000000000e+17	1.300000000000000000e+01	-1.234801737756731008e-02
1.000000000000000000e+11	1.500000000000000000e+01	1.231235125026105474e-05
1.258925411794166107e+11	1.500000000000000000e+01	1.551345022799356093e-05
1.584893192461110840e+11	1.500000000000000000e+01	1.955827537992676262e-05
1.995262314968882751e+11	1.500000000000000000e+01	2.468067081507122656e-05
2.511886431509582214e+11	1.500000000000000000e+01	3.119328521387650083e-05
3.162277660168379517e+11	1.500000000000000000e+01	3.952428830922613935e-05
3.981071705534969482e+11	1.500000000000000000e+01	5.026893838821300069e-05
5.011872336272714844e+11	1.500000000000000000e+01	6.422561856352635747e-05
6.309573444801943359e+11	1.500000000000000000e+01	8.205484459955694331e-05
7.943282347242821045e+11	1.500000000000000000e+01	9.715762459949204611e-05
1.000000000000000000e+12	1.500000000000000000e+01	1.139938080054177190e-04
1.260000000000000000e+12	1.500000000000000000e+01	1.418724164069875854e-04
1.580000000000000000e+12	1.500000000000000000e+01	1.767910388713206404e-04
2.000000000000000000e+12	1.500000000000000000e+01	2.218655213460694149e-04
2.510000000000000000e+12	1.500000000000000000e+01	2.758595181063703498e-04
3.160000000000000000e+12	1.500000000000000000e+01	3.467055510865737220e-04
3.980000000000000000e+12	1.500000000000000000e+01	4.360792102988267707e-04
5.010000000000000000e+12	1.500000000000000000e+01	5.467640702909008516e-04
6.310000000000000000e+12	1.500000000000000000e+01	6.885421565822304668e-04
7.940000000000000000e+12	1.500000000000000000e+01	8.682481293900537510e-04
1.000000000000000000e+13	1.500000000000000000e+01	1.098073244019778967e-03
1.260000000000000000e+13	1.500000000000000000e+01	1.391239890174701156e-03
1.580000000000000000e+13	1.500000000000000000e+01	1.752630044851548720e-03
2.000000000000000000e+13	1.500000000000000000e+01	2.226419520086611679e-03
2.510000000000000000e+13	1.500000000000000000e+01	2.788616393655323454e-03
3.160000000000000000e+13	1.500000000000000000e+01	3.466982997141771026e-03
3.980000000000000000e+13	1.500000000000000000e+01	4.237444441099165807e-03
5.010000000000000000e+13	1.500000000000000000e+01	5.089624862629645724e-03
6.310000000000000000e+13	1.500000000000000000e+01	6.073578249980394507e-03
7.940000000000000000e+13	1.500000000000000000e+01	7.311020499826563490e-03
1.000000000000000000e+14	1.500000000000000000e+01	8.934103066518922845e-03
1.260000000000000000e+14	1.500000000000000000e+01	1.099861527236059219e-02
1.580000000000000000e+14	1.500000000000000000e+01	1.398877732561970913e-02
2.000000000000000000e+14	1.500000000000000000e+01	1.842608216482006372e-02
2.510000000000000000e+14	1.500000000000000000e+01	2.373265870202611108e-02
3.160000000000000000e+14	1.500000000000000000e+01	2.969867880161796217e-02
3.980000000000000000e+14	1.500000000000000000e+01	3.507174168055787050e-02
5.010000000000000000e+14	1.500000000000000000e+01	3.876134514053197755e-02
6.310000000000000000e+14	1.500000000000000000e+01	3.948048546352753152e-02
7.940000000000000000e+14	1.500000000000000000e+01	3.717064457123251536e-02
1.000000000000000000e+15	1.500000000000000000e+01	3.182375014618595011e-02
1.260000000000000000e+15	1.500000000000000000e+01	2.512343690910107813e-02
1.580000000000000000e+15	1.500000000000000000e+01	1.923824369102431625e-02
2.000000000000000000e+15	1.500000000000000000e+01	1.102511099949653010e-02
2.510000000000000000e+15	1.500000000000000000e+01	1.718121633141558250e-03
3.160000000000000000e+15	1.500000000000000000e+01	-6.041813600126790321e-03
3.980000000000000000e+15	1.500000000000000000e+01	-1.245833449159052322e-02
5.010000000000000000e+15	1.500000000000000000e+01	-1.744575566790982843e-02
6.310000000000000000e+15	1.500000000000000000e+01	-2.106289853031064960e-02
7.940000000000000000e+15	1.500000000000000000e+01	-2.341261748314414984e-02
1.000000000000000000e+16	1.500000000000000000e+01	-2.467861147468622743e-02
1.260000000000000000e+16	1.500000000000000000e+01	-2.503803889547603218e-02
1.580000000000000000e+16	1.500000000000000000e+01	-2.471178895127124422e-02
2.000000000000000000e+16	1.500000000000000000e+01	-2.379812769110521004e-02
2.510000000000000000e+16	1.500000000000000000e+01	-2.256344914303353918e-02
3.160000000000000000e+16	1.500000000000000000e+01	-2.105823756219373302e-02
3.980000000000000000e+16	1.500000000000000000e+01	-1.940662988763009605e-02
5.010000000000000000e+16	1.500000000000000000e+01	-1.769933189096469656e-02
6.310000000000000000e+16	1.500000000000000000e+01	-1.599082341370478000e-02
7.940000000000000000e+16	1.500000000000000000e+01	-1.434084447041578808e-02
1.000000000000000000e+17	1.500000000000000000e+01	-1.276441438358805192e-02
1.000000000000000000e+11	1.700000000000000000e+01	1.133642951540700867e-05
1.258925411794166107e+11	1.700000000000000000e+01	1.428407078405946348e-05
1.584893192461110840e+11	1.700000000000000000e+01	1.800866846469997278e-05
1.995262314968882751e+11	1.700000000000000000e+01	2.272598969223602495e-05
2.511886431509582214e+11	1.700000000000000000e+01	2.872480520700456611e-05
3.162277660168379517e+11	1.700000000000000000e+01	3.640021507207216180e-05
3.981071705534969482e+11	1.700000000000000000e+01	4.630067924431923153e-05
5.011872336272714844e+11	1.700000000000000000e+01	5.914553277413498686e-05
6.309573444801943359e+11	1.700000000000000000e+01	7.542830014443610304e-05
7.943282347242821045e+11	1.700000000000000000e+01	8.754010785452733022e-05
1.000000000000000000e+12	1.700000000000000000e+01	1.036430289265988382e-04
1.260000000000000000e+12	1.700000000000000000e+01	1.317318126073032270e-04
1.580000000000000000e+12	1.700000000000000000e+01	1.631657940299163626e-04
2.000000000000000000e+12	1.700000000000000000e+01	2.054961354764258394e-04
2.510000000000000000e+12	1.700000000000000000e+01	2.578011915382014173e-04
3.160000000000000000e+12	1.700000000000000000e+01	3.235589197264465808e-04
3.980000000000000000e+12	1.700000000000000000e+01	4.057142217982379236e-04
5.010000000000000000e+12	1.700000000000000000e+01	5.110025316342259923e-04
6.310000000000000000e+12	1.700000000000000000e+01	6.444517327137018730e-04
7.940000000000000000e+12	1.700000000000000000e+01	8.125723265318055130e-04
1.000000000000000000e+13	1.700000000000000000e+01	1.026441222684220354e-03
1.260000000000000000e+13	1.700000000000000000e+01	1.297385778642738251e-03
1.580000000000000000e+13	1.700000000000000000e+01	1.629771542679054165e-03
2.000000000000000000e+13	1.700000000000000000e+01	2.070361237911431170e-03
2.510000000000000000e+13	1.700000000000000000e+01	2.612703058910301624e-03
3.160000000000000000e+13	1.700000000000000000e+01	3.249102617434147886e-03
3.980000000000000000e+13	1.700000000000000000e+01	3.990419496844943917e-03
5.010000000000000000e+13	1.700000000000000000e+01	4.845924340854962029e-03
6.310000000000000000e+13	1.700000000000000000e+01	5.841046234973127672e-03
7.940000000000000000e+13	1.700000000000000000e+01	7.082798233082998607e-03
1.000000000000000000e+14	1.700000000000000000e+01	8.561564597023280446e-03
1.260000000000000000e+14	1.700000000000000000e+01	1.079438786813245732e-02
1.580000000000000000e+14	1.700000000000000000e+01	1.393365774101186158e-02
2.000000000000000000e+14	1.700000000000000000e+01	1.822818834940097277e-02
2.510000000000000000e+14	1.700000000000000000e+01	2.367494976866146156e-02
3.160000000000000000e+14	1.700000000000000000e+01	2.955472548928288895e-02
3.980000000000000000e+14	1.700000000000000000e+01	3.481017055088516526e-02
5.010000000000000000e+14	1.700000000000000000e+01	3.803277564906907410e-02
6.310000000000000000e+14	1.700000000000000000e+01	3.965158768863251415e-02
7.940000000000000000e+14	1.700000000000000000e+01	3.850233808855662437e-02
1.000000000000000000e+15	1.700000000000000000e+01	3.305607488250845993e-02
1.260000000000000000e+15	1.700000000000000000e+01	2.541037968885906731e-02
1.580000000000000000e+15	1.700000000000000000e+01	1.628367724959055990e-02
2.000000000000000000e+15	1.700000000000000000e+01	7.472825652227881726e-03
2.510000000000000000e+15	1.700000000000000000e+01	2.193817172911477487e-04
3.160000000000000000e+15	1.700000000000000000e+01	-6.784577526084640230e-03
3.980000000000000000e+15	1.700000000000000000e+01	-1.271444170895515841e-02
5.010000000000000000e+15	1.700000000000000000e+01	-1.736070172715168877e-02
6.310000000000000000e+15	1.700000000000000000e+01	-2.073350817893278991e-02
7.940000000000000000e+15	1.700000000000000000e+01	-2.291455112599520214e-02
1.000000000000000000e+16	1.700000000000000000e+01	-2.407019452012873484e-02
1.260000000000000000e+16	1.700000000000000000e+01	-2.436570803121696979e-02
1.580000000000000000e+16	1.700000000000000000e+01	-2.401128441980992720e-02
2.000000000000000000e+16	1.700000000000000000e+01	-2.309692865865244776e-02
2.510000000000000000e+16	1.700000000000000000e+01	-2.188037561243742421e-02
3.160000000000000000e+16	1.700000000000000000e+01	-2.040746638375920755e-02
3.980000000000000000e+16	1.700000000000000000e+01	-1.879698580558089582e-02
5.010000000000000000e+16	1.700000000000000000e+01	-1.713640397919520900e-02
6.310000000000000000e+16	1.700000000000000000e+01	-1.547710032249800978e-02
7.940000000000000000e+16	1.700000000000000000e+01	-1.387627825160430393e-02
1.000000000000000000e+17	1.700000000000000000e+01	-1.234808431281803238e-02
1.000000000000000000e+11	1.900000000000000000e+01	1.084563069213868886e-05
1.258925411794166107e+11	1.900000000000000000e+01	1.366523969111990019e-05
1.584893192461110840e+11	1.900000000000000000e+01	1.722816393996456154e-05
1.995262314968882751e+11	1.900000000000000000e+01	2.174020015935503478e-05
2.511886431509582214e+11	1.900000000000000000e+01	2.747701859132151749e-05
3.162277660168379517e+11	1.900000000000000000e+01	3.481555446131241868e-05
3.981071705534969482e+11	1.900000000000000000e+01	4.427590663109117115e-05
5.011872336272714844e+11	1.900000000000000000e+01	5.652810069967548440e-05
6.309573444801943359e+11	1.900000000000000000e+01	7.195465328528278593e-05
7.943282347242821045e+11	1.900000000000000000e+01	8.236122109607033211e-05
1.000000000000000000e+12	1.900000000000000000e+01	9.701497402798366554e-05
1.260000000000000000e+12	1.900000000000000000e+01	1.258442777746952368e-04
1.580000000000000000e+12	1.900000000000000000e+01	1.589979221046724535e-04
2.000000000000000000e+12	1.900000000000000000e+01	2.008632415359176411e-04
2.510000000000000000e+12	1.900000000000000000e+01	2.505341692701898351e-04
3.160000000000000000e+12	1.900000000000000000e+01	3.154932007654983250e-04
3.980000000000000000e+12	1.900000000000000000e+01	3.966424335635101821e-04
5.010000000000000000e+12	1.900000000000000000e+01	4.983595751471880985e-04
6.310000000000000000e+12	1.900000000000000000e+01	6.273088059488760287e-04
7.940000000000000000e+12	1.900000000000000000e+01	7.905019045965348172e-04
1.000000000000000000e+13	1.900000000000000000e+01	9.998542373608164391e-04
1.260000000000000000e+13	1.900000000000000000e+01	1.265278412860740926e-03
1.580000000000000000e+13	1.900000000000000000e+01	1.595636079677515990e-03
2.000000000000000000e+13	1.900000000000000000e+01	2.020416409985978032e-03
2.510000000000000000e+13	1.900000000000000000e+01	2.513034629764184305e-03
3.160000000000000000e+13	1.900000000000000000e+01	3.144368331173408825e-03
3.980000000000000000e+13	1.900000000000000000e+01	3.892929298781093884e-03
5.010000000000000000e+13	1.900000000000000000e+01	4.746001412044828505e-03
6.310000000000000000e+13	1.900000000000000000e+01	5.785582430658403087e-03
7.940000000000000000e+13	1.900000000000000000e+01	7.035912143300689092e-03
1.000000000000000000e+14	1.900000000000000000e+01	8.756010452281469056e-03
1.260000000000000000e+14	1.900000000000000000e+01	1.108433681057555825e-02
1.580000000000000000e+14	1.900000000000000000e+01	1.411343788866385382e-02
2.000000000000000000e+14	1.900000000000000000e+01	1.862060508325781918e-02
2.510000000000000000e+14	1.900000000000000000e+01	2.408673037005089682e-02
3.160000000000000000e+14	1.900000000000000000e+01	3.000064565175363310e-02
3.980000000000000000e+14	1.900000000000000000e+01	3.558864277080335536e-02
5.010000000000000000e+14	1.900000000000000000e+01	3.968130710254978710e-02
6.310000000000000000e+14	1.900000000000000000e+01	4.046254701245495522e-02
7.940000000000000000e+14	1.900000000000000000e+01	3.813165011875816607e-02
1.000000000000000000e+15	1.900000000000000000e+01	3.350495633547551089e-02
1.260000000000000000e+15	1.900000000000000000e+01	2.643935829589697320e-02
1.580000000000000000e+15	1.900000000000000000e+01	1.835781743405717412e-02
2.000000000000000000e+15	1.900000000000000000e+01	9.603375424433645280e-03
2.510000000000000000e+15	1.900000000000000000e+01	1.138417510757691424e-03
3.160000000000000000e+15	1.900000000000000000e+01	-6.407521448049186517e-03
3.980000000000000000e+15	1.900000000000000000e+01	-1.271532515548525442e-02
5.010000000000000000e+15	1.900000000000000000e+01	-1.763604226426883012e-02
6.310000000000000000e+15	1.900000000000000000e+01	-2.120760361479495995e-02
7.940000000000000000e+15	1.900000000000000000e+01	-2.352429919320408319e-02
1.000000000000000000e+16	1.900000000000000000e+01	-2.476615018603591997e-02
1.260000000000000000e+16	1.900000000000000000e+01	-2.510681059233972959e-02
1.580000000000000000e+16	1.900000000000000000e+01	-2.446409937173556898e-02
2.000000000000000000e+16	1.900000000000000000e+01	-2.384100032301972663e-02
2.510000000000000000e+16	1.900000000000000000e+01	-2.259752533515605941e-02
3.160000000000000000e+16	1.900000000000000000e+01	-2.108527219597696595e-02
3.980000000000000000e+16	1.900000000000000000e+01	-1.942785244789805091e-02
5.010000000000000000e+16	1.900000000000000000e+01	-1.771618552023933313e-02
6.310000000000000000e+16	1.900000000000000000e+01	-1.600430054073601061e-02
7.940000000000000000e+16	1.900000000000000000e+01	-1.435112860851703309e-02
1.000000000000000000e+17	1.900000000000000000e+01	-1.277297405185867651e-02
1.000000000000000000e+11	2.100000000000000000e+01	1.022422560699905780e-05
1.258925411794166107e+11	2.100000000000000000e+01	1.288293894120703481e-05
1.584893192461110840e+11	2.100000000000000000e+01	1.624289245247062939e-05
1.995262314968882751e+11	2.100000000000000000e+01	1.890720517998214936e-05
2.511886431509582214e+11	2.100000000000000000e+01	2.591459743831551750e-05
3.162277660168379517e+11	2.100000000000000000e+01	3.284721264984236154e-05
3.981071705534969482e+11	2.100000000000000000e+01	4.179534038790808152e-05
5.011872336272714844e+11	2.100000000000000000e+01	5.341973174000405714e-05
6.309573444801943359e+11	2.100000000000000000e+01	6.800477846370366346e-05
7.943282347242821045e+11	2.100000000000000000e+01	7.736007444765934571e-05
1.000000000000000000e+12	2.100000000000000000e+01	9.067133121507522312e-05
1.260000000000000000e+12	2.100000000000000000e+01	1.177046243764004728e-04
1.580000000000000000e+12	2.100000000000000000e+01	1.480681859792474977e-04
2.000000000000000000e+12	2.100000000000000000e+01	1.875801557929981749e-04
2.510000000000000000e+12	2.100000000000000000e+01	2.355240027317096374e-04
3.160000000000000000e+12	2.100000000000000000e+01	2.967519162337265760e-04
3.980000000000000000e+12	2.100000000000000000e+01	3.746958769816343153e-04
5.010000000000000000e+12	2.100000000000000000e+01	4.716993728018208923e-04
6.310000000000000000e+12	2.100000000000000000e+01	5.940410684835814494e-04
7.940000000000000000e+12	2.100000000000000000e+01	7.493271186015392242e-04
1.000000000000000000e+13	2.100000000000000000e+01	9.460324216462449084e-04
1.260000000000000000e+13	2.100000000000000000e+01	1.194284932322780277e-03
1.580000000000000000e+13	2.100000000000000000e+01	1.501474212454439062e-03
2.000000000000000000e+13	2.100000000000000000e+01	1.902236328058370257e-03
2.510000000000000000e+13	2.100000000000000000e+01	2.384708951651795701e-03
3.160000000000000000e+13	2.100000000000000000e+01	2.977583635983965370e-03
3.980000000000000000e+13	2.100000000000000000e+01	3.682278220102626429e-03
5.010000000000000000e+13	2.100000000000000000e+01	4.522931724049316163e-03
6.310000000000000000e+13	2.100000000000000000e+01	5.537515803664359686e-03
7.940000000000000000e+13	2.100000000000000000e+01	6.801164610262483944e-03
1.000000000000000000e+14	2.100000000000000000e+01	8.550138513843556776e-03
1.260000000000000000e+14	2.100000000000000000e+01	1.087995699581957229e-02
1.580000000000000000e+14	2.100000000000000000e+01	1.394318128129394541e-02
2.000000000000000000e+14	2.100000000000000000e+01	1.830731140115338454e-02
2.510000000000000000e+14	2.100000000000000000e+01	2.358610067445528549e-02
3.160000000000000000e+14	2.100000000000000000e+01	2.952138999954838708e-02
3.980000000000000000e+14	2.100000000000000000e+01	3.477704984607326438e-02
5.010000000000000000e+14	2.100000000000000000e+01	3.882780747718161257e-02
6.310000000000000000e+14	2.100000000000000000e+01	3.956309929535561931e-02
7.940000000000000000e+14	2.100000000000000000e+01	3.596341411768564506e-02
1.000000000000000000e+15	2.100000000000000000e+01	3.122305919662711482e-02
1.260000000000000000e+15	2.100000000000000000e+01	2.529382805512197033e-02
1.580000000000000000e+15	2.100000000000000000e+01	1.764519659345213307e-02
2.000000000000000000e+15	2.100000000000000000e+01	9.206688553857781884e-03
2.510000000000000000e+15	2.100000000000000000e+01	1.026812261176527448e-03
3.160000000000000000e+15	2.100000000000000000e+01	-6.246783650596207660e-03
3.980000000000000000e+15	2.100000000000000000e+01	-1.232541195567925067e-02
5.010000000000000000e+15	2.100000000000000000e+01	-1.705810594048621717e-02
6.310000000000000000e+15	2.100000000000000000e+01	-2.050730889045831312e-02
7.940000000000000000e+15	2.100000000000000000e+01	-2.273779950435714237e-02
1.000000000000000000e+16	2.100000000000000000e+01	-2.393125755277015695e-02
1.260000000000000000e+16	2.100000000000000000e+01	-2.425664232473498383e-02
1.580000000000000000e+16	2.100000000000000000e+01	-2.392471848321562483e-02
2.000000000000000000e+16	2.100000000000000000e+01	-2.302847626522552468e-02
2.510000000000000000e+16	2.100000000000000000e+01	-2.182612881133236954e-02
3.160000000000000000e+16	2.100000000000000000e+01	-2.036442616348876217e-02
3.980000000000000000e+16	2.100000000000000000e+01	-1.876277520305538044e-02
5.010000000000000000e+16	2.100000000000000000e+01	-1.710942574928353208e-02
6.310000000000000000e+16	2.100000000000000000e+01	-1.545553774901689548e-02
7.940000000000000000e+16	2.100000000000000000e+01	-1.385917059980767280e-02
1.000000000000000000e+17	2.100000000000000000e+01	-1.233448811837563157e-02
1.000000000000000000e+11	2.300000000000000000e+01	1.003471727778424380e-05
1.258925411794166107e+11	2.300000000000000000e+01	1.264388448821333015e-05
1.584893192461110840e+11	2.300000000000000000e+01	1.594154872576977359e-05
1.995262314968882751e+11	2.300000000000000000e+01	2.011881884432738897e-05
2.511886431509582214e+11	2.300000000000000000e+01	2.543241964576377280e-05
3.162277660168379517e+11	2.300000000000000000e+01	3.223456964830245650e-05
3.981071705534969482e+11	2.300000000000000000e+01	4.101133134297317757e-05
5.011872336272714844e+11	2.300000000000000000e+01	5.238136031599795027e-05
6.309573444801943359e+11	2.300000000000000000e+01	6.663050954927787078e-05
7.943282347242821045e+11	2.300000000000000000e+01	7.506116926817139759e-05
1.000000000000000000e+12	2.300000000000000000e+01	8.900275668073339731e-05
1.260000000000000000e+12	2.300000000000000000e+01	1.167536855032957817e-04
1.580000000000000000e+12	2.300000000000000000e+01	1.453308423620655913e-04
2.000000000000000000e+12	2.300000000000000000e+01	1.851370983567200527e-04
2.510000000000000000e+12	2.300000000000000000e+01	2.336049407746406661e-04
3.160000000000000000e+12	2.300000000000000000e+01	2.937259493933097880e-04
3.980000000000000000e+12	2.300000000000000000e+01	3.691900601997140092e-04
5.010000000000000000e+12	2.300000000000000000e+01	4.631055970468265885e-04
6.310000000000000000e+12	2.300000000000000000e+01	5.831773777246511891e-04
7.940000000000000000e+12	2.300000000000000000e+01	7.354891038599879706e-04
1.000000000000000000e+13	2.300000000000000000e+01	9.304826593274748321e-04
1.260000000000000000e+13	2.300000000000000000e+01	1.176063009440271243e-03
1.580000000000000000e+13	2.300000000000000000e+01	1.474153954800892178e-03
2.000000000000000000e+13	2.300000000000000000e+01	1.872243628083145603e-03
2.510000000000000000e+13	2.300000000000000000e+01	2.360383128102115039e-03
3.160000000000000000e+13	2.300000000000000000e+01	2.949610459853721153e-03
3.980000000000000000e+13	2.300000000000000000e+01	3.637628911335162238e-03
5.010000000000000000e+13	2.300000000000000000e+01	4.439755125172068981e-03
6.310000000000000000e+13	2.300000000000000000e+01	5.468879816221863810e-03
7.940000000000000000e+13	2.300000000000000000e+01	6.886519949454046434e-03
1.000000000000000000e+14	2.300000000000000000e+01	8.635162599981489884e-03
1.260000000000000000e+14	2.300000000000000000e+01	1.092150203031408244e-02
1.580000000000000000e+14	2.300000000000000000e+01	1.414600525983671607e-02
2.000000000000000000e+14	2.300000000000000000e+01	1.868323881780520682e-02
2.510000000000000000e+14	2.300000000000000000e+01	2.403684014013082737e-02
3.160000000000000000e+14	2.300000000000000000e+01	2.991572805249205491e-02
3.980000000000000000e+14	2.300000000000000000e+01	3.515197541292437722e-02
5.010000000000000000e+14	2.300000000000000000e+01	3.875513791499732991e-02
6.310000000000000000e+14	2.300000000000000000e+01	4.082712894982650637e-02
7.940000000000000000e+14	2.300000000000000000e+01	3.947427024783382171e-02
1.000000000000000000e+15	2.300000000000000000e+01	3.405504113130999183e-02
1.260000000000000000e+15	2.300000000000000000e+01	2.679694039143224946e-02
1.580000000000000000e+15	2.300000000000000000e+01	1.861616076889024626e-02
2.000000000000000000e+15	2.300000000000000000e+01	9.796085711404882435e-03
2.510000000000000000e+15	2.300000000000000000e+01	1.286790202478693647e-03
3.160000000000000000e+15	2.300000000000000000e+01	-6.291868868808761853e-03
3.980000000000000000e+15	2.300000000000000000e+01	-1.262454923771379016e-02
5.010000000000000000e+15	2.300000000000000000e+01	-1.756442570776671486e-02
6.310000000000000000e+15	2.300000000000000000e+01	-2.115111940422428199e-02
7.940000000000000000e+15	2.300000000000000000e+01	-2.347954115093739066e-02
1.000000000000000000e+16	2.300000000000000000e+01	-2.473067836102565975e-02
1.260000000000000000e+16	2.300000000000000000e+01	-2.507870110593509935e-02
1.580000000000000000e+16	2.300000000000000000e+01	-2.474389600999990502e-02
2.000000000000000000e+16	2.300000000000000000e+01	-2.382331391175774443e-02
2.510000000000000000e+16	2.300000000000000000e+01	-2.258344190268605015e-02
3.160000000000000000e+16	2.300000000000000000e+01	-2.107409629712924531e-02
3.980000000000000000e+16	2.300000000000000000e+01	-1.941893657384379315e-02
5.010000000000000000e+16	2.300000000000000000e+01	-1.770938804833399952e-02
6.310000000000000000e+16	2.300000000000000000e+01	-1.599870841638591223e-02
7.940000000000000000e+16	2.300000000000000000e+01	-1.434716360468152492e-02
1.000000000000000000e+17	2.300000000000000000e+01	-1.276943428620617473e-02
1.000000000000000000e+11	2.500000000000000000e+01	9.985761374947323374e-06
1.258925411794166107e+11	2.500000000000000000e+01	1.258213880769725555e-05
1.584893192461110840e+11	2.500000000000000000e+01	1.586331270163351503e-05
1.995262314968882751e+11	2.500000000000000000e+01	2.001959679022026175e-05
2.511886431509582214e+11	2.500000000000000000e+01	2.530590855041496497e-05
3.162277660168379517e+11	2.500000000000000000e+01	3.207158598756603210e-05
3.981071705534969482e+11	2.500000000000000000e+01	4.079833195208344736e-05
5.011872336272714844e+11	2.500000000000000000e+01	5.209708461802380286e-05
6.309573444801943359e+11	2.500000000000000000e+01	6.623576309461555120e-05
7.943282347242821045e+11	2.500000000000000000e+01	7.445751148376064167e-05
1.000000000000000000e+12	2.500000000000000000e+01	8.759791168291643812e-05
1.260000000000000000e+12	2.500000000000000000e+01	1.157229491205043589e-04
1.580000000000000000e+12	2.500000000000000000e+01	1.469202194538891796e-04
2.000000000000000000e+12	2.500000000000000000e+01	1.854825445184096885e-04
2.510000000000000000e+12	2.500000000000000000e+01	2.325741333178257049e-04
3.160000000000000000e+12	2.500000000000000000e+01	2.931702251612674386e-04
3.980000000000000000e+12	2.500000000000000000e+01	3.694229009612188803e-04
5.010000000000000000e+12	2.500000000000000000e+01	4.668120815224863413e-04
6.310000000000000000e+12	2.500000000000000000e+01	5.868982037990753573e-04
7.940000000000000000e+12	2.500000000000000000e+01	7.388552362694574081e-04
1.000000000000000000e+13	2.500000000000000000e+01	9.319450081735381223e-04
1.260000000000000000e+13	2.500000000000000000e+01	1.175550646469085978e-03
1.580000000000000000e+13	2.500000000000000000e+01	1.478541782852076667e-03
2.000000000000000000e+13	2.500000000000000000e+01	1.879014099257499170e-03
2.510000000000000000e+13	2.500000000000000000e+01	2.357501519620148252e-03
3.160000000000000000e+13	2.500000000000000000e+01	2.940755556850144746e-03
3.980000000000000000e+13	2.500000000000000000e+01	3.668470665485098082e-03
5.010000000000000000e+13	2.500000000000000000e+01	4.545043428282003091e-03
6.310000000000000000e+13	2.500000000000000000e+01	5.637880529704244505e-03
7.940000000000000000e+13	2.500000000000000000e+01	6.936781123261772687e-03
1.000000000000000000e+14	2.500000000000000000e+01	8.581306685721221475e-03
1.260000000000000000e+14	2.500000000000000000e+01	1.100837580300980181e-02
1.580000000000000000e+14	2.500000000000000000e+01	1.415415301071328014e-02
2.000000000000000000e+14	2.500000000000000000e+01	1.853420007706102143e-02
2.510000000000000000e+14	2.500000000000000000e+01	2.411106032877119096e-02
3.160000000000000000e+14	2.500000000000000000e+01	3.022262661005692408e-02
3.980000000000000000e+14	2.500000000000000000e+01	3.622063664624038809e-02
5.010000000000000000e+14	2.500000000000000000e+01	3.951529044272666935e-02
6.310000000000000000e+14	2.500000000000000000e+01	3.916339913626156605e-02
7.940000000000000000e+14	2.500000000000000000e+01	3.707049671094892612e-02
1.000000000000000000e+15	2.500000000000000000e+01	3.215665003971802938e-02
1.260000000000000000e+15	2.500000000000000000e+01	2.409284274376713095e-02
1.580000000000000000e+15	2.500000000000000000e+01	1.599192547971334949e-02
2.000000000000000000e+15	2.500000000000000000e+01	8.475234072366144220e-03
2.510000000000000000e+15	2.500000000000000000e+01	5.374595297595926441e-04
3.160000000000000000e+15	2.500000000000000000e+01	-6.600769328257200322e-03
3.980000000000000000e+15	2.500000000000000000e+01	-1.259206636070270800e-02
5.010000000000000000e+15	2.500000000000000000e+01	-1.727214540646534666e-02
6.310000000000000000e+15	2.500000000000000000e+01	-2.066726682542704627e-02
7.940000000000000000e+15	2.500000000000000000e+01	-2.286379234327343829e-02
1.000000000000000000e+16	2.500000000000000000e+01	-2.403079417291215797e-02
1.260000000000000000e+16	2.500000000000000000e+01	-2.433487941964986370e-02
1.580000000000000000e+16	2.500000000000000000e+01	-2.398691537548485603e-02
2.000000000000000000e+16	2.500000000000000000e+01	-2.307778353082488854e-02
2.510000000000000000e+16	2.500000000000000000e+01	-2.186518679749917954e-02
3.160000000000000000e+16	2.500000000000000000e+01	-2.039541098551621995e-02
3.980000000000000000e+16	2.500000000000000000e+01	-1.878744931530083179e-02
5.010000000000000000e+16	2.500000000000000000e+01	-1.712874603781007130e-02
6.310000000000000000e+16	2.500000000000000000e+01	-1.547106212882163982e-02
7.940000000000000000e+16	2.500000000000000000e+01	-1.387149569240143064e-02
1.000000000000000000e+17	2.500000000000000000e+01	-1.234429086809275301e-02
