1.000000000000000000e+11	5.000000000000000000e-01	1.614222404682605998e-05
1.258925411794166107e+11	5.000000000000000000e-01	2.034766951770858740e-05
1.584893192461110840e+11	5.000000000000000000e-01	2.566955558656896673e-05
1.995262314968882751e+11	5.000000000000000000e-01	3.242628689679611249e-05
2.511886431509582214e+11	5.000000000000000000e-01	4.105085185428286783e-05
3.162277660168379517e+11	5.000000000000000000e-01	5.215762879006353742e-05
3.981071705534969482e+11	5.000000000000000000e-01	6.665968745159525589e-05
5.011872336272714844e+11	5.000000000000000000e-01	8.599666276042380690e-05
6.309573444801943359e+11	5.000000000000000000e-01	1.124364152859369650e-04
7.943282347242821045e+11	5.000000000000000000e-01	1.504178138332422994e-04
1.000000000000000000e+12	5.000000000000000000e-01	1.706513851410446970e-04
1.260000000000000000e+12	5.000000000000000000e-01	1.748910430155699910e-04
1.580000000000000000e+12	5.000000000000000000e-01	1.989016571942658299e-04
2.000000000000000000e+12	5.000000000000000000e-01	2.365542114744772920e-04
2.510000000000000000e+12	5.000000000000000000e-01	2.853280235649560334e-04
3.160000000000000000e+12	5.000000000000000000e-01	3.496972068832960808e-04
3.980000000000000000e+12	5.000000000000000000e-01	4.325878011075348119e-04
5.010000000000000000e+12	5.000000000000000000e-01	5.377281423561762301e-04
6.310000000000000000e+12	5.000000000000000000e-01	6.709711835124060331e-04
7.940000000000000000e+12	5.000000000000000000e-01	8.391583589368003171e-04
1.000000000000000000e+13	5.000000000000000000e-01	1.050980069860782710e-03
1.260000000000000000e+13	5.000000000000000000e-01	1.312758621665900856e-03
1.580000000000000000e+13	5.000000000000000000e-01	1.630479912322363271e-03
2.000000000000000000e+13	5.000000000000000000e-01	2.052409542899066245e-03
2.510000000000000000e+13	5.000000000000000000e-01	2.576236951016102651e-03
3.160000000000000000e+13	5.000000000000000000e-01	3.255940678545504209e-03
3.980000000000000000e+13	5.000000000000000000e-01	4.120121386528475919e-03
5.010000000000000000e+13	5.000000000000000000e-01	5.194728110377000961e-03
6.310000000000000000e+13	5.000000000000000000e-01	6.504190776702235485e-03
7.940000000000000000e+13	5.000000000000000000e-01	8.056601570081487265e-03
1.000000000000000000e+14	5.000000000000000000e-01	9.904983394411304848e-03
1.260000000000000000e+14	5.000000000000000000e-01	1.220130745498976960e-02
1.580000000000000000e+14	5.000000000000000000e-01	1.514889642002755464e-02
2.000000000000000000e+14	5.000000000000000000e-01	1.928064688965064333e-02
2.510000000000000000e+14	5.000000000000000000e-01	2.433460567605237601e-02
3.160000000000000000e+14	5.000000000000000000e-01	2.994341842152572694e-02
3.980000000000000000e+14	5.000000000000000000e-01	3.507696368210304338e-02
5.010000000000000000e+14	5.000000000000000000e-01	3.851361121168542234e-02
6.310000000000000000e+14	5.000000000000000000e-01	3.933490770450333990e-02
7.940000000000000000e+14	5.000000000000000000e-01	3.719573097590817695e-02
1.000000000000000000e+15	5.000000000000000000e-01	3.221299838773335894e-02
1.260000000000000000e+15	5.000000000000000000e-01	2.531541912579244116e-02
1.580000000000000000e+15	5.000000000000000000e-01	1.735998541144550406e-02
2.000000000000000000e+15	5.000000000000000000e-01	8.751208542205585889e-03
2.510000000000000000e+15	5.000000000000000000e-01	6.279943426183847181e-04
3.160000000000000000e+15	5.000000000000000000e-01	-6.736345383531272199e-03
3.980000000000000000e+15	5.000000000000000000e-01	-1.291367579854509756e-02
5.010000000000000000e+15	5.000000000000000000e-01	-1.773662724375611385e-02
6.310000000000000000e+15	5.000000000000000000e-01	-2.123627824063428760e-02
7.940000000000000000e+15	5.000000000000000000e-01	-2.349996857256747562e-02
1.000000000000000000e+16	5.000000000000000000e-01	-2.470447805580140710e-02
1.260000000000000000e+16	5.000000000000000000e-01	-2.502003759194527943e-02
1.580000000000000000e+16	5.000000000000000000e-01	-2.466424332436807990e-02
2.000000000000000000e+16	5.000000000000000000e-01	-2.373085152458165314e-02
2.510000000000000000e+16	5.000000000000000000e-01	-2.248490024480768318e-02
3.160000000000000000e+16	5.000000000000000000e-01	-2.097416915873667048e-02
3.980000000000000000e+16	5.000000000000000000e-01	-1.932108113656454476e-02
5.010000000000000000e+16	5.000000000000000000e-01	-1.761563878864159938e-02
6.310000000000000000e+16	5.000000000000000000e-01	-1.591110094540068229e-02
7.940000000000000000e+16	5.000000000000000000e-01	-1.426625626266748298e-02
1.000000000000000000e+17	5.000000000000000000e-01	-1.269571111106666990e-02
1.000000000000000000e+11	1.500000000000000000e+00	1.463247275979131602e-05
1.258925411794166107e+11	1.500000000000000000e+00	1.844590078462982676e-05
1.584893192461110840e+11	1.500000000000000000e+00	2.327331870824211177e-05
1.995262314968882751e+11	1.500000000000000000e+00	2.940525350426020706e-05
2.511886431509582214e+11	1.500000000000000000e+00	3.723901201737071440e-05
3.162277660168379517e+11	1.500000000000000000e+00	4.734096218410095323e-05
3.981071705534969482e+11	1.500000000000000000e+00	6.055643363725725413e-05
5.011872336272714844e+11	1.500000000000000000e+00	7.822052755526061872e-05
6.309573444801943359e+11	1.500000000000000000e+00	1.024128688149815415e-04
7.943282347242821045e+11	1.500000000000000000e+00	1.366398765452500976e-04
1.000000000000000000e+12	1.500000000000000000e+00	1.540030194567502530e-04
1.260000000000000000e+12	1.500000000000000000e+00	1.567902798383458498e-04
1.580000000000000000e+12	1.500000000000000000e+00	1.774038864456377275e-04
2.000000000000000000e+12	1.500000000000000000e+00	2.101327767049034642e-04
2.510000000000000000e+12	1.500000000000000000e+00	2.532066003142526413e-04
3.160000000000000000e+12	1.500000000000000000e+00	3.106002809495740039e-04
3.980000000000000000e+12	1.500000000000000000e+00	3.844789801778422124e-04
5.010000000000000000e+12	1.500000000000000000e+00	4.787882072647969161e-04
6.310000000000000000e+12	1.500000000000000000e+00	5.993028833510203853e-04
7.940000000000000000e+12	1.500000000000000000e+00	7.509376312726966833e-04
1.000000000000000000e+13	1.500000000000000000e+00	9.421240156485431380e-04
1.260000000000000000e+13	1.500000000000000000e+00	1.179471554788807854e-03
1.580000000000000000e+13	1.500000000000000000e+00	1.467467470983667074e-03
2.000000000000000000e+13	1.500000000000000000e+00	1.878121471186498196e-03
2.510000000000000000e+13	1.500000000000000000e+00	2.314934386679989506e-03
3.160000000000000000e+13	1.500000000000000000e+00	2.919070192995180772e-03
3.980000000000000000e+13	1.500000000000000000e+00	3.687068495662821927e-03
5.010000000000000000e+13	1.500000000000000000e+00	4.649063221216812383e-03
6.310000000000000000e+13	1.500000000000000000e+00	5.853822245476172220e-03
7.940000000000000000e+13	1.500000000000000000e+00	7.344558880839641840e-03
1.000000000000000000e+14	1.500000000000000000e+00	9.219071233122997158e-03
1.260000000000000000e+14	1.500000000000000000e+00	1.164201578015870535e-02
1.580000000000000000e+14	1.500000000000000000e+00	1.477808599208324698e-02
2.000000000000000000e+14	1.500000000000000000e+00	1.911135715033548607e-02
2.510000000000000000e+14	1.500000000000000000e+00	2.429926285708968250e-02
3.160000000000000000e+14	1.500000000000000000e+00	3.003706406360097392e-02
3.980000000000000000e+14	1.500000000000000000e+00	3.525965806147950132e-02
5.010000000000000000e+14	1.500000000000000000e+00	3.868186438963056029e-02
6.310000000000000000e+14	1.500000000000000000e+00	3.964032096082661244e-02
7.940000000000000000e+14	1.500000000000000000e+00	3.746807545994623734e-02
1.000000000000000000e+15	1.500000000000000000e+00	3.264260798900385507e-02
1.260000000000000000e+15	1.500000000000000000e+00	2.556786041017014219e-02
1.580000000000000000e+15	1.500000000000000000e+00	1.737755707642743910e-02
2.000000000000000000e+15	1.500000000000000000e+00	9.114820129891341646e-03
2.510000000000000000e+15	1.500000000000000000e+00	8.652911566429630523e-04
3.160000000000000000e+15	1.500000000000000000e+00	-6.512098633256522759e-03
3.980000000000000000e+15	1.500000000000000000e+00	-1.268814821035622528e-02
5.010000000000000000e+15	1.500000000000000000e+00	-1.750833180563966113e-02
6.310000000000000000e+15	1.500000000000000000e+00	-2.100575057199711299e-02
7.940000000000000000e+15	1.500000000000000000e+00	-2.327172898614243007e-02
1.000000000000000000e+16	1.500000000000000000e+00	-2.448109006866179202e-02
1.260000000000000000e+16	1.500000000000000000e+00	-2.480526240316910033e-02
1.580000000000000000e+16	1.500000000000000000e+00	-2.446030121276938224e-02
2.000000000000000000e+16	1.500000000000000000e+00	-2.354027456077115513e-02
2.510000000000000000e+16	1.500000000000000000e+00	-2.230821065811956772e-02
3.160000000000000000e+16	1.500000000000000000e+00	-2.081256128228397770e-02
3.980000000000000000e+16	1.500000000000000000e+00	-1.917396226678682800e-02
5.010000000000000000e+16	1.500000000000000000e+00	-1.748304500427486780e-02
6.310000000000000000e+16	1.500000000000000000e+00	-1.579239673344104075e-02
7.940000000000000000e+16	1.500000000000000000e+00	-1.416070059399473884e-02
1.000000000000000000e+17	1.500000000000000000e+00	-1.260254816246076694e-02
1.000000000000000000e+11	2.500000000000000000e+00	1.393536352234260708e-05
1.258925411794166107e+11	2.500000000000000000e+00	1.756746845555661284e-05
1.584893192461110840e+11	2.500000000000000000e+00	2.216577300854430925e-05
1.995262314968882751e+11	2.500000000000000000e+00	2.800751180739269558e-05
2.511886431509582214e+11	2.500000000000000000e+00	3.547241972382280431e-05
3.162277660168379517e+11	2.500000000000000000e+00	4.510222360337193904e-05
3.981071705534969482e+11	2.500000000000000000e+00	5.770627494016210117e-05
5.011872336272714844e+11	2.500000000000000000e+00	7.455896435399754930e-05
6.309573444801943359e+11	2.500000000000000000e+00	9.760777655873577503e-05
7.943282347242821045e+11	2.500000000000000000e+00	1.296073089512013270e-04
1.000000000000000000e+12	2.500000000000000000e+00	1.458959479496176178e-04
1.260000000000000000e+12	2.500000000000000000e+00	1.490398834194673337e-04
1.580000000000000000e+12	2.500000000000000000e+00	1.685571054136407129e-04
2.000000000000000000e+12	2.500000000000000000e+00	1.995574702485213838e-04
2.510000000000000000e+12	2.500000000000000000e+00	2.405573051295860343e-04
3.160000000000000000e+12	2.500000000000000000e+00	2.954723213391777801e-04
3.980000000000000000e+12	2.500000000000000000e+00	3.667797007301408702e-04
5.010000000000000000e+12	2.500000000000000000e+00	4.573774132455320001e-04
6.310000000000000000e+12	2.500000000000000000e+00	5.728779292520016922e-04
7.940000000000000000e+12	2.500000000000000000e+00	7.190184045464069864e-04
1.000000000000000000e+13	2.500000000000000000e+00	9.031742924105373759e-04
1.260000000000000000e+13	2.500000000000000000e+00	1.132372313082833292e-03
1.580000000000000000e+13	2.500000000000000000e+00	1.411378663431666833e-03
2.000000000000000000e+13	2.500000000000000000e+00	1.778345217346017672e-03
2.510000000000000000e+13	2.500000000000000000e+00	2.228514957136470791e-03
3.160000000000000000e+13	2.500000000000000000e+00	2.808701365570168574e-03
3.980000000000000000e+13	2.500000000000000000e+00	3.544394121095972416e-03
5.010000000000000000e+13	2.500000000000000000e+00	4.463191671894246870e-03
6.310000000000000000e+13	2.500000000000000000e+00	5.618753338872494070e-03
7.940000000000000000e+13	2.500000000000000000e+00	7.074680871466117009e-03
1.000000000000000000e+14	2.500000000000000000e+00	8.938746796466450970e-03
1.260000000000000000e+14	2.500000000000000000e+00	1.137620490777881653e-02
1.580000000000000000e+14	2.500000000000000000e+00	1.456529061107983414e-02
2.000000000000000000e+14	2.500000000000000000e+00	1.899891158137426150e-02
2.510000000000000000e+14	2.500000000000000000e+00	2.431960572104739302e-02
3.160000000000000000e+14	2.500000000000000000e+00	3.012046143288097527e-02
3.980000000000000000e+14	2.500000000000000000e+00	3.540697793670617016e-02
5.010000000000000000e+14	2.500000000000000000e+00	3.909860733004983518e-02
6.310000000000000000e+14	2.500000000000000000e+00	4.000484880355797274e-02
7.940000000000000000e+14	2.500000000000000000e+00	3.791037410048905820e-02
1.000000000000000000e+15	2.500000000000000000e+00	3.291466569390772562e-02
1.260000000000000000e+15	2.500000000000000000e+00	2.574819083542920564e-02
1.580000000000000000e+15	2.500000000000000000e+00	1.769654902730860221e-02
2.000000000000000000e+15	2.500000000000000000e+00	9.031483696613742257e-03
2.510000000000000000e+15	2.500000000000000000e+00	8.843770796564572045e-04
3.160000000000000000e+15	2.500000000000000000e+00	-6.486549362013014491e-03
3.980000000000000000e+15	2.500000000000000000e+00	-1.266466381069088036e-02
5.010000000000000000e+15	2.500000000000000000e+00	-1.748776285855019319e-02
6.310000000000000000e+15	2.500000000000000000e+00	-2.098943947528443196e-02
7.940000000000000000e+15	2.500000000000000000e+00	-2.325804691127682233e-02
1.000000000000000000e+16	2.500000000000000000e+00	-2.447048644834431963e-02
1.260000000000000000e+16	2.500000000000000000e+00	-2.479678577692732630e-02
1.580000000000000000e+16	2.500000000000000000e+00	-2.445351201009302033e-02
2.000000000000000000e+16	2.500000000000000000e+00	-2.353490367262370264e-02
2.510000000000000000e+16	2.500000000000000000e+00	-2.230394222502364229e-02
3.160000000000000000e+16	2.500000000000000000e+00	-2.080913986183363998e-02
3.980000000000000000e+16	2.500000000000000000e+00	-1.917127841822433357e-02
5.010000000000000000e+16	2.500000000000000000e+00	-1.748087788520050895e-02
6.310000000000000000e+16	2.500000000000000000e+00	-1.579070929128933640e-02
7.940000000000000000e+16	2.500000000000000000e+00	-1.415934321485073748e-02
1.000000000000000000e+17	2.500000000000000000e+00	-1.260134503970095250e-02
1.000000000000000000e+11	3.500000000000000000e+00	1.344704905076483688e-05
1.258925411794166107e+11	3.500000000000000000e+00	1.695199747962124396e-05
1.584893192461110840e+11	3.500000000000000000e+00	2.138950542976702734e-05
1.995262314968882751e+11	3.500000000000000000e+00	2.702720143726547220e-05
2.511886431509582214e+11	3.500000000000000000e+00	3.423211770271116427e-05
3.162277660168379517e+11	3.500000000000000000e+00	4.352794886885401869e-05
3.981071705534969482e+11	3.500000000000000000e+00	5.569646538937464436e-05
5.011872336272714844e+11	3.500000000000000000e+00	7.197134670916964017e-05
6.309573444801943359e+11	3.500000000000000000e+00	9.417093178919415766e-05
7.943282347242821045e+11	3.500000000000000000e+00	1.244296589245077415e-04
1.000000000000000000e+12	3.500000000000000000e+00	1.399951404026888145e-04
1.260000000000000000e+12	3.500000000000000000e+00	1.435947918582936792e-04
1.580000000000000000e+12	3.500000000000000000e+00	1.625917257079486657e-04
2.000000000000000000e+12	3.500000000000000000e+00	1.930885057154410188e-04
2.510000000000000000e+12	3.500000000000000000e+00	2.333054786983901482e-04
3.160000000000000000e+12	3.500000000000000000e+00	2.865774546546565244e-04
3.980000000000000000e+12	3.500000000000000000e+00	3.559085071271841537e-04
5.010000000000000000e+12	3.500000000000000000e+00	4.447366017758659466e-04
6.310000000000000000e+12	3.500000000000000000e+00	5.580745002895109736e-04
7.940000000000000000e+12	3.500000000000000000e+00	7.010110759073476553e-04
1.000000000000000000e+13	3.500000000000000000e+00	8.812752583074674783e-04
1.260000000000000000e+13	3.500000000000000000e+00	1.106156784326131019e-03
1.580000000000000000e+13	3.500000000000000000e+00	1.380586211109706592e-03
2.000000000000000000e+13	3.500000000000000000e+00	1.741720007015012690e-03
2.510000000000000000e+13	3.500000000000000000e+00	2.182588035694408429e-03
3.160000000000000000e+13	3.500000000000000000e+00	2.749311292815349167e-03
3.980000000000000000e+13	3.500000000000000000e+00	3.468372313039754223e-03
5.010000000000000000e+13	3.500000000000000000e+00	4.367519702255772893e-03
6.310000000000000000e+13	3.500000000000000000e+00	5.498882929311390069e-03
7.940000000000000000e+13	3.500000000000000000e+00	6.928480404043374161e-03
1.000000000000000000e+14	3.500000000000000000e+00	8.777288879085326512e-03
1.260000000000000000e+14	3.500000000000000000e+00	1.123264503128348218e-02
1.580000000000000000e+14	3.500000000000000000e+00	1.443877292379669962e-02
2.000000000000000000e+14	3.500000000000000000e+00	1.889479839529651164e-02
2.510000000000000000e+14	3.500000000000000000e+00	2.425446244131945414e-02
3.160000000000000000e+14	3.500000000000000000e+00	3.013610126199055272e-02
3.980000000000000000e+14	3.500000000000000000e+00	3.549539624278284788e-02
5.010000000000000000e+14	3.500000000000000000e+00	3.909602644912216901e-02
6.310000000000000000e+14	3.500000000000000000e+00	3.984651123352851015e-02
7.940000000000000000e+14	3.500000000000000000e+00	3.751504307471793115e-02
1.000000000000000000e+15	3.500000000000000000e+00	3.248894041531024540e-02
1.260000000000000000e+15	3.500000000000000000e+00	2.554440399663757480e-02
1.580000000000000000e+15	3.500000000000000000e+00	1.757419449890475216e-02
2.000000000000000000e+15	3.500000000000000000e+00	8.968049392963283947e-03
2.510000000000000000e+15	3.500000000000000000e+00	8.748317692600287914e-04
3.160000000000000000e+15	3.500000000000000000e+00	-6.444364268008195666e-03
3.980000000000000000e+15	3.500000000000000000e+00	-1.257873359931442787e-02
5.010000000000000000e+15	3.500000000000000000e+00	-1.736759901426699476e-02
6.310000000000000000e+15	3.500000000000000000e+00	-2.084436183189065928e-02
7.940000000000000000e+15	3.500000000000000000e+00	-2.309672342019048613e-02
1.000000000000000000e+16	3.500000000000000000e+00	-2.430044289531806123e-02
1.260000000000000000e+16	3.500000000000000000e+00	-2.462423778984900585e-02
1.580000000000000000e+16	3.500000000000000000e+00	-2.428319251694343803e-02
2.000000000000000000e+16	3.500000000000000000e+00	-2.337086305597031038e-02
2.510000000000000000e+16	3.500000000000000000e+00	-2.214838642314616649e-02
3.160000000000000000e+16	3.500000000000000000e+00	-2.066363220326963498e-02
3.980000000000000000e+16	3.500000000000000000e+00	-1.903747829401290087e-02
5.010000000000000000e+16	3.500000000000000000e+00	-1.735871804590005327e-02
6.310000000000000000e+16	3.500000000000000000e+00	-1.568048634571908920e-02
7.940000000000000000e+16	3.500000000000000000e+00	-1.406045494074327322e-02
1.000000000000000000e+17	3.500000000000000000e+00	-1.251330727411144837e-02
1.000000000000000000e+11	4.500000000000000000e+00	1.307690934474683585e-05
1.258925411794166107e+11	4.500000000000000000e+00	1.648523265960116145e-05
1.584893192461110840e+11	4.500000000000000000e+00	2.080033574491626497e-05
1.995262314968882751e+11	4.500000000000000000e+00	2.628241805957427023e-05
2.511886431509582214e+11	4.500000000000000000e+00	3.328807568835834887e-05
3.162277660168379517e+11	4.500000000000000000e+00	4.232599750751923087e-05
3.981071705534969482e+11	4.500000000000000000e+00	5.415418827336964937e-05
5.011872336272714844e+11	4.500000000000000000e+00	6.995572379292516155e-05
6.309573444801943359e+11	4.500000000000000000e+00	9.133475684993503600e-05
7.943282347242821045e+11	4.500000000000000000e+00	1.201521538476236573e-04
1.000000000000000000e+12	4.500000000000000000e+00	1.351056677432393115e-04
1.260000000000000000e+12	4.500000000000000000e+00	1.395738146711941795e-04
1.580000000000000000e+12	4.500000000000000000e+00	1.590265240936363737e-04
2.000000000000000000e+12	4.500000000000000000e+00	1.894556371259074738e-04
2.510000000000000000e+12	4.500000000000000000e+00	2.290475155328477118e-04
3.160000000000000000e+12	4.500000000000000000e+00	2.820331483882187605e-04
3.980000000000000000e+12	4.500000000000000000e+00	3.509300469427949773e-04
5.010000000000000000e+12	4.500000000000000000e+00	4.387575087567831896e-04
6.310000000000000000e+12	4.500000000000000000e+00	5.507768312083727476e-04
7.940000000000000000e+12	4.500000000000000000e+00	6.920994832009634556e-04
1.000000000000000000e+13	4.500000000000000000e+00	8.709126347819518823e-04
1.260000000000000000e+13	4.500000000000000000e+00	1.094440458067917924e-03
1.580000000000000000e+13	4.500000000000000000e+00	1.367225333479360786e-03
2.000000000000000000e+13	4.500000000000000000e+00	1.726495278468191848e-03
2.510000000000000000e+13	4.500000000000000000e+00	2.163833267841126437e-03
3.160000000000000000e+13	4.500000000000000000e+00	2.722806777732051427e-03
3.980000000000000000e+13	4.500000000000000000e+00	3.432283936670114249e-03
5.010000000000000000e+13	4.500000000000000000e+00	4.322335066659382941e-03
6.310000000000000000e+13	4.500000000000000000e+00	5.438556530806955454e-03
7.940000000000000000e+13	4.500000000000000000e+00	6.855516779692243795e-03
1.000000000000000000e+14	4.500000000000000000e+00	8.701541436688527489e-03
1.260000000000000000e+14	4.500000000000000000e+00	1.113309636668901106e-02
1.580000000000000000e+14	4.500000000000000000e+00	1.437580725914014423e-02
2.000000000000000000e+14	4.500000000000000000e+00	1.890131098530090439e-02
2.510000000000000000e+14	4.500000000000000000e+00	2.429895944908661704e-02
3.160000000000000000e+14	4.500000000000000000e+00	3.026946223395879376e-02
3.980000000000000000e+14	4.500000000000000000e+00	3.560537100197622151e-02
5.010000000000000000e+14	4.500000000000000000e+00	3.901859950736893262e-02
6.310000000000000000e+14	4.500000000000000000e+00	3.994832498571405932e-02
7.940000000000000000e+14	4.500000000000000000e+00	3.777472697618979025e-02
1.000000000000000000e+15	4.500000000000000000e+00	3.308843259050182894e-02
1.260000000000000000e+15	4.500000000000000000e+00	2.610218306176882719e-02
1.580000000000000000e+15	4.500000000000000000e+00	1.792253404273470851e-02
2.000000000000000000e+15	4.500000000000000000e+00	9.422806635215611598e-03
2.510000000000000000e+15	4.500000000000000000e+00	1.088654106292589628e-03
3.160000000000000000e+15	4.500000000000000000e+00	-6.343048942875357220e-03
3.980000000000000000e+15	4.500000000000000000e+00	-1.255752861100269818e-02
5.010000000000000000e+15	4.500000000000000000e+00	-1.740621876959838957e-02
6.310000000000000000e+15	4.500000000000000000e+00	-2.092546199414412056e-02
7.940000000000000000e+15	4.500000000000000000e+00	-2.320779478213891647e-02
1.000000000000000000e+16	4.500000000000000000e+00	-2.443091705732121019e-02
1.260000000000000000e+16	4.500000000000000000e+00	-2.476553537123568627e-02
1.580000000000000000e+16	4.500000000000000000e+00	-2.442866676387149549e-02
2.000000000000000000e+16	4.500000000000000000e+00	-2.351530495220566230e-02
2.510000000000000000e+16	4.500000000000000000e+00	-2.228832572986572114e-02
3.160000000000000000e+16	4.500000000000000000e+00	-2.079643169894164131e-02
3.980000000000000000e+16	4.500000000000000000e+00	-1.916143444382749708e-02
5.010000000000000000e+16	4.500000000000000000e+00	-1.747308993382324510e-02
6.310000000000000000e+16	4.500000000000000000e+00	-1.578453440948487940e-02
7.940000000000000000e+16	4.500000000000000000e+00	-1.415442009380841332e-02
1.000000000000000000e+17	4.500000000000000000e+00	-1.259741214098913757e-02
1.000000000000000000e+11	5.500000000000000000e+00	1.272082124046802827e-05
1.258925411794166107e+11	5.500000000000000000e+00	1.603633470392171022e-05
1.584893192461110840e+11	5.500000000000000000e+00	2.023395369929074789e-05
1.995262314968882751e+11	5.500000000000000000e+00	2.556691763579347471e-05
2.511886431509582214e+11	5.500000000000000000e+00	3.238197511827004585e-05
3.162277660168379517e+11	5.500000000000000000e+00	4.117437888187893726e-05
3.981071705534969482e+11	5.500000000000000000e+00	5.268066416238932143e-05
5.011872336272714844e+11	5.500000000000000000e+00	6.805284194465157559e-05
6.309573444801943359e+11	5.500000000000000000e+00	8.891523243981992622e-05
7.943282347242821045e+11	5.500000000000000000e+00	1.162208274361888971e-04
1.000000000000000000e+12	5.500000000000000000e+00	1.305808971621575938e-04
1.260000000000000000e+12	5.500000000000000000e+00	1.358762454746859593e-04
1.580000000000000000e+12	5.500000000000000000e+00	1.552350517225164475e-04
2.000000000000000000e+12	5.500000000000000000e+00	1.849419544409141507e-04
2.510000000000000000e+12	5.500000000000000000e+00	2.241382415731795385e-04
3.160000000000000000e+12	5.500000000000000000e+00	2.765589994274089323e-04
3.980000000000000000e+12	5.500000000000000000e+00	3.441888514361175658e-04
5.010000000000000000e+12	5.500000000000000000e+00	4.307504755537107572e-04
6.310000000000000000e+12	5.500000000000000000e+00	5.413612727676771208e-04
7.940000000000000000e+12	5.500000000000000000e+00	6.809339501666430592e-04
1.000000000000000000e+13	5.500000000000000000e+00	8.568262586844812645e-04
1.260000000000000000e+13	5.500000000000000000e+00	1.078656708671883648e-03
1.580000000000000000e+13	5.500000000000000000e+00	1.348346606922702683e-03
2.000000000000000000e+13	5.500000000000000000e+00	1.701079784472875420e-03
2.510000000000000000e+13	5.500000000000000000e+00	2.136207060212204790e-03
3.160000000000000000e+13	5.500000000000000000e+00	2.692107455184086610e-03
3.980000000000000000e+13	5.500000000000000000e+00	3.390075727085222531e-03
5.010000000000000000e+13	5.500000000000000000e+00	4.263484510497629956e-03
6.310000000000000000e+13	5.500000000000000000e+00	5.367633347638949004e-03
7.940000000000000000e+13	5.500000000000000000e+00	6.765095631066913619e-03
1.000000000000000000e+14	5.500000000000000000e+00	8.567714209439584311e-03
1.260000000000000000e+14	5.500000000000000000e+00	1.101777052147547009e-02
1.580000000000000000e+14	5.500000000000000000e+00	1.425654766726742496e-02
2.000000000000000000e+14	5.500000000000000000e+00	1.875385560748984992e-02
2.510000000000000000e+14	5.500000000000000000e+00	2.415906090838408279e-02
3.160000000000000000e+14	5.500000000000000000e+00	2.998635315282379213e-02
3.980000000000000000e+14	5.500000000000000000e+00	3.536479965814268156e-02
5.010000000000000000e+14	5.500000000000000000e+00	3.913225424924202112e-02
6.310000000000000000e+14	5.500000000000000000e+00	4.000753563620468300e-02
7.940000000000000000e+14	5.500000000000000000e+00	3.791673138489793510e-02
1.000000000000000000e+15	5.500000000000000000e+00	3.292953052859290408e-02
1.260000000000000000e+15	5.500000000000000000e+00	2.577510131496097215e-02
1.580000000000000000e+15	5.500000000000000000e+00	1.773678158418183839e-02
2.000000000000000000e+15	5.500000000000000000e+00	9.087070883943509578e-03
2.510000000000000000e+15	5.500000000000000000e+00	9.662065791675604259e-04
3.160000000000000000e+15	5.500000000000000000e+00	-6.373389968734060121e-03
3.980000000000000000e+15	5.500000000000000000e+00	-1.252314443017703109e-02
5.010000000000000000e+15	5.500000000000000000e+00	-1.732380675889204011e-02
6.310000000000000000e+15	5.500000000000000000e+00	-2.080977383379405132e-02
7.940000000000000000e+15	5.500000000000000000e+00	-2.306980047588949936e-02
1.000000000000000000e+16	5.500000000000000000e+00	-2.427873386486546423e-02
1.260000000000000000e+16	5.500000000000000000e+00	-2.460701454017536968e-02
1.580000000000000000e+16	5.500000000000000000e+00	-2.426932469898695002e-02
2.000000000000000000e+16	5.500000000000000000e+00	-2.336003828380420547e-02
2.510000000000000000e+16	5.500000000000000000e+00	-2.213977678683500677e-02
3.160000000000000000e+16	5.500000000000000000e+00	-2.065711918656336701e-02
3.980000000000000000e+16	5.500000000000000000e+00	-1.903203773635760154e-02
5.010000000000000000e+16	5.500000000000000000e+00	-1.735452814128878724e-02
6.310000000000000000e+16	5.500000000000000000e+00	-1.567705754317752151e-02
7.940000000000000000e+16	5.500000000000000000e+00	-1.405773817735197009e-02
1.000000000000000000e+17	5.500000000000000000e+00	-1.251116810174508591e-02
1.000000000000000000e+11	6.500000000000000000e+00	1.248307103273339323e-05
1.258925411794166107e+11	6.500000000000000000e+00	1.573634158885764636e-05
1.584893192461110840e+11	6.500000000000000000e+00	1.985487330977367895e-05
1.995262314968882751e+11	6.500000000000000000e+00	2.508676400828532049e-05
2.511886431509582214e+11	6.500000000000000000e+00	3.177185171271078008e-05
3.162277660168379517e+11	6.500000000000000000e+00	4.039402302438356736e-05
3.981071705534969482e+11	6.500000000000000000e+00	5.167172961279821816e-05
5.011872336272714844e+11	6.500000000000000000e+00	6.671409396062615699e-05
6.309573444801943359e+11	6.500000000000000000e+00	8.707456964515889711e-05
7.943282347242821045e+11	6.500000000000000000e+00	1.130662430104571124e-04
1.000000000000000000e+12	6.500000000000000000e+00	1.272518891234420725e-04
1.260000000000000000e+12	6.500000000000000000e+00	1.338329795420877574e-04
1.580000000000000000e+12	6.500000000000000000e+00	1.534799528491755506e-04
2.000000000000000000e+12	6.500000000000000000e+00	1.836060009541852478e-04
2.510000000000000000e+12	6.500000000000000000e+00	2.231169448303938103e-04
3.160000000000000000e+12	6.500000000000000000e+00	2.752891260461837577e-04
3.980000000000000000e+12	6.500000000000000000e+00	3.430306570575251154e-04
5.010000000000000000e+12	6.500000000000000000e+00	4.295755920561695183e-04
6.310000000000000000e+12	6.500000000000000000e+00	5.399082093151165310e-04
7.940000000000000000e+12	6.500000000000000000e+00	6.794061089132179829e-04
1.000000000000000000e+13	6.500000000000000000e+00	8.565245973762065533e-04
1.260000000000000000e+13	6.500000000000000000e+00	1.075258156437000883e-03
1.580000000000000000e+13	6.500000000000000000e+00	1.343122888622907875e-03
2.000000000000000000e+13	6.500000000000000000e+00	1.698935673527207906e-03
2.510000000000000000e+13	6.500000000000000000e+00	2.132011012354680709e-03
3.160000000000000000e+13	6.500000000000000000e+00	2.688573528843840772e-03
3.980000000000000000e+13	6.500000000000000000e+00	3.391021091692258960e-03
5.010000000000000000e+13	6.500000000000000000e+00	4.266376420138658782e-03
6.310000000000000000e+13	6.500000000000000000e+00	5.365462008208515127e-03
7.940000000000000000e+13	6.500000000000000000e+00	6.758353636406125645e-03
1.000000000000000000e+14	6.500000000000000000e+00	8.583989597856885728e-03
1.260000000000000000e+14	6.500000000000000000e+00	1.101371791827570473e-02
1.580000000000000000e+14	6.500000000000000000e+00	1.423817053493336982e-02
2.000000000000000000e+14	6.500000000000000000e+00	1.869514576737437914e-02
2.510000000000000000e+14	6.500000000000000000e+00	2.413540242186503620e-02
3.160000000000000000e+14	6.500000000000000000e+00	3.000195604352736550e-02
3.980000000000000000e+14	6.500000000000000000e+00	3.532550144871295095e-02
5.010000000000000000e+14	6.500000000000000000e+00	3.895650995492612456e-02
6.310000000000000000e+14	6.500000000000000000e+00	4.001566916365824345e-02
7.940000000000000000e+14	6.500000000000000000e+00	3.804772128709736634e-02
1.000000000000000000e+15	6.500000000000000000e+00	3.316753060802350023e-02
1.260000000000000000e+15	6.500000000000000000e+00	2.629710258447445770e-02
1.580000000000000000e+15	6.500000000000000000e+00	1.829587370755458159e-02
2.000000000000000000e+15	6.500000000000000000e+00	9.609814621563577894e-03
2.510000000000000000e+15	6.500000000000000000e+00	1.220555452228987451e-03
3.160000000000000000e+15	6.500000000000000000e+00	-6.244579897555940264e-03
3.980000000000000000e+15	6.500000000000000000e+00	-1.248201447341000005e-02
5.010000000000000000e+15	6.500000000000000000e+00	-1.734744391095372623e-02
6.310000000000000000e+15	6.500000000000000000e+00	-2.087937764371279939e-02
7.940000000000000000e+15	6.500000000000000000e+00	-2.317158262434179661e-02
1.000000000000000000e+16	6.500000000000000000e+00	-2.440219673866762459e-02
1.260000000000000000e+16	6.500000000000000000e+00	-2.474281066076552266e-02
1.580000000000000000e+16	6.500000000000000000e+00	-2.441057746450503788e-02
2.000000000000000000e+16	6.500000000000000000e+00	-2.350103319200502056e-02
2.510000000000000000e+16	6.500000000000000000e+00	-2.227697510773111664e-02
3.160000000000000000e+16	6.500000000000000000e+00	-2.078740717465584267e-02
3.980000000000000000e+16	6.500000000000000000e+00	-1.915427438350974718e-02
5.010000000000000000e+16	6.500000000000000000e+00	-1.746740739345979676e-02
6.310000000000000000e+16	6.500000000000000000e+00	-1.578002206905500943e-02
7.940000000000000000e+16	6.500000000000000000e+00	-1.415038203049989729e-02
1.000000000000000000e+17	6.500000000000000000e+00	-1.259460083534403967e-02
1.000000000000000000e+11	7.500000000000000000e+00	1.219018664785865269e-05
1.258925411794166107e+11	7.500000000000000000e+00	1.536701177053677211e-05
1.584893192461110840e+11	7.500000000000000000e+00	1.938876652830689729e-05
1.995262314968882751e+11	7.500000000000000000e+00	2.449755506768723726e-05
2.511886431509582214e+11	7.500000000000000000e+00	3.102501854172609916e-05
3.162277660168379517e+11	7.500000000000000000e+00	3.944340100857037954e-05
3.981071705534969482e+11	7.500000000000000000e+00	5.045216008876097060e-05
5.011872336272714844e+11	7.500000000000000000e+00	6.513542725732124393e-05
6.309573444801943359e+11	7.500000000000000000e+00	8.493562206100519049e-05
7.943282347242821045e+11	7.500000000000000000e+00	1.096696360497661837e-04
1.000000000000000000e+12	7.500000000000000000e+00	1.235329062774970677e-04
1.260000000000000000e+12	7.500000000000000000e+00	1.307762932328904257e-04
1.580000000000000000e+12	7.500000000000000000e+00	1.506193859902032626e-04
2.000000000000000000e+12	7.500000000000000000e+00	1.805982076868630089e-04
2.510000000000000000e+12	7.500000000000000000e+00	2.194986610265088037e-04
3.160000000000000000e+12	7.500000000000000000e+00	2.715277188059586340e-04
3.980000000000000000e+12	7.500000000000000000e+00	3.386888188887025820e-04
5.010000000000000000e+12	7.500000000000000000e+00	4.241516291909986172e-04
6.310000000000000000e+12	7.500000000000000000e+00	5.330656903282050742e-04
7.940000000000000000e+12	7.500000000000000000e+00	6.709724335963476683e-04
1.000000000000000000e+13	7.500000000000000000e+00	8.464315272719127913e-04
1.260000000000000000e+13	7.500000000000000000e+00	1.065124159770062607e-03
1.580000000000000000e+13	7.500000000000000000e+00	1.335542339950842325e-03
2.000000000000000000e+13	7.500000000000000000e+00	1.691360583963559192e-03
2.510000000000000000e+13	7.500000000000000000e+00	2.118879598566390191e-03
3.160000000000000000e+13	7.500000000000000000e+00	2.667308182223904981e-03
3.980000000000000000e+13	7.500000000000000000e+00	3.360403355937655739e-03
5.010000000000000000e+13	7.500000000000000000e+00	4.225695789214045477e-03
6.310000000000000000e+13	7.500000000000000000e+00	5.316713096517329540e-03
7.940000000000000000e+13	7.500000000000000000e+00	6.698098980950488793e-03
1.000000000000000000e+14	7.500000000000000000e+00	8.495810073515623617e-03
1.260000000000000000e+14	7.500000000000000000e+00	1.089833569116777437e-02
1.580000000000000000e+14	7.500000000000000000e+00	1.410881352195864948e-02
2.000000000000000000e+14	7.500000000000000000e+00	1.861165998935390004e-02
2.510000000000000000e+14	7.500000000000000000e+00	2.394850445407103318e-02
3.160000000000000000e+14	7.500000000000000000e+00	2.998960656781847478e-02
3.980000000000000000e+14	7.500000000000000000e+00	3.553869147129103123e-02
5.010000000000000000e+14	7.500000000000000000e+00	3.911773919062147553e-02
6.310000000000000000e+14	7.500000000000000000e+00	3.990748001883791946e-02
7.940000000000000000e+14	7.500000000000000000e+00	3.764886919403472032e-02
1.000000000000000000e+15	7.500000000000000000e+00	3.284604018746577897e-02
1.260000000000000000e+15	7.500000000000000000e+00	2.618659781230407366e-02
1.580000000000000000e+15	7.500000000000000000e+00	1.703416747997953118e-02
2.000000000000000000e+15	7.500000000000000000e+00	7.592270588441814294e-03
2.510000000000000000e+15	7.500000000000000000e+00	3.737236187311813746e-04
3.160000000000000000e+15	7.500000000000000000e+00	-6.660535376797944822e-03
3.980000000000000000e+15	7.500000000000000000e+00	-1.261743934340967856e-02
5.010000000000000000e+15	7.500000000000000000e+00	-1.728369804268118509e-02
6.310000000000000000e+15	7.500000000000000000e+00	-2.067269178448112588e-02
7.940000000000000000e+15	7.500000000000000000e+00	-2.286639421796812788e-02
1.000000000000000000e+16	7.500000000000000000e+00	-2.403204423489492883e-02
1.260000000000000000e+16	7.500000000000000000e+00	-2.433548437129926315e-02
1.580000000000000000e+16	7.500000000000000000e+00	-2.398719667385664292e-02
2.000000000000000000e+16	7.500000000000000000e+00	-2.307791482850095333e-02
2.510000000000000000e+16	7.500000000000000000e+00	-2.186523710400356188e-02
3.160000000000000000e+16	7.500000000000000000e+00	-2.039527275657199504e-02
3.980000000000000000e+16	7.500000000000000000e+00	-1.878744943264302331e-02
5.010000000000000000e+16	7.500000000000000000e+00	-1.712861246041557858e-02
6.310000000000000000e+16	7.500000000000000000e+00	-1.547107741759975313e-02
7.940000000000000000e+16	7.500000000000000000e+00	-1.387150165220412193e-02
1.000000000000000000e+17	7.500000000000000000e+00	-1.234426461824494545e-02
1.000000000000000000e+11	9.000000000000000000e+00	1.181890922597651754e-05
1.258925411794166107e+11	9.000000000000000000e+00	1.489842106384505959e-05
1.584893192461110840e+11	9.000000000000000000e+00	1.879624001607794654e-05
1.995262314968882751e+11	9.000000000000000000e+00	2.374647021367609390e-05
2.511886431509582214e+11	9.000000000000000000e+00	3.006893625196432722e-05
3.162277660168379517e+11	9.000000000000000000e+00	3.821779833579720605e-05
3.981071705534969482e+11	9.000000000000000000e+00	4.886172029925769722e-05
5.011872336272714844e+11	9.000000000000000000e+00	6.300370315425677780e-05
6.309573444801943359e+11	9.000000000000000000e+00	8.198623583168052954e-05
7.943282347242821045e+11	9.000000000000000000e+00	1.045224740518415366e-04
1.000000000000000000e+12	9.000000000000000000e+00	1.180097236272132055e-04
1.260000000000000000e+12	9.000000000000000000e+00	1.268449431635425262e-04
1.580000000000000000e+12	9.000000000000000000e+00	1.478684939360557676e-04
2.000000000000000000e+12	9.000000000000000000e+00	1.794243506574652179e-04
2.510000000000000000e+12	9.000000000000000000e+00	2.192881324889717979e-04
3.160000000000000000e+12	9.000000000000000000e+00	2.727099098670642810e-04
3.980000000000000000e+12	9.000000000000000000e+00	3.413051975601335891e-04
5.010000000000000000e+12	9.000000000000000000e+00	4.276734811444900231e-04
6.310000000000000000e+12	9.000000000000000000e+00	5.375514958201538587e-04
7.940000000000000000e+12	9.000000000000000000e+00	6.758601509710361523e-04
1.000000000000000000e+13	9.000000000000000000e+00	8.505407896771472387e-04
1.260000000000000000e+13	9.000000000000000000e+00	1.072210663187701243e-03
1.580000000000000000e+13	9.000000000000000000e+00	1.342980281422583499e-03
2.000000000000000000e+13	9.000000000000000000e+00	1.699021547621176048e-03
2.510000000000000000e+13	9.000000000000000000e+00	2.134056812341838388e-03
3.160000000000000000e+13	9.000000000000000000e+00	2.689554739260283014e-03
3.980000000000000000e+13	9.000000000000000000e+00	3.389732419636795700e-03
5.010000000000000000e+13	9.000000000000000000e+00	4.261692968488027707e-03
6.310000000000000000e+13	9.000000000000000000e+00	5.357669879364436970e-03
7.940000000000000000e+13	9.000000000000000000e+00	6.745403196731545627e-03
1.000000000000000000e+14	9.000000000000000000e+00	8.560762030756464622e-03
1.260000000000000000e+14	9.000000000000000000e+00	1.099913700654767817e-02
1.580000000000000000e+14	9.000000000000000000e+00	1.427207437955618427e-02
2.000000000000000000e+14	9.000000000000000000e+00	1.875743562322928007e-02
2.510000000000000000e+14	9.000000000000000000e+00	2.420662655080090334e-02
3.160000000000000000e+14	9.000000000000000000e+00	3.021195717784553800e-02
3.980000000000000000e+14	9.000000000000000000e+00	3.566639035207355007e-02
5.010000000000000000e+14	9.000000000000000000e+00	3.932577104812561009e-02
6.310000000000000000e+14	9.000000000000000000e+00	4.034158445069890159e-02
7.940000000000000000e+14	9.000000000000000000e+00	3.846152496257707054e-02
1.000000000000000000e+15	9.000000000000000000e+00	3.369612485812359393e-02
1.260000000000000000e+15	9.000000000000000000e+00	2.593948314408658223e-02
1.580000000000000000e+15	9.000000000000000000e+00	1.856410065423172093e-02
2.000000000000000000e+15	9.000000000000000000e+00	1.096140098647837430e-02
2.510000000000000000e+15	9.000000000000000000e+00	1.725926930015200290e-03
3.160000000000000000e+15	9.000000000000000000e+00	-6.016528303397068039e-03
3.980000000000000000e+15	9.000000000000000000e+00	-1.243073583850461648e-02
5.010000000000000000e+15	9.000000000000000000e+00	-1.742068591436880462e-02
6.310000000000000000e+15	9.000000000000000000e+00	-2.104139188193372700e-02
7.940000000000000000e+15	9.000000000000000000e+00	-2.339443692551692461e-02
1.000000000000000000e+16	9.000000000000000000e+00	-2.466412657785464063e-02
1.260000000000000000e+16	9.000000000000000000e+00	-2.502637717192008476e-02
1.580000000000000000e+16	9.000000000000000000e+00	-2.470238592077461312e-02
2.000000000000000000e+16	9.000000000000000000e+00	-2.379066188903875348e-02
2.510000000000000000e+16	9.000000000000000000e+00	-2.255748068980208132e-02
3.160000000000000000e+16	9.000000000000000000e+00	-2.105383335241347437e-02
3.980000000000000000e+16	9.000000000000000000e+00	-1.940262040154756146e-02
5.010000000000000000e+16	9.000000000000000000e+00	-1.769599939305498484e-02
6.310000000000000000e+16	9.000000000000000000e+00	-1.598834662304482804e-02
7.940000000000000000e+16	9.000000000000000000e+00	-1.433895586965147975e-02
1.000000000000000000e+17	9.000000000000000000e+00	-1.276294603550086337e-02
1.000000000000000000e+11	1.100000000000000000e+01	1.138342481300964373e-05
1.258925411794166107e+11	1.100000000000000000e+01	1.434884914012195126e-05
1.584893192461110840e+11	1.100000000000000000e+01	1.810184112576314116e-05
1.995262314968882751e+11	1.100000000000000000e+01	2.286708021012729379e-05
2.511886431509582214e+11	1.100000000000000000e+01	2.895090327444767967e-05
3.162277660168379517e+11	1.100000000000000000e+01	3.678672624092783140e-05
3.981071705534969482e+11	1.100000000000000000e+01	4.701021235160372075e-05
5.011872336272714844e+11	1.100000000000000000e+01	6.056831564293398400e-05
6.309573444801943359e+11	1.100000000000000000e+01	7.857871317981462121e-05
7.943282347242821045e+11	1.100000000000000000e+01	9.849557307779309033e-05
1.000000000000000000e+12	1.100000000000000000e+01	1.120384956251990852e-04
1.260000000000000000e+12	1.100000000000000000e+01	1.250097529908671774e-04
1.580000000000000000e+12	1.100000000000000000e+01	1.464617960141856843e-04
2.000000000000000000e+12	1.100000000000000000e+01	1.769329427366614469e-04
2.510000000000000000e+12	1.100000000000000000e+01	2.165447999447822820e-04
3.160000000000000000e+12	1.100000000000000000e+01	2.677431076394158550e-04
3.980000000000000000e+12	1.100000000000000000e+01	3.340334381807777051e-04
5.010000000000000000e+12	1.100000000000000000e+01	4.205113382728604466e-04
6.310000000000000000e+12	1.100000000000000000e+01	5.306382305596194079e-04
7.940000000000000000e+12	1.100000000000000000e+01	6.685746669201071517e-04
1.000000000000000000e+13	1.100000000000000000e+01	8.424447644384112531e-04
1.260000000000000000e+13	1.100000000000000000e+01	1.060542689944589129e-03
1.580000000000000000e+13	1.100000000000000000e+01	1.329465492774871633e-03
2.000000000000000000e+13	1.100000000000000000e+01	1.683179614990987531e-03
2.510000000000000000e+13	1.100000000000000000e+01	2.113206083690917329e-03
3.160000000000000000e+13	1.100000000000000000e+01	2.663128610179045161e-03
3.980000000000000000e+13	1.100000000000000000e+01	3.356495390479677376e-03
5.010000000000000000e+13	1.100000000000000000e+01	4.220210299938964571e-03
6.310000000000000000e+13	1.100000000000000000e+01	5.306542242387701086e-03
7.940000000000000000e+13	1.100000000000000000e+01	6.688494204005973262e-03
1.000000000000000000e+14	1.100000000000000000e+01	8.474337582422455939e-03
1.260000000000000000e+14	1.100000000000000000e+01	1.087312810479267380e-02
1.580000000000000000e+14	1.100000000000000000e+01	1.408632469984234629e-02
2.000000000000000000e+14	1.100000000000000000e+01	1.860234958688836149e-02
2.510000000000000000e+14	1.100000000000000000e+01	2.397334600333637933e-02
3.160000000000000000e+14	1.100000000000000000e+01	2.985327601982059806e-02
3.980000000000000000e+14	1.100000000000000000e+01	3.524162191762093832e-02
5.010000000000000000e+14	1.100000000000000000e+01	3.943481051983432906e-02
6.310000000000000000e+14	1.100000000000000000e+01	3.986559044239761790e-02
7.940000000000000000e+14	1.100000000000000000e+01	3.697194067384480115e-02
1.000000000000000000e+15	1.100000000000000000e+01	3.169285703354667028e-02
1.260000000000000000e+15	1.100000000000000000e+01	2.648387853158239505e-02
1.580000000000000000e+15	1.100000000000000000e+01	1.786415453258270725e-02
2.000000000000000000e+15	1.100000000000000000e+01	8.157935702854102883e-03
2.510000000000000000e+15	1.100000000000000000e+01	6.756955685143408840e-04
3.160000000000000000e+15	1.100000000000000000e+01	-6.454145227962794149e-03
3.980000000000000000e+15	1.100000000000000000e+01	-1.246613290223567115e-02
5.010000000000000000e+15	1.100000000000000000e+01	-1.716892751731315114e-02
6.310000000000000000e+15	1.100000000000000000e+01	-2.058407454021666735e-02
7.940000000000000000e+15	1.100000000000000000e+01	-2.279715215364723144e-02
1.000000000000000000e+16	1.100000000000000000e+01	-2.397764560625129451e-02
1.260000000000000000e+16	1.100000000000000000e+01	-2.429258915266319790e-02
1.580000000000000000e+16	1.100000000000000000e+01	-2.395314477840308418e-02
2.000000000000000000e+16	1.100000000000000000e+01	-2.305107734867109515e-02
2.510000000000000000e+16	1.100000000000000000e+01	-2.184379978090332172e-02
3.160000000000000000e+16	1.100000000000000000e+01	-2.037889982140228887e-02
3.980000000000000000e+16	1.100000000000000000e+01	-1.877398658472809526e-02
5.010000000000000000e+16	1.100000000000000000e+01	-1.711820621241877047e-02
6.310000000000000000e+16	1.100000000000000000e+01	-1.546257373972665002e-02
7.940000000000000000e+16	1.100000000000000000e+01	-1.386477092585743608e-02
1.000000000000000000e+17	1.100000000000000000e+01	-1.233892224457830422e-02
1.000000000000000000e+11	1.300000000000000000e+01	1.105697620028099157e-05
1.258925411794166107e+11	1.300000000000000000e+01	1.393717581074476078e-05
1.584893192461110840e+11	1.300000000000000000e+01	1.758210834466149500e-05
1.995262314968882751e+11	1.300000000000000000e+01	2.220979600906922353e-05
2.511886431509582214e+11	1.300000000000000000e+01	2.811758680362067402e-05
3.162277660168379517e+11	1.300000000000000000e+01	3.572561842193567114e-05
3.981071705534969482e+11	1.300000000000000000e+01	4.564719987001413312e-05
5.011872336272714844e+11	1.300000000000000000e+01	5.879651507938165060e-05
6.309573444801943359e+11	1.300000000000000000e+01	7.618317825859416382e-05
7.943282347242821045e+11	1.300000000000000000e+01	9.473494356771872788e-05
1.000000000000000000e+12	1.300000000000000000e+01	1.077150155365455011e-04
1.260000000000000000e+12	1.300000000000000000e+01	1.206500096887748799e-04
1.580000000000000000e+12	1.300000000000000000e+01	1.422927842484930227e-04
2.000000000000000000e+12	1.300000000000000000e+01	1.739936852504168473e-04
2.510000000000000000e+12	1.300000000000000000e+01	2.135561075743881991e-04
3.160000000000000000e+12	1.300000000000000000e+01	2.667287126249493780e-04
3.980000000000000000e+12	1.300000000000000000e+01	3.339769938375957044e-04
5.010000000000000000e+12	1.300000000000000000e+01	4.180809320386593407e-04
6.310000000000000000e+12	1.300000000000000000e+01	5.267175915814263209e-04
7.940000000000000000e+12	1.300000000000000000e+01	6.625895829285979649e-04
1.000000000000000000e+13	1.300000000000000000e+01	8.351888382930848509e-04
1.260000000000000000e+13	1.300000000000000000e+01	1.053018451193300353e-03
1.580000000000000000e+13	1.300000000000000000e+01	1.320664756891765882e-03
2.000000000000000000e+13	1.300000000000000000e+01	1.672406021432047739e-03
2.510000000000000000e+13	1.300000000000000000e+01	2.099885610199194244e-03
3.160000000000000000e+13	1.300000000000000000e+01	2.646368148592239712e-03
3.980000000000000000e+13	1.300000000000000000e+01	3.334712092071198414e-03
5.010000000000000000e+13	1.300000000000000000e+01	4.193510033035590008e-03
6.310000000000000000e+13	1.300000000000000000e+01	5.272416936233332435e-03
7.940000000000000000e+13	1.300000000000000000e+01	6.633985899048343814e-03
1.000000000000000000e+14	1.300000000000000000e+01	8.427201264521755678e-03
1.260000000000000000e+14	1.300000000000000000e+01	1.082589986776649228e-02
1.580000000000000000e+14	1.300000000000000000e+01	1.400925450522910905e-02
2.000000000000000000e+14	1.300000000000000000e+01	1.846186625768412096e-02
2.510000000000000000e+14	1.300000000000000000e+01	2.387393836335888891e-02
3.160000000000000000e+14	1.300000000000000000e+01	2.980193468017630978e-02
3.980000000000000000e+14	1.300000000000000000e+01	3.499842237272248607e-02
5.010000000000000000e+14	1.300000000000000000e+01	3.836133625956119481e-02
6.310000000000000000e+14	1.300000000000000000e+01	3.917509935163599605e-02
7.940000000000000000e+14	1.300000000000000000e+01	3.834671165664330778e-02
1.000000000000000000e+15	1.300000000000000000e+01	3.391424110415616755e-02
1.260000000000000000e+15	1.300000000000000000e+01	2.491800132991753985e-02
1.580000000000000000e+15	1.300000000000000000e+01	1.655149078771301491e-02
2.000000000000000000e+15	1.300000000000000000e+01	8.880574818159571795e-03
2.510000000000000000e+15	1.300000000000000000e+01	8.461455453937314491e-04
3.160000000000000000e+15	1.300000000000000000e+01	-6.362875349293785343e-03
3.980000000000000000e+15	1.300000000000000000e+01	-1.240643588257852800e-02
5.010000000000000000e+15	1.300000000000000000e+01	-1.712614141200891407e-02
6.310000000000000000e+15	1.300000000000000000e+01	-2.055219439590495051e-02
7.940000000000000000e+15	1.300000000000000000e+01	-2.277272024144573817e-02
1.000000000000000000e+16	1.300000000000000000e+01	-2.395867273215275192e-02
1.260000000000000000e+16	1.300000000000000000e+01	-2.427771159358565675e-02
1.580000000000000000e+16	1.300000000000000000e+01	-2.394138457413746285e-02
2.000000000000000000e+16	1.300000000000000000e+01	-2.304184862108114851e-02
2.510000000000000000e+16	1.300000000000000000e+01	-2.183655753825985979e-02
3.160000000000000000e+16	1.300000000000000000e+01	-2.037267417977716225e-02
3.980000000000000000e+16	1.300000000000000000e+01	-1.876940839898492280e-02
5.010000000000000000e+16	1.300000000000000000e+01	-1.711442576655599832e-02
6.310000000000000000e+16	1.300000000000000000e+01	-1.545967573948882519e-02
7.940000000000000000e+16	1.300000000000000000e+01	-1.386245492718792861e-02
1.000000000000000000e+17	1.300000000000000000e+01	-1.233709285924752125e-02
1.000000000000000000e+11	1.500000000000000000e+01	1.099326217752691439e-05
1.258925411794166107e+11	1.500000000000000000e+01	1.385624540484012662e-05
1.584893192461110840e+11	1.500000000000000000e+01	1.747882249777213832e-05
1.995262314968882751e+11	1.500000000000000000e+01	2.207688290653821739e-05
2.511886431509582214e+11	1.500000000000000000e+01	2.794433208807863662e-05
3.162277660168379517e+11	1.500000000000000000e+01	3.549461482099611898e-05
3.981071705534969482e+11	1.500000000000000000e+01	4.532985038171947464e-05
5.011872336272714844e+11	1.500000000000000000e+01	5.829878893145153601e-05
6.309573444801943359e+11	1.500000000000000000e+01	7.543737248238040541e-05
7.943282347242821045e+11	1.500000000000000000e+01	9.302816918074584664e-05
1.000000000000000000e+12	1.500000000000000000e+01	1.054879921470569087e-04
1.260000000000000000e+12	1.500000000000000000e+01	1.209737347333239815e-04
1.580000000000000000e+12	1.500000000000000000e+01	1.447061913122039327e-04
2.000000000000000000e+12	1.500000000000000000e+01	1.766020017671632259e-04
2.510000000000000000e+12	1.500000000000000000e+01	2.173847988154579990e-04
3.160000000000000000e+12	1.500000000000000000e+01	2.698429410104975605e-04
3.980000000000000000e+12	1.500000000000000000e+01	3.379615664520119363e-04
5.010000000000000000e+12	1.500000000000000000e+01	4.247844809410324866e-04
6.310000000000000000e+12	1.500000000000000000e+01	5.351681784424938909e-04
7.940000000000000000e+12	1.500000000000000000e+01	6.756272642875456660e-04
1.000000000000000000e+13	1.500000000000000000e+01	8.518236443533493563e-04
1.260000000000000000e+13	1.500000000000000000e+01	1.072605322264898273e-03
1.580000000000000000e+13	1.500000000000000000e+01	1.344213609397967987e-03
2.000000000000000000e+13	1.500000000000000000e+01	1.702748887120867022e-03
2.510000000000000000e+13	1.500000000000000000e+01	2.140457057762356653e-03
3.160000000000000000e+13	1.500000000000000000e+01	2.697654548643993802e-03
3.980000000000000000e+13	1.500000000000000000e+01	3.398761385476243516e-03
5.010000000000000000e+13	1.500000000000000000e+01	4.273080612033512693e-03
6.310000000000000000e+13	1.500000000000000000e+01	5.373927470163420046e-03
7.940000000000000000e+13	1.500000000000000000e+01	6.766492215825995783e-03
1.000000000000000000e+14	1.500000000000000000e+01	8.576519673193774493e-03
1.260000000000000000e+14	1.500000000000000000e+01	1.100784767863009425e-02
1.580000000000000000e+14	1.500000000000000000e+01	1.422950419114860088e-02
2.000000000000000000e+14	1.500000000000000000e+01	1.873928228865527276e-02
2.510000000000000000e+14	1.500000000000000000e+01	2.419873964342104250e-02
3.160000000000000000e+14	1.500000000000000000e+01	3.031538460310041067e-02
3.980000000000000000e+14	1.500000000000000000e+01	3.604747233239329052e-02
5.010000000000000000e+14	1.500000000000000000e+01	4.011019847493575707e-02
6.310000000000000000e+14	1.500000000000000000e+01	4.068249975791863454e-02
7.940000000000000000e+14	1.500000000000000000e+01	3.803160802393248940e-02
1.000000000000000000e+15	1.500000000000000000e+01	3.266697512092223143e-02
1.260000000000000000e+15	1.500000000000000000e+01	2.652796918199978524e-02
1.580000000000000000e+15	1.500000000000000000e+01	1.962301940054161919e-02
2.000000000000000000e+15	1.500000000000000000e+01	1.010430188313266725e-02
2.510000000000000000e+15	1.500000000000000000e+01	1.467994470353993844e-03
3.160000000000000000e+15	1.500000000000000000e+01	-6.169517780527830966e-03
3.980000000000000000e+15	1.500000000000000000e+01	-1.253603933486071090e-02
5.010000000000000000e+15	1.500000000000000000e+01	-1.749803689769397624e-02
6.310000000000000000e+15	1.500000000000000000e+01	-2.110006104840144239e-02
7.940000000000000000e+15	1.500000000000000000e+01	-2.343980656428732226e-02
1.000000000000000000e+16	1.500000000000000000e+01	-2.469954291928032689e-02
1.260000000000000000e+16	1.500000000000000000e+01	-2.505418515998370649e-02
1.580000000000000000e+16	1.500000000000000000e+01	-2.472444663566898682e-02
2.000000000000000000e+16	1.500000000000000000e+01	-2.380800847848296709e-02
2.510000000000000000e+16	1.500000000000000000e+01	-2.257126762099340503e-02
3.160000000000000000e+16	1.500000000000000000e+01	-2.106441971017229686e-02
3.980000000000000000e+16	1.500000000000000000e+01	-1.941129272165334832e-02
5.010000000000000000e+16	1.500000000000000000e+01	-1.770321328740085201e-02
6.310000000000000000e+16	1.500000000000000000e+01	-1.599390308711164457e-02
7.940000000000000000e+16	1.500000000000000000e+01	-1.434329004416606303e-02
1.000000000000000000e+17	1.500000000000000000e+01	-1.276638884973153518e-02
1.000000000000000000e+11	1.700000000000000000e+01	1.066432376754553584e-05
1.258925411794166107e+11	1.700000000000000000e+01	1.344170673131694908e-05
1.584893192461110840e+11	1.700000000000000000e+01	1.695603499161881975e-05
1.995262314968882751e+11	1.700000000000000000e+01	2.141688914652244410e-05
2.511886431509582214e+11	1.700000000000000000e+01	2.710956717332930254e-05
3.162277660168379517e+11	1.700000000000000000e+01	3.443572830663815424e-05
3.981071705534969482e+11	1.700000000000000000e+01	4.397934269880938036e-05
5.011872336272714844e+11	1.700000000000000000e+01	5.658887494046179107e-05
6.309573444801943359e+11	1.700000000000000000e+01	7.313591763964955299e-05
7.943282347242821045e+11	1.700000000000000000e+01	8.950466410132670793e-05
1.000000000000000000e+12	1.700000000000000000e+01	1.021949843426059649e-04
1.260000000000000000e+12	1.700000000000000000e+01	1.172735422351513788e-04
1.580000000000000000e+12	1.700000000000000000e+01	1.394641087495987410e-04
2.000000000000000000e+12	1.700000000000000000e+01	1.709068013094816791e-04
2.510000000000000000e+12	1.700000000000000000e+01	2.115470176456699450e-04
3.160000000000000000e+12	1.700000000000000000e+01	2.654646685278635250e-04
3.980000000000000000e+12	1.700000000000000000e+01	3.330562570980760955e-04
5.010000000000000000e+12	1.700000000000000000e+01	4.181016033549880828e-04
6.310000000000000000e+12	1.700000000000000000e+01	5.252433288180969901e-04
7.940000000000000000e+12	1.700000000000000000e+01	6.617100628807829699e-04
1.000000000000000000e+13	1.700000000000000000e+01	8.346227378064027033e-04
1.260000000000000000e+13	1.700000000000000000e+01	1.051832332340336181e-03
1.580000000000000000e+13	1.700000000000000000e+01	1.320679137826138690e-03
2.000000000000000000e+13	1.700000000000000000e+01	1.673167398920666826e-03
2.510000000000000000e+13	1.700000000000000000e+01	2.101366936862942170e-03
3.160000000000000000e+13	1.700000000000000000e+01	2.648813070754140690e-03
3.980000000000000000e+13	1.700000000000000000e+01	3.339391342088049441e-03
5.010000000000000000e+13	1.700000000000000000e+01	4.198300119033470008e-03
6.310000000000000000e+13	1.700000000000000000e+01	5.272653205202836035e-03
7.940000000000000000e+13	1.700000000000000000e+01	6.646545460227737227e-03
1.000000000000000000e+14	1.700000000000000000e+01	8.438791055299529886e-03
1.260000000000000000e+14	1.700000000000000000e+01	1.081687537939290955e-02
1.580000000000000000e+14	1.700000000000000000e+01	1.400530896954094336e-02
2.000000000000000000e+14	1.700000000000000000e+01	1.845796728596500388e-02
2.510000000000000000e+14	1.700000000000000000e+01	2.386967050397049636e-02
3.160000000000000000e+14	1.700000000000000000e+01	2.979735596555955005e-02
3.980000000000000000e+14	1.700000000000000000e+01	3.499257697457932442e-02
5.010000000000000000e+14	1.700000000000000000e+01	3.829842159400601714e-02
6.310000000000000000e+14	1.700000000000000000e+01	3.981786299858833256e-02
7.940000000000000000e+14	1.700000000000000000e+01	3.760519753788060804e-02
1.000000000000000000e+15	1.700000000000000000e+01	3.277187172528196746e-02
1.260000000000000000e+15	1.700000000000000000e+01	2.569328971626892721e-02
1.580000000000000000e+15	1.700000000000000000e+01	1.674504681686282692e-02
2.000000000000000000e+15	1.700000000000000000e+01	8.982723580978995565e-03
2.510000000000000000e+15	1.700000000000000000e+01	9.127055052350997255e-04
3.160000000000000000e+15	1.700000000000000000e+01	-6.315852733626847043e-03
3.980000000000000000e+15	1.700000000000000000e+01	-1.237164884872778321e-02
5.010000000000000000e+15	1.700000000000000000e+01	-1.709972974653568845e-02
6.310000000000000000e+15	1.700000000000000000e+01	-2.053168632750581105e-02
7.940000000000000000e+15	1.700000000000000000e+01	-2.275668909277627286e-02
1.000000000000000000e+16	1.700000000000000000e+01	-2.394607019345963358e-02
1.260000000000000000e+16	1.700000000000000000e+01	-2.426750798442316517e-02
1.580000000000000000e+16	1.700000000000000000e+01	-2.393351458614459068e-02
2.000000000000000000e+16	1.700000000000000000e+01	-2.303562721893925511e-02
2.510000000000000000e+16	1.700000000000000000e+01	-2.183162201784579967e-02
3.160000000000000000e+16	1.700000000000000000e+01	-2.036860717295348525e-02
3.980000000000000000e+16	1.700000000000000000e+01	-1.876626662711861765e-02
5.010000000000000000e+16	1.700000000000000000e+01	-1.711195221726457757e-02
6.310000000000000000e+16	1.700000000000000000e+01	-1.545771368970757717e-02
7.940000000000000000e+16	1.700000000000000000e+01	-1.386089672839270828e-02
1.000000000000000000e+17	1.700000000000000000e+01	-1.233585373834248343e-02
1.000000000000000000e+11	1.900000000000000000e+01	1.064340500715242832e-05
1.258925411794166107e+11	1.900000000000000000e+01	1.341457901504863247e-05
1.584893192461110840e+11	1.900000000000000000e+01	1.692068382014219122e-05
1.995262314968882751e+11	1.900000000000000000e+01	2.136930232469689135e-05
2.511886431509582214e+11	1.900000000000000000e+01	2.704363990542245510e-05
3.162277660168379517e+11	1.900000000000000000e+01	3.434010311285617110e-05
3.981071705534969482e+11	1.900000000000000000e+01	4.383063955077946746e-05
5.011872336272714844e+11	1.900000000000000000e+01	5.632321439372153544e-05
6.309573444801943359e+11	1.900000000000000000e+01	7.264951201522066953e-05
7.943282347242821045e+11	1.900000000000000000e+01	8.810958749126915368e-05
1.000000000000000000e+12	1.900000000000000000e+01	1.004084796410986398e-04
1.260000000000000000e+12	1.900000000000000000e+01	1.180140721602311176e-04
1.580000000000000000e+12	1.900000000000000000e+01	1.419301342353499319e-04
2.000000000000000000e+12	1.900000000000000000e+01	1.753215098292899344e-04
2.510000000000000000e+12	1.900000000000000000e+01	2.171641713019610564e-04
3.160000000000000000e+12	1.900000000000000000e+01	2.702571290780940634e-04
3.980000000000000000e+12	1.900000000000000000e+01	3.393808193558400322e-04
5.010000000000000000e+12	1.900000000000000000e+01	4.270679220459066899e-04
6.310000000000000000e+12	1.900000000000000000e+01	5.397464808605546274e-04
7.940000000000000000e+12	1.900000000000000000e+01	6.790195093043841466e-04
1.000000000000000000e+13	1.900000000000000000e+01	8.539580817681070813e-04
1.260000000000000000e+13	1.900000000000000000e+01	1.076802178346293647e-03
1.580000000000000000e+13	1.900000000000000000e+01	1.351566865398824008e-03
2.000000000000000000e+13	1.900000000000000000e+01	1.713685036153601111e-03
2.510000000000000000e+13	1.900000000000000000e+01	2.154181913775140428e-03
3.160000000000000000e+13	1.900000000000000000e+01	2.713703322632906537e-03
3.980000000000000000e+13	1.900000000000000000e+01	3.418671345277728580e-03
5.010000000000000000e+13	1.900000000000000000e+01	4.298260712214286607e-03
6.310000000000000000e+13	1.900000000000000000e+01	5.407443197957773930e-03
7.940000000000000000e+13	1.900000000000000000e+01	6.804889907671482843e-03
1.000000000000000000e+14	1.900000000000000000e+01	8.620101892087317016e-03
1.260000000000000000e+14	1.900000000000000000e+01	1.106991883288223344e-02
1.580000000000000000e+14	1.900000000000000000e+01	1.434360250567323809e-02
2.000000000000000000e+14	1.900000000000000000e+01	1.895487159287370313e-02
2.510000000000000000e+14	1.900000000000000000e+01	2.439701800416321786e-02
3.160000000000000000e+14	1.900000000000000000e+01	3.033642617775375583e-02
3.980000000000000000e+14	1.900000000000000000e+01	3.623204431493771277e-02
5.010000000000000000e+14	1.900000000000000000e+01	4.007503977052611494e-02
6.310000000000000000e+14	1.900000000000000000e+01	4.030189745242168664e-02
7.940000000000000000e+14	1.900000000000000000e+01	3.788043212941902271e-02
1.000000000000000000e+15	1.900000000000000000e+01	3.256960829117092060e-02
1.260000000000000000e+15	1.900000000000000000e+01	2.645847427469448510e-02
1.580000000000000000e+15	1.900000000000000000e+01	1.957037131700911647e-02
2.000000000000000000e+15	1.900000000000000000e+01	1.006443469624183386e-02
2.510000000000000000e+15	1.900000000000000000e+01	1.436935004613878802e-03
3.160000000000000000e+15	1.900000000000000000e+01	-6.193856419946444127e-03
3.980000000000000000e+15	1.900000000000000000e+01	-1.255521176644788621e-02
5.010000000000000000e+15	1.900000000000000000e+01	-1.751318979333862241e-02
6.310000000000000000e+15	1.900000000000000000e+01	-2.111205756783399168e-02
7.940000000000000000e+15	1.900000000000000000e+01	-2.344931646119606874e-02
1.000000000000000000e+16	1.900000000000000000e+01	-2.470708245282710047e-02
1.260000000000000000e+16	1.900000000000000000e+01	-2.506016262742714190e-02
1.580000000000000000e+16	1.900000000000000000e+01	-2.472918784333341669e-02
2.000000000000000000e+16	1.900000000000000000e+01	-2.381175895211848359e-02
2.510000000000000000e+16	1.900000000000000000e+01	-2.257426024634320155e-02
3.160000000000000000e+16	1.900000000000000000e+01	-2.106680549567661528e-02
3.980000000000000000e+16	1.900000000000000000e+01	-1.941319103103293989e-02
5.010000000000000000e+16	1.900000000000000000e+01	-1.770471409218659850e-02
6.310000000000000000e+16	1.900000000000000000e+01	-1.599508870594090054e-02
7.940000000000000000e+16	1.900000000000000000e+01	-1.434424396394427814e-02
1.000000000000000000e+17	1.900000000000000000e+01	-1.276714086141285745e-02
1.000000000000000000e+11	2.100000000000000000e+01	1.024466095255787470e-05
1.258925411794166107e+11	2.100000000000000000e+01	1.291213259578513705e-05
1.584893192461110840e+11	2.100000000000000000e+01	1.628688681439451120e-05
1.995262314968882751e+11	2.100000000000000000e+01	2.056970023617457537e-05
2.511886431509582214e+11	2.100000000000000000e+01	2.603305743232716351e-05
3.162277660168379517e+11	2.100000000000000000e+01	3.305962131671878035e-05
3.981071705534969482e+11	2.100000000000000000e+01	4.220048598825913938e-05
5.011872336272714844e+11	2.100000000000000000e+01	5.422878484057067658e-05
6.309573444801943359e+11	2.100000000000000000e+01	6.989851272517041319e-05
7.943282347242821045e+11	2.100000000000000000e+01	8.401271636124417659e-05
1.000000000000000000e+12	2.100000000000000000e+01	9.629907152473301613e-05
1.260000000000000000e+12	2.100000000000000000e+01	1.128839328875599495e-04
1.580000000000000000e+12	2.100000000000000000e+01	1.367642450964128584e-04
2.000000000000000000e+12	2.100000000000000000e+01	1.698787414675581033e-04
2.510000000000000000e+12	2.100000000000000000e+01	2.105552088859703080e-04
3.160000000000000000e+12	2.100000000000000000e+01	2.632827658365648909e-04
3.980000000000000000e+12	2.100000000000000000e+01	3.293592453262103982e-04
5.010000000000000000e+12	2.100000000000000000e+01	4.147161891944173805e-04
6.310000000000000000e+12	2.100000000000000000e+01	5.213938350166842563e-04
7.940000000000000000e+12	2.100000000000000000e+01	6.567306768236669994e-04
1.000000000000000000e+13	2.100000000000000000e+01	8.304580293538927531e-04
1.260000000000000000e+13	2.100000000000000000e+01	1.047331282294671666e-03
1.580000000000000000e+13	2.100000000000000000e+01	1.311790604782811466e-03
2.000000000000000000e+13	2.100000000000000000e+01	1.661587049757232799e-03
2.510000000000000000e+13	2.100000000000000000e+01	2.090755051858730115e-03
3.160000000000000000e+13	2.100000000000000000e+01	2.632521414286249917e-03
3.980000000000000000e+13	2.100000000000000000e+01	3.316631442220235263e-03
5.010000000000000000e+13	2.100000000000000000e+01	4.170060611723151039e-03
6.310000000000000000e+13	2.100000000000000000e+01	5.237581744488101210e-03
7.940000000000000000e+13	2.100000000000000000e+01	6.594769827360208447e-03
1.000000000000000000e+14	2.100000000000000000e+01	8.380898628886031265e-03
1.260000000000000000e+14	2.100000000000000000e+01	1.075613885099553114e-02
1.580000000000000000e+14	2.100000000000000000e+01	1.391123969163871391e-02
2.000000000000000000e+14	2.100000000000000000e+01	1.831858810007155544e-02
2.510000000000000000e+14	2.100000000000000000e+01	2.372963044347575420e-02
3.160000000000000000e+14	2.100000000000000000e+01	2.958922891147300338e-02
3.980000000000000000e+14	2.100000000000000000e+01	3.464150120363531510e-02
5.010000000000000000e+14	2.100000000000000000e+01	3.789414038069804230e-02
6.310000000000000000e+14	2.100000000000000000e+01	3.887461420565246906e-02
7.940000000000000000e+14	2.100000000000000000e+01	3.755303374761990998e-02
1.000000000000000000e+15	2.100000000000000000e+01	3.392910009991158965e-02
1.260000000000000000e+15	2.100000000000000000e+01	2.611789085861134299e-02
1.580000000000000000e+15	2.100000000000000000e+01	1.701252600497027423e-02
2.000000000000000000e+15	2.100000000000000000e+01	9.169227920679591873e-03
2.510000000000000000e+15	2.100000000000000000e+01	1.051574912733043224e-03
3.160000000000000000e+15	2.100000000000000000e+01	-6.209960228468583074e-03
3.980000000000000000e+15	2.100000000000000000e+01	-1.228960787333738779e-02
5.010000000000000000e+15	2.100000000000000000e+01	-1.703557359990314629e-02
6.310000000000000000e+15	2.100000000000000000e+01	-2.048123198114589621e-02
7.940000000000000000e+15	2.100000000000000000e+01	-2.271683068360506527e-02
1.000000000000000000e+16	2.100000000000000000e+01	-2.391454031244016551e-02
1.260000000000000000e+16	2.100000000000000000e+01	-2.424283404191149641e-02
1.580000000000000000e+16	2.100000000000000000e+01	-2.391361502138390077e-02
2.000000000000000000e+16	2.100000000000000000e+01	-2.301993744764472064e-02
2.510000000000000000e+16	2.100000000000000000e+01	-2.181912514459743990e-02
3.160000000000000000e+16	2.100000000000000000e+01	-2.035867627928437951e-02
3.980000000000000000e+16	2.100000000000000000e+01	-1.875841035568127577e-02
5.010000000000000000e+16	2.100000000000000000e+01	-1.710568567955682989e-02
6.310000000000000000e+16	2.100000000000000000e+01	-1.545274520621787301e-02
7.940000000000000000e+16	2.100000000000000000e+01	-1.385697040364026675e-02
1.000000000000000000e+17	2.100000000000000000e+01	-1.233271442852419859e-02
1.000000000000000000e+11	2.300000000000000000e+01	1.023227587748824071e-05
1.258925411794166107e+11	2.300000000000000000e+01	1.289592431976360642e-05
1.584893192461110840e+11	2.300000000000000000e+01	1.626530373591866360e-05
1.995262314968882751e+11	2.300000000000000000e+01	2.053991412024970111e-05
2.511886431509582214e+11	2.300000000000000000e+01	2.599007046706648796e-05
3.162277660168379517e+11	2.300000000000000000e+01	3.299407701283001501e-05
3.981071705534969482e+11	2.300000000000000000e+01	4.412846669164869999e-05
5.011872336272714844e+11	2.300000000000000000e+01	5.405789582224429350e-05
6.309573444801943359e+11	2.300000000000000000e+01	6.950802716541316093e-05
7.943282347242821045e+11	2.300000000000000000e+01	8.277032028986923407e-05
1.000000000000000000e+12	2.300000000000000000e+01	9.483268135654106918e-05
1.260000000000000000e+12	2.300000000000000000e+01	1.146624027370687183e-04
1.580000000000000000e+12	2.300000000000000000e+01	1.398232646913155977e-04
2.000000000000000000e+12	2.300000000000000000e+01	1.724722888865844791e-04
2.510000000000000000e+12	2.300000000000000000e+01	2.131466901405172393e-04
3.160000000000000000e+12	2.300000000000000000e+01	2.669339184363392565e-04
3.980000000000000000e+12	2.300000000000000000e+01	3.365183137753286423e-04
5.010000000000000000e+12	2.300000000000000000e+01	4.233290544255096299e-04
6.310000000000000000e+12	2.300000000000000000e+01	5.330142316583758077e-04
7.940000000000000000e+12	2.300000000000000000e+01	6.712710397186745070e-04
1.000000000000000000e+13	2.300000000000000000e+01	8.450720352052974336e-04
1.260000000000000000e+13	2.300000000000000000e+01	1.063846070094010693e-03
1.580000000000000000e+13	2.300000000000000000e+01	1.336602646570074276e-03
2.000000000000000000e+13	2.300000000000000000e+01	1.693862014188462226e-03
2.510000000000000000e+13	2.300000000000000000e+01	2.127589574650316090e-03
3.160000000000000000e+13	2.300000000000000000e+01	2.683419559922514859e-03
3.980000000000000000e+13	2.300000000000000000e+01	3.381006663705777172e-03
5.010000000000000000e+13	2.300000000000000000e+01	4.251194776820318814e-03
6.310000000000000000e+13	2.300000000000000000e+01	5.344339799991132400e-03
7.940000000000000000e+13	2.300000000000000000e+01	6.720339106196375999e-03
1.000000000000000000e+14	2.300000000000000000e+01	8.510430956960147661e-03
1.260000000000000000e+14	2.300000000000000000e+01	1.093684135675587928e-02
1.580000000000000000e+14	2.300000000000000000e+01	1.415634445722578974e-02
2.000000000000000000e+14	2.300000000000000000e+01	1.862062769700168277e-02
2.510000000000000000e+14	2.300000000000000000e+01	2.402946363502421120e-02
3.160000000000000000e+14	2.300000000000000000e+01	3.009478324668199770e-02
3.980000000000000000e+14	2.300000000000000000e+01	3.566150770743145570e-02
5.010000000000000000e+14	2.300000000000000000e+01	3.988102437207077799e-02
6.310000000000000000e+14	2.300000000000000000e+01	4.067333278991814433e-02
7.940000000000000000e+14	2.300000000000000000e+01	3.786644432189017334e-02
1.000000000000000000e+15	2.300000000000000000e+01	3.291403875326239653e-02
1.260000000000000000e+15	2.300000000000000000e+01	2.542259439612720717e-02
1.580000000000000000e+15	2.300000000000000000e+01	1.631077408929375999e-02
2.000000000000000000e+15	2.300000000000000000e+01	7.501380515719006763e-03
2.510000000000000000e+15	2.300000000000000000e+01	2.443762549105786270e-04
3.160000000000000000e+15	2.300000000000000000e+01	-6.763342231798036806e-03
3.980000000000000000e+15	2.300000000000000000e+01	-1.269762367326675301e-02
5.010000000000000000e+15	2.300000000000000000e+01	-1.734650999089177442e-02
6.310000000000000000e+15	2.300000000000000000e+01	-2.072209524604384442e-02
7.940000000000000000e+15	2.300000000000000000e+01	-2.290505135668889983e-02
1.000000000000000000e+16	2.300000000000000000e+01	-2.406289535014431366e-02
1.260000000000000000e+16	2.300000000000000000e+01	-2.435990569494194194e-02
1.580000000000000000e+16	2.300000000000000000e+01	-2.400666117850640963e-02
2.000000000000000000e+16	2.300000000000000000e+01	-2.309325901647529475e-02
2.510000000000000000e+16	2.300000000000000000e+01	-2.187747797812482353e-02
3.160000000000000000e+16	2.300000000000000000e+01	-2.040513895369025499e-02
3.980000000000000000e+16	2.300000000000000000e+01	-1.879516152510490173e-02
5.010000000000000000e+16	2.300000000000000000e+01	-1.713510463183149507e-02
6.310000000000000000e+16	2.300000000000000000e+01	-1.547593305353228178e-02
7.940000000000000000e+16	2.300000000000000000e+01	-1.387534875843395021e-02
1.000000000000000000e+17	2.300000000000000000e+01	-1.234732836351255629e-02
1.000000000000000000e+11	2.500000000000000000e+01	1.007114459821080470e-05
1.258925411794166107e+11	2.500000000000000000e+01	1.269293192128531216e-05
1.584893192461110840e+11	2.500000000000000000e+01	1.600950614182125343e-05
1.995262314968882751e+11	2.500000000000000000e+01	2.021731901855252777e-05
2.511886431509582214e+11	2.500000000000000000e+01	2.558285748388348281e-05
3.162277660168379517e+11	2.500000000000000000e+01	3.247917689352800198e-05
3.981071705534969482e+11	2.500000000000000000e+01	4.144231294225469113e-05
5.011872336272714844e+11	2.500000000000000000e+01	5.322138929903298291e-05
6.309573444801943359e+11	2.500000000000000000e+01	6.844105425014223806e-05
7.943282347242821045e+11	2.500000000000000000e+01	8.137827892484127818e-05
1.000000000000000000e+12	2.500000000000000000e+01	9.294877480319693470e-05
1.260000000000000000e+12	2.500000000000000000e+01	1.115989652597898746e-04
1.580000000000000000e+12	2.500000000000000000e+01	1.365446225048168988e-04
2.000000000000000000e+12	2.500000000000000000e+01	1.702324908482802943e-04
2.510000000000000000e+12	2.500000000000000000e+01	2.116591617879704185e-04
3.160000000000000000e+12	2.500000000000000000e+01	2.643383078657052894e-04
3.980000000000000000e+12	2.500000000000000000e+01	3.323946696266914607e-04
5.010000000000000000e+12	2.500000000000000000e+01	4.193907388114471958e-04
6.310000000000000000e+12	2.500000000000000000e+01	5.284548777925848545e-04
7.940000000000000000e+12	2.500000000000000000e+01	6.653027061717016206e-04
1.000000000000000000e+13	2.500000000000000000e+01	8.390785024737581772e-04
1.260000000000000000e+13	2.500000000000000000e+01	1.058240440902354996e-03
1.580000000000000000e+13	2.500000000000000000e+01	1.326992514413818545e-03
2.000000000000000000e+13	2.500000000000000000e+01	1.682016535432085324e-03
2.510000000000000000e+13	2.500000000000000000e+01	2.113639956482524316e-03
3.160000000000000000e+13	2.500000000000000000e+01	2.663578429470534869e-03
3.980000000000000000e+13	2.500000000000000000e+01	3.356723904266537342e-03
5.010000000000000000e+13	2.500000000000000000e+01	4.215480965076952129e-03
6.310000000000000000e+13	2.500000000000000000e+01	5.301017953835196472e-03
7.940000000000000000e+13	2.500000000000000000e+01	6.686414386611852674e-03
1.000000000000000000e+14	2.500000000000000000e+01	8.477212146352790592e-03
1.260000000000000000e+14	2.500000000000000000e+01	1.086367666558376958e-02
1.580000000000000000e+14	2.500000000000000000e+01	1.405591441521081460e-02
2.000000000000000000e+14	2.500000000000000000e+01	1.853169496598525146e-02
2.510000000000000000e+14	2.500000000000000000e+01	2.396984027797151653e-02
3.160000000000000000e+14	2.500000000000000000e+01	2.990190441462232951e-02
3.980000000000000000e+14	2.500000000000000000e+01	3.506236371931544665e-02
5.010000000000000000e+14	2.500000000000000000e+01	3.850224873626402478e-02
6.310000000000000000e+14	2.500000000000000000e+01	4.017940159955833701e-02
7.940000000000000000e+14	2.500000000000000000e+01	3.789360497889684987e-02
1.000000000000000000e+15	2.500000000000000000e+01	3.260146341271644849e-02
1.260000000000000000e+15	2.500000000000000000e+01	2.685528486875505411e-02
1.580000000000000000e+15	2.500000000000000000e+01	2.009739853541228638e-02
2.000000000000000000e+15	2.500000000000000000e+01	1.161663761990481235e-02
2.510000000000000000e+15	2.500000000000000000e+01	2.159885227607423203e-03
3.160000000000000000e+15	2.500000000000000000e+01	-5.703591688170605613e-03
3.980000000000000000e+15	2.500000000000000000e+01	-1.219556560229998095e-02
5.010000000000000000e+15	2.500000000000000000e+01	-1.723969004092082077e-02
6.310000000000000000e+15	2.500000000000000000e+01	-2.090060667585161638e-02
7.940000000000000000e+15	2.500000000000000000e+01	-2.328428058651985447e-02
1.000000000000000000e+16	2.500000000000000000e+01	-2.457702418857614368e-02
1.260000000000000000e+16	2.500000000000000000e+01	-2.495758140203536979e-02
1.580000000000000000e+16	2.500000000000000000e+01	-2.464770171070398627e-02
2.000000000000000000e+16	2.500000000000000000e+01	-2.374752873238698478e-02
2.510000000000000000e+16	2.500000000000000000e+01	-2.252316848844206770e-02
3.160000000000000000e+16	2.500000000000000000e+01	-2.102625922970909750e-02
3.980000000000000000e+16	2.500000000000000000e+01	-1.938097945900158978e-02
5.010000000000000000e+16	2.500000000000000000e+01	-1.767901165862512461e-02
6.310000000000000000e+16	2.500000000000000000e+01	-1.597477080853436718e-02
7.940000000000000000e+16	2.500000000000000000e+01	-1.432812086228005440e-02
1.000000000000000000e+17	2.500000000000000000e+01	-1.275434107352173968e-02
