1.000000000000000000e+11	5.000000000000000000e-01	1.623931400053997044e-05
1.258925411794166107e+11	5.000000000000000000e-01	2.047032494184666625e-05
1.584893192461110840e+11	5.000000000000000000e-01	2.582533331222833681e-05
1.995262314968882751e+11	5.000000000000000000e-01	3.262455042293585885e-05
2.511886431509582214e+11	5.000000000000000000e-01	4.130528106745277124e-05
3.162277660168379517e+11	5.000000000000000000e-01	5.248839154028729647e-05
3.981071705534969482e+11	5.000000000000000000e-01	6.709778614758920429e-05
5.011872336272714844e+11	5.000000000000000000e-01	8.660362877890979592e-05
6.309573444801943359e+11	5.000000000000000000e-01	1.133312747396792792e-04
7.943282347242821045e+11	5.000000000000000000e-01	1.522403284022245419e-04
1.000000000000000000e+12	5.000000000000000000e-01	1.723988795227724140e-04
1.260000000000000000e+12	5.000000000000000000e-01	1.752954613863922349e-04
1.580000000000000000e+12	5.000000000000000000e-01	1.985774391041389203e-04
2.000000000000000000e+12	5.000000000000000000e-01	2.357161322001354866e-04
2.510000000000000000e+12	5.000000000000000000e-01	2.839360689866266192e-04
3.160000000000000000e+12	5.000000000000000000e-01	3.478048481503402223e-04
3.980000000000000000e+12	5.000000000000000000e-01	4.298890577820235000e-04
5.010000000000000000e+12	5.000000000000000000e-01	5.338417418487065563e-04
6.310000000000000000e+12	5.000000000000000000e-01	6.659526983618453862e-04
7.940000000000000000e+12	5.000000000000000000e-01	8.325661530822127832e-04
1.000000000000000000e+13	5.000000000000000000e-01	1.042389766853295827e-03
1.260000000000000000e+13	5.000000000000000000e-01	1.301912149187056059e-03
1.580000000000000000e+13	5.000000000000000000e-01	1.616607634084320580e-03
2.000000000000000000e+13	5.000000000000000000e-01	2.033622930319766223e-03
2.510000000000000000e+13	5.000000000000000000e-01	2.549687818523144363e-03
3.160000000000000000e+13	5.000000000000000000e-01	3.218866861640988074e-03
3.980000000000000000e+13	5.000000000000000000e-01	4.067590762476119837e-03
5.010000000000000000e+13	5.000000000000000000e-01	5.116622956856133747e-03
6.310000000000000000e+13	5.000000000000000000e-01	6.396743827184927199e-03
7.940000000000000000e+13	5.000000000000000000e-01	7.929470480224269299e-03
1.000000000000000000e+14	5.000000000000000000e-01	9.786451348725177038e-03
1.260000000000000000e+14	5.000000000000000000e-01	1.212822191028017742e-02
1.580000000000000000e+14	5.000000000000000000e-01	1.513620867030458783e-02
2.000000000000000000e+14	5.000000000000000000e-01	1.931729004554734105e-02
2.510000000000000000e+14	5.000000000000000000e-01	2.440871056662950733e-02
3.160000000000000000e+14	5.000000000000000000e-01	3.004228177160309099e-02
3.980000000000000000e+14	5.000000000000000000e-01	3.516249682883335753e-02
5.010000000000000000e+14	5.000000000000000000e-01	3.857914818449236644e-02
6.310000000000000000e+14	5.000000000000000000e-01	3.941074173485766691e-02
7.940000000000000000e+14	5.000000000000000000e-01	3.726676760044852349e-02
1.000000000000000000e+15	5.000000000000000000e-01	3.225674859403915296e-02
1.260000000000000000e+15	5.000000000000000000e-01	2.534763124649264815e-02
1.580000000000000000e+15	5.000000000000000000e-01	1.738472853152316783e-02
2.000000000000000000e+15	5.000000000000000000e-01	8.770381047503024788e-03
2.510000000000000000e+15	5.000000000000000000e-01	6.430450980551248585e-04
3.160000000000000000e+15	5.000000000000000000e-01	-6.724493104543185530e-03
3.980000000000000000e+15	5.000000000000000000e-01	-1.290430703695375977e-02
5.010000000000000000e+15	5.000000000000000000e-01	-1.772920680371756208e-02
6.310000000000000000e+15	5.000000000000000000e-01	-2.123040533259358542e-02
7.940000000000000000e+15	5.000000000000000000e-01	-2.349581074392510446e-02
1.000000000000000000e+16	5.000000000000000000e-01	-2.470077455699810562e-02
1.260000000000000000e+16	5.000000000000000000e-01	-2.501710129100939706e-02
1.580000000000000000e+16	5.000000000000000000e-01	-2.466908155739546901e-02
2.000000000000000000e+16	5.000000000000000000e-01	-2.372900114653987355e-02
2.510000000000000000e+16	5.000000000000000000e-01	-2.248342642659071841e-02
3.160000000000000000e+16	5.000000000000000000e-01	-2.097801042926928164e-02
3.980000000000000000e+16	5.000000000000000000e-01	-1.932015124119190047e-02
5.010000000000000000e+16	5.000000000000000000e-01	-1.761490054651480494e-02
6.310000000000000000e+16	5.000000000000000000e-01	-1.591051490399309973e-02
7.940000000000000000e+16	5.000000000000000000e-01	-1.426579027094455540e-02
1.000000000000000000e+17	5.000000000000000000e-01	-1.269534992811915432e-02
1.000000000000000000e+11	1.500000000000000000e+00	1.508997037095191705e-05
1.258925411794166107e+11	1.500000000000000000e+00	1.902338389601595289e-05
1.584893192461110840e+11	1.500000000000000000e+00	2.400344167421908655e-05
1.995262314968882751e+11	1.500000000000000000e+00	3.033079972297385394e-05
2.511886431509582214e+11	1.500000000000000000e+00	3.841736028482836045e-05
3.162277660168379517e+11	1.500000000000000000e+00	4.885190801914938291e-05
3.981071705534969482e+11	1.500000000000000000e+00	6.251834128493211843e-05
5.011872336272714844e+11	1.500000000000000000e+00	8.083761470038634822e-05
6.309573444801943359e+11	1.500000000000000000e+00	1.060642090239695396e-04
7.943282347242821045e+11	1.500000000000000000e+00	1.430810492517044751e-04
1.000000000000000000e+12	1.500000000000000000e+00	1.608491963948709244e-04
1.260000000000000000e+12	1.500000000000000000e+00	1.607665071586506184e-04
1.580000000000000000e+12	1.500000000000000000e+00	1.799342288636700152e-04
2.000000000000000000e+12	1.500000000000000000e+00	2.114038956838057242e-04
2.510000000000000000e+12	1.500000000000000000e+00	2.535326995392415267e-04
3.160000000000000000e+12	1.500000000000000000e+00	3.098144895664673880e-04
3.980000000000000000e+12	1.500000000000000000e+00	3.830055429597932926e-04
5.010000000000000000e+12	1.500000000000000000e+00	4.770933401443904582e-04
6.310000000000000000e+12	1.500000000000000000e+00	5.969585041836507474e-04
7.940000000000000000e+12	1.500000000000000000e+00	7.482754763414299105e-04
1.000000000000000000e+13	1.500000000000000000e+00	9.388262142892613840e-04
1.260000000000000000e+13	1.500000000000000000e+00	1.174786707021273271e-03
1.580000000000000000e+13	1.500000000000000000e+00	1.461342658244458963e-03
2.000000000000000000e+13	1.500000000000000000e+00	1.839107062356309334e-03
2.510000000000000000e+13	1.500000000000000000e+00	2.303625574971566135e-03
3.160000000000000000e+13	1.500000000000000000e+00	2.903214712839866010e-03
3.980000000000000000e+13	1.500000000000000000e+00	3.665816585392743954e-03
5.010000000000000000e+13	1.500000000000000000e+00	4.618585625383719341e-03
6.310000000000000000e+13	1.500000000000000000e+00	5.806384263417721167e-03
7.940000000000000000e+13	1.500000000000000000e+00	7.283972095320038857e-03
1.000000000000000000e+14	1.500000000000000000e+00	9.157769698759827409e-03
1.260000000000000000e+14	1.500000000000000000e+00	1.159002219028174713e-02
1.580000000000000000e+14	1.500000000000000000e+00	1.474725607929437687e-02
2.000000000000000000e+14	1.500000000000000000e+00	1.912917384737714346e-02
2.510000000000000000e+14	1.500000000000000000e+00	2.437246064405824281e-02
3.160000000000000000e+14	1.500000000000000000e+00	3.012619245348499911e-02
3.980000000000000000e+14	1.500000000000000000e+00	3.537153189054958319e-02
5.010000000000000000e+14	1.500000000000000000e+00	3.879029154676710833e-02
6.310000000000000000e+14	1.500000000000000000e+00	3.968878670515745694e-02
7.940000000000000000e+14	1.500000000000000000e+00	3.751196049944136024e-02
1.000000000000000000e+15	1.500000000000000000e+00	3.272794226536315798e-02
1.260000000000000000e+15	1.500000000000000000e+00	2.578781590510306060e-02
1.580000000000000000e+15	1.500000000000000000e+00	1.740751060278698803e-02
2.000000000000000000e+15	1.500000000000000000e+00	8.894289608114775217e-03
2.510000000000000000e+15	1.500000000000000000e+00	7.866760030650367646e-04
3.160000000000000000e+15	1.500000000000000000e+00	-6.560162097529873525e-03
3.980000000000000000e+15	1.500000000000000000e+00	-1.272147637827876314e-02
5.010000000000000000e+15	1.500000000000000000e+00	-1.753285171266886003e-02
6.310000000000000000e+15	1.500000000000000000e+00	-2.102435255054483851e-02
7.940000000000000000e+15	1.500000000000000000e+00	-2.328610068846634351e-02
1.000000000000000000e+16	1.500000000000000000e+00	-2.449230587728497624e-02
1.260000000000000000e+16	1.500000000000000000e+00	-2.481406873575350835e-02
1.580000000000000000e+16	1.500000000000000000e+00	-2.446727659781756936e-02
2.000000000000000000e+16	1.500000000000000000e+00	-2.354576305700733715e-02
2.510000000000000000e+16	1.500000000000000000e+00	-2.231258682201407023e-02
3.160000000000000000e+16	1.500000000000000000e+00	-2.081567679229728157e-02
3.980000000000000000e+16	1.500000000000000000e+00	-1.917670484629211206e-02
5.010000000000000000e+16	1.500000000000000000e+00	-1.748522196247724245e-02
6.310000000000000000e+16	1.500000000000000000e+00	-1.579419960663570183e-02
7.940000000000000000e+16	1.500000000000000000e+00	-1.416207355966599829e-02
1.000000000000000000e+17	1.500000000000000000e+00	-1.260348872716290231e-02
1.000000000000000000e+11	2.500000000000000000e+00	1.466954779500047323e-05
1.258925411794166107e+11	2.500000000000000000e+00	1.849426643487643950e-05
1.584893192461110840e+11	2.500000000000000000e+00	2.333759784652185106e-05
1.995262314968882751e+11	2.500000000000000000e+00	2.949312148896421378e-05
2.511886431509582214e+11	2.500000000000000000e+00	3.736395161779184471e-05
3.162277660168379517e+11	2.500000000000000000e+00	4.752820980340872575e-05
3.981071705534969482e+11	2.500000000000000000e+00	6.085744753614220914e-05
5.011872336272714844e+11	2.500000000000000000e+00	7.875437775485735466e-05
6.309573444801943359e+11	2.500000000000000000e+00	1.034907564946133173e-04
7.943282347242821045e+11	2.500000000000000000e+00	1.400890248082512987e-04
1.000000000000000000e+12	2.500000000000000000e+00	1.567866950869436637e-04
1.260000000000000000e+12	2.500000000000000000e+00	1.546004848766358215e-04
1.580000000000000000e+12	2.500000000000000000e+00	1.719052320753349709e-04
2.000000000000000000e+12	2.500000000000000000e+00	2.016488149973734803e-04
2.510000000000000000e+12	2.500000000000000000e+00	2.415627968560650084e-04
3.160000000000000000e+12	2.500000000000000000e+00	2.953282774856913549e-04
3.980000000000000000e+12	2.500000000000000000e+00	3.655898524166544461e-04
5.010000000000000000e+12	2.500000000000000000e+00	4.554548032851836437e-04
6.310000000000000000e+12	2.500000000000000000e+00	5.704551592739451468e-04
7.940000000000000000e+12	2.500000000000000000e+00	7.158825261607429467e-04
1.000000000000000000e+13	2.500000000000000000e+00	8.996590061465213617e-04
1.260000000000000000e+13	2.500000000000000000e+00	1.128258813513157268e-03
1.580000000000000000e+13	2.500000000000000000e+00	1.405839794361935695e-03
2.000000000000000000e+13	2.500000000000000000e+00	1.771595353021690813e-03
2.510000000000000000e+13	2.500000000000000000e+00	2.219874249129147152e-03
3.160000000000000000e+13	2.500000000000000000e+00	2.796243549757512423e-03
3.980000000000000000e+13	2.500000000000000000e+00	3.527915734497859626e-03
5.010000000000000000e+13	2.500000000000000000e+00	4.406010717353405111e-03
6.310000000000000000e+13	2.500000000000000000e+00	5.593713482831514511e-03
7.940000000000000000e+13	2.500000000000000000e+00	7.038545977044946035e-03
1.000000000000000000e+14	2.500000000000000000e+00	8.896029233932716690e-03
1.260000000000000000e+14	2.500000000000000000e+00	1.133822255068457109e-02
1.580000000000000000e+14	2.500000000000000000e+00	1.454721426731945752e-02
2.000000000000000000e+14	2.500000000000000000e+00	1.900252943838656727e-02
2.510000000000000000e+14	2.500000000000000000e+00	2.433698973566500098e-02
3.160000000000000000e+14	2.500000000000000000e+00	3.018516321195293534e-02
3.980000000000000000e+14	2.500000000000000000e+00	3.543229736590289281e-02
5.010000000000000000e+14	2.500000000000000000e+00	3.904876471328548593e-02
6.310000000000000000e+14	2.500000000000000000e+00	3.996827642775687556e-02
7.940000000000000000e+14	2.500000000000000000e+00	3.786127088091918030e-02
1.000000000000000000e+15	2.500000000000000000e+00	3.283587027278661585e-02
1.260000000000000000e+15	2.500000000000000000e+00	2.553512459259600284e-02
1.580000000000000000e+15	2.500000000000000000e+00	1.767294345116280155e-02
2.000000000000000000e+15	2.500000000000000000e+00	9.257019344524346563e-03
2.510000000000000000e+15	2.500000000000000000e+00	9.670901424038801228e-04
3.160000000000000000e+15	2.500000000000000000e+00	-6.435190268832539917e-03
3.980000000000000000e+15	2.500000000000000000e+00	-1.262869563151084937e-02
5.010000000000000000e+15	2.500000000000000000e+00	-1.746170504395574974e-02
6.310000000000000000e+15	2.500000000000000000e+00	-2.096915869637152458e-02
7.940000000000000000e+15	2.500000000000000000e+00	-2.324280765757615400e-02
1.000000000000000000e+16	2.500000000000000000e+00	-2.445820917756039159e-02
1.260000000000000000e+16	2.500000000000000000e+00	-2.478713905690407837e-02
1.580000000000000000e+16	2.500000000000000000e+00	-2.444586385706415052e-02
2.000000000000000000e+16	2.500000000000000000e+00	-2.352888382831845593e-02
2.510000000000000000e+16	2.500000000000000000e+00	-2.229914327113137473e-02
3.160000000000000000e+16	2.500000000000000000e+00	-2.080501147026716721e-02
3.980000000000000000e+16	2.500000000000000000e+00	-1.916826813045453132e-02
5.010000000000000000e+16	2.500000000000000000e+00	-1.747848950158985976e-02
6.310000000000000000e+16	2.500000000000000000e+00	-1.578891894814033955e-02
7.940000000000000000e+16	2.500000000000000000e+00	-1.415783599443282484e-02
1.000000000000000000e+17	2.500000000000000000e+00	-1.260013062162082531e-02
1.000000000000000000e+11	3.500000000000000000e+00	1.442987117458108953e-05
1.258925411794166107e+11	3.500000000000000000e+00	1.819256351462481607e-05
1.584893192461110840e+11	3.500000000000000000e+00	2.295782668967854238e-05
1.995262314968882751e+11	3.500000000000000000e+00	2.901507341698679376e-05
2.511886431509582214e+11	3.500000000000000000e+00	3.676227052486957309e-05
3.162277660168379517e+11	3.500000000000000000e+00	4.677110180445136049e-05
3.981071705534969482e+11	3.500000000000000000e+00	5.990514908397627362e-05
5.011872336272714844e+11	3.500000000000000000e+00	7.755796712887596958e-05
6.309573444801943359e+11	3.500000000000000000e+00	1.019877236065396757e-04
7.943282347242821045e+11	3.500000000000000000e+00	1.382045056814487074e-04
1.000000000000000000e+12	3.500000000000000000e+00	1.544439673269042178e-04
1.260000000000000000e+12	3.500000000000000000e+00	1.518696333448656805e-04
1.580000000000000000e+12	3.500000000000000000e+00	1.680520167547608237e-04
2.000000000000000000e+12	3.500000000000000000e+00	1.957975143264076583e-04
2.510000000000000000e+12	3.500000000000000000e+00	2.342596655412852583e-04
3.160000000000000000e+12	3.500000000000000000e+00	2.865476093830988382e-04
3.980000000000000000e+12	3.500000000000000000e+00	3.550253757844857466e-04
5.010000000000000000e+12	3.500000000000000000e+00	4.431395136216543227e-04
6.310000000000000000e+12	3.500000000000000000e+00	5.557803129706365705e-04
7.940000000000000000e+12	3.500000000000000000e+00	6.984697273883589200e-04
1.000000000000000000e+13	3.500000000000000000e+00	8.787233550604607243e-04
1.260000000000000000e+13	3.500000000000000000e+00	1.103167443466913965e-03
1.580000000000000000e+13	3.500000000000000000e+00	1.376941562158747953e-03
2.000000000000000000e+13	3.500000000000000000e+00	1.737091751734848484e-03
2.510000000000000000e+13	3.500000000000000000e+00	2.177222430250332248e-03
3.160000000000000000e+13	3.500000000000000000e+00	2.743178196827866702e-03
3.980000000000000000e+13	3.500000000000000000e+00	3.457809450832132533e-03
5.010000000000000000e+13	3.500000000000000000e+00	4.352320470775543348e-03
6.310000000000000000e+13	3.500000000000000000e+00	5.479878079917308541e-03
7.940000000000000000e+13	3.500000000000000000e+00	6.902632612670809610e-03
1.000000000000000000e+14	3.500000000000000000e+00	8.745898248506979097e-03
1.260000000000000000e+14	3.500000000000000000e+00	1.119899345382429842e-02
1.580000000000000000e+14	3.500000000000000000e+00	1.442927411045659067e-02
2.000000000000000000e+14	3.500000000000000000e+00	1.888854857220905945e-02
2.510000000000000000e+14	3.500000000000000000e+00	2.423938150997686364e-02
3.160000000000000000e+14	3.500000000000000000e+00	3.016163490374453721e-02
3.980000000000000000e+14	3.500000000000000000e+00	3.552930641768467512e-02
5.010000000000000000e+14	3.500000000000000000e+00	3.911159261318906261e-02
6.310000000000000000e+14	3.500000000000000000e+00	3.985687443768184957e-02
7.940000000000000000e+14	3.500000000000000000e+00	3.752257440417108153e-02
1.000000000000000000e+15	3.500000000000000000e+00	3.249460834659493452e-02
1.260000000000000000e+15	3.500000000000000000e+00	2.554876492908779440e-02
1.580000000000000000e+15	3.500000000000000000e+00	1.757760900678458429e-02
2.000000000000000000e+15	3.500000000000000000e+00	8.970732190187026209e-03
2.510000000000000000e+15	3.500000000000000000e+00	8.768552250216228149e-04
3.160000000000000000e+15	3.500000000000000000e+00	-6.442696989039977014e-03
3.980000000000000000e+15	3.500000000000000000e+00	-1.257741461892722575e-02
5.010000000000000000e+15	3.500000000000000000e+00	-1.736655243109465341e-02
6.310000000000000000e+15	3.500000000000000000e+00	-2.084352707818542053e-02
7.940000000000000000e+15	3.500000000000000000e+00	-2.309606434252446314e-02
1.000000000000000000e+16	3.500000000000000000e+00	-2.429991985233018181e-02
1.260000000000000000e+16	3.500000000000000000e+00	-2.462382310394783946e-02
1.580000000000000000e+16	3.500000000000000000e+00	-2.428286187341834740e-02
2.000000000000000000e+16	3.500000000000000000e+00	-2.337060141103221300e-02
2.510000000000000000e+16	3.500000000000000000e+00	-2.214817791656964116e-02
3.160000000000000000e+16	3.500000000000000000e+00	-2.066346691980377320e-02
3.980000000000000000e+16	3.500000000000000000e+00	-1.903735318395015363e-02
5.010000000000000000e+16	3.500000000000000000e+00	-1.735861353819609723e-02
6.310000000000000000e+16	3.500000000000000000e+00	-1.568040340238811142e-02
7.940000000000000000e+16	3.500000000000000000e+00	-1.406031587555754692e-02
1.000000000000000000e+17	3.500000000000000000e+00	-1.251327949753650894e-02
1.000000000000000000e+11	4.500000000000000000e+00	1.427790602364072246e-05
1.258925411794166107e+11	4.500000000000000000e+00	1.800131183580470901e-05
1.584893192461110840e+11	4.500000000000000000e+00	2.271716304980122631e-05
1.995262314968882751e+11	4.500000000000000000e+00	2.871233778274849039e-05
2.511886431509582214e+11	4.500000000000000000e+00	3.638169957645979351e-05
3.162277660168379517e+11	4.500000000000000000e+00	4.629310713822191087e-05
3.981071705534969482e+11	4.500000000000000000e+00	5.930577826121297754e-05
5.011872336272714844e+11	4.500000000000000000e+00	7.679570311921234756e-05
6.309573444801943359e+11	4.500000000000000000e+00	1.010639615611981013e-04
7.943282347242821045e+11	4.500000000000000000e+00	1.371633540855587128e-04
1.000000000000000000e+12	4.500000000000000000e+00	1.529735053989842331e-04
1.260000000000000000e+12	4.500000000000000000e+00	1.493913685644994427e-04
1.580000000000000000e+12	4.500000000000000000e+00	1.651169392560159095e-04
2.000000000000000000e+12	4.500000000000000000e+00	1.925263206705776493e-04
2.510000000000000000e+12	4.500000000000000000e+00	2.297149070563690102e-04
3.160000000000000000e+12	4.500000000000000000e+00	2.809515392742501340e-04
3.980000000000000000e+12	4.500000000000000000e+00	3.483219292833847412e-04
5.010000000000000000e+12	4.500000000000000000e+00	4.348963052437890579e-04
6.310000000000000000e+12	4.500000000000000000e+00	5.462974601299356225e-04
7.940000000000000000e+12	4.500000000000000000e+00	6.872712813029909244e-04
1.000000000000000000e+13	4.500000000000000000e+00	8.654715838056216111e-04
1.260000000000000000e+13	4.500000000000000000e+00	1.088565475634357526e-03
1.580000000000000000e+13	4.500000000000000000e+00	1.358622587613559892e-03
2.000000000000000000e+13	4.500000000000000000e+00	1.714784764831088233e-03
2.510000000000000000e+13	4.500000000000000000e+00	2.152834594069515106e-03
3.160000000000000000e+13	4.500000000000000000e+00	2.714035258861585004e-03
3.980000000000000000e+13	4.500000000000000000e+00	3.423308716466607737e-03
5.010000000000000000e+13	4.500000000000000000e+00	4.309231001676302499e-03
6.310000000000000000e+13	4.500000000000000000e+00	5.422566077700711508e-03
7.940000000000000000e+13	4.500000000000000000e+00	6.831925826029310901e-03
1.000000000000000000e+14	4.500000000000000000e+00	8.663646492520882259e-03
1.260000000000000000e+14	4.500000000000000000e+00	1.110556442959111621e-02
1.580000000000000000e+14	4.500000000000000000e+00	1.431824677193095641e-02
2.000000000000000000e+14	4.500000000000000000e+00	1.881349777825180175e-02
2.510000000000000000e+14	4.500000000000000000e+00	2.421081836389314679e-02
3.160000000000000000e+14	4.500000000000000000e+00	3.005756657393416145e-02
3.980000000000000000e+14	4.500000000000000000e+00	3.561055573293923221e-02
5.010000000000000000e+14	4.500000000000000000e+00	3.925305599836688419e-02
6.310000000000000000e+14	4.500000000000000000e+00	4.003451396983684352e-02
7.940000000000000000e+14	4.500000000000000000e+00	3.782855390199721390e-02
1.000000000000000000e+15	4.500000000000000000e+00	3.300084278215075634e-02
1.260000000000000000e+15	4.500000000000000000e+00	2.613010716727843727e-02
1.580000000000000000e+15	4.500000000000000000e+00	1.794390888467826614e-02
2.000000000000000000e+15	4.500000000000000000e+00	9.439238263904333251e-03
2.510000000000000000e+15	4.500000000000000000e+00	1.101556814755870473e-03
3.160000000000000000e+15	4.500000000000000000e+00	-6.332897363593720762e-03
3.980000000000000000e+15	4.500000000000000000e+00	-1.254951245803830745e-02
5.010000000000000000e+15	4.500000000000000000e+00	-1.739988011255802838e-02
6.310000000000000000e+15	4.500000000000000000e+00	-2.092044126036658389e-02
7.940000000000000000e+15	4.500000000000000000e+00	-2.320394204775933292e-02
1.000000000000000000e+16	4.500000000000000000e+00	-2.442775735367828244e-02
1.260000000000000000e+16	4.500000000000000000e+00	-2.476301284561116881e-02
1.580000000000000000e+16	4.500000000000000000e+00	-2.442666867991497362e-02
2.000000000000000000e+16	4.500000000000000000e+00	-2.351372623731878830e-02
2.510000000000000000e+16	4.500000000000000000e+00	-2.228708148466413547e-02
3.160000000000000000e+16	4.500000000000000000e+00	-2.079543302768482524e-02
3.980000000000000000e+16	4.500000000000000000e+00	-1.916063699149050947e-02
5.010000000000000000e+16	4.500000000000000000e+00	-1.747246580065791102e-02
6.310000000000000000e+16	4.500000000000000000e+00	-1.578402806845930970e-02
7.940000000000000000e+16	4.500000000000000000e+00	-1.415402535717016907e-02
1.000000000000000000e+17	4.500000000000000000e+00	-1.259710478165057199e-02
1.000000000000000000e+11	5.500000000000000000e+00	1.415094308615652843e-05
1.258925411794166107e+11	5.500000000000000000e+00	1.784153048870446527e-05
1.584893192461110840e+11	5.500000000000000000e+00	2.251615519729567770e-05
1.995262314968882751e+11	5.500000000000000000e+00	2.845965063556407502e-05
2.511886431509582214e+11	5.500000000000000000e+00	3.606434071398486322e-05
3.162277660168379517e+11	5.500000000000000000e+00	4.589494288955544611e-05
3.981071705534969482e+11	5.500000000000000000e+00	5.880791543136894766e-05
5.011872336272714844e+11	5.500000000000000000e+00	7.617651769909840386e-05
6.309573444801943359e+11	5.500000000000000000e+00	1.003084250976539661e-04
7.943282347242821045e+11	5.500000000000000000e+00	1.363392061113606959e-04
1.000000000000000000e+12	5.500000000000000000e+00	1.518025080684965973e-04
1.260000000000000000e+12	5.500000000000000000e+00	1.474944167025416615e-04
1.580000000000000000e+12	5.500000000000000000e+00	1.622985436582094715e-04
2.000000000000000000e+12	5.500000000000000000e+00	1.890445626626678969e-04
2.510000000000000000e+12	5.500000000000000000e+00	2.259048098585523688e-04
3.160000000000000000e+12	5.500000000000000000e+00	2.760800874881073614e-04
3.980000000000000000e+12	5.500000000000000000e+00	3.423747886223142060e-04
5.010000000000000000e+12	5.500000000000000000e+00	4.282102070228637446e-04
6.310000000000000000e+12	5.500000000000000000e+00	5.381471698275457939e-04
7.940000000000000000e+12	5.500000000000000000e+00	6.766473940006684099e-04
1.000000000000000000e+13	5.500000000000000000e+00	8.537845084314096139e-04
1.260000000000000000e+13	5.500000000000000000e+00	1.075289864171368034e-03
1.580000000000000000e+13	5.500000000000000000e+00	1.347038888624936927e-03
2.000000000000000000e+13	5.500000000000000000e+00	1.703465464442062427e-03
2.510000000000000000e+13	5.500000000000000000e+00	2.134596375147718769e-03
3.160000000000000000e+13	5.500000000000000000e+00	2.689487627557235298e-03
3.980000000000000000e+13	5.500000000000000000e+00	3.392788153193153789e-03
5.010000000000000000e+13	5.500000000000000000e+00	4.272191948994978790e-03
6.310000000000000000e+13	5.500000000000000000e+00	5.375848791378287465e-03
7.940000000000000000e+13	5.500000000000000000e+00	6.773467957880653298e-03
1.000000000000000000e+14	5.500000000000000000e+00	8.596656950417317158e-03
1.260000000000000000e+14	5.500000000000000000e+00	1.101371990459084835e-02
1.580000000000000000e+14	5.500000000000000000e+00	1.421996695159932766e-02
2.000000000000000000e+14	5.500000000000000000e+00	1.873249621662432390e-02
2.510000000000000000e+14	5.500000000000000000e+00	2.413997339184942997e-02
3.160000000000000000e+14	5.500000000000000000e+00	3.020396878494629317e-02
3.980000000000000000e+14	5.500000000000000000e+00	3.547354867511279264e-02
5.010000000000000000e+14	5.500000000000000000e+00	3.893847910351553449e-02
6.310000000000000000e+14	5.500000000000000000e+00	3.994606030303663596e-02
7.940000000000000000e+14	5.500000000000000000e+00	3.787995367560809817e-02
1.000000000000000000e+15	5.500000000000000000e+00	3.290425248232667355e-02
1.260000000000000000e+15	5.500000000000000000e+00	2.575549206083802348e-02
1.580000000000000000e+15	5.500000000000000000e+00	1.772131287403918773e-02
2.000000000000000000e+15	5.500000000000000000e+00	9.076210249869451005e-03
2.510000000000000000e+15	5.500000000000000000e+00	9.577469708555063277e-04
3.160000000000000000e+15	5.500000000000000000e+00	-6.380028748117849181e-03
3.980000000000000000e+15	5.500000000000000000e+00	-1.252837983117492671e-02
5.010000000000000000e+15	5.500000000000000000e+00	-1.732850556065704609e-02
6.310000000000000000e+15	5.500000000000000000e+00	-2.081305367410004117e-02
7.940000000000000000e+15	5.500000000000000000e+00	-2.307205858730216816e-02
1.000000000000000000e+16	5.500000000000000000e+00	-2.428081016913225323e-02
1.260000000000000000e+16	5.500000000000000000e+00	-2.460867102903480097e-02
1.580000000000000000e+16	5.500000000000000000e+00	-2.427065637501234913e-02
2.000000000000000000e+16	5.500000000000000000e+00	-2.336107967014548412e-02
2.510000000000000000e+16	5.500000000000000000e+00	-2.214060003987135955e-02
3.160000000000000000e+16	5.500000000000000000e+00	-2.065778817235411000e-02
3.980000000000000000e+16	5.500000000000000000e+00	-1.903255857386011024e-02
5.010000000000000000e+16	5.500000000000000000e+00	-1.735494426741636745e-02
6.310000000000000000e+16	5.500000000000000000e+00	-1.567736384297615734e-02
7.940000000000000000e+16	5.500000000000000000e+00	-1.405799643891167058e-02
1.000000000000000000e+17	5.500000000000000000e+00	-1.251135520704219246e-02
1.000000000000000000e+11	6.500000000000000000e+00	1.404183308029306377e-05
1.258925411794166107e+11	6.500000000000000000e+00	1.770400187956527502e-05
1.584893192461110840e+11	6.500000000000000000e+00	2.234271112525315273e-05
1.995262314968882751e+11	6.500000000000000000e+00	2.824063033918968574e-05
2.511886431509582214e+11	6.500000000000000000e+00	3.578712042142752402e-05
3.162277660168379517e+11	6.500000000000000000e+00	4.554313909792975595e-05
3.981071705534969482e+11	6.500000000000000000e+00	5.835890309126926656e-05
5.011872336272714844e+11	6.500000000000000000e+00	7.559697634591123615e-05
6.309573444801943359e+11	6.500000000000000000e+00	9.954010923710833090e-05
7.943282347242821045e+11	6.500000000000000000e+00	1.352009269493997042e-04
1.000000000000000000e+12	6.500000000000000000e+00	1.502807335520498367e-04
1.260000000000000000e+12	6.500000000000000000e+00	1.466183518305938451e-04
1.580000000000000000e+12	6.500000000000000000e+00	1.611847636823100240e-04
2.000000000000000000e+12	6.500000000000000000e+00	1.865962788771183115e-04
2.510000000000000000e+12	6.500000000000000000e+00	2.243484717321734526e-04
3.160000000000000000e+12	6.500000000000000000e+00	2.756245518405079438e-04
3.980000000000000000e+12	6.500000000000000000e+00	3.396208688615002212e-04
5.010000000000000000e+12	6.500000000000000000e+00	4.241319926931915460e-04
6.310000000000000000e+12	6.500000000000000000e+00	5.358382284210254365e-04
7.940000000000000000e+12	6.500000000000000000e+00	6.746060823508304855e-04
1.000000000000000000e+13	6.500000000000000000e+00	8.480682611352401666e-04
1.260000000000000000e+13	6.500000000000000000e+00	1.067499703331822652e-03
1.580000000000000000e+13	6.500000000000000000e+00	1.337358971219335070e-03
2.000000000000000000e+13	6.500000000000000000e+00	1.693195250304028142e-03
2.510000000000000000e+13	6.500000000000000000e+00	2.127329610444309103e-03
3.160000000000000000e+13	6.500000000000000000e+00	2.680507129766020354e-03
3.980000000000000000e+13	6.500000000000000000e+00	3.378844849922049611e-03
5.010000000000000000e+13	6.500000000000000000e+00	4.250545277505506092e-03
6.310000000000000000e+13	6.500000000000000000e+00	5.350761143666083255e-03
7.940000000000000000e+13	6.500000000000000000e+00	6.742065219141634737e-03
1.000000000000000000e+14	6.500000000000000000e+00	8.544291345283623607e-03
1.260000000000000000e+14	6.500000000000000000e+00	1.097758678041888154e-02
1.580000000000000000e+14	6.500000000000000000e+00	1.424703661337003470e-02
2.000000000000000000e+14	6.500000000000000000e+00	1.872052786492130541e-02
2.510000000000000000e+14	6.500000000000000000e+00	2.414478169806346525e-02
3.160000000000000000e+14	6.500000000000000000e+00	3.000756703395377270e-02
3.980000000000000000e+14	6.500000000000000000e+00	3.532936278105498068e-02
5.010000000000000000e+14	6.500000000000000000e+00	3.895929987877985723e-02
6.310000000000000000e+14	6.500000000000000000e+00	4.001776234605565474e-02
7.940000000000000000e+14	6.500000000000000000e+00	3.804933757301262598e-02
1.000000000000000000e+15	6.500000000000000000e+00	3.316877370910201878e-02
1.260000000000000000e+15	6.500000000000000000e+00	2.629808262879210906e-02
1.580000000000000000e+15	6.500000000000000000e+00	1.829665128517473857e-02
2.000000000000000000e+15	6.500000000000000000e+00	9.610423836716312437e-03
2.510000000000000000e+15	6.500000000000000000e+00	1.221040333158306557e-03
3.160000000000000000e+15	6.500000000000000000e+00	-6.244195165623462121e-03
3.980000000000000000e+15	6.500000000000000000e+00	-1.248171269666022674e-02
5.010000000000000000e+15	6.500000000000000000e+00	-1.734720181438926742e-02
6.310000000000000000e+15	6.500000000000000000e+00	-2.087918755415278313e-02
7.940000000000000000e+15	6.500000000000000000e+00	-2.317142976074236180e-02
1.000000000000000000e+16	6.500000000000000000e+00	-2.440207556152217475e-02
1.260000000000000000e+16	6.500000000000000000e+00	-2.474271551304466771e-02
1.580000000000000000e+16	6.500000000000000000e+00	-2.441050103261596660e-02
2.000000000000000000e+16	6.500000000000000000e+00	-2.350097319929803086e-02
2.510000000000000000e+16	6.500000000000000000e+00	-2.227692570093700933e-02
3.160000000000000000e+16	6.500000000000000000e+00	-2.078736896278885263e-02
3.980000000000000000e+16	6.500000000000000000e+00	-1.915424435861424329e-02
5.010000000000000000e+16	6.500000000000000000e+00	-1.746738263723391846e-02
6.310000000000000000e+16	6.500000000000000000e+00	-1.578000313241496172e-02
7.940000000000000000e+16	6.500000000000000000e+00	-1.415036711097794782e-02
1.000000000000000000e+17	6.500000000000000000e+00	-1.259458826472495581e-02
1.000000000000000000e+11	7.500000000000000000e+00	1.400455684012636531e-05
1.258925411794166107e+11	7.500000000000000000e+00	1.765750144446921017e-05
1.584893192461110840e+11	7.500000000000000000e+00	2.228496682189932951e-05
1.995262314968882751e+11	7.500000000000000000e+00	2.816953584309099583e-05
2.511886431509582214e+11	7.500000000000000000e+00	3.570098423222923975e-05
3.162277660168379517e+11	7.500000000000000000e+00	4.544226416106385546e-05
3.981071705534969482e+11	7.500000000000000000e+00	5.824787865958977538e-05
5.011872336272714844e+11	7.500000000000000000e+00	7.551513624347757074e-05
6.309573444801943359e+11	7.500000000000000000e+00	9.952424774717220143e-05
7.943282347242821045e+11	7.500000000000000000e+00	1.358175975190878827e-04
1.000000000000000000e+12	7.500000000000000000e+00	1.503352294210589493e-04
1.260000000000000000e+12	7.500000000000000000e+00	1.439787675389811667e-04
1.580000000000000000e+12	7.500000000000000000e+00	1.582581325821784326e-04
2.000000000000000000e+12	7.500000000000000000e+00	1.848550589296273636e-04
2.510000000000000000e+12	7.500000000000000000e+00	2.198646980606680881e-04
3.160000000000000000e+12	7.500000000000000000e+00	2.685247389222224202e-04
3.980000000000000000e+12	7.500000000000000000e+00	3.376857841780879737e-04
5.010000000000000000e+12	7.500000000000000000e+00	4.226832801920051008e-04
6.310000000000000000e+12	7.500000000000000000e+00	5.274266838140119268e-04
7.940000000000000000e+12	7.500000000000000000e+00	6.660656799301315932e-04
1.000000000000000000e+13	7.500000000000000000e+00	8.439786726603856195e-04
1.260000000000000000e+13	7.500000000000000000e+00	1.065504211317026481e-03
1.580000000000000000e+13	7.500000000000000000e+00	1.334489628504746412e-03
2.000000000000000000e+13	7.500000000000000000e+00	1.685852535915318036e-03
2.510000000000000000e+13	7.500000000000000000e+00	2.118103746216343144e-03
3.160000000000000000e+13	7.500000000000000000e+00	2.672349486077101825e-03
3.980000000000000000e+13	7.500000000000000000e+00	3.369624597400976227e-03
5.010000000000000000e+13	7.500000000000000000e+00	4.241048764953051289e-03
6.310000000000000000e+13	7.500000000000000000e+00	5.335378170572265509e-03
7.940000000000000000e+13	7.500000000000000000e+00	6.722545291349720301e-03
1.000000000000000000e+14	7.500000000000000000e+00	8.527903851277923025e-03
1.260000000000000000e+14	7.500000000000000000e+00	1.095700791135218073e-02
1.580000000000000000e+14	7.500000000000000000e+00	1.418360477598745728e-02
2.000000000000000000e+14	7.500000000000000000e+00	1.868767354669289074e-02
2.510000000000000000e+14	7.500000000000000000e+00	2.412840945503693171e-02
3.160000000000000000e+14	7.500000000000000000e+00	2.997097607891438531e-02
3.980000000000000000e+14	7.500000000000000000e+00	3.529423864901018448e-02
5.010000000000000000e+14	7.500000000000000000e+00	3.902858922501243472e-02
6.310000000000000000e+14	7.500000000000000000e+00	3.984764956085162096e-02
7.940000000000000000e+14	7.500000000000000000e+00	3.760639897444208873e-02
1.000000000000000000e+15	7.500000000000000000e+00	3.282066543100968514e-02
1.260000000000000000e+15	7.500000000000000000e+00	2.616242572025330448e-02
1.580000000000000000e+15	7.500000000000000000e+00	1.701532142120102190e-02
2.000000000000000000e+15	7.500000000000000000e+00	7.577567612748757446e-03
2.510000000000000000e+15	7.500000000000000000e+00	3.628991253454878101e-04
3.160000000000000000e+15	7.500000000000000000e+00	-6.669691704618428002e-03
3.980000000000000000e+15	7.500000000000000000e+00	-1.262468144025541243e-02
5.010000000000000000e+15	7.500000000000000000e+00	-1.728944021500006256e-02
6.310000000000000000e+15	7.500000000000000000e+00	-2.067724635685353959e-02
7.940000000000000000e+15	7.500000000000000000e+00	-2.287001020317515690e-02
1.000000000000000000e+16	7.500000000000000000e+00	-2.403491285098418098e-02
1.260000000000000000e+16	7.500000000000000000e+00	-2.433775380857644208e-02
1.580000000000000000e+16	7.500000000000000000e+00	-2.398900874808428466e-02
2.000000000000000000e+16	7.500000000000000000e+00	-2.307935061597232024e-02
2.510000000000000000e+16	7.500000000000000000e+00	-2.186637957801288237e-02
3.160000000000000000e+16	7.500000000000000000e+00	-2.039617803373330526e-02
3.980000000000000000e+16	7.500000000000000000e+00	-1.878817685756700370e-02
5.010000000000000000e+16	7.500000000000000000e+00	-1.712948438876853510e-02
6.310000000000000000e+16	7.500000000000000000e+00	-1.547148132854066042e-02
7.940000000000000000e+16	7.500000000000000000e+00	-1.387186013201492478e-02
1.000000000000000000e+17	7.500000000000000000e+00	-1.234454759310884067e-02
1.000000000000000000e+11	8.500000000000000000e+00	1.386432829467036380e-05
1.258925411794166107e+11	8.500000000000000000e+00	1.748013288783682801e-05
1.584893192461110840e+11	8.500000000000000000e+00	2.206012492022234837e-05
1.995262314968882751e+11	8.500000000000000000e+00	2.788329414910504074e-05
2.511886431509582214e+11	8.500000000000000000e+00	3.533395909604164254e-05
3.162277660168379517e+11	8.500000000000000000e+00	4.496542144778411555e-05
3.981071705534969482e+11	8.500000000000000000e+00	5.760975974626651269e-05
5.011872336272714844e+11	8.500000000000000000e+00	7.461974526574078790e-05
6.309573444801943359e+11	8.500000000000000000e+00	9.818483411557223334e-05
7.943282347242821045e+11	8.500000000000000000e+00	1.325781944055520712e-04
1.000000000000000000e+12	8.500000000000000000e+00	1.497400808069138535e-04
1.260000000000000000e+12	8.500000000000000000e+00	1.467514473218152005e-04
1.580000000000000000e+12	8.500000000000000000e+00	1.589827596117953160e-04
2.000000000000000000e+12	8.500000000000000000e+00	1.852137053011416990e-04
2.510000000000000000e+12	8.500000000000000000e+00	2.211146937289486464e-04
3.160000000000000000e+12	8.500000000000000000e+00	2.682810998173957651e-04
3.980000000000000000e+12	8.500000000000000000e+00	3.309407268706712909e-04
5.010000000000000000e+12	8.500000000000000000e+00	4.149779512070353059e-04
6.310000000000000000e+12	8.500000000000000000e+00	5.253334150346484739e-04
7.940000000000000000e+12	8.500000000000000000e+00	6.656160131461801672e-04
1.000000000000000000e+13	8.500000000000000000e+00	8.384421957592922466e-04
1.260000000000000000e+13	8.500000000000000000e+00	1.053956494370003041e-03
1.580000000000000000e+13	8.500000000000000000e+00	1.321917050806154566e-03
2.000000000000000000e+13	8.500000000000000000e+00	1.677706223976805364e-03
2.510000000000000000e+13	8.500000000000000000e+00	2.109828846520837593e-03
3.160000000000000000e+13	8.500000000000000000e+00	2.659804892130085939e-03
3.980000000000000000e+13	8.500000000000000000e+00	3.354728291870529011e-03
5.010000000000000000e+13	8.500000000000000000e+00	4.218132403574928121e-03
6.310000000000000000e+13	8.500000000000000000e+00	5.306757080274171479e-03
7.940000000000000000e+13	8.500000000000000000e+00	6.689391403536582015e-03
1.000000000000000000e+14	8.500000000000000000e+00	8.500185356483929561e-03
1.260000000000000000e+14	8.500000000000000000e+00	1.089365299676614204e-02
1.580000000000000000e+14	8.500000000000000000e+00	1.405449368178028798e-02
2.000000000000000000e+14	8.500000000000000000e+00	1.852799714621695265e-02
2.510000000000000000e+14	8.500000000000000000e+00	2.389364163640508160e-02
3.160000000000000000e+14	8.500000000000000000e+00	2.995261305337728816e-02
3.980000000000000000e+14	8.500000000000000000e+00	3.546849086679210172e-02
5.010000000000000000e+14	8.500000000000000000e+00	3.893829028506253648e-02
6.310000000000000000e+14	8.500000000000000000e+00	4.000216262807488460e-02
7.940000000000000000e+14	8.500000000000000000e+00	3.854505061520475256e-02
1.000000000000000000e+15	8.500000000000000000e+00	3.256178364471056658e-02
1.260000000000000000e+15	8.500000000000000000e+00	2.277663795553455314e-02
1.580000000000000000e+15	8.500000000000000000e+00	1.593156344145639156e-02
2.000000000000000000e+15	8.500000000000000000e+00	9.677132734668898381e-03
2.510000000000000000e+15	8.500000000000000000e+00	1.018471603822028579e-03
3.160000000000000000e+15	8.500000000000000000e+00	-6.287966122692652780e-03
3.980000000000000000e+15	8.500000000000000000e+00	-1.236655690519309313e-02
5.010000000000000000e+15	8.500000000000000000e+00	-1.710223134989154528e-02
6.310000000000000000e+15	8.500000000000000000e+00	-2.053644643622529881e-02
7.940000000000000000e+15	8.500000000000000000e+00	-2.276173621117826354e-02
1.000000000000000000e+16	8.500000000000000000e+00	-2.395067503666924169e-02
1.260000000000000000e+16	8.500000000000000000e+00	-2.427173915846816271e-02
1.580000000000000000e+16	8.500000000000000000e+00	-2.393678356281070396e-02
2.000000000000000000e+16	8.500000000000000000e+00	-2.303829688033767406e-02
2.510000000000000000e+16	8.500000000000000000e+00	-2.183376288446156610e-02
3.160000000000000000e+16	8.500000000000000000e+00	-2.037048304366261692e-02
3.980000000000000000e+16	8.500000000000000000e+00	-1.876766472185424292e-02
5.010000000000000000e+16	8.500000000000000000e+00	-1.711302318291599636e-02
6.310000000000000000e+16	8.500000000000000000e+00	-1.545861064031549270e-02
7.940000000000000000e+16	8.500000000000000000e+00	-1.386159469722667015e-02
1.000000000000000000e+17	8.500000000000000000e+00	-1.233640525744009349e-02
1.000000000000000000e+11	1.000000000000000000e+01	1.352908478219454552e-05
1.258925411794166107e+11	1.000000000000000000e+01	1.705741418295785486e-05
1.584893192461110840e+11	1.000000000000000000e+01	2.152643299936703061e-05
1.995262314968882751e+11	1.000000000000000000e+01	2.720843408104087156e-05
2.511886431509582214e+11	1.000000000000000000e+01	3.447811972323354217e-05
3.162277660168379517e+11	1.000000000000000000e+01	4.387545838375945970e-05
3.981071705534969482e+11	1.000000000000000000e+01	5.621638676343049148e-05
5.011872336272714844e+11	1.000000000000000000e+01	7.281117003012981881e-05
6.309573444801943359e+11	1.000000000000000000e+01	9.575780228352699154e-05
7.943282347242821045e+11	1.000000000000000000e+01	1.291490393004030533e-04
1.000000000000000000e+12	1.000000000000000000e+01	1.434617835818907260e-04
1.260000000000000000e+12	1.000000000000000000e+01	1.411344741472261551e-04
1.580000000000000000e+12	1.000000000000000000e+01	1.565663447519160525e-04
2.000000000000000000e+12	1.000000000000000000e+01	1.819487286011602534e-04
2.510000000000000000e+12	1.000000000000000000e+01	2.178345593765059190e-04
3.160000000000000000e+12	1.000000000000000000e+01	2.679456351820474320e-04
3.980000000000000000e+12	1.000000000000000000e+01	3.337673481445690049e-04
5.010000000000000000e+12	1.000000000000000000e+01	4.183632892282571135e-04
6.310000000000000000e+12	1.000000000000000000e+01	5.267243691926663546e-04
7.940000000000000000e+12	1.000000000000000000e+01	6.645266826995932822e-04
1.000000000000000000e+13	1.000000000000000000e+01	8.397114960853775678e-04
1.260000000000000000e+13	1.000000000000000000e+01	1.058955464265944578e-03
1.580000000000000000e+13	1.000000000000000000e+01	1.329033779374163594e-03
2.000000000000000000e+13	1.000000000000000000e+01	1.684446393671465252e-03
2.510000000000000000e+13	1.000000000000000000e+01	2.115874893324904294e-03
3.160000000000000000e+13	1.000000000000000000e+01	2.668993165223650446e-03
3.980000000000000000e+13	1.000000000000000000e+01	3.367109293138865686e-03
5.010000000000000000e+13	1.000000000000000000e+01	4.238321003401777746e-03
6.310000000000000000e+13	1.000000000000000000e+01	5.332130933711791074e-03
7.940000000000000000e+13	1.000000000000000000e+01	6.718472145405936062e-03
1.000000000000000000e+14	1.000000000000000000e+01	8.515312612082603927e-03
1.260000000000000000e+14	1.000000000000000000e+01	1.093305881738960983e-02
1.580000000000000000e+14	1.000000000000000000e+01	1.416942936715017733e-02
2.000000000000000000e+14	1.000000000000000000e+01	1.869114042246210888e-02
2.510000000000000000e+14	1.000000000000000000e+01	2.408543047751324911e-02
3.160000000000000000e+14	1.000000000000000000e+01	3.001561481124179545e-02
3.980000000000000000e+14	1.000000000000000000e+01	3.543311320089093802e-02
5.010000000000000000e+14	1.000000000000000000e+01	3.900121909380399599e-02
6.310000000000000000e+14	1.000000000000000000e+01	3.973021127678060677e-02
7.940000000000000000e+14	1.000000000000000000e+01	3.744328143542213772e-02
1.000000000000000000e+15	1.000000000000000000e+01	3.318883717469394562e-02
1.260000000000000000e+15	1.000000000000000000e+01	2.791955418385238391e-02
1.580000000000000000e+15	1.000000000000000000e+01	2.020049883991226897e-02
2.000000000000000000e+15	1.000000000000000000e+01	1.047327653880724199e-02
2.510000000000000000e+15	1.000000000000000000e+01	1.732730032275817686e-03
3.160000000000000000e+15	1.000000000000000000e+01	-5.971634869600219928e-03
3.980000000000000000e+15	1.000000000000000000e+01	-1.238452791851795028e-02
5.010000000000000000e+15	1.000000000000000000e+01	-1.738029869895813678e-02
6.310000000000000000e+15	1.000000000000000000e+01	-2.100789821338755123e-02
7.940000000000000000e+15	1.000000000000000000e+01	-2.336751123649081358e-02
1.000000000000000000e+16	1.000000000000000000e+01	-2.464215330782439095e-02
1.260000000000000000e+16	1.000000000000000000e+01	-2.687333415112414664e-02
1.580000000000000000e+16	1.000000000000000000e+01	-2.468829473038560915e-02
2.000000000000000000e+16	1.000000000000000000e+01	-2.377950701192662469e-02
2.510000000000000000e+16	1.000000000000000000e+01	-2.254855748268584301e-02
3.160000000000000000e+16	1.000000000000000000e+01	-2.104683333077060972e-02
3.980000000000000000e+16	1.000000000000000000e+01	-1.939699385932336026e-02
5.010000000000000000e+16	1.000000000000000000e+01	-1.769169702702026031e-02
6.310000000000000000e+16	1.000000000000000000e+01	-1.598485375813004858e-02
7.940000000000000000e+16	1.000000000000000000e+01	-1.433613286674969602e-02
1.000000000000000000e+17	1.000000000000000000e+01	-1.276069364637997042e-02
1.000000000000000000e+11	1.200000000000000000e+01	1.327852263897617346e-05
1.258925411794166107e+11	1.200000000000000000e+01	1.674131226110172233e-05
1.584893192461110840e+11	1.200000000000000000e+01	2.112720258118606505e-05
1.995262314968882751e+11	1.200000000000000000e+01	2.670312911323715252e-05
2.511886431509582214e+11	1.200000000000000000e+01	3.383661017944635706e-05
3.162277660168379517e+11	1.200000000000000000e+01	4.305658519870574644e-05
3.981071705534969482e+11	1.200000000000000000e+01	5.516114307854298716e-05
5.011872336272714844e+11	1.200000000000000000e+01	7.143017618797990807e-05
6.309573444801943359e+11	1.200000000000000000e+01	9.386605240957654180e-05
7.943282347242821045e+11	1.200000000000000000e+01	1.260422784598026714e-04
1.000000000000000000e+12	1.200000000000000000e+01	1.400126302972452103e-04
1.260000000000000000e+12	1.200000000000000000e+01	1.380214830171132029e-04
1.580000000000000000e+12	1.200000000000000000e+01	1.546316836808092491e-04
2.000000000000000000e+12	1.200000000000000000e+01	1.813059227096480404e-04
2.510000000000000000e+12	1.200000000000000000e+01	2.163475128918232037e-04
3.160000000000000000e+12	1.200000000000000000e+01	2.660086386648568180e-04
3.980000000000000000e+12	1.200000000000000000e+01	3.308075319684937433e-04
5.010000000000000000e+12	1.200000000000000000e+01	4.158861683287515135e-04
6.310000000000000000e+12	1.200000000000000000e+01	5.247664340271734375e-04
7.940000000000000000e+12	1.200000000000000000e+01	6.603376626181368904e-04
1.000000000000000000e+13	1.200000000000000000e+01	8.341354737532086011e-04
1.260000000000000000e+13	1.200000000000000000e+01	1.054745475190569564e-03
1.580000000000000000e+13	1.200000000000000000e+01	1.325115426536375421e-03
2.000000000000000000e+13	1.200000000000000000e+01	1.679658904048541863e-03
2.510000000000000000e+13	1.200000000000000000e+01	2.112509132751424698e-03
3.160000000000000000e+13	1.200000000000000000e+01	2.665678574302463976e-03
3.980000000000000000e+13	1.200000000000000000e+01	3.360959977011102398e-03
5.010000000000000000e+13	1.200000000000000000e+01	4.227439254038945632e-03
6.310000000000000000e+13	1.200000000000000000e+01	5.317289345574744384e-03
7.940000000000000000e+13	1.200000000000000000e+01	6.696348502701865782e-03
1.000000000000000000e+14	1.200000000000000000e+01	8.497909475707162569e-03
1.260000000000000000e+14	1.200000000000000000e+01	1.091700753790667347e-02
1.580000000000000000e+14	1.200000000000000000e+01	1.415086037234421917e-02
2.000000000000000000e+14	1.200000000000000000e+01	1.860378758748795075e-02
2.510000000000000000e+14	1.200000000000000000e+01	2.406620882871552194e-02
3.160000000000000000e+14	1.200000000000000000e+01	3.001510222613568146e-02
3.980000000000000000e+14	1.200000000000000000e+01	3.545180971385669677e-02
5.010000000000000000e+14	1.200000000000000000e+01	3.932062538151476216e-02
6.310000000000000000e+14	1.200000000000000000e+01	4.047749592132487972e-02
7.940000000000000000e+14	1.200000000000000000e+01	3.837243494534438304e-02
1.000000000000000000e+15	1.200000000000000000e+01	3.307743310157051225e-02
1.260000000000000000e+15	1.200000000000000000e+01	2.551962064629395219e-02
1.580000000000000000e+15	1.200000000000000000e+01	1.637719907654219126e-02
2.000000000000000000e+15	1.200000000000000000e+01	7.549124058178731736e-03
2.510000000000000000e+15	1.200000000000000000e+01	2.810169193857854739e-04
3.160000000000000000e+15	1.200000000000000000e+01	-6.735118849014212240e-03
3.980000000000000000e+15	1.200000000000000000e+01	-1.267564527010574087e-02
5.010000000000000000e+15	1.200000000000000000e+01	-1.732925805654515067e-02
6.310000000000000000e+15	1.200000000000000000e+01	-2.070849796972362364e-02
7.940000000000000000e+15	1.200000000000000000e+01	-2.289463223094527836e-02
1.000000000000000000e+16	1.200000000000000000e+01	-2.405438196516961752e-02
1.260000000000000000e+16	1.200000000000000000e+01	-2.435315177195619338e-02
1.580000000000000000e+16	1.200000000000000000e+01	-2.400127159074036051e-02
2.000000000000000000e+16	1.200000000000000000e+01	-2.308901462221265438e-02
2.510000000000000000e+16	1.200000000000000000e+01	-2.187409157267410781e-02
3.160000000000000000e+16	1.200000000000000000e+01	-2.040244711973608280e-02
3.980000000000000000e+16	1.200000000000000000e+01	-1.879301598567210616e-02
5.010000000000000000e+16	1.200000000000000000e+01	-1.713316314534242199e-02
6.310000000000000000e+16	1.200000000000000000e+01	-1.547458519319454794e-02
7.940000000000000000e+16	1.200000000000000000e+01	-1.387428780213540054e-02
1.000000000000000000e+17	1.200000000000000000e+01	-1.234650109897943507e-02
1.000000000000000000e+11	1.400000000000000000e+01	1.308231406525022769e-05
1.258925411794166107e+11	1.400000000000000000e+01	1.649342727837412639e-05
1.584893192461110840e+11	1.400000000000000000e+01	2.081347951787814869e-05
1.995262314968882751e+11	1.400000000000000000e+01	2.630478289134695317e-05
2.511886431509582214e+11	1.400000000000000000e+01	3.332816467408916043e-05
3.162277660168379517e+11	1.400000000000000000e+01	4.240132351811919792e-05
3.981071705534969482e+11	1.400000000000000000e+01	5.430319223476082278e-05
5.011872336272714844e+11	1.400000000000000000e+01	7.025798766861997334e-05
6.309573444801943359e+11	1.400000000000000000e+01	9.219267661358915939e-05
7.943282347242821045e+11	1.400000000000000000e+01	1.226921258406591926e-04
1.000000000000000000e+12	1.400000000000000000e+01	1.376346099516998563e-04
1.260000000000000000e+12	1.400000000000000000e+01	1.385350934121879385e-04
1.580000000000000000e+12	1.400000000000000000e+01	1.532195829221662503e-04
2.000000000000000000e+12	1.400000000000000000e+01	1.796452523320718009e-04
2.510000000000000000e+12	1.400000000000000000e+01	2.160611718824438827e-04
3.160000000000000000e+12	1.400000000000000000e+01	2.656926032007249816e-04
3.980000000000000000e+12	1.400000000000000000e+01	3.327873335463496897e-04
5.010000000000000000e+12	1.400000000000000000e+01	4.180285092614704806e-04
6.310000000000000000e+12	1.400000000000000000e+01	5.268225068898263691e-04
7.940000000000000000e+12	1.400000000000000000e+01	6.644057257793943398e-04
1.000000000000000000e+13	1.400000000000000000e+01	8.404069900656593699e-04
1.260000000000000000e+13	1.400000000000000000e+01	1.061730644021349149e-03
1.580000000000000000e+13	1.400000000000000000e+01	1.332413862938551519e-03
2.000000000000000000e+13	1.400000000000000000e+01	1.691423371888438505e-03
2.510000000000000000e+13	1.400000000000000000e+01	2.129031998360003588e-03
3.160000000000000000e+13	1.400000000000000000e+01	2.685754575531870258e-03
3.980000000000000000e+13	1.400000000000000000e+01	3.386404057598743893e-03
5.010000000000000000e+13	1.400000000000000000e+01	4.260333479181539762e-03
6.310000000000000000e+13	1.400000000000000000e+01	5.358197145109436059e-03
7.940000000000000000e+13	1.400000000000000000e+01	6.749186127720718451e-03
1.000000000000000000e+14	1.400000000000000000e+01	8.570770395895890847e-03
1.260000000000000000e+14	1.400000000000000000e+01	1.099472094823052658e-02
1.580000000000000000e+14	1.400000000000000000e+01	1.421737198452033973e-02
2.000000000000000000e+14	1.400000000000000000e+01	1.872126967857516006e-02
2.510000000000000000e+14	1.400000000000000000e+01	2.421686147809795284e-02
3.160000000000000000e+14	1.400000000000000000e+01	3.028624893206818477e-02
3.980000000000000000e+14	1.400000000000000000e+01	3.575045063375698051e-02
5.010000000000000000e+14	1.400000000000000000e+01	3.963909116516563247e-02
6.310000000000000000e+14	1.400000000000000000e+01	4.027554345886844717e-02
7.940000000000000000e+14	1.400000000000000000e+01	3.718339331373251427e-02
1.000000000000000000e+15	1.400000000000000000e+01	3.323662862761598419e-02
1.260000000000000000e+15	1.400000000000000000e+01	2.666468461944795573e-02
1.580000000000000000e+15	1.400000000000000000e+01	1.877391877017757504e-02
2.000000000000000000e+15	1.400000000000000000e+01	1.107746058070555734e-02
2.510000000000000000e+15	1.400000000000000000e+01	1.803169895095646557e-03
3.160000000000000000e+15	1.400000000000000000e+01	-5.961306401115731325e-03
3.980000000000000000e+15	1.400000000000000000e+01	-1.238960185429530299e-02
5.010000000000000000e+15	1.400000000000000000e+01	-1.738922435229622865e-02
6.310000000000000000e+15	1.400000000000000000e+01	-2.101700207599516840e-02
7.940000000000000000e+15	1.400000000000000000e+01	-2.337520782809262079e-02
1.000000000000000000e+16	1.400000000000000000e+01	-2.464910338611923241e-02
1.260000000000000000e+16	1.400000000000000000e+01	-2.501450367164343574e-02
1.580000000000000000e+16	1.400000000000000000e+01	-2.469298520512381093e-02
2.000000000000000000e+16	1.400000000000000000e+01	-2.378324448752108800e-02
2.510000000000000000e+16	1.400000000000000000e+01	-2.255159492861648352e-02
3.160000000000000000e+16	1.400000000000000000e+01	-2.104880431157819462e-02
3.980000000000000000e+16	1.400000000000000000e+01	-1.939891637293765514e-02
5.010000000000000000e+16	1.400000000000000000e+01	-1.769319158442261147e-02
6.310000000000000000e+16	1.400000000000000000e+01	-1.598609447362258837e-02
7.940000000000000000e+16	1.400000000000000000e+01	-1.433709868343922660e-02
1.000000000000000000e+17	1.400000000000000000e+01	-1.276146555175560783e-02
1.000000000000000000e+11	1.600000000000000000e+01	1.263337162790387449e-05
1.258925411794166107e+11	1.600000000000000000e+01	1.592725620276367400e-05
1.584893192461110840e+11	1.600000000000000000e+01	2.009857330923558845e-05
1.995262314968882751e+11	1.600000000000000000e+01	2.540036989128313102e-05
2.511886431509582214e+11	1.600000000000000000e+01	3.218094037602563164e-05
3.162277660168379517e+11	1.600000000000000000e+01	4.093821732700823012e-05
3.981071705534969482e+11	1.600000000000000000e+01	5.242164092015628085e-05
5.011872336272714844e+11	1.600000000000000000e+01	6.779934507424450758e-05
6.309573444801943359e+11	1.600000000000000000e+01	8.886938679432236643e-05
7.943282347242821045e+11	1.600000000000000000e+01	1.175594868142338799e-04
1.000000000000000000e+12	1.600000000000000000e+01	1.303848381115275165e-04
1.260000000000000000e+12	1.600000000000000000e+01	1.324387694985674807e-04
1.580000000000000000e+12	1.600000000000000000e+01	1.505090261426241221e-04
2.000000000000000000e+12	1.600000000000000000e+01	1.773339578565789160e-04
2.510000000000000000e+12	1.600000000000000000e+01	2.146901723833085480e-04
3.160000000000000000e+12	1.600000000000000000e+01	2.649081615197652331e-04
3.980000000000000000e+12	1.600000000000000000e+01	3.291853147898121234e-04
5.010000000000000000e+12	1.600000000000000000e+01	4.119868066628681576e-04
6.310000000000000000e+12	1.600000000000000000e+01	5.193492513201417851e-04
7.940000000000000000e+12	1.600000000000000000e+01	6.569792651289654666e-04
1.000000000000000000e+13	1.600000000000000000e+01	8.298869804937073326e-04
1.260000000000000000e+13	1.600000000000000000e+01	1.048949104112399883e-03
1.580000000000000000e+13	1.600000000000000000e+01	1.319459301668766179e-03
2.000000000000000000e+13	1.600000000000000000e+01	1.673910749502312886e-03
2.510000000000000000e+13	1.600000000000000000e+01	2.105189587513513465e-03
3.160000000000000000e+13	1.600000000000000000e+01	2.654467606220564397e-03
3.980000000000000000e+13	1.600000000000000000e+01	3.347726834324319788e-03
5.010000000000000000e+13	1.600000000000000000e+01	4.212234585822180293e-03
6.310000000000000000e+13	1.600000000000000000e+01	5.299461207222992340e-03
7.940000000000000000e+13	1.600000000000000000e+01	6.670451200245844196e-03
1.000000000000000000e+14	1.600000000000000000e+01	8.457932614631617774e-03
1.260000000000000000e+14	1.600000000000000000e+01	1.086031087359126332e-02
1.580000000000000000e+14	1.600000000000000000e+01	1.406588193363158233e-02
2.000000000000000000e+14	1.600000000000000000e+01	1.860098203473651082e-02
2.510000000000000000e+14	1.600000000000000000e+01	2.388907879215947452e-02
3.160000000000000000e+14	1.600000000000000000e+01	2.982345614372991852e-02
3.980000000000000000e+14	1.600000000000000000e+01	3.531612912851716385e-02
5.010000000000000000e+14	1.600000000000000000e+01	3.852892498572071944e-02
6.310000000000000000e+14	1.600000000000000000e+01	4.003960846557549219e-02
7.940000000000000000e+14	1.600000000000000000e+01	3.848408150158791341e-02
1.000000000000000000e+15	1.600000000000000000e+01	3.218744967876272650e-02
1.260000000000000000e+15	1.600000000000000000e+01	2.554135203801665560e-02
1.580000000000000000e+15	1.600000000000000000e+01	1.758166730292573879e-02
2.000000000000000000e+15	1.600000000000000000e+01	7.998984659029121855e-03
2.510000000000000000e+15	1.600000000000000000e+01	5.689080327009156737e-04
3.160000000000000000e+15	1.600000000000000000e+01	-6.530897044645803465e-03
3.980000000000000000e+15	1.600000000000000000e+01	-1.252352687293918285e-02
5.010000000000000000e+15	1.600000000000000000e+01	-1.721289033178633951e-02
6.310000000000000000e+15	1.600000000000000000e+01	-2.061819166015451191e-02
7.940000000000000000e+15	1.600000000000000000e+01	-2.282389671375249091e-02
1.000000000000000000e+16	1.600000000000000000e+01	-2.399868899662545643e-02
1.260000000000000000e+16	1.600000000000000000e+01	-2.430919469272975128e-02
1.580000000000000000e+16	1.600000000000000000e+01	-2.396635014285341050e-02
2.000000000000000000e+16	1.600000000000000000e+01	-2.306148178797385803e-02
2.510000000000000000e+16	1.600000000000000000e+01	-2.185217601045707711e-02
3.160000000000000000e+16	1.600000000000000000e+01	-2.038507115109663981e-02
3.980000000000000000e+16	1.600000000000000000e+01	-1.877920848214147120e-02
5.010000000000000000e+16	1.600000000000000000e+01	-1.712221820260807076e-02
6.310000000000000000e+16	1.600000000000000000e+01	-1.546586975775073036e-02
7.940000000000000000e+16	1.600000000000000000e+01	-1.386737934471549832e-02
1.000000000000000000e+17	1.600000000000000000e+01	-1.234101659736843749e-02
1.000000000000000000e+11	1.800000000000000000e+01	1.206421507857907693e-05
1.258925411794166107e+11	1.800000000000000000e+01	1.520915223802693117e-05
1.584893192461110840e+11	1.800000000000000000e+01	1.919134643023894337e-05
1.995262314968882751e+11	1.800000000000000000e+01	2.425178018362865117e-05
2.511886431509582214e+11	1.800000000000000000e+01	3.072131712593111904e-05
3.162277660168379517e+11	1.800000000000000000e+01	3.907311592196299765e-05
3.981071705534969482e+11	1.800000000000000000e+01	5.001272327273480309e-05
5.011872336272714844e+11	1.800000000000000000e+01	6.463830663746974266e-05
6.309573444801943359e+11	1.800000000000000000e+01	8.449105214025282354e-05
7.943282347242821045e+11	1.800000000000000000e+01	1.100440656242192668e-04
1.000000000000000000e+12	1.800000000000000000e+01	1.231185503008858019e-04
1.260000000000000000e+12	1.800000000000000000e+01	1.273945944370305169e-04
1.580000000000000000e+12	1.800000000000000000e+01	1.452172114875360364e-04
2.000000000000000000e+12	1.800000000000000000e+01	1.731473577923228020e-04
2.510000000000000000e+12	1.800000000000000000e+01	2.101438660852138381e-04
3.160000000000000000e+12	1.800000000000000000e+01	2.607960920864147076e-04
3.980000000000000000e+12	1.800000000000000000e+01	3.267211385309881991e-04
5.010000000000000000e+12	1.800000000000000000e+01	4.110927424270142353e-04
6.310000000000000000e+12	1.800000000000000000e+01	5.193841006266726977e-04
7.940000000000000000e+12	1.800000000000000000e+01	6.554901076614290346e-04
1.000000000000000000e+13	1.800000000000000000e+01	8.265502163208827621e-04
1.260000000000000000e+13	1.800000000000000000e+01	1.042616508145128955e-03
1.580000000000000000e+13	1.800000000000000000e+01	1.309796297387158959e-03
2.000000000000000000e+13	1.800000000000000000e+01	1.662275848376513305e-03
2.510000000000000000e+13	1.800000000000000000e+01	2.090478027205068708e-03
3.160000000000000000e+13	1.800000000000000000e+01	2.635871864880155041e-03
3.980000000000000000e+13	1.800000000000000000e+01	3.324462616031532460e-03
5.010000000000000000e+13	1.800000000000000000e+01	4.180662599457088055e-03
6.310000000000000000e+13	1.800000000000000000e+01	5.252705280559195541e-03
7.940000000000000000e+13	1.800000000000000000e+01	6.625274150049713547e-03
1.000000000000000000e+14	1.800000000000000000e+01	8.407021500153181656e-03
1.260000000000000000e+14	1.800000000000000000e+01	1.079877815257456256e-02
1.580000000000000000e+14	1.800000000000000000e+01	1.398222870594024829e-02
2.000000000000000000e+14	1.800000000000000000e+01	1.840213530178161014e-02
2.510000000000000000e+14	1.800000000000000000e+01	2.379656577778310050e-02
3.160000000000000000e+14	1.800000000000000000e+01	2.964497542211762260e-02
3.980000000000000000e+14	1.800000000000000000e+01	3.490916587818036071e-02
5.010000000000000000e+14	1.800000000000000000e+01	3.826186188623535017e-02
6.310000000000000000e+14	1.800000000000000000e+01	3.919817280209049459e-02
7.940000000000000000e+14	1.800000000000000000e+01	3.859681551593446835e-02
1.000000000000000000e+15	1.800000000000000000e+01	3.401284752322526056e-02
1.260000000000000000e+15	1.800000000000000000e+01	2.498110487435845420e-02
1.580000000000000000e+15	1.800000000000000000e+01	1.659667966492108307e-02
2.000000000000000000e+15	1.800000000000000000e+01	8.914091967126896651e-03
2.510000000000000000e+15	1.800000000000000000e+01	8.719071734665604506e-04
3.160000000000000000e+15	1.800000000000000000e+01	-6.342862750479609339e-03
3.980000000000000000e+15	1.800000000000000000e+01	-1.239076209393626463e-02
5.010000000000000000e+15	1.800000000000000000e+01	-1.711389972576245200e-02
6.310000000000000000e+15	1.800000000000000000e+01	-2.054244137229706973e-02
7.940000000000000000e+15	1.800000000000000000e+01	-2.276496984731174802e-02
1.000000000000000000e+16	1.800000000000000000e+01	-2.395255502411504714e-02
1.260000000000000000e+16	1.800000000000000000e+01	-2.427288328349602384e-02
1.580000000000000000e+16	1.800000000000000000e+01	-2.393752793087353115e-02
2.000000000000000000e+16	1.800000000000000000e+01	-2.303879963929765864e-02
2.510000000000000000e+16	1.800000000000000000e+01	-2.183413645406799553e-02
3.160000000000000000e+16	1.800000000000000000e+01	-2.037074864101487068e-02
3.980000000000000000e+16	1.800000000000000000e+01	-1.876779348433924022e-02
5.010000000000000000e+16	1.800000000000000000e+01	-1.711320805139654802e-02
6.310000000000000000e+16	1.800000000000000000e+01	-1.545871147821984565e-02
7.940000000000000000e+16	1.800000000000000000e+01	-1.386163869600996051e-02
1.000000000000000000e+17	1.800000000000000000e+01	-1.233648954321440137e-02
1.000000000000000000e+11	2.000000000000000000e+01	1.172081550480490660e-05
1.258925411794166107e+11	2.000000000000000000e+01	1.477488884458006718e-05
1.584893192461110840e+11	2.000000000000000000e+01	1.864072663421340566e-05
1.995262314968882751e+11	2.000000000000000000e+01	2.355033326599346243e-05
2.511886431509582214e+11	2.000000000000000000e+01	2.982142749493671557e-05
3.162277660168379517e+11	2.000000000000000000e+01	3.790472271980526125e-05
3.981071705534969482e+11	2.000000000000000000e+01	4.846427044037855577e-05
5.011872336272714844e+11	2.000000000000000000e+01	6.251152668359979394e-05
6.309573444801943359e+11	2.000000000000000000e+01	8.131511725190504719e-05
7.943282347242821045e+11	2.000000000000000000e+01	1.033962326458114398e-04
1.000000000000000000e+12	2.000000000000000000e+01	1.176273116123998416e-04
1.260000000000000000e+12	2.000000000000000000e+01	1.270922155817852341e-04
1.580000000000000000e+12	2.000000000000000000e+01	1.457049422698500362e-04
2.000000000000000000e+12	2.000000000000000000e+01	1.770622465698057986e-04
2.510000000000000000e+12	2.000000000000000000e+01	2.167269613354324404e-04
3.160000000000000000e+12	2.000000000000000000e+01	2.669861974444698261e-04
3.980000000000000000e+12	2.000000000000000000e+01	3.340433460021277330e-04
5.010000000000000000e+12	2.000000000000000000e+01	4.201120170726778446e-04
6.310000000000000000e+12	2.000000000000000000e+01	5.305490983243739845e-04
7.940000000000000000e+12	2.000000000000000000e+01	6.689538059093734328e-04
1.000000000000000000e+13	2.000000000000000000e+01	8.447422611330185262e-04
1.260000000000000000e+13	2.000000000000000000e+01	1.066898514553288584e-03
1.580000000000000000e+13	2.000000000000000000e+01	1.339809698728448763e-03
2.000000000000000000e+13	2.000000000000000000e+01	1.698840372506630648e-03
2.510000000000000000e+13	2.000000000000000000e+01	2.135294089168686578e-03
3.160000000000000000e+13	2.000000000000000000e+01	2.694601089934535974e-03
3.980000000000000000e+13	2.000000000000000000e+01	3.396810059483606516e-03
5.010000000000000000e+13	2.000000000000000000e+01	4.271793667583992718e-03
6.310000000000000000e+13	2.000000000000000000e+01	5.374599414457972152e-03
7.940000000000000000e+13	2.000000000000000000e+01	6.764551050915221415e-03
1.000000000000000000e+14	2.000000000000000000e+01	8.574577857731583569e-03
1.260000000000000000e+14	2.000000000000000000e+01	1.100361772782542172e-02
1.580000000000000000e+14	2.000000000000000000e+01	1.424659527572936894e-02
2.000000000000000000e+14	2.000000000000000000e+01	1.877436288379254192e-02
2.510000000000000000e+14	2.000000000000000000e+01	2.428823918985800398e-02
3.160000000000000000e+14	2.000000000000000000e+01	3.037950332214537849e-02
3.980000000000000000e+14	2.000000000000000000e+01	3.598009573279117856e-02
5.010000000000000000e+14	2.000000000000000000e+01	3.972527953622481678e-02
6.310000000000000000e+14	2.000000000000000000e+01	3.999029778274448832e-02
7.940000000000000000e+14	2.000000000000000000e+01	3.684584143633011510e-02
1.000000000000000000e+15	2.000000000000000000e+01	3.249241475480904584e-02
1.260000000000000000e+15	2.000000000000000000e+01	2.760360037006759706e-02
1.580000000000000000e+15	2.000000000000000000e+01	1.999057702735904454e-02
2.000000000000000000e+15	2.000000000000000000e+01	1.032266131971697892e-02
2.510000000000000000e+15	2.000000000000000000e+01	1.618978645848591054e-03
3.160000000000000000e+15	2.000000000000000000e+01	-6.059022431112660173e-03
3.980000000000000000e+15	2.000000000000000000e+01	-1.245252972734554875e-02
5.010000000000000000e+15	2.000000000000000000e+01	-1.743365233833375771e-02
6.310000000000000000e+15	2.000000000000000000e+01	-2.104988534907006187e-02
7.940000000000000000e+15	2.000000000000000000e+01	-2.340038306706678645e-02
1.000000000000000000e+16	2.000000000000000000e+01	-2.466846790834191158e-02
1.260000000000000000e+16	2.000000000000000000e+01	-2.502961020921936133e-02
1.580000000000000000e+16	2.000000000000000000e+01	-2.470489276389427682e-02
2.000000000000000000e+16	2.000000000000000000e+01	-2.379260564226597444e-02
2.510000000000000000e+16	2.000000000000000000e+01	-2.255901050710146932e-02
3.160000000000000000e+16	2.000000000000000000e+01	-2.105511781423592341e-02
3.980000000000000000e+16	2.000000000000000000e+01	-1.940357947140983197e-02
5.010000000000000000e+16	2.000000000000000000e+01	-1.769713704525556486e-02
6.310000000000000000e+16	2.000000000000000000e+01	-1.598900598199826106e-02
7.940000000000000000e+16	2.000000000000000000e+01	-1.433943102012303315e-02
1.000000000000000000e+17	2.000000000000000000e+01	-1.276331778158466650e-02
1.000000000000000000e+11	2.200000000000000000e+01	1.099715550234099098e-05
1.258925411794166107e+11	2.200000000000000000e+01	1.386173118828353818e-05
1.584893192461110840e+11	2.200000000000000000e+01	1.748693635937763661e-05
1.995262314968882751e+11	2.200000000000000000e+01	2.208948320476649077e-05
2.511886431509582214e+11	2.200000000000000000e+01	2.796517840073482218e-05
3.162277660168379517e+11	2.200000000000000000e+01	3.553043217779309186e-05
3.981071705534969482e+11	2.200000000000000000e+01	4.539869744020886519e-05
5.011872336272714844e+11	2.200000000000000000e+01	5.846896200756138330e-05
6.309573444801943359e+11	2.200000000000000000e+01	7.575318199921716111e-05
7.943282347242821045e+11	2.200000000000000000e+01	9.411695421036724723e-05
1.000000000000000000e+12	2.200000000000000000e+01	1.063737603848551847e-04
1.260000000000000000e+12	2.200000000000000000e+01	1.203313232982454716e-04
1.580000000000000000e+12	2.200000000000000000e+01	1.436399083274808152e-04
2.000000000000000000e+12	2.200000000000000000e+01	1.733357737103197638e-04
2.510000000000000000e+12	2.200000000000000000e+01	2.111001847359690435e-04
3.160000000000000000e+12	2.200000000000000000e+01	2.638178060249209188e-04
3.980000000000000000e+12	2.200000000000000000e+01	3.309779556886819859e-04
5.010000000000000000e+12	2.200000000000000000e+01	4.159882039206118983e-04
6.310000000000000000e+12	2.200000000000000000e+01	5.241616541365581644e-04
7.940000000000000000e+12	2.200000000000000000e+01	6.603165397372524892e-04
1.000000000000000000e+13	2.200000000000000000e+01	8.338018309439684805e-04
1.260000000000000000e+13	2.200000000000000000e+01	1.052790193032414985e-03
1.580000000000000000e+13	2.200000000000000000e+01	1.322220927714840748e-03
2.000000000000000000e+13	2.200000000000000000e+01	1.676490958733279279e-03
2.510000000000000000e+13	2.200000000000000000e+01	2.108554101032456603e-03
3.160000000000000000e+13	2.200000000000000000e+01	2.658192379595150645e-03
3.980000000000000000e+13	2.200000000000000000e+01	3.349501037226865208e-03
5.010000000000000000e+13	2.200000000000000000e+01	4.198374153376696269e-03
6.310000000000000000e+13	2.200000000000000000e+01	5.290778593647980053e-03
7.940000000000000000e+13	2.200000000000000000e+01	6.664333710316849325e-03
1.000000000000000000e+14	2.200000000000000000e+01	8.470955418472439491e-03
1.260000000000000000e+14	2.200000000000000000e+01	1.087352450904327528e-02
1.580000000000000000e+14	2.200000000000000000e+01	1.406773187080761524e-02
2.000000000000000000e+14	2.200000000000000000e+01	1.860074441253696878e-02
2.510000000000000000e+14	2.200000000000000000e+01	2.392711829284023886e-02
3.160000000000000000e+14	2.200000000000000000e+01	2.964195034515405142e-02
3.980000000000000000e+14	2.200000000000000000e+01	3.501494072247395006e-02
5.010000000000000000e+14	2.200000000000000000e+01	3.862883398897572207e-02
6.310000000000000000e+14	2.200000000000000000e+01	4.035554288247576032e-02
7.940000000000000000e+14	2.200000000000000000e+01	3.872061511465294675e-02
1.000000000000000000e+15	2.200000000000000000e+01	3.289898026483309423e-02
1.260000000000000000e+15	2.200000000000000000e+01	2.458649760842438262e-02
1.580000000000000000e+15	2.200000000000000000e+01	1.635124946958906381e-02
2.000000000000000000e+15	2.200000000000000000e+01	8.744170702011815760e-03
2.510000000000000000e+15	2.200000000000000000e+01	7.458794571492240394e-04
3.160000000000000000e+15	2.200000000000000000e+01	-6.438734621944317872e-03
3.980000000000000000e+15	2.200000000000000000e+01	-1.246490725260425078e-02
5.010000000000000000e+15	2.200000000000000000e+01	-1.717185363313283517e-02
6.310000000000000000e+15	2.200000000000000000e+01	-2.058799778088699073e-02
7.940000000000000000e+15	2.200000000000000000e+01	-2.280098053952963472e-02
1.000000000000000000e+16	2.200000000000000000e+01	-2.398100063833660117e-02
1.260000000000000000e+16	2.200000000000000000e+01	-2.429508563426889534e-02
1.580000000000000000e+16	2.200000000000000000e+01	-2.395547800353825876e-02
2.000000000000000000e+16	2.200000000000000000e+01	-2.305293751255089313e-02
2.510000000000000000e+16	2.200000000000000000e+01	-2.184534317165063438e-02
3.160000000000000000e+16	2.200000000000000000e+01	-2.037970442008403549e-02
3.980000000000000000e+16	2.200000000000000000e+01	-1.877496104347168085e-02
5.010000000000000000e+16	2.200000000000000000e+01	-1.711882245915839068e-02
6.310000000000000000e+16	2.200000000000000000e+01	-1.546317153274267935e-02
7.940000000000000000e+16	2.200000000000000000e+01	-1.386529161707992890e-02
1.000000000000000000e+17	2.200000000000000000e+01	-1.233929716124894556e-02
1.000000000000000000e+11	2.400000000000000000e+01	1.058140526141187607e-05
1.258925411794166107e+11	2.400000000000000000e+01	1.333681895527122184e-05
1.584893192461110840e+11	2.400000000000000000e+01	1.682279306506104634e-05
1.995262314968882751e+11	2.400000000000000000e+01	2.124672693213177808e-05
2.511886431509582214e+11	2.400000000000000000e+01	2.689039253647540920e-05
3.162277660168379517e+11	2.400000000000000000e+01	3.414966855200465829e-05
3.981071705534969482e+11	2.400000000000000000e+01	4.359584005398259863e-05
5.011872336272714844e+11	2.400000000000000000e+01	5.603903758113413765e-05
6.309573444801943359e+11	2.400000000000000000e+01	7.232001413559163532e-05
7.943282347242821045e+11	2.400000000000000000e+01	8.777603132758341191e-05
1.000000000000000000e+12	2.400000000000000000e+01	1.005289864218247397e-04
1.260000000000000000e+12	2.400000000000000000e+01	1.169178985490415339e-04
1.580000000000000000e+12	2.400000000000000000e+01	1.392781507047227934e-04
2.000000000000000000e+12	2.400000000000000000e+01	1.725150387153146295e-04
2.510000000000000000e+12	2.400000000000000000e+01	2.157087751090313232e-04
3.160000000000000000e+12	2.400000000000000000e+01	2.686651864315662739e-04
3.980000000000000000e+12	2.400000000000000000e+01	3.357246163790582804e-04
5.010000000000000000e+12	2.400000000000000000e+01	4.219607988956594570e-04
6.310000000000000000e+12	2.400000000000000000e+01	5.316369347076315430e-04
7.940000000000000000e+12	2.400000000000000000e+01	6.711048408358572708e-04
1.000000000000000000e+13	2.400000000000000000e+01	8.454436739366834536e-04
1.260000000000000000e+13	2.400000000000000000e+01	1.064598789450186146e-03
1.580000000000000000e+13	2.400000000000000000e+01	1.337223524382288257e-03
2.000000000000000000e+13	2.400000000000000000e+01	1.695984071690696988e-03
2.510000000000000000e+13	2.400000000000000000e+01	2.130948742151676616e-03
3.160000000000000000e+13	2.400000000000000000e+01	2.687410476431542107e-03
3.980000000000000000e+13	2.400000000000000000e+01	3.387925100920901808e-03
5.010000000000000000e+13	2.400000000000000000e+01	4.262364770340556358e-03
6.310000000000000000e+13	2.400000000000000000e+01	5.355049138489919799e-03
7.940000000000000000e+13	2.400000000000000000e+01	6.730395968060309125e-03
1.000000000000000000e+14	2.400000000000000000e+01	8.526337294332672970e-03
1.260000000000000000e+14	2.400000000000000000e+01	1.095842511446621856e-02
1.580000000000000000e+14	2.400000000000000000e+01	1.418444477268743752e-02
2.000000000000000000e+14	2.400000000000000000e+01	1.865805454624717974e-02
2.510000000000000000e+14	2.400000000000000000e+01	2.408206140556378924e-02
3.160000000000000000e+14	2.400000000000000000e+01	3.021033859530178334e-02
3.980000000000000000e+14	2.400000000000000000e+01	3.566712703899638237e-02
5.010000000000000000e+14	2.400000000000000000e+01	3.972916218761591428e-02
6.310000000000000000e+14	2.400000000000000000e+01	4.045375347719071257e-02
7.940000000000000000e+14	2.400000000000000000e+01	3.702661674412477399e-02
1.000000000000000000e+15	2.400000000000000000e+01	3.260652197854672224e-02
1.260000000000000000e+15	2.400000000000000000e+01	2.768419077244362037e-02
1.580000000000000000e+15	2.400000000000000000e+01	2.005081803086155440e-02
2.000000000000000000e+15	2.400000000000000000e+01	1.036838723074024089e-02
2.510000000000000000e+15	2.400000000000000000e+01	1.654640921850050479e-03
3.160000000000000000e+15	2.400000000000000000e+01	-6.031159473201671770e-03
3.980000000000000000e+15	2.400000000000000000e+01	-1.243060781070040935e-02
5.010000000000000000e+15	2.400000000000000000e+01	-1.741632780471702793e-02
6.310000000000000000e+15	2.400000000000000000e+01	-2.103618566414153235e-02
7.940000000000000000e+15	2.400000000000000000e+01	-2.338989474839793872e-02
1.000000000000000000e+16	2.400000000000000000e+01	-2.465985290434347110e-02
1.260000000000000000e+16	2.400000000000000000e+01	-2.502280949820308298e-02
1.580000000000000000e+16	2.400000000000000000e+01	-2.469947905544177258e-02
2.000000000000000000e+16	2.400000000000000000e+01	-2.378831184483792480e-02
2.510000000000000000e+16	2.400000000000000000e+01	-2.255559312529932872e-02
3.160000000000000000e+16	2.400000000000000000e+01	-2.105198903227530061e-02
3.980000000000000000e+16	2.400000000000000000e+01	-1.940141907111117558e-02
5.010000000000000000e+16	2.400000000000000000e+01	-1.769541838390153651e-02
6.310000000000000000e+16	2.400000000000000000e+01	-1.598764404310786674e-02
7.940000000000000000e+16	2.400000000000000000e+01	-1.433834965755755031e-02
1.000000000000000000e+17	2.400000000000000000e+01	-1.276245533041415678e-02
1.000000000000000000e+11	2.600000000000000000e+01	1.000612384223716212e-05
1.258925411794166107e+11	2.600000000000000000e+01	1.261106685775828401e-05
1.584893192461110840e+11	2.600000000000000000e+01	1.590638657846411486e-05
1.995262314968882751e+11	2.600000000000000000e+01	2.008748202406099184e-05
2.511886431509582214e+11	2.600000000000000000e+01	2.541938285362717670e-05
3.162277660168379517e+11	2.600000000000000000e+01	3.227322200153826074e-05
3.981071705534969482e+11	2.600000000000000000e+01	4.118269750575671146e-05
5.011872336272714844e+11	2.600000000000000000e+01	5.289397942023752911e-05
6.309573444801943359e+11	2.600000000000000000e+01	6.802744125448527976e-05
7.943282347242821045e+11	2.600000000000000000e+01	8.085518409164696679e-05
1.000000000000000000e+12	2.600000000000000000e+01	9.228521418260146570e-05
1.260000000000000000e+12	2.600000000000000000e+01	1.107507223912630550e-04
1.580000000000000000e+12	2.600000000000000000e+01	1.354523367037811115e-04
2.000000000000000000e+12	2.600000000000000000e+01	1.687657662580265407e-04
2.510000000000000000e+12	2.600000000000000000e+01	2.092768745574681045e-04
3.160000000000000000e+12	2.600000000000000000e+01	2.625705068312750301e-04
3.980000000000000000e+12	2.600000000000000000e+01	3.313840010343348328e-04
5.010000000000000000e+12	2.600000000000000000e+01	4.171277027681968732e-04
6.310000000000000000e+12	2.600000000000000000e+01	5.253521252445633987e-04
7.940000000000000000e+12	2.600000000000000000e+01	6.612699206161626493e-04
1.000000000000000000e+13	2.600000000000000000e+01	8.339409071218850146e-04
1.260000000000000000e+13	2.600000000000000000e+01	1.051800822789317018e-03
1.580000000000000000e+13	2.600000000000000000e+01	1.319457622544779407e-03
2.000000000000000000e+13	2.600000000000000000e+01	1.671262246231339753e-03
2.510000000000000000e+13	2.600000000000000000e+01	2.099392886190636336e-03
3.160000000000000000e+13	2.600000000000000000e+01	2.645789627881210953e-03
3.980000000000000000e+13	2.600000000000000000e+01	3.332840324502372564e-03
5.010000000000000000e+13	2.600000000000000000e+01	4.186515252227734386e-03
6.310000000000000000e+13	2.600000000000000000e+01	5.264833415320743955e-03
7.940000000000000000e+13	2.600000000000000000e+01	6.640903921517329542e-03
1.000000000000000000e+14	2.600000000000000000e+01	8.419620524205967751e-03
1.260000000000000000e+14	2.600000000000000000e+01	1.079011885561177372e-02
1.580000000000000000e+14	2.600000000000000000e+01	1.395784611952584700e-02
2.000000000000000000e+14	2.600000000000000000e+01	1.841925995249409434e-02
2.510000000000000000e+14	2.600000000000000000e+01	2.383879442493720691e-02
3.160000000000000000e+14	2.600000000000000000e+01	2.972210203561575712e-02
3.980000000000000000e+14	2.600000000000000000e+01	3.481841815526431905e-02
5.010000000000000000e+14	2.600000000000000000e+01	3.814457118646554651e-02
6.310000000000000000e+14	2.600000000000000000e+01	3.927498121200497655e-02
7.940000000000000000e+14	2.600000000000000000e+01	3.861528133881255570e-02
1.000000000000000000e+15	2.600000000000000000e+01	3.402280788009628271e-02
1.260000000000000000e+15	2.600000000000000000e+01	2.498757970593484465e-02
1.580000000000000000e+15	2.600000000000000000e+01	1.660129447459949420e-02
2.000000000000000000e+15	2.600000000000000000e+01	8.917496970368943635e-03
2.510000000000000000e+15	2.600000000000000000e+01	8.745053194725868704e-04
3.160000000000000000e+15	2.600000000000000000e+01	-6.340844876852376293e-03
3.980000000000000000e+15	2.600000000000000000e+01	-1.238918427267543011e-02
5.010000000000000000e+15	2.600000000000000000e+01	-1.711265370406306330e-02
6.310000000000000000e+15	2.600000000000000000e+01	-2.054146399253605620e-02
7.940000000000000000e+15	2.600000000000000000e+01	-2.276421894646368446e-02
1.000000000000000000e+16	2.600000000000000000e+01	-2.395193618969351790e-02
1.260000000000000000e+16	2.600000000000000000e+01	-2.427239549999531468e-02
1.580000000000000000e+16	2.600000000000000000e+01	-2.393713555295578707e-02
2.000000000000000000e+16	2.600000000000000000e+01	-2.303849033062805793e-02
2.510000000000000000e+16	2.600000000000000000e+01	-2.183389594800900016e-02
3.160000000000000000e+16	2.600000000000000000e+01	-2.037039956777665986e-02
3.980000000000000000e+16	2.600000000000000000e+01	-1.876772273929751614e-02
5.010000000000000000e+16	2.600000000000000000e+01	-1.711308738976907370e-02
6.310000000000000000e+16	2.600000000000000000e+01	-1.545861401884143088e-02
7.940000000000000000e+16	2.600000000000000000e+01	-1.386160877716872096e-02
1.000000000000000000e+17	2.600000000000000000e+01	-1.233642224886846196e-02
