1.000000000000000000e+11	5.000000000000000000e-01	1.649263065338099583e-05
1.258925411794166107e+11	5.000000000000000000e-01	2.078997984296214593e-05
1.584893192461110840e+11	5.000000000000000000e-01	2.622940794718950000e-05
1.995262314968882751e+11	5.000000000000000000e-01	3.313670521697889836e-05
2.511886431509582214e+11	5.000000000000000000e-01	4.195712036648575872e-05
3.162277660168379517e+11	5.000000000000000000e-01	5.332351583128482227e-05
3.981071705534969482e+11	5.000000000000000000e-01	6.818088078748487258e-05
5.011872336272714844e+11	5.000000000000000000e-01	8.803981862528783913e-05
6.309573444801943359e+11	5.000000000000000000e-01	1.153367621245299566e-04
7.943282347242821045e+11	5.000000000000000000e-01	1.557510191738703976e-04
1.000000000000000000e+12	5.000000000000000000e-01	1.760819501698391275e-04
1.260000000000000000e+12	5.000000000000000000e-01	1.775695489653737356e-04
1.580000000000000000e+12	5.000000000000000000e-01	2.003533656712484193e-04
2.000000000000000000e+12	5.000000000000000000e-01	2.369037755721290124e-04
2.510000000000000000e+12	5.000000000000000000e-01	2.846594399647860520e-04
3.160000000000000000e+12	5.000000000000000000e-01	3.478597110249030222e-04
3.980000000000000000e+12	5.000000000000000000e-01	4.294513762870334522e-04
5.010000000000000000e+12	5.000000000000000000e-01	5.329616832305555550e-04
6.310000000000000000e+12	5.000000000000000000e-01	6.647769855831293841e-04
7.940000000000000000e+12	5.000000000000000000e-01	8.310393246846614233e-04
1.000000000000000000e+13	5.000000000000000000e-01	1.040346600018904940e-03
1.260000000000000000e+13	5.000000000000000000e-01	1.299428232156115987e-03
1.580000000000000000e+13	5.000000000000000000e-01	1.613433953908918923e-03
2.000000000000000000e+13	5.000000000000000000e-01	2.028986375657799122e-03
2.510000000000000000e+13	5.000000000000000000e-01	2.541654096023982998e-03
3.160000000000000000e+13	5.000000000000000000e-01	3.193717719669704035e-03
3.980000000000000000e+13	5.000000000000000000e-01	4.037602051093085002e-03
5.010000000000000000e+13	5.000000000000000000e-01	5.058891047755913195e-03
6.310000000000000000e+13	5.000000000000000000e-01	6.292203571520590087e-03
7.940000000000000000e+13	5.000000000000000000e-01	7.775133576833991207e-03
1.000000000000000000e+14	5.000000000000000000e-01	9.610410101501003569e-03
1.260000000000000000e+14	5.000000000000000000e-01	1.197147326376128175e-02
1.580000000000000000e+14	5.000000000000000000e-01	1.503801325890132164e-02
2.000000000000000000e+14	5.000000000000000000e-01	1.929475860095564502e-02
2.510000000000000000e+14	5.000000000000000000e-01	2.443715921255766241e-02
3.160000000000000000e+14	5.000000000000000000e-01	3.012756968952143635e-02
3.980000000000000000e+14	5.000000000000000000e-01	3.527200703240759155e-02
5.010000000000000000e+14	5.000000000000000000e-01	3.867731692238465108e-02
6.310000000000000000e+14	5.000000000000000000e-01	3.950844315029819476e-02
7.940000000000000000e+14	5.000000000000000000e-01	3.735761004274790881e-02
1.000000000000000000e+15	5.000000000000000000e-01	3.233791259087988312e-02
1.260000000000000000e+15	5.000000000000000000e-01	2.539880254118146927e-02
1.580000000000000000e+15	5.000000000000000000e-01	1.742280636099143368e-02
2.000000000000000000e+15	5.000000000000000000e-01	8.799365097235972710e-03
2.510000000000000000e+15	5.000000000000000000e-01	6.656736530999831465e-04
3.160000000000000000e+15	5.000000000000000000e-01	-6.706739724672545686e-03
3.980000000000000000e+15	5.000000000000000000e-01	-1.289031786318931005e-02
5.010000000000000000e+15	5.000000000000000000e-01	-1.771814524597219165e-02
6.310000000000000000e+15	5.000000000000000000e-01	-2.122164108292848642e-02
7.940000000000000000e+15	5.000000000000000000e-01	-2.348886387948620827e-02
1.000000000000000000e+16	5.000000000000000000e-01	-2.469526508230392853e-02
1.260000000000000000e+16	5.000000000000000000e-01	-2.501272580957947592e-02
1.580000000000000000e+16	5.000000000000000000e-01	-2.465841839021551407e-02
2.000000000000000000e+16	5.000000000000000000e-01	-2.372624855761705162e-02
2.510000000000000000e+16	5.000000000000000000e-01	-2.248123458463368099e-02
3.160000000000000000e+16	5.000000000000000000e-01	-2.097160908264647516e-02
3.980000000000000000e+16	5.000000000000000000e-01	-1.931877007230476881e-02
5.010000000000000000e+16	5.000000000000000000e-01	-1.761366735261095384e-02
6.310000000000000000e+16	5.000000000000000000e-01	-1.590961485897485206e-02
7.940000000000000000e+16	5.000000000000000000e-01	-1.426509754308676742e-02
1.000000000000000000e+17	5.000000000000000000e-01	-1.269479992692710765e-02
1.000000000000000000e+11	1.500000000000000000e+00	1.588433873289340123e-05
1.258925411794166107e+11	1.500000000000000000e+00	2.002601051039538778e-05
1.584893192461110840e+11	1.500000000000000000e+00	2.527090377714549251e-05
1.995262314968882751e+11	1.500000000000000000e+00	3.193706247762839311e-05
2.511886431509582214e+11	1.500000000000000000e+00	4.046120888246030359e-05
3.162277660168379517e+11	1.500000000000000000e+00	5.147056808370833656e-05
3.981071705534969482e+11	1.500000000000000000e+00	6.591827860573662705e-05
5.011872336272714844e+11	1.500000000000000000e+00	8.533370999073973428e-05
6.309573444801943359e+11	1.500000000000000000e+00	1.123501859415801060e-04
7.943282347242821045e+11	1.500000000000000000e+00	1.540971824639018829e-04
1.000000000000000000e+12	1.500000000000000000e+00	1.725518076570222977e-04
1.260000000000000000e+12	1.500000000000000000e+00	1.672311040483735127e-04
1.580000000000000000e+12	1.500000000000000000e+00	1.840713688951937769e-04
2.000000000000000000e+12	1.500000000000000000e+00	2.143215292231268390e-04
2.510000000000000000e+12	1.500000000000000000e+00	2.553799033161097609e-04
3.160000000000000000e+12	1.500000000000000000e+00	3.109442596867735054e-04
3.980000000000000000e+12	1.500000000000000000e+00	3.837837828436304775e-04
5.010000000000000000e+12	1.500000000000000000e+00	4.774521779165553036e-04
6.310000000000000000e+12	1.500000000000000000e+00	5.969066674530033693e-04
7.940000000000000000e+12	1.500000000000000000e+00	7.477494346041789518e-04
1.000000000000000000e+13	1.500000000000000000e+00	9.383041538369603623e-04
1.260000000000000000e+13	1.500000000000000000e+00	1.174318778396828914e-03
1.580000000000000000e+13	1.500000000000000000e+00	1.460322701343755867e-03
2.000000000000000000e+13	1.500000000000000000e+00	1.837599190802509950e-03
2.510000000000000000e+13	1.500000000000000000e+00	2.301660290142578877e-03
3.160000000000000000e+13	1.500000000000000000e+00	2.900020784421464964e-03
3.980000000000000000e+13	1.500000000000000000e+00	3.656697344380870161e-03
5.010000000000000000e+13	1.500000000000000000e+00	4.598452115050862335e-03
6.310000000000000000e+13	1.500000000000000000e+00	5.769316669564360581e-03
7.940000000000000000e+13	1.500000000000000000e+00	7.224646657171100023e-03
1.000000000000000000e+14	1.500000000000000000e+00	9.076552814997813912e-03
1.260000000000000000e+14	1.500000000000000000e+00	1.150588385242486307e-02
1.580000000000000000e+14	1.500000000000000000e+00	1.468858716704822542e-02
2.000000000000000000e+14	1.500000000000000000e+00	1.912260648799212620e-02
2.510000000000000000e+14	1.500000000000000000e+00	2.442074025814915117e-02
3.160000000000000000e+14	1.500000000000000000e+00	3.018193432032994020e-02
3.980000000000000000e+14	1.500000000000000000e+00	3.548144350722528401e-02
5.010000000000000000e+14	1.500000000000000000e+00	3.890041721300369765e-02
6.310000000000000000e+14	1.500000000000000000e+00	3.970505793017548024e-02
7.940000000000000000e+14	1.500000000000000000e+00	3.750141129742816382e-02
1.000000000000000000e+15	1.500000000000000000e+00	3.270680988689891183e-02
1.260000000000000000e+15	1.500000000000000000e+00	2.578262313597012856e-02
1.580000000000000000e+15	1.500000000000000000e+00	1.740534242603423987e-02
2.000000000000000000e+15	1.500000000000000000e+00	8.893300385062936214e-03
2.510000000000000000e+15	1.500000000000000000e+00	7.861773169647233396e-04
3.160000000000000000e+15	1.500000000000000000e+00	-6.560424201306904769e-03
3.980000000000000000e+15	1.500000000000000000e+00	-1.272162394650171689e-02
5.010000000000000000e+15	1.500000000000000000e+00	-1.753293753844646294e-02
6.310000000000000000e+15	1.500000000000000000e+00	-2.102440098928688370e-02
7.940000000000000000e+15	1.500000000000000000e+00	-2.328562986537008328e-02
1.000000000000000000e+16	1.500000000000000000e+00	-2.449233056586711671e-02
1.260000000000000000e+16	1.500000000000000000e+00	-2.481408629388335077e-02
1.580000000000000000e+16	1.500000000000000000e+00	-2.446729143694043734e-02
2.000000000000000000e+16	1.500000000000000000e+00	-2.354577401532266523e-02
2.510000000000000000e+16	1.500000000000000000e+00	-2.231259413319125820e-02
3.160000000000000000e+16	1.500000000000000000e+00	-2.081568291678896968e-02
3.980000000000000000e+16	1.500000000000000000e+00	-1.917670952980471757e-02
5.010000000000000000e+16	1.500000000000000000e+00	-1.748522534602412262e-02
6.310000000000000000e+16	1.500000000000000000e+00	-1.579416587683607834e-02
7.940000000000000000e+16	1.500000000000000000e+00	-1.416207584420138901e-02
1.000000000000000000e+17	1.500000000000000000e+00	-1.260348323456855421e-02
1.000000000000000000e+11	2.500000000000000000e+00	1.601334237891174526e-05
1.258925411794166107e+11	2.500000000000000000e+00	2.019046897813766740e-05
1.584893192461110840e+11	2.500000000000000000e+00	2.548198789994546789e-05
1.995262314968882751e+11	2.500000000000000000e+00	3.221101551789687731e-05
2.511886431509582214e+11	2.500000000000000000e+00	4.082317944590918714e-05
3.162277660168379517e+11	2.500000000000000000e+00	5.196210059644672870e-05
3.981071705534969482e+11	2.500000000000000000e+00	6.661093709386501727e-05
5.011872336272714844e+11	2.500000000000000000e+00	8.639912233847254737e-05
6.309573444801943359e+11	2.500000000000000000e+00	1.141696324040404549e-04
7.943282347242821045e+11	2.500000000000000000e+00	1.588891162579581786e-04
1.000000000000000000e+12	2.500000000000000000e+00	1.766082686330558232e-04
1.260000000000000000e+12	2.500000000000000000e+00	1.659211777645429667e-04
1.580000000000000000e+12	2.500000000000000000e+00	1.792960806932983829e-04
2.000000000000000000e+12	2.500000000000000000e+00	2.055620478463514821e-04
2.510000000000000000e+12	2.500000000000000000e+00	2.431449289738334748e-04
3.160000000000000000e+12	2.500000000000000000e+00	2.952781333663115392e-04
3.980000000000000000e+12	2.500000000000000000e+00	3.641435972162032891e-04
5.010000000000000000e+12	2.500000000000000000e+00	4.531275964100041202e-04
6.310000000000000000e+12	2.500000000000000000e+00	5.677381329177163616e-04
7.940000000000000000e+12	2.500000000000000000e+00	7.131978387644518236e-04
1.000000000000000000e+13	2.500000000000000000e+00	8.965129316363036095e-04
1.260000000000000000e+13	2.500000000000000000e+00	1.124370069588043197e-03
1.580000000000000000e+13	2.500000000000000000e+00	1.401335426218743973e-03
2.000000000000000000e+13	2.500000000000000000e+00	1.765713064401806072e-03
2.510000000000000000e+13	2.500000000000000000e+00	2.212143489029084770e-03
3.160000000000000000e+13	2.500000000000000000e+00	2.786054160568717658e-03
3.980000000000000000e+13	2.500000000000000000e+00	3.516038604718091983e-03
5.010000000000000000e+13	2.500000000000000000e+00	4.426498204153929937e-03
6.310000000000000000e+13	2.500000000000000000e+00	5.564621357252469425e-03
7.940000000000000000e+13	2.500000000000000000e+00	6.993172931437335871e-03
1.000000000000000000e+14	2.500000000000000000e+00	8.831528204048161995e-03
1.260000000000000000e+14	2.500000000000000000e+00	1.124425858203299822e-02
1.580000000000000000e+14	2.500000000000000000e+00	1.447410233452247480e-02
2.000000000000000000e+14	2.500000000000000000e+00	1.892544742450810377e-02
2.510000000000000000e+14	2.500000000000000000e+00	2.426780132889557601e-02
3.160000000000000000e+14	2.500000000000000000e+00	3.010844085396441674e-02
3.980000000000000000e+14	2.500000000000000000e+00	3.548858315305572497e-02
5.010000000000000000e+14	2.500000000000000000e+00	3.922006355072621409e-02
6.310000000000000000e+14	2.500000000000000000e+00	4.003669583727959697e-02
7.940000000000000000e+14	2.500000000000000000e+00	3.790569949406120964e-02
1.000000000000000000e+15	2.500000000000000000e+00	3.286766883118950183e-02
1.260000000000000000e+15	2.500000000000000000e+00	2.555892015677848142e-02
1.580000000000000000e+15	2.500000000000000000e+00	1.769091700794606092e-02
2.000000000000000000e+15	2.500000000000000000e+00	9.271192181932747661e-03
2.510000000000000000e+15	2.500000000000000000e+00	9.782362127472123744e-04
3.160000000000000000e+15	2.500000000000000000e+00	-6.426406972796732016e-03
3.980000000000000000e+15	2.500000000000000000e+00	-1.262175764195170267e-02
5.010000000000000000e+15	2.500000000000000000e+00	-1.745564458589507831e-02
6.310000000000000000e+15	2.500000000000000000e+00	-2.096480562821412610e-02
7.940000000000000000e+15	2.500000000000000000e+00	-2.323932556773670305e-02
1.000000000000000000e+16	2.500000000000000000e+00	-2.445546861792788698e-02
1.260000000000000000e+16	2.500000000000000000e+00	-2.478494410943423223e-02
1.580000000000000000e+16	2.500000000000000000e+00	-2.444413065525796735e-02
2.000000000000000000e+16	2.500000000000000000e+00	-2.352733826392038735e-02
2.510000000000000000e+16	2.500000000000000000e+00	-2.229806557620450658e-02
3.160000000000000000e+16	2.500000000000000000e+00	-2.080414495901438190e-02
3.980000000000000000e+16	2.500000000000000000e+00	-1.916751069408113503e-02
5.010000000000000000e+16	2.500000000000000000e+00	-1.747794015473565568e-02
6.310000000000000000e+16	2.500000000000000000e+00	-1.578810965783339001e-02
7.940000000000000000e+16	2.500000000000000000e+00	-1.415746526298027747e-02
1.000000000000000000e+17	2.500000000000000000e+00	-1.259987468673190794e-02
1.000000000000000000e+11	3.500000000000000000e+00	1.641725940053405134e-05
1.258925411794166107e+11	3.500000000000000000e+00	2.070113925193625270e-05
1.584893192461110840e+11	3.500000000000000000e+00	2.612924432941124618e-05
1.995262314968882751e+11	3.500000000000000000e+00	3.303478855733907148e-05
2.511886431509582214e+11	3.500000000000000000e+00	4.187854802323990770e-05
3.162277660168379517e+11	3.500000000000000000e+00	5.332927823237570075e-05
3.981071705534969482e+11	3.500000000000000000e+00	6.841591688313904845e-05
5.011872336272714844e+11	3.500000000000000000e+00	8.886159208816009163e-05
6.309573444801943359e+11	3.500000000000000000e+00	1.177974281670596387e-04
7.943282347242821045e+11	3.500000000000000000e+00	1.661145241055217068e-04
1.000000000000000000e+12	3.500000000000000000e+00	1.837333939131768955e-04
1.260000000000000000e+12	3.500000000000000000e+00	1.678818043346412775e-04
1.580000000000000000e+12	3.500000000000000000e+00	1.782973999773236455e-04
2.000000000000000000e+12	3.500000000000000000e+00	2.019546678484580794e-04
2.510000000000000000e+12	3.500000000000000000e+00	2.370474269636598712e-04
3.160000000000000000e+12	3.500000000000000000e+00	2.868724076879816546e-04
3.980000000000000000e+12	3.500000000000000000e+00	3.536536170564884762e-04
5.010000000000000000e+12	3.500000000000000000e+00	4.404330140340264937e-04
6.310000000000000000e+12	3.500000000000000000e+00	5.523579677985397240e-04
7.940000000000000000e+12	3.500000000000000000e+00	6.949425206871492552e-04
1.000000000000000000e+13	3.500000000000000000e+00	8.756684254907678554e-04
1.260000000000000000e+13	3.500000000000000000e+00	1.100374378406861935e-03
1.580000000000000000e+13	3.500000000000000000e+00	1.374190131652622791e-03
2.000000000000000000e+13	3.500000000000000000e+00	1.733804950102040259e-03
2.510000000000000000e+13	3.500000000000000000e+00	2.173070992687560227e-03
3.160000000000000000e+13	3.500000000000000000e+00	2.740789921696053233e-03
3.980000000000000000e+13	3.500000000000000000e+00	3.458264215606298830e-03
5.010000000000000000e+13	3.500000000000000000e+00	4.352561657864123003e-03
6.310000000000000000e+13	3.500000000000000000e+00	5.476257655831468993e-03
7.940000000000000000e+13	3.500000000000000000e+00	6.890240671103152817e-03
1.000000000000000000e+14	3.500000000000000000e+00	8.718200210168331257e-03
1.260000000000000000e+14	3.500000000000000000e+00	1.115539740731648008e-02
1.580000000000000000e+14	3.500000000000000000e+00	1.437338495641396485e-02
2.000000000000000000e+14	3.500000000000000000e+00	1.884712593177743575e-02
2.510000000000000000e+14	3.500000000000000000e+00	2.423091940626857788e-02
3.160000000000000000e+14	3.500000000000000000e+00	3.018023605566203665e-02
3.980000000000000000e+14	3.500000000000000000e+00	3.553937545841730217e-02
5.010000000000000000e+14	3.500000000000000000e+00	3.898829375508350986e-02
6.310000000000000000e+14	3.500000000000000000e+00	3.994585174954073947e-02
7.940000000000000000e+14	3.500000000000000000e+00	3.786631967421912048e-02
1.000000000000000000e+15	3.500000000000000000e+00	3.275140468970815649e-02
1.260000000000000000e+15	3.500000000000000000e+00	2.584549790789247153e-02
1.580000000000000000e+15	3.500000000000000000e+00	1.805581589191099928e-02
2.000000000000000000e+15	3.500000000000000000e+00	9.443095662428010323e-03
2.510000000000000000e+15	3.500000000000000000e+00	1.095837972718127730e-03
3.160000000000000000e+15	3.500000000000000000e+00	-6.340099395239293632e-03
3.980000000000000000e+15	3.500000000000000000e+00	-1.255623078593189924e-02
5.010000000000000000e+15	3.500000000000000000e+00	-1.740563370870974041e-02
6.310000000000000000e+15	3.500000000000000000e+00	-2.092520484397619729e-02
7.940000000000000000e+15	3.500000000000000000e+00	-2.320768364334173037e-02
1.000000000000000000e+16	3.500000000000000000e+00	-2.443087678974716417e-02
1.260000000000000000e+16	3.500000000000000000e+00	-2.476552527298285511e-02
1.580000000000000000e+16	3.500000000000000000e+00	-2.442851800993706482e-02
2.000000000000000000e+16	3.500000000000000000e+00	-2.351531366699713410e-02
2.510000000000000000e+16	3.500000000000000000e+00	-2.228833542605653667e-02
3.160000000000000000e+16	3.500000000000000000e+00	-2.079678352658511503e-02
3.980000000000000000e+16	3.500000000000000000e+00	-1.916144249893968546e-02
5.010000000000000000e+16	3.500000000000000000e+00	-1.747294893908764996e-02
6.310000000000000000e+16	3.500000000000000000e+00	-1.578452389288983668e-02
7.940000000000000000e+16	3.500000000000000000e+00	-1.415442362837650639e-02
1.000000000000000000e+17	3.500000000000000000e+00	-1.259742194237276763e-02
1.000000000000000000e+11	4.500000000000000000e+00	1.693636503125242604e-05
1.258925411794166107e+11	4.500000000000000000e+00	2.135705458120849243e-05
1.584893192461110840e+11	4.500000000000000000e+00	2.695992198145434848e-05
1.995262314968882751e+11	4.500000000000000000e+00	3.409047155276618884e-05
2.511886431509582214e+11	4.500000000000000000e+00	4.322786124640971085e-05
3.162277660168379517e+11	4.500000000000000000e+00	5.507079889958356504e-05
3.981071705534969482e+11	4.500000000000000000e+00	7.070144038266800801e-05
5.011872336272714844e+11	4.500000000000000000e+00	9.195344235558927063e-05
6.309573444801943359e+11	4.500000000000000000e+00	1.222714282105166013e-04
7.943282347242821045e+11	4.500000000000000000e+00	1.746883038336755230e-04
1.000000000000000000e+12	4.500000000000000000e+00	1.923474207696380381e-04
1.260000000000000000e+12	4.500000000000000000e+00	1.710470730578128823e-04
1.580000000000000000e+12	4.500000000000000000e+00	1.786213886363925273e-04
2.000000000000000000e+12	4.500000000000000000e+00	1.997157480285251024e-04
2.510000000000000000e+12	4.500000000000000000e+00	2.322730747747034548e-04
3.160000000000000000e+12	4.500000000000000000e+00	2.796056056482228071e-04
3.980000000000000000e+12	4.500000000000000000e+00	3.441437706920792618e-04
5.010000000000000000e+12	4.500000000000000000e+00	4.288344283879600956e-04
6.310000000000000000e+12	4.500000000000000000e+00	5.389750951931891829e-04
7.940000000000000000e+12	4.500000000000000000e+00	6.796030501742650028e-04
1.000000000000000000e+13	4.500000000000000000e+00	8.575597880847947224e-04
1.260000000000000000e+13	4.500000000000000000e+00	1.078293210538404769e-03
1.580000000000000000e+13	4.500000000000000000e+00	1.348043411958905731e-03
2.000000000000000000e+13	4.500000000000000000e+00	1.707794078980297671e-03
2.510000000000000000e+13	4.500000000000000000e+00	2.145892042650430435e-03
3.160000000000000000e+13	4.500000000000000000e+00	2.703471406925408993e-03
3.980000000000000000e+13	4.500000000000000000e+00	3.412758022461798591e-03
5.010000000000000000e+13	4.500000000000000000e+00	4.298921679176345191e-03
6.310000000000000000e+13	4.500000000000000000e+00	5.409044389116656436e-03
7.940000000000000000e+13	4.500000000000000000e+00	6.812901180013532405e-03
1.000000000000000000e+14	4.500000000000000000e+00	8.634229904567925981e-03
1.260000000000000000e+14	4.500000000000000000e+00	1.105922853604270062e-02
1.580000000000000000e+14	4.500000000000000000e+00	1.426660540261300708e-02
2.000000000000000000e+14	4.500000000000000000e+00	1.877247735888152094e-02
2.510000000000000000e+14	4.500000000000000000e+00	2.417813039461134267e-02
3.160000000000000000e+14	4.500000000000000000e+00	3.011396536188111137e-02
3.980000000000000000e+14	4.500000000000000000e+00	3.531822759424030345e-02
5.010000000000000000e+14	4.500000000000000000e+00	3.887250934736707908e-02
6.310000000000000000e+14	4.500000000000000000e+00	3.989888722018943706e-02
7.940000000000000000e+14	4.500000000000000000e+00	3.775871652648068316e-02
1.000000000000000000e+15	4.500000000000000000e+00	3.314794689260148336e-02
1.260000000000000000e+15	4.500000000000000000e+00	2.618922999828272175e-02
1.580000000000000000e+15	4.500000000000000000e+00	1.758378351069867992e-02
2.000000000000000000e+15	4.500000000000000000e+00	8.808380265373399673e-03
2.510000000000000000e+15	4.500000000000000000e+00	8.503260963651337444e-04
3.160000000000000000e+15	4.500000000000000000e+00	-6.448114195641120941e-03
3.980000000000000000e+15	4.500000000000000000e+00	-1.257657217738317700e-02
5.010000000000000000e+15	4.500000000000000000e+00	-1.736450136181155735e-02
6.310000000000000000e+15	4.500000000000000000e+00	-2.084045618519864487e-02
7.940000000000000000e+15	4.500000000000000000e+00	-2.309320583095765544e-02
1.000000000000000000e+16	4.500000000000000000e+00	-2.429744662849743150e-02
1.260000000000000000e+16	4.500000000000000000e+00	-2.462177068554256484e-02
1.580000000000000000e+16	4.500000000000000000e+00	-2.428439480496016184e-02
2.000000000000000000e+16	4.500000000000000000e+00	-2.336924249206504337e-02
2.510000000000000000e+16	4.500000000000000000e+00	-2.214710090833013623e-02
3.160000000000000000e+16	4.500000000000000000e+00	-2.066293567999848840e-02
3.980000000000000000e+16	4.500000000000000000e+00	-1.903664545678380657e-02
5.010000000000000000e+16	4.500000000000000000e+00	-1.735806149769895251e-02
6.310000000000000000e+16	4.500000000000000000e+00	-1.568060435138609460e-02
7.940000000000000000e+16	4.500000000000000000e+00	-1.406004918379035774e-02
1.000000000000000000e+17	4.500000000000000000e+00	-1.251297889343342372e-02
1.000000000000000000e+11	5.500000000000000000e+00	1.761682273766854303e-05
1.258925411794166107e+11	5.500000000000000000e+00	2.221648316773284894e-05
1.584893192461110840e+11	5.500000000000000000e+00	2.804736562406741026e-05
1.995262314968882751e+11	5.500000000000000000e+00	3.547080602266753242e-05
2.511886431509582214e+11	5.500000000000000000e+00	4.498918867642248681e-05
3.162277660168379517e+11	5.500000000000000000e+00	5.733723451078743372e-05
3.981071705534969482e+11	5.500000000000000000e+00	7.366208028958388758e-05
5.011872336272714844e+11	5.500000000000000000e+00	9.593811090621013455e-05
6.309573444801943359e+11	5.500000000000000000e+00	1.279549997036566911e-04
7.943282347242821045e+11	5.500000000000000000e+00	1.853842885989694285e-04
1.000000000000000000e+12	5.500000000000000000e+00	2.025297882027032046e-04
1.260000000000000000e+12	5.500000000000000000e+00	1.749040526501410061e-04
1.580000000000000000e+12	5.500000000000000000e+00	1.800707055379795500e-04
2.000000000000000000e+12	5.500000000000000000e+00	1.994653468088305570e-04
2.510000000000000000e+12	5.500000000000000000e+00	2.309182528230943425e-04
3.160000000000000000e+12	5.500000000000000000e+00	2.750832638763894573e-04
3.980000000000000000e+12	5.500000000000000000e+00	3.374981237529461908e-04
5.010000000000000000e+12	5.500000000000000000e+00	4.212255957993240002e-04
6.310000000000000000e+12	5.500000000000000000e+00	5.306499644303034214e-04
7.940000000000000000e+12	5.500000000000000000e+00	6.703736093752779264e-04
1.000000000000000000e+13	5.500000000000000000e+00	8.459260280592438303e-04
1.260000000000000000e+13	5.500000000000000000e+00	1.068824684145459371e-03
1.580000000000000000e+13	5.500000000000000000e+00	1.341712420579324952e-03
2.000000000000000000e+13	5.500000000000000000e+00	1.696152687660581505e-03
2.510000000000000000e+13	5.500000000000000000e+00	2.130741847787438140e-03
3.160000000000000000e+13	5.500000000000000000e+00	2.691406816870225028e-03
3.980000000000000000e+13	5.500000000000000000e+00	3.395890253566821986e-03
5.010000000000000000e+13	5.500000000000000000e+00	4.276148269652657423e-03
6.310000000000000000e+13	5.500000000000000000e+00	5.387228688147136478e-03
7.940000000000000000e+13	5.500000000000000000e+00	6.787977771734831148e-03
1.000000000000000000e+14	5.500000000000000000e+00	8.604168375861465795e-03
1.260000000000000000e+14	5.500000000000000000e+00	1.102592030345446797e-02
1.580000000000000000e+14	5.500000000000000000e+00	1.423284734974840891e-02
2.000000000000000000e+14	5.500000000000000000e+00	1.871244437311794795e-02
2.510000000000000000e+14	5.500000000000000000e+00	2.408730991885865355e-02
3.160000000000000000e+14	5.500000000000000000e+00	3.012770647499925583e-02
3.980000000000000000e+14	5.500000000000000000e+00	3.580856665110453835e-02
5.010000000000000000e+14	5.500000000000000000e+00	3.934424831026121783e-02
6.310000000000000000e+14	5.500000000000000000e+00	4.011371381305685324e-02
7.940000000000000000e+14	5.500000000000000000e+00	3.797980980268972351e-02
1.000000000000000000e+15	5.500000000000000000e+00	3.283432230005149666e-02
1.260000000000000000e+15	5.500000000000000000e+00	2.590823764258440298e-02
1.580000000000000000e+15	5.500000000000000000e+00	1.810450816783301317e-02
2.000000000000000000e+15	5.500000000000000000e+00	9.480849539164443521e-03
2.510000000000000000e+15	5.500000000000000000e+00	1.125634383579085301e-03
3.160000000000000000e+15	5.500000000000000000e+00	-6.316575785768011909e-03
3.980000000000000000e+15	5.500000000000000000e+00	-1.253763244218912901e-02
5.010000000000000000e+15	5.500000000000000000e+00	-1.739089931996879584e-02
6.310000000000000000e+15	5.500000000000000000e+00	-2.091352356565548062e-02
7.940000000000000000e+15	5.500000000000000000e+00	-2.319854143873565505e-02
1.000000000000000000e+16	5.500000000000000000e+00	-2.442351917905367931e-02
1.260000000000000000e+16	5.500000000000000000e+00	-2.475968732134552555e-02
1.580000000000000000e+16	5.500000000000000000e+00	-2.442401862076888294e-02
2.000000000000000000e+16	5.500000000000000000e+00	-2.351163844584188214e-02
2.510000000000000000e+16	5.500000000000000000e+00	-2.228541900870537051e-02
3.160000000000000000e+16	5.500000000000000000e+00	-2.079411386268746262e-02
3.980000000000000000e+16	5.500000000000000000e+00	-1.915959053714667154e-02
5.010000000000000000e+16	5.500000000000000000e+00	-1.747148023701298666e-02
6.310000000000000000e+16	5.500000000000000000e+00	-1.578341328410410097e-02
7.940000000000000000e+16	5.500000000000000000e+00	-1.415350050277157032e-02
1.000000000000000000e+17	5.500000000000000000e+00	-1.259669133063421112e-02
1.000000000000000000e+11	6.500000000000000000e+00	1.848625596898253692e-05
1.258925411794166107e+11	6.500000000000000000e+00	2.331457268936318387e-05
1.584893192461110840e+11	6.500000000000000000e+00	2.943705664739695071e-05
1.995262314968882751e+11	6.500000000000000000e+00	3.723500885129477013e-05
2.511886431509582214e+11	6.500000000000000000e+00	4.724004473916584460e-05
3.162277660168379517e+11	6.500000000000000000e+00	6.023428192691432224e-05
3.981071705534969482e+11	6.500000000000000000e+00	7.744619304542846891e-05
5.011872336272714844e+11	6.500000000000000000e+00	1.009998210146140143e-04
6.309573444801943359e+11	6.500000000000000000e+00	1.351900293159788826e-04
7.943282347242821045e+11	6.500000000000000000e+00	1.986007146065869606e-04
1.000000000000000000e+12	6.500000000000000000e+00	2.174416845506538676e-04
1.260000000000000000e+12	6.500000000000000000e+00	1.814939328338276711e-04
1.580000000000000000e+12	6.500000000000000000e+00	1.807992643712738568e-04
2.000000000000000000e+12	6.500000000000000000e+00	1.961742194569162311e-04
2.510000000000000000e+12	6.500000000000000000e+00	2.240774932946088449e-04
3.160000000000000000e+12	6.500000000000000000e+00	2.683852887676439650e-04
3.980000000000000000e+12	6.500000000000000000e+00	3.284798107869802081e-04
5.010000000000000000e+12	6.500000000000000000e+00	4.103250627906476940e-04
6.310000000000000000e+12	6.500000000000000000e+00	5.192171964494214946e-04
7.940000000000000000e+12	6.500000000000000000e+00	6.563984142300499864e-04
1.000000000000000000e+13	6.500000000000000000e+00	8.335804288704213791e-04
1.260000000000000000e+13	6.500000000000000000e+00	1.054976254476729406e-03
1.580000000000000000e+13	6.500000000000000000e+00	1.322908032157025116e-03
2.000000000000000000e+13	6.500000000000000000e+00	1.677159251565077261e-03
2.510000000000000000e+13	6.500000000000000000e+00	2.111915345662314977e-03
3.160000000000000000e+13	6.500000000000000000e+00	2.669223594835531174e-03
3.980000000000000000e+13	6.500000000000000000e+00	3.372037631344950749e-03
5.010000000000000000e+13	6.500000000000000000e+00	4.249258405594620071e-03
6.310000000000000000e+13	6.500000000000000000e+00	5.348814085592481365e-03
7.940000000000000000e+13	6.500000000000000000e+00	6.738464713922498808e-03
1.000000000000000000e+14	6.500000000000000000e+00	8.544757574537591160e-03
1.260000000000000000e+14	6.500000000000000000e+00	1.097331843401441395e-02
1.580000000000000000e+14	6.500000000000000000e+00	1.420791782180271488e-02
2.000000000000000000e+14	6.500000000000000000e+00	1.868691778152480748e-02
2.510000000000000000e+14	6.500000000000000000e+00	2.408682605889135228e-02
3.160000000000000000e+14	6.500000000000000000e+00	2.994784939296434023e-02
3.980000000000000000e+14	6.500000000000000000e+00	3.530402770269568113e-02
5.010000000000000000e+14	6.500000000000000000e+00	3.905622608832688691e-02
6.310000000000000000e+14	6.500000000000000000e+00	3.988796890399053802e-02
7.940000000000000000e+14	6.500000000000000000e+00	3.765073537200795684e-02
1.000000000000000000e+15	6.500000000000000000e+00	3.282787847786038798e-02
1.260000000000000000e+15	6.500000000000000000e+00	2.578373879122311182e-02
1.580000000000000000e+15	6.500000000000000000e+00	1.779120300146199915e-02
2.000000000000000000e+15	6.500000000000000000e+00	9.360627667378053698e-03
2.510000000000000000e+15	6.500000000000000000e+00	1.082342501043545655e-03
3.160000000000000000e+15	6.500000000000000000e+00	-6.297334469454432711e-03
3.980000000000000000e+15	6.500000000000000000e+00	-1.246846679952959627e-02
5.010000000000000000e+15	6.500000000000000000e+00	-1.728340998151976088e-02
6.310000000000000000e+15	6.500000000000000000e+00	-2.077821676423169395e-02
7.940000000000000000e+15	6.500000000000000000e+00	-2.304522217598054673e-02
1.000000000000000000e+16	6.500000000000000000e+00	-2.425946181269105981e-02
1.260000000000000000e+16	6.500000000000000000e+00	-2.459185485187605560e-02
1.580000000000000000e+16	6.500000000000000000e+00	-2.425743546671030662e-02
2.000000000000000000e+16	6.500000000000000000e+00	-2.335055034250951844e-02
2.510000000000000000e+16	6.500000000000000000e+00	-2.213222986302047432e-02
3.160000000000000000e+16	6.500000000000000000e+00	-2.065079772812614123e-02
3.980000000000000000e+16	6.500000000000000000e+00	-1.902754461160770585e-02
5.010000000000000000e+16	6.500000000000000000e+00	-1.735076238470712948e-02
6.310000000000000000e+16	6.500000000000000000e+00	-1.567405715762888035e-02
7.940000000000000000e+16	6.500000000000000000e+00	-1.405536001001691550e-02
1.000000000000000000e+17	6.500000000000000000e+00	-1.250926318973680056e-02
1.000000000000000000e+11	7.500000000000000000e+00	1.923389913989963045e-05
1.258925411794166107e+11	7.500000000000000000e+00	2.425830215349198890e-05
1.584893192461110840e+11	7.500000000000000000e+00	3.063021276693145013e-05
1.995262314968882751e+11	7.500000000000000000e+00	3.874733556512017211e-05
2.511886431509582214e+11	7.500000000000000000e+00	4.916540079713373684e-05
3.162277660168379517e+11	7.500000000000000000e+00	6.270236711192385144e-05
3.981071705534969482e+11	7.500000000000000000e+00	8.064935081488299579e-05
5.011872336272714844e+11	7.500000000000000000e+00	1.052537401605810357e-04
6.309573444801943359e+11	7.500000000000000000e+00	1.411303095066530531e-04
7.943282347242821045e+11	7.500000000000000000e+00	2.089528961779198385e-04
1.000000000000000000e+12	7.500000000000000000e+00	2.285330428662086047e-04
1.260000000000000000e+12	7.500000000000000000e+00	1.896515644809696345e-04
1.580000000000000000e+12	7.500000000000000000e+00	1.867772754874848793e-04
2.000000000000000000e+12	7.500000000000000000e+00	1.976745020300780230e-04
2.510000000000000000e+12	7.500000000000000000e+00	2.216260305894956399e-04
3.160000000000000000e+12	7.500000000000000000e+00	2.643517953971387955e-04
3.980000000000000000e+12	7.500000000000000000e+00	3.263507908281171213e-04
5.010000000000000000e+12	7.500000000000000000e+00	4.052452125645019569e-04
6.310000000000000000e+12	7.500000000000000000e+00	5.090188243832814447e-04
7.940000000000000000e+12	7.500000000000000000e+00	6.474864010196853007e-04
1.000000000000000000e+13	7.500000000000000000e+00	8.225197583933307370e-04
1.260000000000000000e+13	7.500000000000000000e+00	1.041249615070033050e-03
1.580000000000000000e+13	7.500000000000000000e+00	1.311236370016199883e-03
2.000000000000000000e+13	7.500000000000000000e+00	1.667846081865559209e-03
2.510000000000000000e+13	7.500000000000000000e+00	2.104478591035024646e-03
3.160000000000000000e+13	7.500000000000000000e+00	2.658883318769820776e-03
3.980000000000000000e+13	7.500000000000000000e+00	3.357915402574829754e-03
5.010000000000000000e+13	7.500000000000000000e+00	4.231722816870567977e-03
6.310000000000000000e+13	7.500000000000000000e+00	5.331879126374294148e-03
7.940000000000000000e+13	7.500000000000000000e+00	6.722667375451673102e-03
1.000000000000000000e+14	7.500000000000000000e+00	8.529276887843838945e-03
1.260000000000000000e+14	7.500000000000000000e+00	1.095048353598506580e-02
1.580000000000000000e+14	7.500000000000000000e+00	1.415198043405462708e-02
2.000000000000000000e+14	7.500000000000000000e+00	1.866480765234330638e-02
2.510000000000000000e+14	7.500000000000000000e+00	2.410683032213626481e-02
3.160000000000000000e+14	7.500000000000000000e+00	2.993170013210889532e-02
3.980000000000000000e+14	7.500000000000000000e+00	3.527371614625156304e-02
5.010000000000000000e+14	7.500000000000000000e+00	3.901429901925396876e-02
6.310000000000000000e+14	7.500000000000000000e+00	3.983672188057252317e-02
7.940000000000000000e+14	7.500000000000000000e+00	3.759799138788582490e-02
1.000000000000000000e+15	7.500000000000000000e+00	3.280785267542220968e-02
1.260000000000000000e+15	7.500000000000000000e+00	2.615727209605287276e-02
1.580000000000000000e+15	7.500000000000000000e+00	1.701124965032644806e-02
2.000000000000000000e+15	7.500000000000000000e+00	7.574350277363191969e-03
2.510000000000000000e+15	7.500000000000000000e+00	3.597251327193534405e-04
3.160000000000000000e+15	7.500000000000000000e+00	-6.671043360327286002e-03
3.980000000000000000e+15	7.500000000000000000e+00	-1.262628567994938250e-02
5.010000000000000000e+15	7.500000000000000000e+00	-1.729072063970933312e-02
6.310000000000000000e+15	7.500000000000000000e+00	-2.067823656084879363e-02
7.940000000000000000e+15	7.500000000000000000e+00	-2.287078508680796471e-02
1.000000000000000000e+16	7.500000000000000000e+00	-2.403555183669632556e-02
1.260000000000000000e+16	7.500000000000000000e+00	-2.433824246228235774e-02
1.580000000000000000e+16	7.500000000000000000e+00	-2.398941298484203594e-02
2.000000000000000000e+16	7.500000000000000000e+00	-2.307967018944558427e-02
2.510000000000000000e+16	7.500000000000000000e+00	-2.186663200348486213e-02
3.160000000000000000e+16	7.500000000000000000e+00	-2.039638013520576887e-02
3.980000000000000000e+16	7.500000000000000000e+00	-1.878865341993950569e-02
5.010000000000000000e+16	7.500000000000000000e+00	-1.712930979767600392e-02
6.310000000000000000e+16	7.500000000000000000e+00	-1.547163157378720309e-02
7.940000000000000000e+16	7.500000000000000000e+00	-1.387191435791156925e-02
1.000000000000000000e+17	7.500000000000000000e+00	-1.234461937561612439e-02
1.000000000000000000e+11	8.500000000000000000e+00	2.033130034721906574e-05
1.258925411794166107e+11	8.500000000000000000e+00	2.564412710579821103e-05
1.584893192461110840e+11	8.500000000000000000e+00	3.238339247387596754e-05
1.995262314968882751e+11	8.500000000000000000e+00	4.097208722141991276e-05
2.511886431509582214e+11	8.500000000000000000e+00	5.200195652653680922e-05
3.162277660168379517e+11	8.500000000000000000e+00	6.634932935082906412e-05
3.981071705534969482e+11	8.500000000000000000e+00	8.540621511865794193e-05
5.011872336272714844e+11	8.500000000000000000e+00	1.116475189238328288e-04
6.309573444801943359e+11	8.500000000000000000e+00	1.501360476420212286e-04
7.943282347242821045e+11	8.500000000000000000e+00	2.258394712046841351e-04
1.000000000000000000e+12	8.500000000000000000e+00	2.451383129955074926e-04
1.260000000000000000e+12	8.500000000000000000e+00	1.947606744345845812e-04
1.580000000000000000e+12	8.500000000000000000e+00	1.886057171412233052e-04
2.000000000000000000e+12	8.500000000000000000e+00	1.989847076797968204e-04
2.510000000000000000e+12	8.500000000000000000e+00	2.227497769565936578e-04
3.160000000000000000e+12	8.500000000000000000e+00	2.615652448197271066e-04
3.980000000000000000e+12	8.500000000000000000e+00	3.167787683311451075e-04
5.010000000000000000e+12	8.500000000000000000e+00	3.977645629055945277e-04
6.310000000000000000e+12	8.500000000000000000e+00	5.051219129945144944e-04
7.940000000000000000e+12	8.500000000000000000e+00	6.393020804718045798e-04
1.000000000000000000e+13	8.500000000000000000e+00	8.157998378385231423e-04
1.260000000000000000e+13	8.500000000000000000e+00	1.037927244347095195e-03
1.580000000000000000e+13	8.500000000000000000e+00	1.308932073270685807e-03
2.000000000000000000e+13	8.500000000000000000e+00	1.666509504536688516e-03
2.510000000000000000e+13	8.500000000000000000e+00	2.101029522594289375e-03
3.160000000000000000e+13	8.500000000000000000e+00	2.659282286370835691e-03
3.980000000000000000e+13	8.500000000000000000e+00	3.363755271589921082e-03
5.010000000000000000e+13	8.500000000000000000e+00	4.242613441863582295e-03
6.310000000000000000e+13	8.500000000000000000e+00	5.343536625913386517e-03
7.940000000000000000e+13	8.500000000000000000e+00	6.737537685438184550e-03
1.000000000000000000e+14	8.500000000000000000e+00	8.556183310217565369e-03
1.260000000000000000e+14	8.500000000000000000e+00	1.097407170526264013e-02
1.580000000000000000e+14	8.500000000000000000e+00	1.420845648228000711e-02
2.000000000000000000e+14	8.500000000000000000e+00	1.871649942374855463e-02
2.510000000000000000e+14	8.500000000000000000e+00	2.417144577947218098e-02
3.160000000000000000e+14	8.500000000000000000e+00	3.007831473746013645e-02
3.980000000000000000e+14	8.500000000000000000e+00	3.541647804719107173e-02
5.010000000000000000e+14	8.500000000000000000e+00	3.909907192045615487e-02
6.310000000000000000e+14	8.500000000000000000e+00	4.028952827590367297e-02
7.940000000000000000e+14	8.500000000000000000e+00	3.899894993838485396e-02
1.000000000000000000e+15	8.500000000000000000e+00	3.332831328175443059e-02
1.260000000000000000e+15	8.500000000000000000e+00	2.489428284791780563e-02
1.580000000000000000e+15	8.500000000000000000e+00	1.615732902321721440e-02
2.000000000000000000e+15	8.500000000000000000e+00	7.414802655932710776e-03
2.510000000000000000e+15	8.500000000000000000e+00	1.861393732070137832e-04
3.160000000000000000e+15	8.500000000000000000e+00	-6.805509237201745609e-03
3.980000000000000000e+15	8.500000000000000000e+00	-1.272934423841683496e-02
5.010000000000000000e+15	8.500000000000000000e+00	-1.737091037481754141e-02
6.310000000000000000e+15	8.500000000000000000e+00	-2.074108131334513258e-02
7.940000000000000000e+15	8.500000000000000000e+00	-2.292030686901744621e-02
1.000000000000000000e+16	8.500000000000000000e+00	-2.407463890905255435e-02
1.260000000000000000e+16	8.500000000000000000e+00	-2.436917455689239717e-02
1.580000000000000000e+16	8.500000000000000000e+00	-2.401402014835227888e-02
2.000000000000000000e+16	8.500000000000000000e+00	-2.309907428855584657e-02
2.510000000000000000e+16	8.500000000000000000e+00	-2.188209009927701704e-02
3.160000000000000000e+16	8.500000000000000000e+00	-2.040880267072931603e-02
3.980000000000000000e+16	8.500000000000000000e+00	-1.879806521256863552e-02
5.010000000000000000e+16	8.500000000000000000e+00	-1.713702543875852968e-02
6.310000000000000000e+16	8.500000000000000000e+00	-1.547776185025204893e-02
7.940000000000000000e+16	8.500000000000000000e+00	-1.387681097577457556e-02
1.000000000000000000e+17	8.500000000000000000e+00	-1.234849002955578159e-02
1.000000000000000000e+11	9.500000000000000000e+00	2.158240338418183915e-05
1.258925411794166107e+11	9.500000000000000000e+00	2.722335527602780817e-05
1.584893192461110840e+11	9.500000000000000000e+00	3.438051545591341195e-05
1.995262314968882751e+11	9.500000000000000000e+00	4.350404007314598244e-05
2.511886431509582214e+11	9.500000000000000000e+00	5.522662515129359538e-05
3.162277660168379517e+11	9.500000000000000000e+00	7.048596066326097680e-05
3.981071705534969482e+11	9.500000000000000000e+00	9.078180324519417833e-05
5.011872336272714844e+11	9.500000000000000000e+00	1.187866221878986254e-04
6.309573444801943359e+11	9.500000000000000000e+00	1.602603229259545725e-04
7.943282347242821045e+11	9.500000000000000000e+00	2.439415655772037104e-04
1.000000000000000000e+12	9.500000000000000000e+00	2.625626457438299199e-04
1.260000000000000000e+12	9.500000000000000000e+00	2.059183071838440924e-04
1.580000000000000000e+12	9.500000000000000000e+00	1.959720716439204648e-04
2.000000000000000000e+12	9.500000000000000000e+00	1.996146567291426962e-04
2.510000000000000000e+12	9.500000000000000000e+00	2.205490820808371413e-04
3.160000000000000000e+12	9.500000000000000000e+00	2.567665790041101883e-04
3.980000000000000000e+12	9.500000000000000000e+00	3.160015961542131250e-04
5.010000000000000000e+12	9.500000000000000000e+00	3.956294039387399765e-04
6.310000000000000000e+12	9.500000000000000000e+00	4.988409667521626588e-04
7.940000000000000000e+12	9.500000000000000000e+00	6.360366386570124545e-04
1.000000000000000000e+13	9.500000000000000000e+00	8.120409239954610742e-04
1.260000000000000000e+13	9.500000000000000000e+00	1.035153244208354955e-03
1.580000000000000000e+13	9.500000000000000000e+00	1.308492685088540877e-03
2.000000000000000000e+13	9.500000000000000000e+00	1.670510511479581612e-03
2.510000000000000000e+13	9.500000000000000000e+00	2.109695314913395247e-03
3.160000000000000000e+13	9.500000000000000000e+00	2.667606448689269650e-03
3.980000000000000000e+13	9.500000000000000000e+00	3.375328826937419504e-03
5.010000000000000000e+13	9.500000000000000000e+00	4.259836225957714696e-03
6.310000000000000000e+13	9.500000000000000000e+00	5.368874183800644885e-03
7.940000000000000000e+13	9.500000000000000000e+00	6.769268688544252156e-03
1.000000000000000000e+14	9.500000000000000000e+00	8.601500133947049404e-03
1.260000000000000000e+14	9.500000000000000000e+00	1.103620361299427477e-02
1.580000000000000000e+14	9.500000000000000000e+00	1.426757531479067378e-02
2.000000000000000000e+14	9.500000000000000000e+00	1.881024618244812874e-02
2.510000000000000000e+14	9.500000000000000000e+00	2.419687281842385421e-02
3.160000000000000000e+14	9.500000000000000000e+00	3.042142811323796450e-02
3.980000000000000000e+14	9.500000000000000000e+00	3.586050254096583012e-02
5.010000000000000000e+14	9.500000000000000000e+00	3.927443071943826497e-02
6.310000000000000000e+14	9.500000000000000000e+00	4.027188620572780264e-02
7.940000000000000000e+14	9.500000000000000000e+00	3.784421288210091522e-02
1.000000000000000000e+15	9.500000000000000000e+00	3.400569140625288311e-02
1.260000000000000000e+15	9.500000000000000000e+00	2.693937256062709298e-02
1.580000000000000000e+15	9.500000000000000000e+00	2.093495965335194151e-02
2.000000000000000000e+15	9.500000000000000000e+00	1.448149329068730388e-02
2.510000000000000000e+15	9.500000000000000000e+00	3.244860227343517294e-03
3.160000000000000000e+15	9.500000000000000000e+00	-5.244100464212020189e-03
3.980000000000000000e+15	9.500000000000000000e+00	-1.214522876184710373e-02
5.010000000000000000e+15	9.500000000000000000e+00	-1.748083787408130640e-02
6.310000000000000000e+15	9.500000000000000000e+00	-2.134994115205012671e-02
7.940000000000000000e+15	9.500000000000000000e+00	-2.387532368642470218e-02
1.000000000000000000e+16	9.500000000000000000e+00	-2.525879666989676309e-02
1.260000000000000000e+16	9.500000000000000000e+00	-2.568768897098815465e-02
1.580000000000000000e+16	9.500000000000000000e+00	-2.539402616026816342e-02
2.000000000000000000e+16	9.500000000000000000e+00	-2.448485171588219572e-02
2.510000000000000000e+16	9.500000000000000000e+00	-2.323494826616265274e-02
3.160000000000000000e+16	9.500000000000000000e+00	-2.169982992030588392e-02
3.980000000000000000e+16	9.500000000000000000e+00	-2.000848837429511709e-02
5.010000000000000000e+16	9.500000000000000000e+00	-1.825621603811470803e-02
6.310000000000000000e+16	9.500000000000000000e+00	-1.649992814522993623e-02
7.940000000000000000e+16	9.500000000000000000e+00	-1.480175335881665603e-02
1.000000000000000000e+17	9.500000000000000000e+00	-1.317794003534016045e-02
1.000000000000000000e+11	1.050000000000000000e+01	2.250821719739982447e-05
1.258925411794166107e+11	1.050000000000000000e+01	2.839317108060977269e-05
1.584893192461110840e+11	1.050000000000000000e+01	3.586116628150583854e-05
1.995262314968882751e+11	1.050000000000000000e+01	4.538454956184179856e-05
2.511886431509582214e+11	1.050000000000000000e+01	5.762799242033526449e-05
3.162277660168379517e+11	1.050000000000000000e+01	7.358049848887030951e-05
3.981071705534969482e+11	1.050000000000000000e+01	9.483224452365092330e-05
5.011872336272714844e+11	1.050000000000000000e+01	1.242422334443614646e-04
6.309573444801943359e+11	1.050000000000000000e+01	1.680728632203617404e-04
7.943282347242821045e+11	1.050000000000000000e+01	2.583100572275216973e-04
1.000000000000000000e+12	1.050000000000000000e+01	2.796499878936110775e-04
1.260000000000000000e+12	1.050000000000000000e+01	2.118129840968961740e-04
1.580000000000000000e+12	1.050000000000000000e+01	1.949504267269487753e-04
2.000000000000000000e+12	1.050000000000000000e+01	1.967580240170973952e-04
2.510000000000000000e+12	1.050000000000000000e+01	2.133512503208317957e-04
3.160000000000000000e+12	1.050000000000000000e+01	2.494866099838162141e-04
3.980000000000000000e+12	1.050000000000000000e+01	3.024682048015788177e-04
5.010000000000000000e+12	1.050000000000000000e+01	3.766482749233141382e-04
6.310000000000000000e+12	1.050000000000000000e+01	4.800584765443356803e-04
7.940000000000000000e+12	1.050000000000000000e+01	6.138333153206388922e-04
1.000000000000000000e+13	1.050000000000000000e+01	7.835928774546307117e-04
1.260000000000000000e+13	1.050000000000000000e+01	1.000898903957785861e-03
1.580000000000000000e+13	1.050000000000000000e+01	1.269124649190391928e-03
2.000000000000000000e+13	1.050000000000000000e+01	1.620005091678104444e-03
2.510000000000000000e+13	1.050000000000000000e+01	2.050153460533944184e-03
3.160000000000000000e+13	1.050000000000000000e+01	2.603305314544249356e-03
3.980000000000000000e+13	1.050000000000000000e+01	3.294427395023280525e-03
5.010000000000000000e+13	1.050000000000000000e+01	4.153260146563317670e-03
6.310000000000000000e+13	1.050000000000000000e+01	5.238854131652076647e-03
7.940000000000000000e+13	1.050000000000000000e+01	6.617346449917655728e-03
1.000000000000000000e+14	1.050000000000000000e+01	8.381622081190748599e-03
1.260000000000000000e+14	1.050000000000000000e+01	1.076276181754427103e-02
1.580000000000000000e+14	1.050000000000000000e+01	1.395670372476836944e-02
2.000000000000000000e+14	1.050000000000000000e+01	1.835457956633317067e-02
2.510000000000000000e+14	1.050000000000000000e+01	2.382874097601827071e-02
3.160000000000000000e+14	1.050000000000000000e+01	2.970720123947631283e-02
3.980000000000000000e+14	1.050000000000000000e+01	3.481926093688586521e-02
5.010000000000000000e+14	1.050000000000000000e+01	3.821998133710971524e-02
6.310000000000000000e+14	1.050000000000000000e+01	3.874899051618503620e-02
7.940000000000000000e+14	1.050000000000000000e+01	3.648622695167694219e-02
1.000000000000000000e+15	1.050000000000000000e+01	3.153115635828151325e-02
1.260000000000000000e+15	1.050000000000000000e+01	2.672366014358635439e-02
1.580000000000000000e+15	1.050000000000000000e+01	1.919607713853810002e-02
2.000000000000000000e+15	1.050000000000000000e+01	8.693705937988929072e-03
2.510000000000000000e+15	1.050000000000000000e+01	1.025909453355482257e-03
3.160000000000000000e+15	1.050000000000000000e+01	-6.202680814458168788e-03
3.980000000000000000e+15	1.050000000000000000e+01	-1.227770913988976940e-02
5.010000000000000000e+15	1.050000000000000000e+01	-1.702427594500780308e-02
6.310000000000000000e+15	1.050000000000000000e+01	-2.047159818873333509e-02
7.940000000000000000e+15	1.050000000000000000e+01	-2.270890832258869868e-02
1.000000000000000000e+16	1.050000000000000000e+01	-2.390813716916493845e-02
1.260000000000000000e+16	1.050000000000000000e+01	-2.423769934233983500e-02
1.580000000000000000e+16	1.050000000000000000e+01	-2.390947968266041515e-02
2.000000000000000000e+16	1.050000000000000000e+01	-2.301667168967255761e-02
2.510000000000000000e+16	1.050000000000000000e+01	-2.181650055559907972e-02
3.160000000000000000e+16	1.050000000000000000e+01	-2.035674447702632769e-02
3.980000000000000000e+16	1.050000000000000000e+01	-1.875676799497938071e-02
5.010000000000000000e+16	1.050000000000000000e+01	-1.710435982849672562e-02
6.310000000000000000e+16	1.050000000000000000e+01	-1.545170104450398381e-02
7.940000000000000000e+16	1.050000000000000000e+01	-1.385612969557145462e-02
1.000000000000000000e+17	1.050000000000000000e+01	-1.233206561836379042e-02
1.000000000000000000e+11	1.150000000000000000e+01	2.404707872572873752e-05
1.258925411794166107e+11	1.150000000000000000e+01	3.033535904269467416e-05
1.584893192461110840e+11	1.150000000000000000e+01	3.831620198442905735e-05
1.995262314968882751e+11	1.150000000000000000e+01	4.849594055154202101e-05
2.511886431509582214e+11	1.150000000000000000e+01	6.158740617812466826e-05
3.162277660168379517e+11	1.150000000000000000e+01	7.865419844062905086e-05
3.981071705534969482e+11	1.150000000000000000e+01	1.014143122390810686e-04
5.011872336272714844e+11	1.150000000000000000e+01	1.329829959201784336e-04
6.309573444801943359e+11	1.150000000000000000e+01	1.803073238377507980e-04
7.943282347242821045e+11	1.150000000000000000e+01	2.803067001445497817e-04
1.000000000000000000e+12	1.150000000000000000e+01	2.995600693916090885e-04
1.260000000000000000e+12	1.150000000000000000e+01	2.237029979146874011e-04
1.580000000000000000e+12	1.150000000000000000e+01	2.059843690780729388e-04
2.000000000000000000e+12	1.150000000000000000e+01	2.036439455218088670e-04
2.510000000000000000e+12	1.150000000000000000e+01	2.193793430393440702e-04
3.160000000000000000e+12	1.150000000000000000e+01	2.499210788752774114e-04
3.980000000000000000e+12	1.150000000000000000e+01	2.997138696366279630e-04
5.010000000000000000e+12	1.150000000000000000e+01	3.763956405507648453e-04
6.310000000000000000e+12	1.150000000000000000e+01	4.792208594879938878e-04
7.940000000000000000e+12	1.150000000000000000e+01	6.125913989855363449e-04
1.000000000000000000e+13	1.150000000000000000e+01	7.881129186386177498e-04
1.260000000000000000e+13	1.150000000000000000e+01	1.007687785199048742e-03
1.580000000000000000e+13	1.150000000000000000e+01	1.280368251864775608e-03
2.000000000000000000e+13	1.150000000000000000e+01	1.639001301452867616e-03
2.510000000000000000e+13	1.150000000000000000e+01	2.076029608532899487e-03
3.160000000000000000e+13	1.150000000000000000e+01	2.635300785182724970e-03
3.980000000000000000e+13	1.150000000000000000e+01	3.340797995562876013e-03
5.010000000000000000e+13	1.150000000000000000e+01	4.217117828933104710e-03
6.310000000000000000e+13	1.150000000000000000e+01	5.313881704076139738e-03
7.940000000000000000e+13	1.150000000000000000e+01	6.703372644749734481e-03
1.000000000000000000e+14	1.150000000000000000e+01	8.530755602888741643e-03
1.260000000000000000e+14	1.150000000000000000e+01	1.095445173683404910e-02
1.580000000000000000e+14	1.150000000000000000e+01	1.415545067811020338e-02
2.000000000000000000e+14	1.150000000000000000e+01	1.875133168494453120e-02
2.510000000000000000e+14	1.150000000000000000e+01	2.397211873893161094e-02
3.160000000000000000e+14	1.150000000000000000e+01	2.975707262074447565e-02
3.980000000000000000e+14	1.150000000000000000e+01	3.567585248753914889e-02
5.010000000000000000e+14	1.150000000000000000e+01	3.967015908657261364e-02
6.310000000000000000e+14	1.150000000000000000e+01	4.105297314874192111e-02
7.940000000000000000e+14	1.150000000000000000e+01	3.725994699599989579e-02
1.000000000000000000e+15	1.150000000000000000e+01	3.179192053497138098e-02
1.260000000000000000e+15	1.150000000000000000e+01	2.620556955844500005e-02
1.580000000000000000e+15	1.150000000000000000e+01	1.650586686991534560e-02
2.000000000000000000e+15	1.150000000000000000e+01	7.603252306606262528e-03
2.510000000000000000e+15	1.150000000000000000e+01	3.106775108475684369e-04
3.160000000000000000e+15	1.150000000000000000e+01	-6.716740011961077651e-03
3.980000000000000000e+15	1.150000000000000000e+01	-1.266326618496131304e-02
5.010000000000000000e+15	1.150000000000000000e+01	-1.732042916362749874e-02
6.310000000000000000e+15	1.150000000000000000e+01	-2.070194957160787289e-02
7.940000000000000000e+15	1.150000000000000000e+01	-2.288963299797541762e-02
1.000000000000000000e+16	1.150000000000000000e+01	-2.405053425228868835e-02
1.260000000000000000e+16	1.150000000000000000e+01	-2.435017099905576604e-02
1.580000000000000000e+16	1.150000000000000000e+01	-2.399892359614436838e-02
2.000000000000000000e+16	1.150000000000000000e+01	-2.308716373258467083e-02
2.510000000000000000e+16	1.150000000000000000e+01	-2.187260595745747424e-02
3.160000000000000000e+16	1.150000000000000000e+01	-2.040129233597018713e-02
3.980000000000000000e+16	1.150000000000000000e+01	-1.879207172029462650e-02
5.010000000000000000e+16	1.150000000000000000e+01	-1.713244997723195606e-02
6.310000000000000000e+16	1.150000000000000000e+01	-1.547400929445442129e-02
7.940000000000000000e+16	1.150000000000000000e+01	-1.387383465073471940e-02
1.000000000000000000e+17	1.150000000000000000e+01	-1.234611886757989302e-02
1.000000000000000000e+11	1.300000000000000000e+01	2.497608333246022829e-05
1.258925411794166107e+11	1.300000000000000000e+01	3.150824787289012506e-05
1.584893192461110840e+11	1.300000000000000000e+01	3.980027370225528940e-05
1.995262314968882751e+11	1.300000000000000000e+01	5.037868258661553066e-05
2.511886431509582214e+11	1.300000000000000000e+01	6.398733024708695629e-05
3.162277660168379517e+11	1.300000000000000000e+01	8.173813776180993056e-05
3.981071705534969482e+11	1.300000000000000000e+01	1.054319945666622497e-04
5.011872336272714844e+11	1.300000000000000000e+01	1.383524626212768777e-04
6.309573444801943359e+11	1.300000000000000000e+01	1.878861524482487505e-04
7.943282347242821045e+11	1.300000000000000000e+01	2.937091705071028110e-04
1.000000000000000000e+12	1.300000000000000000e+01	3.160759605304312063e-04
1.260000000000000000e+12	1.300000000000000000e+01	2.312429233308793577e-04
1.580000000000000000e+12	1.300000000000000000e+01	2.066128686107517997e-04
2.000000000000000000e+12	1.300000000000000000e+01	2.025526558998585092e-04
2.510000000000000000e+12	1.300000000000000000e+01	2.138206754180047920e-04
3.160000000000000000e+12	1.300000000000000000e+01	2.437622631708194346e-04
3.980000000000000000e+12	1.300000000000000000e+01	2.955616039246326452e-04
5.010000000000000000e+12	1.300000000000000000e+01	3.683219499225046556e-04
6.310000000000000000e+12	1.300000000000000000e+01	4.691179932856931315e-04
7.940000000000000000e+12	1.300000000000000000e+01	6.030674270779562158e-04
1.000000000000000000e+13	1.300000000000000000e+01	7.751315445308191738e-04
1.260000000000000000e+13	1.300000000000000000e+01	9.952644595369369764e-04
1.580000000000000000e+13	1.300000000000000000e+01	1.267468484871788013e-03
2.000000000000000000e+13	1.300000000000000000e+01	1.625642254195968153e-03
2.510000000000000000e+13	1.300000000000000000e+01	2.060964138951927854e-03
3.160000000000000000e+13	1.300000000000000000e+01	2.617150227010856672e-03
3.980000000000000000e+13	1.300000000000000000e+01	3.317524462075432685e-03
5.010000000000000000e+13	1.300000000000000000e+01	4.189109374273252903e-03
6.310000000000000000e+13	1.300000000000000000e+01	5.282019024019654965e-03
7.940000000000000000e+13	1.300000000000000000e+01	6.663507434480045628e-03
1.000000000000000000e+14	1.300000000000000000e+01	8.469088197241878696e-03
1.260000000000000000e+14	1.300000000000000000e+01	1.089540346858136784e-02
1.580000000000000000e+14	1.300000000000000000e+01	1.409628963507984431e-02
2.000000000000000000e+14	1.300000000000000000e+01	1.853667088705225272e-02
2.510000000000000000e+14	1.300000000000000000e+01	2.398749733763773720e-02
3.160000000000000000e+14	1.300000000000000000e+01	2.998205964714804189e-02
3.980000000000000000e+14	1.300000000000000000e+01	3.523644449757755426e-02
5.010000000000000000e+14	1.300000000000000000e+01	3.862148049596807881e-02
6.310000000000000000e+14	1.300000000000000000e+01	3.964713190293206457e-02
7.940000000000000000e+14	1.300000000000000000e+01	3.909072599113699170e-02
1.000000000000000000e+15	1.300000000000000000e+01	3.480522259631185777e-02
1.260000000000000000e+15	1.300000000000000000e+01	2.615434603000039993e-02
1.580000000000000000e+15	1.300000000000000000e+01	1.876676646063049972e-02
2.000000000000000000e+15	1.300000000000000000e+01	1.111259393594524192e-02
2.510000000000000000e+15	1.300000000000000000e+01	1.841575049078728304e-03
3.160000000000000000e+15	1.300000000000000000e+01	-5.927075762298852912e-03
3.980000000000000000e+15	1.300000000000000000e+01	-1.236090667669096504e-02
5.010000000000000000e+15	1.300000000000000000e+01	-1.736579835363914054e-02
6.310000000000000000e+15	1.300000000000000000e+01	-2.099810385018061054e-02
7.940000000000000000e+15	1.300000000000000000e+01	-2.336054031913675083e-02
1.000000000000000000e+16	1.300000000000000000e+01	-2.463699581125258428e-02
1.260000000000000000e+16	1.300000000000000000e+01	-2.500485502068109517e-02
1.580000000000000000e+16	1.300000000000000000e+01	-2.468525712483370799e-02
2.000000000000000000e+16	1.300000000000000000e+01	-2.377713851742103979e-02
2.510000000000000000e+16	1.300000000000000000e+01	-2.254671022351877746e-02
3.160000000000000000e+16	1.300000000000000000e+01	-2.104494074114853647e-02
3.980000000000000000e+16	1.300000000000000000e+01	-1.939584184266418890e-02
5.010000000000000000e+16	1.300000000000000000e+01	-1.769074876156813067e-02
6.310000000000000000e+16	1.300000000000000000e+01	-1.598413112027895905e-02
7.940000000000000000e+16	1.300000000000000000e+01	-1.433555288442846763e-02
1.000000000000000000e+17	1.300000000000000000e+01	-1.276024139804851458e-02
1.000000000000000000e+11	1.500000000000000000e+01	2.662826822275052180e-05
1.258925411794166107e+11	1.500000000000000000e+01	3.359407480514970876e-05
1.584893192461110840e+11	1.500000000000000000e+01	4.243784321158849119e-05
1.995262314968882751e+11	1.500000000000000000e+01	5.372275991619875193e-05
2.511886431509582214e+11	1.500000000000000000e+01	6.824565146841065179e-05
3.162277660168379517e+11	1.500000000000000000e+01	8.720095647655600347e-05
3.981071705534969482e+11	1.500000000000000000e+01	1.125302854979289902e-04
5.011872336272714844e+11	1.500000000000000000e+01	1.478020168161400252e-04
6.309573444801943359e+11	1.500000000000000000e+01	2.011567747570434830e-04
7.943282347242821045e+11	1.500000000000000000e+01	3.173989403852239409e-04
1.000000000000000000e+12	1.500000000000000000e+01	3.405085578813351493e-04
1.260000000000000000e+12	1.500000000000000000e+01	2.446244088828113247e-04
1.580000000000000000e+12	1.500000000000000000e+01	2.149696904001498318e-04
2.000000000000000000e+12	1.500000000000000000e+01	2.045883968972050568e-04
2.510000000000000000e+12	1.500000000000000000e+01	2.134067217933758242e-04
3.160000000000000000e+12	1.500000000000000000e+01	2.419414769087668382e-04
3.980000000000000000e+12	1.500000000000000000e+01	2.895468640076780749e-04
5.010000000000000000e+12	1.500000000000000000e+01	3.615150422503887588e-04
6.310000000000000000e+12	1.500000000000000000e+01	4.621251394335737614e-04
7.940000000000000000e+12	1.500000000000000000e+01	5.961787660090510539e-04
1.000000000000000000e+13	1.500000000000000000e+01	7.697365113973509299e-04
1.260000000000000000e+13	1.500000000000000000e+01	9.900933890399567661e-04
1.580000000000000000e+13	1.500000000000000000e+01	1.263712094376907499e-03
2.000000000000000000e+13	1.500000000000000000e+01	1.624319424046652763e-03
2.510000000000000000e+13	1.500000000000000000e+01	2.063485133738319783e-03
3.160000000000000000e+13	1.500000000000000000e+01	2.623733261511610598e-03
3.980000000000000000e+13	1.500000000000000000e+01	3.328881999310875483e-03
5.010000000000000000e+13	1.500000000000000000e+01	4.206826894695763971e-03
6.310000000000000000e+13	1.500000000000000000e+01	5.307956981397802393e-03
7.940000000000000000e+13	1.500000000000000000e+01	6.708411112259869864e-03
1.000000000000000000e+14	1.500000000000000000e+01	8.522716999806204466e-03
1.260000000000000000e+14	1.500000000000000000e+01	1.093561120283072230e-02
1.580000000000000000e+14	1.500000000000000000e+01	1.416841774875671721e-02
2.000000000000000000e+14	1.500000000000000000e+01	1.871911908432964330e-02
2.510000000000000000e+14	1.500000000000000000e+01	2.410442626898215424e-02
3.160000000000000000e+14	1.500000000000000000e+01	3.004704675944623593e-02
3.980000000000000000e+14	1.500000000000000000e+01	3.557716508326532606e-02
5.010000000000000000e+14	1.500000000000000000e+01	3.952926806282341249e-02
6.310000000000000000e+14	1.500000000000000000e+01	4.009203571765527357e-02
7.940000000000000000e+14	1.500000000000000000e+01	3.732298777947818530e-02
1.000000000000000000e+15	1.500000000000000000e+01	3.175918828803233479e-02
1.260000000000000000e+15	1.500000000000000000e+01	2.527371404182231565e-02
1.580000000000000000e+15	1.500000000000000000e+01	1.739130311724663980e-02
2.000000000000000000e+15	1.500000000000000000e+01	7.858607329752933385e-03
2.510000000000000000e+15	1.500000000000000000e+01	4.613665278315373219e-04
3.160000000000000000e+15	1.500000000000000000e+01	-6.614293262166528325e-03
3.980000000000000000e+15	1.500000000000000000e+01	-1.258876018745661712e-02
5.010000000000000000e+15	1.500000000000000000e+01	-1.726422720754344775e-02
6.310000000000000000e+15	1.500000000000000000e+01	-2.065873157146439973e-02
7.940000000000000000e+15	1.500000000000000000e+01	-2.285598693819831245e-02
1.000000000000000000e+16	1.500000000000000000e+01	-2.402411762948054863e-02
1.260000000000000000e+16	1.500000000000000000e+01	-2.432934695790894830e-02
1.580000000000000000e+16	1.500000000000000000e+01	-2.398240826190544198e-02
2.000000000000000000e+16	1.500000000000000000e+01	-2.307415578477444232e-02
2.510000000000000000e+16	1.500000000000000000e+01	-2.186227727672511445e-02
3.160000000000000000e+16	1.500000000000000000e+01	-2.039308177183054432e-02
3.980000000000000000e+16	1.500000000000000000e+01	-1.878558642178165469e-02
5.010000000000000000e+16	1.500000000000000000e+01	-1.712741898621564576e-02
6.310000000000000000e+16	1.500000000000000000e+01	-1.546990347449260159e-02
7.940000000000000000e+16	1.500000000000000000e+01	-1.387056225350018733e-02
1.000000000000000000e+17	1.500000000000000000e+01	-1.234352652638402020e-02
1.000000000000000000e+11	1.700000000000000000e+01	2.245895336336593088e-05
1.258925411794166107e+11	1.700000000000000000e+01	2.833122520532572881e-05
1.584893192461110840e+11	1.700000000000000000e+01	3.578362255159075642e-05
1.995262314968882751e+11	1.700000000000000000e+01	4.528785141165782584e-05
2.511886431509582214e+11	1.700000000000000000e+01	5.750808798519561205e-05
3.162277660168379517e+11	1.700000000000000000e+01	7.343374412083142680e-05
3.981071705534969482e+11	1.700000000000000000e+01	9.465682534626276574e-05
5.011872336272714844e+11	1.700000000000000000e+01	1.240636389775104918e-04
6.309573444801943359e+11	1.700000000000000000e+01	1.678932741701070141e-04
7.943282347242821045e+11	1.700000000000000000e+01	2.585909207119768227e-04
1.000000000000000000e+12	1.700000000000000000e+01	2.783080892599820071e-04
1.260000000000000000e+12	1.700000000000000000e+01	2.106938770186498385e-04
1.580000000000000000e+12	1.700000000000000000e+01	1.946180020652621314e-04
2.000000000000000000e+12	1.700000000000000000e+01	1.947947281282309459e-04
2.510000000000000000e+12	1.700000000000000000e+01	2.104027777641595228e-04
3.160000000000000000e+12	1.700000000000000000e+01	2.439731383361650634e-04
3.980000000000000000e+12	1.700000000000000000e+01	2.970815975162405709e-04
5.010000000000000000e+12	1.700000000000000000e+01	3.717574437564619269e-04
6.310000000000000000e+12	1.700000000000000000e+01	4.738445691923069605e-04
7.940000000000000000e+12	1.700000000000000000e+01	6.057252694844102560e-04
1.000000000000000000e+13	1.700000000000000000e+01	7.764522388303336147e-04
1.260000000000000000e+13	1.700000000000000000e+01	9.951730681267640169e-04
1.580000000000000000e+13	1.700000000000000000e+01	1.264957561730938821e-03
2.000000000000000000e+13	1.700000000000000000e+01	1.622027059407208163e-03
2.510000000000000000e+13	1.700000000000000000e+01	2.056345251419143105e-03
3.160000000000000000e+13	1.700000000000000000e+01	2.607790455855526091e-03
3.980000000000000000e+13	1.700000000000000000e+01	3.301018482942174714e-03
5.010000000000000000e+13	1.700000000000000000e+01	4.166416737470523060e-03
6.310000000000000000e+13	1.700000000000000000e+01	5.254655322693910224e-03
7.940000000000000000e+13	1.700000000000000000e+01	6.626546330688112829e-03
1.000000000000000000e+14	1.700000000000000000e+01	8.412298171809507938e-03
1.260000000000000000e+14	1.700000000000000000e+01	1.081020050042625323e-02
1.580000000000000000e+14	1.700000000000000000e+01	1.399268797579930959e-02
2.000000000000000000e+14	1.700000000000000000e+01	1.842965129935688132e-02
2.510000000000000000e+14	1.700000000000000000e+01	2.385703741814352435e-02
3.160000000000000000e+14	1.700000000000000000e+01	2.981423178978954633e-02
3.980000000000000000e+14	1.700000000000000000e+01	3.508241230620363915e-02
5.010000000000000000e+14	1.700000000000000000e+01	3.829501808481187985e-02
6.310000000000000000e+14	1.700000000000000000e+01	3.969444670014349308e-02
7.940000000000000000e+14	1.700000000000000000e+01	3.755665243131359882e-02
1.000000000000000000e+15	1.700000000000000000e+01	3.274049796961390341e-02
1.260000000000000000e+15	1.700000000000000000e+01	2.567084243029140248e-02
1.580000000000000000e+15	1.700000000000000000e+01	1.672808254841614065e-02
2.000000000000000000e+15	1.700000000000000000e+01	8.969787718088101033e-03
2.510000000000000000e+15	1.700000000000000000e+01	9.025914224898903002e-04
3.160000000000000000e+15	1.700000000000000000e+01	-6.323794654937563153e-03
3.980000000000000000e+15	1.700000000000000000e+01	-1.237787442652686816e-02
5.010000000000000000e+15	1.700000000000000000e+01	-1.710467530755570981e-02
6.310000000000000000e+15	1.700000000000000000e+01	-2.053560460448008648e-02
7.940000000000000000e+15	1.700000000000000000e+01	-2.275979564801848889e-02
1.000000000000000000e+16	1.700000000000000000e+01	-2.394853795205774752e-02
1.260000000000000000e+16	1.700000000000000000e+01	-2.426973564525136684e-02
1.580000000000000000e+16	1.700000000000000000e+01	-2.393507299868484137e-02
2.000000000000000000e+16	1.700000000000000000e+01	-2.303685719952541094e-02
2.510000000000000000e+16	1.700000000000000000e+01	-2.183258481786405983e-02
3.160000000000000000e+16	1.700000000000000000e+01	-2.036985791177635050e-02
3.980000000000000000e+16	1.700000000000000000e+01	-1.876688420697856380e-02
5.010000000000000000e+16	1.700000000000000000e+01	-1.711244142398451670e-02
6.310000000000000000e+16	1.700000000000000000e+01	-1.545810243834586269e-02
7.940000000000000000e+16	1.700000000000000000e+01	-1.386121180801051268e-02
1.000000000000000000e+17	1.700000000000000000e+01	-1.233610067074338359e-02
1.000000000000000000e+11	1.900000000000000000e+01	1.676608466721630071e-05
1.258925411794166107e+11	1.900000000000000000e+01	2.114381402113242242e-05
1.584893192461110840e+11	1.900000000000000000e+01	2.669410680520867499e-05
1.995262314968882751e+11	1.900000000000000000e+01	3.376090571199248782e-05
2.511886431509582214e+11	1.900000000000000000e+01	4.282343891498099984e-05
3.162277660168379517e+11	1.900000000000000000e+01	5.458437307817575206e-05
3.981071705534969482e+11	1.900000000000000000e+01	7.013856756636989073e-05
5.011872336272714844e+11	1.900000000000000000e+01	9.135084928139423194e-05
6.309573444801943359e+11	1.900000000000000000e+01	1.218527097620991217e-04
7.943282347242821045e+11	1.900000000000000000e+01	1.759732925335409605e-04
1.000000000000000000e+12	1.900000000000000000e+01	1.919684303009445774e-04
1.260000000000000000e+12	1.900000000000000000e+01	1.649213058188957355e-04
1.580000000000000000e+12	1.900000000000000000e+01	1.697080264776712065e-04
2.000000000000000000e+12	1.900000000000000000e+01	1.885192336799144236e-04
2.510000000000000000e+12	1.900000000000000000e+01	2.170980789013113072e-04
3.160000000000000000e+12	1.900000000000000000e+01	2.607069409674231007e-04
3.980000000000000000e+12	1.900000000000000000e+01	3.231578199004505616e-04
5.010000000000000000e+12	1.900000000000000000e+01	4.060433345072049505e-04
6.310000000000000000e+12	1.900000000000000000e+01	5.139653079454862931e-04
7.940000000000000000e+12	1.900000000000000000e+01	6.524794173514131658e-04
1.000000000000000000e+13	1.900000000000000000e+01	8.291046776572083381e-04
1.260000000000000000e+13	1.900000000000000000e+01	1.052698611075916562e-03
1.580000000000000000e+13	1.900000000000000000e+01	1.328478903854747248e-03
2.000000000000000000e+13	1.900000000000000000e+01	1.691601341208305142e-03
2.510000000000000000e+13	1.900000000000000000e+01	2.134853335458139056e-03
3.160000000000000000e+13	1.900000000000000000e+01	2.700237238813098933e-03
3.980000000000000000e+13	1.900000000000000000e+01	3.411304356275390252e-03
5.010000000000000000e+13	1.900000000000000000e+01	4.298717533106086695e-03
6.310000000000000000e+13	1.900000000000000000e+01	5.404877231391461319e-03
7.940000000000000000e+13	1.900000000000000000e+01	6.807167463806839541e-03
1.000000000000000000e+14	1.900000000000000000e+01	8.648777438988715024e-03
1.260000000000000000e+14	1.900000000000000000e+01	1.111563216212005031e-02
1.580000000000000000e+14	1.900000000000000000e+01	1.439493004830449951e-02
2.000000000000000000e+14	1.900000000000000000e+01	1.899960629530332915e-02
2.510000000000000000e+14	1.900000000000000000e+01	2.445187520157002942e-02
3.160000000000000000e+14	1.900000000000000000e+01	3.048258112665403266e-02
3.980000000000000000e+14	1.900000000000000000e+01	3.623510733073789097e-02
5.010000000000000000e+14	1.900000000000000000e+01	4.011667408092597226e-02
6.310000000000000000e+14	1.900000000000000000e+01	4.061459527538331671e-02
7.940000000000000000e+14	1.900000000000000000e+01	3.828584446116145568e-02
1.000000000000000000e+15	1.900000000000000000e+01	3.362827926213295821e-02
1.260000000000000000e+15	1.900000000000000000e+01	2.653687347609346922e-02
1.580000000000000000e+15	1.900000000000000000e+01	1.843528850666062424e-02
2.000000000000000000e+15	1.900000000000000000e+01	9.664381403403848186e-03
2.510000000000000000e+15	1.900000000000000000e+01	1.186296982733122405e-03
3.160000000000000000e+15	1.900000000000000000e+01	-6.369027867630990686e-03
3.980000000000000000e+15	1.900000000000000000e+01	-1.268468112795465355e-02
5.010000000000000000e+15	1.900000000000000000e+01	-1.761180276894562524e-02
6.310000000000000000e+15	1.900000000000000000e+01	-2.118836843798975120e-02
7.940000000000000000e+15	1.900000000000000000e+01	-2.350911718778137677e-02
1.000000000000000000e+16	1.900000000000000000e+01	-2.475401941156739338e-02
1.260000000000000000e+16	1.900000000000000000e+01	-2.509718079063138346e-02
1.580000000000000000e+16	1.900000000000000000e+01	-2.475859322923597630e-02
2.000000000000000000e+16	1.900000000000000000e+01	-2.383494130700455210e-02
2.510000000000000000e+16	1.900000000000000000e+01	-2.259270008159849560e-02
3.160000000000000000e+16	1.900000000000000000e+01	-2.108143223650410861e-02
3.980000000000000000e+16	1.900000000000000000e+01	-1.942480340218261797e-02
5.010000000000000000e+16	1.900000000000000000e+01	-1.771375966596288459e-02
6.310000000000000000e+16	1.900000000000000000e+01	-1.600237712351285091e-02
7.940000000000000000e+16	1.900000000000000000e+01	-1.435007055030804168e-02
1.000000000000000000e+17	1.900000000000000000e+01	-1.277175531683429587e-02
1.000000000000000000e+11	2.100000000000000000e+01	1.289367763076109241e-05
1.258925411794166107e+11	2.100000000000000000e+01	1.625582587636739516e-05
1.584893192461110840e+11	2.100000000000000000e+01	2.051453937055914862e-05
1.995262314968882751e+11	2.100000000000000000e+01	2.592833728866952126e-05
2.511886431509582214e+11	2.100000000000000000e+01	3.285408880905961481e-05
3.162277660168379517e+11	2.100000000000000000e+01	4.180438570417554985e-05
3.981071705534969482e+11	2.100000000000000000e+01	5.355128471461689609e-05
5.011872336272714844e+11	2.100000000000000000e+01	6.931043709106359148e-05
6.309573444801943359e+11	2.100000000000000000e+01	9.099652071850913143e-05
7.943282347242821045e+11	2.100000000000000000e+01	1.211838528383932711e-04
1.000000000000000000e+12	2.100000000000000000e+01	1.357269627837294176e-04
1.260000000000000000e+12	2.100000000000000000e+01	1.361094287068437140e-04
1.580000000000000000e+12	2.100000000000000000e+01	1.501141188122770127e-04
2.000000000000000000e+12	2.100000000000000000e+01	1.751942451411295535e-04
2.510000000000000000e+12	2.100000000000000000e+01	2.122064330457525171e-04
3.160000000000000000e+12	2.100000000000000000e+01	2.607313942442626101e-04
3.980000000000000000e+12	2.100000000000000000e+01	3.236203156631884000e-04
5.010000000000000000e+12	2.100000000000000000e+01	4.077149800562177061e-04
6.310000000000000000e+12	2.100000000000000000e+01	5.157132960534002199e-04
7.940000000000000000e+12	2.100000000000000000e+01	6.510894551678339656e-04
1.000000000000000000e+13	2.100000000000000000e+01	8.234124174768846964e-04
1.260000000000000000e+13	2.100000000000000000e+01	1.040736406282413967e-03
1.580000000000000000e+13	2.100000000000000000e+01	1.309891906673238101e-03
2.000000000000000000e+13	2.100000000000000000e+01	1.663783938811963991e-03
2.510000000000000000e+13	2.100000000000000000e+01	2.091987459492951514e-03
3.160000000000000000e+13	2.100000000000000000e+01	2.640935572961916264e-03
3.980000000000000000e+13	2.100000000000000000e+01	3.332284201276950863e-03
5.010000000000000000e+13	2.100000000000000000e+01	4.188000218993884541e-03
6.310000000000000000e+13	2.100000000000000000e+01	5.279150905109347529e-03
7.940000000000000000e+13	2.100000000000000000e+01	6.657968452175093595e-03
1.000000000000000000e+14	2.100000000000000000e+01	8.441115438134690757e-03
1.260000000000000000e+14	2.100000000000000000e+01	1.081236936332027020e-02
1.580000000000000000e+14	2.100000000000000000e+01	1.400192752602815241e-02
2.000000000000000000e+14	2.100000000000000000e+01	1.844406327201383866e-02
2.510000000000000000e+14	2.100000000000000000e+01	2.384746633096197430e-02
3.160000000000000000e+14	2.100000000000000000e+01	2.977907359800931186e-02
3.980000000000000000e+14	2.100000000000000000e+01	3.492551458878703774e-02
5.010000000000000000e+14	2.100000000000000000e+01	3.835976528635280658e-02
6.310000000000000000e+14	2.100000000000000000e+01	4.007964474698319512e-02
7.940000000000000000e+14	2.100000000000000000e+01	3.830851705505394084e-02
1.000000000000000000e+15	2.100000000000000000e+01	3.183235418675855327e-02
1.260000000000000000e+15	2.100000000000000000e+01	2.450279818040666108e-02
1.580000000000000000e+15	2.100000000000000000e+01	1.748092427629482221e-02
2.000000000000000000e+15	2.100000000000000000e+01	9.139694130565900396e-03
2.510000000000000000e+15	2.100000000000000000e+01	9.924243597928528431e-04
3.160000000000000000e+15	2.100000000000000000e+01	-6.266469178100533659e-03
3.980000000000000000e+15	2.100000000000000000e+01	-1.233772166258958677e-02
5.010000000000000000e+15	2.100000000000000000e+01	-1.707495896021864537e-02
6.310000000000000000e+15	2.100000000000000000e+01	-2.051315275919161560e-02
7.940000000000000000e+15	2.100000000000000000e+01	-2.274244523786853392e-02
1.000000000000000000e+16	2.100000000000000000e+01	-2.393499483916960990e-02
1.260000000000000000e+16	2.100000000000000000e+01	-2.425910456581062760e-02
1.580000000000000000e+16	2.100000000000000000e+01	-2.392665441549687855e-02
2.000000000000000000e+16	2.100000000000000000e+01	-2.303023020264163834e-02
2.510000000000000000e+16	2.100000000000000000e+01	-2.182732715043909921e-02
3.160000000000000000e+16	2.100000000000000000e+01	-2.036536682017305380e-02
3.980000000000000000e+16	2.100000000000000000e+01	-1.876358151650088513e-02
5.010000000000000000e+16	2.100000000000000000e+01	-1.711002020875112759e-02
6.310000000000000000e+16	2.100000000000000000e+01	-1.545602061820502970e-02
7.940000000000000000e+16	2.100000000000000000e+01	-1.385955017150070599e-02
1.000000000000000000e+17	2.100000000000000000e+01	-1.233480323322962494e-02
1.000000000000000000e+11	2.300000000000000000e+01	1.109568511632609257e-05
1.258925411794166107e+11	2.300000000000000000e+01	1.398600661786287011e-05
1.584893192461110840e+11	2.300000000000000000e+01	1.764355701992301179e-05
1.995262314968882751e+11	2.300000000000000000e+01	2.228715519544729865e-05
2.511886431509582214e+11	2.300000000000000000e+01	2.821492075754390068e-05
3.162277660168379517e+11	2.300000000000000000e+01	3.584804861378177555e-05
3.981071705534969482e+11	2.300000000000000000e+01	4.580107993426323960e-05
5.011872336272714844e+11	2.300000000000000000e+01	5.898820020083201201e-05
6.309573444801943359e+11	2.300000000000000000e+01	7.642558312692067965e-05
7.943282347242821045e+11	2.300000000000000000e+01	9.503788298569801850e-05
1.000000000000000000e+12	2.300000000000000000e+01	1.080918066088370745e-04
1.260000000000000000e+12	2.300000000000000000e+01	1.211225342516898950e-04
1.580000000000000000e+12	2.300000000000000000e+01	1.428584350626908362e-04
2.000000000000000000e+12	2.300000000000000000e+01	1.746641784806660038e-04
2.510000000000000000e+12	2.300000000000000000e+01	2.142882085631811625e-04
3.160000000000000000e+12	2.300000000000000000e+01	2.670092270853535775e-04
3.980000000000000000e+12	2.300000000000000000e+01	3.353915164408364266e-04
5.010000000000000000e+12	2.300000000000000000e+01	4.202582753947335615e-04
6.310000000000000000e+12	2.300000000000000000e+01	5.282733451249052191e-04
7.940000000000000000e+12	2.300000000000000000e+01	6.665720113170337229e-04
1.000000000000000000e+13	2.300000000000000000e+01	8.425310696936358324e-04
1.260000000000000000e+13	2.300000000000000000e+01	1.062777268809815328e-03
1.580000000000000000e+13	2.300000000000000000e+01	1.334307024569844277e-03
2.000000000000000000e+13	2.300000000000000000e+01	1.692280256440743640e-03
2.510000000000000000e+13	2.300000000000000000e+01	2.126322040368021794e-03
3.160000000000000000e+13	2.300000000000000000e+01	2.676273302226349696e-03
3.980000000000000000e+13	2.300000000000000000e+01	3.380402350262183640e-03
5.010000000000000000e+13	2.300000000000000000e+01	4.251608662005945324e-03
6.310000000000000000e+13	2.300000000000000000e+01	5.342990560331754672e-03
7.940000000000000000e+13	2.300000000000000000e+01	6.719697856094343155e-03
1.000000000000000000e+14	2.300000000000000000e+01	8.520492449056173492e-03
1.260000000000000000e+14	2.300000000000000000e+01	1.093930004532527554e-02
1.580000000000000000e+14	2.300000000000000000e+01	1.414966349505237565e-02
2.000000000000000000e+14	2.300000000000000000e+01	1.862894346071015950e-02
2.510000000000000000e+14	2.300000000000000000e+01	2.409171826316371806e-02
3.160000000000000000e+14	2.300000000000000000e+01	3.003559692624962682e-02
3.980000000000000000e+14	2.300000000000000000e+01	3.542480715426401389e-02
5.010000000000000000e+14	2.300000000000000000e+01	3.957556905950859738e-02
6.310000000000000000e+14	2.300000000000000000e+01	3.966741693157791598e-02
7.940000000000000000e+14	2.300000000000000000e+01	3.733579554020994423e-02
1.000000000000000000e+15	2.300000000000000000e+01	3.479656269662712020e-02
1.260000000000000000e+15	2.300000000000000000e+01	2.816797460816928764e-02
1.580000000000000000e+15	2.300000000000000000e+01	1.917018953531278089e-02
2.000000000000000000e+15	2.300000000000000000e+01	1.014546610014709256e-02
2.510000000000000000e+15	2.300000000000000000e+01	1.536051045558523617e-03
3.160000000000000000e+15	2.300000000000000000e+01	-6.106089314538265533e-03
3.980000000000000000e+15	2.300000000000000000e+01	-1.248254106717622269e-02
5.010000000000000000e+15	2.300000000000000000e+01	-1.745426697639713282e-02
6.310000000000000000e+15	2.300000000000000000e+01	-2.106479045986308155e-02
7.940000000000000000e+15	2.300000000000000000e+01	-2.341139603900751348e-02
1.000000000000000000e+16	2.300000000000000000e+01	-2.467697913661790962e-02
1.260000000000000000e+16	2.300000000000000000e+01	-2.503622926810094088e-02
1.580000000000000000e+16	2.300000000000000000e+01	-2.471009329096999704e-02
2.000000000000000000e+16	2.300000000000000000e+01	-2.379665179619907048e-02
2.510000000000000000e+16	2.300000000000000000e+01	-2.256220393500698446e-02
3.160000000000000000e+16	2.300000000000000000e+01	-2.105724127629469977e-02
3.980000000000000000e+16	2.300000000000000000e+01	-1.940558714879180024e-02
5.010000000000000000e+16	2.300000000000000000e+01	-1.769851573589742780e-02
6.310000000000000000e+16	2.300000000000000000e+01	-1.599025209198807682e-02
7.940000000000000000e+16	2.300000000000000000e+01	-1.434042853352314635e-02
1.000000000000000000e+17	2.300000000000000000e+01	-1.276411802590942182e-02
1.000000000000000000e+11	2.500000000000000000e+01	1.006722078257557513e-05
1.258925411794166107e+11	2.500000000000000000e+01	1.268799324305319415e-05
1.584893192461110840e+11	2.500000000000000000e+01	1.600327452366075406e-05
1.995262314968882751e+11	2.500000000000000000e+01	2.020948610759781797e-05
2.511886431509582214e+11	2.500000000000000000e+01	2.557300187412050527e-05
3.162277660168379517e+11	2.500000000000000000e+01	3.246681403116815333e-05
3.981071705534969482e+11	2.500000000000000000e+01	4.142580243590253256e-05
5.011872336272714844e+11	2.500000000000000000e+01	5.320059335252658238e-05
6.309573444801943359e+11	2.500000000000000000e+01	6.841640268583989049e-05
7.943282347242821045e+11	2.500000000000000000e+01	8.134730901689013938e-05
1.000000000000000000e+12	2.500000000000000000e+01	9.291006486764415053e-05
1.260000000000000000e+12	2.500000000000000000e+01	1.115504993482675431e-04
1.580000000000000000e+12	2.500000000000000000e+01	1.364845042025413207e-04
2.000000000000000000e+12	2.500000000000000000e+01	1.701583350959350288e-04
2.510000000000000000e+12	2.500000000000000000e+01	2.115693466293037310e-04
3.160000000000000000e+12	2.500000000000000000e+01	2.642328308337816428e-04
3.980000000000000000e+12	2.500000000000000000e+01	3.322758221464431412e-04
5.010000000000000000e+12	2.500000000000000000e+01	4.192846024902444004e-04
6.310000000000000000e+12	2.500000000000000000e+01	5.284250682797862406e-04
7.940000000000000000e+12	2.500000000000000000e+01	6.658747638800091616e-04
1.000000000000000000e+13	2.500000000000000000e+01	8.386953482243641447e-04
1.260000000000000000e+13	2.500000000000000000e+01	1.057179013903811367e-03
1.580000000000000000e+13	2.500000000000000000e+01	1.326023115559033004e-03
2.000000000000000000e+13	2.500000000000000000e+01	1.678692382361150412e-03
2.510000000000000000e+13	2.500000000000000000e+01	2.110006501531109385e-03
3.160000000000000000e+13	2.500000000000000000e+01	2.659569419141793404e-03
3.980000000000000000e+13	2.500000000000000000e+01	3.351840914814263866e-03
5.010000000000000000e+13	2.500000000000000000e+01	4.216735564228978744e-03
6.310000000000000000e+13	2.500000000000000000e+01	5.290577907246473560e-03
7.940000000000000000e+13	2.500000000000000000e+01	6.662222048976887412e-03
1.000000000000000000e+14	2.500000000000000000e+01	8.460067968674322980e-03
1.260000000000000000e+14	2.500000000000000000e+01	1.085383592148355184e-02
1.580000000000000000e+14	2.500000000000000000e+01	1.404702029009092558e-02
2.000000000000000000e+14	2.500000000000000000e+01	1.855379015998456435e-02
2.510000000000000000e+14	2.500000000000000000e+01	2.387447840074926816e-02
3.160000000000000000e+14	2.500000000000000000e+01	2.967394515390579107e-02
3.980000000000000000e+14	2.500000000000000000e+01	3.489065305701994496e-02
5.010000000000000000e+14	2.500000000000000000e+01	3.833884478448316285e-02
6.310000000000000000e+14	2.500000000000000000e+01	4.006528947012742703e-02
7.940000000000000000e+14	2.500000000000000000e+01	3.829801266518063213e-02
1.000000000000000000e+15	2.500000000000000000e+01	3.182440700767770470e-02
1.260000000000000000e+15	2.500000000000000000e+01	2.449740096589018978e-02
1.580000000000000000e+15	2.500000000000000000e+01	1.747612657469522698e-02
2.000000000000000000e+15	2.500000000000000000e+01	9.135960091887922879e-03
2.510000000000000000e+15	2.500000000000000000e+01	9.894802110388012818e-04
3.160000000000000000e+15	2.500000000000000000e+01	-6.268805908461243422e-03
3.980000000000000000e+15	2.500000000000000000e+01	-1.233957166838146532e-02
5.010000000000000000e+15	2.500000000000000000e+01	-1.707642874929670568e-02
6.310000000000000000e+15	2.500000000000000000e+01	-2.051431383991075830e-02
7.940000000000000000e+15	2.500000000000000000e+01	-2.274336674647884499e-02
1.000000000000000000e+16	2.500000000000000000e+01	-2.393572630546237159e-02
1.260000000000000000e+16	2.500000000000000000e+01	-2.425970401209865540e-02
1.580000000000000000e+16	2.500000000000000000e+01	-2.392711812340999819e-02
2.000000000000000000e+16	2.500000000000000000e+01	-2.303060479995280851e-02
2.510000000000000000e+16	2.500000000000000000e+01	-2.182761715813054393e-02
3.160000000000000000e+16	2.500000000000000000e+01	-2.036559862014368852e-02
3.980000000000000000e+16	2.500000000000000000e+01	-1.876376663064245262e-02
5.010000000000000000e+16	2.500000000000000000e+01	-1.711015833926256280e-02
6.310000000000000000e+16	2.500000000000000000e+01	-1.545613768133946402e-02
7.940000000000000000e+16	2.500000000000000000e+01	-1.385964260468370256e-02
1.000000000000000000e+17	2.500000000000000000e+01	-1.233485486556704959e-02
1.000000000000000000e+11	2.700000000000000000e+01	9.557238548140539093e-06
1.258925411794166107e+11	2.700000000000000000e+01	1.204382897688288602e-05
1.584893192461110840e+11	2.700000000000000000e+01	1.518786597746857400e-05
1.995262314968882751e+11	2.700000000000000000e+01	1.917397401751809682e-05
2.511886431509582214e+11	2.700000000000000000e+01	2.425084773532894611e-05
3.162277660168379517e+11	2.700000000000000000e+01	3.076344192315841699e-05
3.981071705534969482e+11	2.700000000000000000e+01	3.920076983771191313e-05
5.011872336272714844e+11	2.700000000000000000e+01	5.019745333241946235e-05
6.309573444801943359e+11	2.700000000000000000e+01	6.410032279625460993e-05
7.943282347242821045e+11	2.700000000000000000e+01	7.315134165153540954e-05
1.000000000000000000e+12	2.700000000000000000e+01	8.486345099526479191e-05
1.260000000000000000e+12	2.700000000000000000e+01	1.087386491513309030e-04
1.580000000000000000e+12	2.700000000000000000e+01	1.367173589484535197e-04
2.000000000000000000e+12	2.700000000000000000e+01	1.720797834250169744e-04
2.510000000000000000e+12	2.700000000000000000e+01	2.138418775028086579e-04
3.160000000000000000e+12	2.700000000000000000e+01	2.681672035412063326e-04
3.980000000000000000e+12	2.700000000000000000e+01	3.370673911680417277e-04
5.010000000000000000e+12	2.700000000000000000e+01	4.239350688690069185e-04
6.310000000000000000e+12	2.700000000000000000e+01	5.343610608285198627e-04
7.940000000000000000e+12	2.700000000000000000e+01	6.719181996285264642e-04
1.000000000000000000e+13	2.700000000000000000e+01	8.453511828565659801e-04
1.260000000000000000e+13	2.700000000000000000e+01	1.065234586956876305e-03
1.580000000000000000e+13	2.700000000000000000e+01	1.335317041125546689e-03
2.000000000000000000e+13	2.700000000000000000e+01	1.692084087600105070e-03
2.510000000000000000e+13	2.700000000000000000e+01	2.126665744685838841e-03
3.160000000000000000e+13	2.700000000000000000e+01	2.679175414386378296e-03
3.980000000000000000e+13	2.700000000000000000e+01	3.374096551427966696e-03
5.010000000000000000e+13	2.700000000000000000e+01	4.238532232619346245e-03
6.310000000000000000e+13	2.700000000000000000e+01	5.336173971793943538e-03
7.940000000000000000e+13	2.700000000000000000e+01	6.716724135305822407e-03
1.000000000000000000e+14	2.700000000000000000e+01	8.497854959342127437e-03
1.260000000000000000e+14	2.700000000000000000e+01	1.091918586250670287e-02
1.580000000000000000e+14	2.700000000000000000e+01	1.413063181753268852e-02
2.000000000000000000e+14	2.700000000000000000e+01	1.861020196701016621e-02
2.510000000000000000e+14	2.700000000000000000e+01	2.408942580132995837e-02
3.160000000000000000e+14	2.700000000000000000e+01	3.008615687962480287e-02
3.980000000000000000e+14	2.700000000000000000e+01	3.538537311760894810e-02
5.010000000000000000e+14	2.700000000000000000e+01	3.948055432792459130e-02
6.310000000000000000e+14	2.700000000000000000e+01	4.021013361997574642e-02
7.940000000000000000e+14	2.700000000000000000e+01	3.676384259823364115e-02
1.000000000000000000e+15	2.700000000000000000e+01	3.279150028431111058e-02
1.260000000000000000e+15	2.700000000000000000e+01	2.653276589925573567e-02
1.580000000000000000e+15	2.700000000000000000e+01	1.670499812799748282e-02
2.000000000000000000e+15	2.700000000000000000e+01	7.739661574887697452e-03
2.510000000000000000e+15	2.700000000000000000e+01	4.113156730806641630e-04
3.160000000000000000e+15	2.700000000000000000e+01	-6.640413799863392058e-03
3.980000000000000000e+15	2.700000000000000000e+01	-1.260433090014093788e-02
5.010000000000000000e+15	2.700000000000000000e+01	-1.727439979016126906e-02
6.310000000000000000e+15	2.700000000000000000e+01	-2.066580189355502264e-02
7.940000000000000000e+15	2.700000000000000000e+01	-2.286114830965057035e-02
1.000000000000000000e+16	2.700000000000000000e+01	-2.402797458273054493e-02
1.260000000000000000e+16	2.700000000000000000e+01	-2.433231382020501279e-02
1.580000000000000000e+16	2.700000000000000000e+01	-2.398470976645560720e-02
2.000000000000000000e+16	2.700000000000000000e+01	-2.307594540779105488e-02
2.510000000000000000e+16	2.700000000000000000e+01	-2.186368458304275078e-02
3.160000000000000000e+16	2.700000000000000000e+01	-2.039419645511744705e-02
3.980000000000000000e+16	2.700000000000000000e+01	-1.878647643193118513e-02
5.010000000000000000e+16	2.700000000000000000e+01	-1.712798093616570497e-02
6.310000000000000000e+16	2.700000000000000000e+01	-1.547045804004222244e-02
7.940000000000000000e+16	2.700000000000000000e+01	-1.387100681507131769e-02
1.000000000000000000e+17	2.700000000000000000e+01	-1.234387592781006730e-02
