1.000000000000000000e+11	5.000000000000000000e-01	1.614269817300889012e-05
1.258925411794166107e+11	5.000000000000000000e-01	2.034826638487263842e-05
1.584893192461110840e+11	5.000000000000000000e-01	2.567031782849412045e-05
1.995262314968882751e+11	5.000000000000000000e-01	3.242723274035532176e-05
2.511886431509582214e+11	5.000000000000000000e-01	4.105204191481742781e-05
3.162277660168379517e+11	5.000000000000000000e-01	5.215912732896035674e-05
3.981071705534969482e+11	5.000000000000000000e-01	6.666157390036096765e-05
5.011872336272714844e+11	5.000000000000000000e-01	8.599903939054074351e-05
6.309573444801943359e+11	5.000000000000000000e-01	1.124394078325197886e-04
7.943282347242821045e+11	5.000000000000000000e-01	1.504215819760655669e-04
1.000000000000000000e+12	5.000000000000000000e-01	1.706561217894069426e-04
1.260000000000000000e+12	5.000000000000000000e-01	1.748970275214606178e-04
1.580000000000000000e+12	5.000000000000000000e-01	1.989091704740300094e-04
2.000000000000000000e+12	5.000000000000000000e-01	2.365632370585629024e-04
2.510000000000000000e+12	5.000000000000000000e-01	2.853400135051431595e-04
3.160000000000000000e+12	5.000000000000000000e-01	3.497123499610509849e-04
3.980000000000000000e+12	5.000000000000000000e-01	4.326070453855919862e-04
5.010000000000000000e+12	5.000000000000000000e-01	5.377526545835938825e-04
6.310000000000000000e+12	5.000000000000000000e-01	6.710026531430848340e-04
7.940000000000000000e+12	5.000000000000000000e-01	8.391992464157749373e-04
1.000000000000000000e+13	5.000000000000000000e-01	1.051034439689176730e-03
1.260000000000000000e+13	5.000000000000000000e-01	1.312847431081190074e-03
1.580000000000000000e+13	5.000000000000000000e-01	1.630593108069376207e-03
2.000000000000000000e+13	5.000000000000000000e-01	2.052674515235375190e-03
2.510000000000000000e+13	5.000000000000000000e-01	2.576332793494177237e-03
3.160000000000000000e+13	5.000000000000000000e-01	3.255927369447036372e-03
3.980000000000000000e+13	5.000000000000000000e-01	4.120059399395491206e-03
5.010000000000000000e+13	5.000000000000000000e-01	5.194453575964347314e-03
6.310000000000000000e+13	5.000000000000000000e-01	6.504074361890547357e-03
7.940000000000000000e+13	5.000000000000000000e-01	8.056525119649431133e-03
1.000000000000000000e+14	5.000000000000000000e-01	9.904928322234943933e-03
1.260000000000000000e+14	5.000000000000000000e-01	1.220126608852015355e-02
1.580000000000000000e+14	5.000000000000000000e-01	1.514886447004985814e-02
2.000000000000000000e+14	5.000000000000000000e-01	1.928062218616530613e-02
2.510000000000000000e+14	5.000000000000000000e-01	2.433458619728089828e-02
3.160000000000000000e+14	5.000000000000000000e-01	2.994340308593661584e-02
3.980000000000000000e+14	5.000000000000000000e-01	3.507695155849780561e-02
5.010000000000000000e+14	5.000000000000000000e-01	3.851360161338347049e-02
6.310000000000000000e+14	5.000000000000000000e-01	3.933490008843466140e-02
7.940000000000000000e+14	5.000000000000000000e-01	3.719572493159439830e-02
1.000000000000000000e+15	5.000000000000000000e-01	3.221299358267659674e-02
1.260000000000000000e+15	5.000000000000000000e-01	2.531541532440663433e-02
1.580000000000000000e+15	5.000000000000000000e-01	1.735998237707385081e-02
2.000000000000000000e+15	5.000000000000000000e-01	8.751206141963350019e-03
2.510000000000000000e+15	5.000000000000000000e-01	6.279984769047242078e-04
3.160000000000000000e+15	5.000000000000000000e-01	-6.736346905283164231e-03
3.980000000000000000e+15	5.000000000000000000e-01	-1.291367700131947072e-02
5.010000000000000000e+15	5.000000000000000000e-01	-1.773662819542207864e-02
6.310000000000000000e+15	5.000000000000000000e-01	-2.123627900181019809e-02
7.940000000000000000e+15	5.000000000000000000e-01	-2.349996917919094236e-02
1.000000000000000000e+16	5.000000000000000000e-01	-2.470447852276368844e-02
1.260000000000000000e+16	5.000000000000000000e-01	-2.502003797272323721e-02
1.580000000000000000e+16	5.000000000000000000e-01	-2.466424362991334954e-02
2.000000000000000000e+16	5.000000000000000000e-01	-2.373085175805998356e-02
2.510000000000000000e+16	5.000000000000000000e-01	-2.248490044087322198e-02
3.160000000000000000e+16	5.000000000000000000e-01	-2.097416734999043436e-02
3.980000000000000000e+16	5.000000000000000000e-01	-1.932108125780762631e-02
5.010000000000000000e+16	5.000000000000000000e-01	-1.761563887736410441e-02
6.310000000000000000e+16	5.000000000000000000e-01	-1.591110103806090206e-02
7.940000000000000000e+16	5.000000000000000000e-01	-1.426625632330672834e-02
1.000000000000000000e+17	5.000000000000000000e-01	-1.269571116232080105e-02
1.000000000000000000e+11	1.500000000000000000e+00	1.463331083522404758e-05
1.258925411794166107e+11	1.500000000000000000e+00	1.844695604114409454e-05
1.584893192461110840e+11	1.500000000000000000e+00	2.327464748783587402e-05
1.995262314968882751e+11	1.500000000000000000e+00	2.940691937920176974e-05
2.511886431509582214e+11	1.500000000000000000e+00	3.724111849987766696e-05
3.162277660168379517e+11	1.500000000000000000e+00	4.734361440872992464e-05
3.981071705534969482e+11	1.500000000000000000e+00	6.055977143837026341e-05
5.011872336272714844e+11	1.500000000000000000e+00	7.822472634655886945e-05
6.309573444801943359e+11	1.500000000000000000e+00	1.024181251705289788e-04
7.943282347242821045e+11	1.500000000000000000e+00	1.366465311385968689e-04
1.000000000000000000e+12	1.500000000000000000e+00	1.540113981707698333e-04
1.260000000000000000e+12	1.500000000000000000e+00	1.568008279754473080e-04
1.580000000000000000e+12	1.500000000000000000e+00	1.774171024251609081e-04
2.000000000000000000e+12	1.500000000000000000e+00	2.101495150934104398e-04
2.510000000000000000e+12	1.500000000000000000e+00	2.532275284518547783e-04
3.160000000000000000e+12	1.500000000000000000e+00	3.106259853979926157e-04
3.980000000000000000e+12	1.500000000000000000e+00	3.845120722806375782e-04
5.010000000000000000e+12	1.500000000000000000e+00	4.788296064882531793e-04
6.310000000000000000e+12	1.500000000000000000e+00	5.993545649716018045e-04
7.940000000000000000e+12	1.500000000000000000e+00	7.510011069543849659e-04
1.000000000000000000e+13	1.500000000000000000e+00	9.422020324412884278e-04
1.260000000000000000e+13	1.500000000000000000e+00	1.179563829079423396e-03
1.580000000000000000e+13	1.500000000000000000e+00	1.467565106143158167e-03
2.000000000000000000e+13	1.500000000000000000e+00	1.847498509985862937e-03
2.510000000000000000e+13	1.500000000000000000e+00	2.315222218576640754e-03
3.160000000000000000e+13	1.500000000000000000e+00	2.919537418378820998e-03
3.980000000000000000e+13	1.500000000000000000e+00	3.687736908745247507e-03
5.010000000000000000e+13	1.500000000000000000e+00	4.650181911291084019e-03
6.310000000000000000e+13	1.500000000000000000e+00	5.855232152236591534e-03
7.940000000000000000e+13	1.500000000000000000e+00	7.347543327607463509e-03
1.000000000000000000e+14	1.500000000000000000e+00	9.221617641537702831e-03
1.260000000000000000e+14	1.500000000000000000e+00	1.163994078200875082e-02
1.580000000000000000e+14	1.500000000000000000e+00	1.479611611517134620e-02
2.000000000000000000e+14	1.500000000000000000e+00	1.911007751920354783e-02
2.510000000000000000e+14	1.500000000000000000e+00	2.429842697094787909e-02
3.160000000000000000e+14	1.500000000000000000e+00	3.003646884895350144e-02
3.980000000000000000e+14	1.500000000000000000e+00	3.525920682995217076e-02
5.010000000000000000e+14	1.500000000000000000e+00	3.868152463527547991e-02
6.310000000000000000e+14	1.500000000000000000e+00	3.964005543355118844e-02
7.940000000000000000e+14	1.500000000000000000e+00	3.746786701132873848e-02
1.000000000000000000e+15	1.500000000000000000e+00	3.264243631200512002e-02
1.260000000000000000e+15	1.500000000000000000e+00	2.556773103272927047e-02
1.580000000000000000e+15	1.500000000000000000e+00	1.737745446070015562e-02
2.000000000000000000e+15	1.500000000000000000e+00	9.114738467517827236e-03
2.510000000000000000e+15	1.500000000000000000e+00	8.652266682763931800e-04
3.160000000000000000e+15	1.500000000000000000e+00	-6.512149718895724262e-03
3.980000000000000000e+15	1.500000000000000000e+00	-1.268818896498851920e-02
5.010000000000000000e+15	1.500000000000000000e+00	-1.750836406629082895e-02
6.310000000000000000e+15	1.500000000000000000e+00	-2.100577613792601814e-02
7.940000000000000000e+15	1.500000000000000000e+00	-2.327174939867917083e-02
1.000000000000000000e+16	1.500000000000000000e+00	-2.448110623114708659e-02
1.260000000000000000e+16	1.500000000000000000e+00	-2.480527519405470449e-02
1.580000000000000000e+16	1.500000000000000000e+00	-2.446016380102809459e-02
2.000000000000000000e+16	1.500000000000000000e+00	-2.354028266543422773e-02
2.510000000000000000e+16	1.500000000000000000e+00	-2.230821708266835304e-02
3.160000000000000000e+16	1.500000000000000000e+00	-2.081256708437071237e-02
3.980000000000000000e+16	1.500000000000000000e+00	-1.917396633921158999e-02
5.010000000000000000e+16	1.500000000000000000e+00	-1.748304822514620827e-02
6.310000000000000000e+16	1.500000000000000000e+00	-1.579239965243841443e-02
7.940000000000000000e+16	1.500000000000000000e+00	-1.416070263327608679e-02
1.000000000000000000e+17	1.500000000000000000e+00	-1.260255061099955186e-02
1.000000000000000000e+11	2.500000000000000000e+00	1.393239745812978461e-05
1.258925411794166107e+11	2.500000000000000000e+00	1.756373412717032381e-05
1.584893192461110840e+11	2.500000000000000000e+00	2.216106028877184886e-05
1.995262314968882751e+11	2.500000000000000000e+00	2.800156657318472210e-05
2.511886431509582214e+11	2.500000000000000000e+00	3.546491412457817525e-05
3.162277660168379517e+11	2.500000000000000000e+00	4.509280530497850541e-05
3.981071705534969482e+11	2.500000000000000000e+00	5.769439384492866188e-05
5.011872336272714844e+11	2.500000000000000000e+00	7.454392983063404612e-05
6.309573444801943359e+11	2.500000000000000000e+00	9.758882447434154262e-05
7.943282347242821045e+11	2.500000000000000000e+00	1.295832818919298926e-04
1.000000000000000000e+12	2.500000000000000000e+00	1.458651339527598681e-04
1.260000000000000000e+12	2.500000000000000000e+00	1.490005398542473141e-04
1.580000000000000000e+12	2.500000000000000000e+00	1.685062611146277386e-04
2.000000000000000000e+12	2.500000000000000000e+00	1.994896421677515785e-04
2.510000000000000000e+12	2.500000000000000000e+00	2.404663973236128107e-04
3.160000000000000000e+12	2.500000000000000000e+00	2.953317766284941216e-04
3.980000000000000000e+12	2.500000000000000000e+00	3.664731860085025184e-04
5.010000000000000000e+12	2.500000000000000000e+00	4.571314502812459353e-04
6.310000000000000000e+12	2.500000000000000000e+00	5.730666890149885154e-04
7.940000000000000000e+12	2.500000000000000000e+00	7.192984666256947322e-04
1.000000000000000000e+13	2.500000000000000000e+00	9.032731625489266942e-04
1.260000000000000000e+13	2.500000000000000000e+00	1.132431066705965987e-03
1.580000000000000000e+13	2.500000000000000000e+00	1.411397067363788808e-03
2.000000000000000000e+13	2.500000000000000000e+00	1.778352850844171348e-03
2.510000000000000000e+13	2.500000000000000000e+00	2.228613168693422027e-03
3.160000000000000000e+13	2.500000000000000000e+00	2.808551360956808123e-03
3.980000000000000000e+13	2.500000000000000000e+00	3.543931714431325028e-03
5.010000000000000000e+13	2.500000000000000000e+00	4.462781045612073012e-03
6.310000000000000000e+13	2.500000000000000000e+00	5.618222546369172100e-03
7.940000000000000000e+13	2.500000000000000000e+00	7.073865218317410518e-03
1.000000000000000000e+14	2.500000000000000000e+00	8.936904583553527404e-03
1.260000000000000000e+14	2.500000000000000000e+00	1.137604789282372839e-02
1.580000000000000000e+14	2.500000000000000000e+00	1.456755927372438593e-02
2.000000000000000000e+14	2.500000000000000000e+00	1.899970422170287054e-02
2.510000000000000000e+14	2.500000000000000000e+00	2.432010008461775105e-02
3.160000000000000000e+14	2.500000000000000000e+00	3.012080687329325365e-02
3.980000000000000000e+14	2.500000000000000000e+00	3.540722678563455739e-02
5.010000000000000000e+14	2.500000000000000000e+00	3.909880155885767788e-02
6.310000000000000000e+14	2.500000000000000000e+00	4.000499952537590886e-02
7.940000000000000000e+14	2.500000000000000000e+00	3.791049204451459737e-02
1.000000000000000000e+15	2.500000000000000000e+00	3.291475801368356352e-02
1.260000000000000000e+15	2.500000000000000000e+00	2.574826358002652374e-02
1.580000000000000000e+15	2.500000000000000000e+00	1.769660674160368138e-02
2.000000000000000000e+15	2.500000000000000000e+00	9.031529273923304124e-03
2.510000000000000000e+15	2.500000000000000000e+00	8.844133022936195160e-04
3.160000000000000000e+15	2.500000000000000000e+00	-6.486520652342882796e-03
3.980000000000000000e+15	2.500000000000000000e+00	-1.266464035476175080e-02
5.010000000000000000e+15	2.500000000000000000e+00	-1.748774472073676839e-02
6.310000000000000000e+15	2.500000000000000000e+00	-2.098942511463113350e-02
7.940000000000000000e+15	2.500000000000000000e+00	-2.325767640225273256e-02
1.000000000000000000e+16	2.500000000000000000e+00	-2.447047736390660366e-02
1.260000000000000000e+16	2.500000000000000000e+00	-2.479677856739164951e-02
1.580000000000000000e+16	2.500000000000000000e+00	-2.445350630745464840e-02
2.000000000000000000e+16	2.500000000000000000e+00	-2.353489913096643016e-02
2.510000000000000000e+16	2.500000000000000000e+00	-2.230393860358732480e-02
3.160000000000000000e+16	2.500000000000000000e+00	-2.080879427521586944e-02
3.980000000000000000e+16	2.500000000000000000e+00	-1.917127612961988872e-02
5.010000000000000000e+16	2.500000000000000000e+00	-1.748087606478836500e-02
6.310000000000000000e+16	2.500000000000000000e+00	-1.579070837505079997e-02
7.940000000000000000e+16	2.500000000000000000e+00	-1.415934207095354697e-02
1.000000000000000000e+17	2.500000000000000000e+00	-1.260134412118430955e-02
1.000000000000000000e+11	3.500000000000000000e+00	1.343881301047214077e-05
1.258925411794166107e+11	3.500000000000000000e+00	1.694161419775686912e-05
1.584893192461110840e+11	3.500000000000000000e+00	2.137635895124862775e-05
1.995262314968882751e+11	3.500000000000000000e+00	2.701064393379206497e-05
2.511886431509582214e+11	3.500000000000000000e+00	3.421111923062536083e-05
3.162277660168379517e+11	3.500000000000000000e+00	4.350118557124996513e-05
3.981071705534969482e+11	3.500000000000000000e+00	5.566215108922757866e-05
5.011872336272714844e+11	3.500000000000000000e+00	7.192678396952062404e-05
6.309573444801943359e+11	3.500000000000000000e+00	9.411286223262822824e-05
7.943282347242821045e+11	3.500000000000000000e+00	1.243479514150074266e-04
1.000000000000000000e+12	3.500000000000000000e+00	1.398720809781324622e-04
1.260000000000000000e+12	3.500000000000000000e+00	1.433195245630172244e-04
1.580000000000000000e+12	3.500000000000000000e+00	1.624698844790471242e-04
2.000000000000000000e+12	3.500000000000000000e+00	1.930643225548228648e-04
2.510000000000000000e+12	3.500000000000000000e+00	2.332121528578488855e-04
3.160000000000000000e+12	3.500000000000000000e+00	2.869358321563404072e-04
3.980000000000000000e+12	3.500000000000000000e+00	3.565002390591007404e-04
5.010000000000000000e+12	3.500000000000000000e+00	4.450754806748570850e-04
6.310000000000000000e+12	3.500000000000000000e+00	5.579020581970001559e-04
7.940000000000000000e+12	3.500000000000000000e+00	7.007026798906525536e-04
1.000000000000000000e+13	3.500000000000000000e+00	8.811019308345469396e-04
1.260000000000000000e+13	3.500000000000000000e+00	1.105984564842241516e-03
1.580000000000000000e+13	3.500000000000000000e+00	1.380390755285642842e-03
2.000000000000000000e+13	3.500000000000000000e+00	1.741467246114002457e-03
2.510000000000000000e+13	3.500000000000000000e+00	2.182173554664619281e-03
3.160000000000000000e+13	3.500000000000000000e+00	2.749019068174170417e-03
3.980000000000000000e+13	3.500000000000000000e+00	3.468247083538420796e-03
5.010000000000000000e+13	3.500000000000000000e+00	4.367096724901973516e-03
6.310000000000000000e+13	3.500000000000000000e+00	5.498129881522377700e-03
7.940000000000000000e+13	3.500000000000000000e+00	6.926412015423881637e-03
1.000000000000000000e+14	3.500000000000000000e+00	8.777512431809082749e-03
1.260000000000000000e+14	3.500000000000000000e+00	1.123492453482728692e-02
1.580000000000000000e+14	3.500000000000000000e+00	1.443960968076611964e-02
2.000000000000000000e+14	3.500000000000000000e+00	1.889531162775790266e-02
2.510000000000000000e+14	3.500000000000000000e+00	2.425482563437408520e-02
3.160000000000000000e+14	3.500000000000000000e+00	3.013636971153937222e-02
3.980000000000000000e+14	3.500000000000000000e+00	3.549559505762452105e-02
5.010000000000000000e+14	3.500000000000000000e+00	3.909618490142654362e-02
6.310000000000000000e+14	3.500000000000000000e+00	3.984663528474008398e-02
7.940000000000000000e+14	3.500000000000000000e+00	3.751514030160506968e-02
1.000000000000000000e+15	3.500000000000000000e+00	3.248901843074394891e-02
1.260000000000000000e+15	3.500000000000000000e+00	2.554446489266076759e-02
1.580000000000000000e+15	3.500000000000000000e+00	1.757424289400354167e-02
2.000000000000000000e+15	3.500000000000000000e+00	8.968087552867516979e-03
2.510000000000000000e+15	3.500000000000000000e+00	8.748621697825663835e-04
3.160000000000000000e+15	3.500000000000000000e+00	-6.444340145305096738e-03
3.980000000000000000e+15	3.500000000000000000e+00	-1.257871449062124281e-02
5.010000000000000000e+15	3.500000000000000000e+00	-1.736758381878849775e-02
6.310000000000000000e+15	3.500000000000000000e+00	-2.084434975219854810e-02
7.940000000000000000e+15	3.500000000000000000e+00	-2.309684556695426258e-02
1.000000000000000000e+16	3.500000000000000000e+00	-2.430043528519368334e-02
1.260000000000000000e+16	3.500000000000000000e+00	-2.462423176115888582e-02
1.580000000000000000e+16	3.500000000000000000e+00	-2.428318764872041541e-02
2.000000000000000000e+16	3.500000000000000000e+00	-2.337085929183718366e-02
2.510000000000000000e+16	3.500000000000000000e+00	-2.214838339629053576e-02
3.160000000000000000e+16	3.500000000000000000e+00	-2.066362976922485328e-02
3.980000000000000000e+16	3.500000000000000000e+00	-1.903747218978885103e-02
5.010000000000000000e+16	3.500000000000000000e+00	-1.735871652756659778e-02
6.310000000000000000e+16	3.500000000000000000e+00	-1.568048511135121392e-02
7.940000000000000000e+16	3.500000000000000000e+00	-1.406046173928831786e-02
1.000000000000000000e+17	3.500000000000000000e+00	-1.251330672520279720e-02
1.000000000000000000e+11	4.500000000000000000e+00	1.308244013557060618e-05
1.258925411794166107e+11	4.500000000000000000e+00	1.649223680245522571e-05
1.584893192461110840e+11	4.500000000000000000e+00	2.080913249411341505e-05
1.995262314968882751e+11	4.500000000000000000e+00	2.629356347862327902e-05
2.511886431509582214e+11	4.500000000000000000e+00	3.330221816262302477e-05
3.162277660168379517e+11	4.500000000000000000e+00	4.234409087077240018e-05
3.981071705534969482e+11	4.500000000000000000e+00	5.417749197191839704e-05
5.011872336272714844e+11	4.500000000000000000e+00	6.999516199503214465e-05
6.309573444801943359e+11	4.500000000000000000e+00	9.137591344668508390e-05
7.943282347242821045e+11	4.500000000000000000e+00	1.202098579313586464e-04
1.000000000000000000e+12	4.500000000000000000e+00	1.351961055936258549e-04
1.260000000000000000e+12	4.500000000000000000e+00	1.398024600791720942e-04
1.580000000000000000e+12	4.500000000000000000e+00	1.590749709556690719e-04
2.000000000000000000e+12	4.500000000000000000e+00	1.892727573126748778e-04
2.510000000000000000e+12	4.500000000000000000e+00	2.291241537452587222e-04
3.160000000000000000e+12	4.500000000000000000e+00	2.819165293077006995e-04
3.980000000000000000e+12	4.500000000000000000e+00	3.504460049812439587e-04
5.010000000000000000e+12	4.500000000000000000e+00	4.385918029517322332e-04
6.310000000000000000e+12	4.500000000000000000e+00	5.507715955308829922e-04
7.940000000000000000e+12	4.500000000000000000e+00	6.921887527059771309e-04
1.000000000000000000e+13	4.500000000000000000e+00	8.712470161070908284e-04
1.260000000000000000e+13	4.500000000000000000e+00	1.094637419070399343e-03
1.580000000000000000e+13	4.500000000000000000e+00	1.367426375937618203e-03
2.000000000000000000e+13	4.500000000000000000e+00	1.726729766010185818e-03
2.510000000000000000e+13	4.500000000000000000e+00	2.164117912035007103e-03
3.160000000000000000e+13	4.500000000000000000e+00	2.723175988144313758e-03
3.980000000000000000e+13	4.500000000000000000e+00	3.432796351975622804e-03
5.010000000000000000e+13	4.500000000000000000e+00	4.323143177374554058e-03
6.310000000000000000e+13	4.500000000000000000e+00	5.440700364583726627e-03
7.940000000000000000e+13	4.500000000000000000e+00	6.855773471681396100e-03
1.000000000000000000e+14	4.500000000000000000e+00	8.699306420073127724e-03
1.260000000000000000e+14	4.500000000000000000e+00	1.113228913952240239e-02
1.580000000000000000e+14	4.500000000000000000e+00	1.437530364095590887e-02
2.000000000000000000e+14	4.500000000000000000e+00	1.890096233587893609e-02
2.510000000000000000e+14	4.500000000000000000e+00	2.429870006914508149e-02
3.160000000000000000e+14	4.500000000000000000e+00	3.026926554500359787e-02
3.980000000000000000e+14	4.500000000000000000e+00	3.560521845394550022e-02
5.010000000000000000e+14	4.500000000000000000e+00	3.901848067927962682e-02
6.310000000000000000e+14	4.500000000000000000e+00	3.994823205655335246e-02
7.940000000000000000e+14	4.500000000000000000e+00	3.777465269181619345e-02
1.000000000000000000e+15	4.500000000000000000e+00	3.308843259050182894e-02
1.260000000000000000e+15	4.500000000000000000e+00	2.610213647543592821e-02
1.580000000000000000e+15	4.500000000000000000e+00	1.792249699006054353e-02
2.000000000000000000e+15	4.500000000000000000e+00	9.422777635466703799e-03
2.510000000000000000e+15	4.500000000000000000e+00	1.088632495537276978e-03
3.160000000000000000e+15	4.500000000000000000e+00	-6.343068932358386126e-03
3.980000000000000000e+15	4.500000000000000000e+00	-1.255754318447480089e-02
5.010000000000000000e+15	4.500000000000000000e+00	-1.740623018663798802e-02
6.310000000000000000e+15	4.500000000000000000e+00	-2.092547146960801671e-02
7.940000000000000000e+15	4.500000000000000000e+00	-2.320793482384387804e-02
1.000000000000000000e+16	4.500000000000000000e+00	-2.443092277500748602e-02
1.260000000000000000e+16	4.500000000000000000e+00	-2.476554010802371059e-02
1.580000000000000000e+16	4.500000000000000000e+00	-2.442867042349212980e-02
2.000000000000000000e+16	4.500000000000000000e+00	-2.351530782793525426e-02
2.510000000000000000e+16	4.500000000000000000e+00	-2.228832809769830045e-02
3.160000000000000000e+16	4.500000000000000000e+00	-2.079643352870712975e-02
3.980000000000000000e+16	4.500000000000000000e+00	-1.916143588840315756e-02
5.010000000000000000e+16	4.500000000000000000e+00	-1.747309111542899238e-02
6.310000000000000000e+16	4.500000000000000000e+00	-1.578453528397179284e-02
7.940000000000000000e+16	4.500000000000000000e+00	-1.415442081777618273e-02
1.000000000000000000e+17	4.500000000000000000e+00	-1.259741273198754750e-02
1.000000000000000000e+11	5.500000000000000000e+00	1.272636564718015484e-05
1.258925411794166107e+11	5.500000000000000000e+00	1.604326548466688252e-05
1.584893192461110840e+11	5.500000000000000000e+00	2.024252909402883685e-05
1.995262314968882751e+11	5.500000000000000000e+00	2.557738920981655271e-05
2.511886431509582214e+11	5.500000000000000000e+00	3.239478181262331623e-05
3.162277660168379517e+11	5.500000000000000000e+00	4.118934419233663449e-05
3.981071705534969482e+11	5.500000000000000000e+00	5.269702967387035600e-05
5.011872336272714844e+11	5.500000000000000000e+00	6.806281985621728510e-05
6.309573444801943359e+11	5.500000000000000000e+00	8.891587820918417828e-05
7.943282347242821045e+11	5.500000000000000000e+00	1.161087651646780853e-04
1.000000000000000000e+12	5.500000000000000000e+00	1.306853388529358227e-04
1.260000000000000000e+12	5.500000000000000000e+00	1.362455640628726708e-04
1.580000000000000000e+12	5.500000000000000000e+00	1.554112026708877423e-04
2.000000000000000000e+12	5.500000000000000000e+00	1.854810071639309424e-04
2.510000000000000000e+12	5.500000000000000000e+00	2.247876754610483960e-04
3.160000000000000000e+12	5.500000000000000000e+00	2.769178910713622098e-04
3.980000000000000000e+12	5.500000000000000000e+00	3.448886421594950756e-04
5.010000000000000000e+12	5.500000000000000000e+00	4.314270495992744096e-04
6.310000000000000000e+12	5.500000000000000000e+00	5.420640861653166142e-04
7.940000000000000000e+12	5.500000000000000000e+00	6.817792916366315981e-04
1.000000000000000000e+13	5.500000000000000000e+00	8.576957205705859535e-04
1.260000000000000000e+13	5.500000000000000000e+00	1.079981869509559879e-03
1.580000000000000000e+13	5.500000000000000000e+00	1.350102107669118572e-03
2.000000000000000000e+13	5.500000000000000000e+00	1.703371382716844075e-03
2.510000000000000000e+13	5.500000000000000000e+00	2.139166505776999346e-03
3.160000000000000000e+13	5.500000000000000000e+00	2.695981182089521051e-03
3.980000000000000000e+13	5.500000000000000000e+00	3.395292956282100223e-03
5.010000000000000000e+13	5.500000000000000000e+00	4.271528623476461561e-03
6.310000000000000000e+13	5.500000000000000000e+00	5.376094531134155419e-03
7.940000000000000000e+13	5.500000000000000000e+00	6.773522196349741724e-03
1.000000000000000000e+14	5.500000000000000000e+00	8.593025765464876176e-03
1.260000000000000000e+14	5.500000000000000000e+00	1.102451259326540575e-02
1.580000000000000000e+14	5.500000000000000000e+00	1.425352800130544849e-02
2.000000000000000000e+14	5.500000000000000000e+00	1.874630421584869838e-02
2.510000000000000000e+14	5.500000000000000000e+00	2.413070659396666234e-02
3.160000000000000000e+14	5.500000000000000000e+00	2.997425382015661555e-02
3.980000000000000000e+14	5.500000000000000000e+00	3.535683213253694446e-02
5.010000000000000000e+14	5.500000000000000000e+00	3.912648788422989909e-02
6.310000000000000000e+14	5.500000000000000000e+00	4.000319229731359033e-02
7.940000000000000000e+14	5.500000000000000000e+00	3.791338824941036661e-02
1.000000000000000000e+15	5.500000000000000000e+00	3.292692692843210422e-02
1.260000000000000000e+15	5.500000000000000000e+00	2.577305730754345450e-02
1.580000000000000000e+15	5.500000000000000000e+00	1.773376903745143424e-02
2.000000000000000000e+15	5.500000000000000000e+00	9.085769078640457477e-03
2.510000000000000000e+15	5.500000000000000000e+00	9.651129889028137610e-04
3.160000000000000000e+15	5.500000000000000000e+00	-6.374190054636066569e-03
3.980000000000000000e+15	5.500000000000000000e+00	-1.252377878560131767e-02
5.010000000000000000e+15	5.500000000000000000e+00	-1.731653450686323689e-02
6.310000000000000000e+15	5.500000000000000000e+00	-2.081017366803139881e-02
7.940000000000000000e+15	5.500000000000000000e+00	-2.306965632480344544e-02
1.000000000000000000e+16	5.500000000000000000e+00	-2.427862473288684708e-02
1.260000000000000000e+16	5.500000000000000000e+00	-2.460721465256936191e-02
1.580000000000000000e+16	5.500000000000000000e+00	-2.426964050503850959e-02
2.000000000000000000e+16	5.500000000000000000e+00	-2.335998855601710555e-02
2.510000000000000000e+16	5.500000000000000000e+00	-2.213987730064796017e-02
3.160000000000000000e+16	5.500000000000000000e+00	-2.065686271008415967e-02
3.980000000000000000e+16	5.500000000000000000e+00	-1.903210575959168524e-02
5.010000000000000000e+16	5.500000000000000000e+00	-1.735458080656147872e-02
6.310000000000000000e+16	5.500000000000000000e+00	-1.567708584429661212e-02
7.940000000000000000e+16	5.500000000000000000e+00	-1.405774428251369695e-02
1.000000000000000000e+17	5.500000000000000000e+00	-1.251119334249752024e-02
1.000000000000000000e+11	6.500000000000000000e+00	1.246099831802421650e-05
1.258925411794166107e+11	6.500000000000000000e+00	1.570856086308749919e-05
1.584893192461110840e+11	6.500000000000000000e+00	1.981992841428158140e-05
1.995262314968882751e+11	6.500000000000000000e+00	2.504278784839331396e-05
2.511886431509582214e+11	6.500000000000000000e+00	3.171643771150569160e-05
3.162277660168379517e+11	6.500000000000000000e+00	4.032440568050799442e-05
3.981071705534969482e+11	6.500000000000000000e+00	5.158428692886746518e-05
5.011872336272714844e+11	6.500000000000000000e+00	6.661341572533220471e-05
6.309573444801943359e+11	6.500000000000000000e+00	8.693705320594129183e-05
7.943282347242821045e+11	6.500000000000000000e+00	1.128948184850283904e-04
1.000000000000000000e+12	6.500000000000000000e+00	1.270402030370129057e-04
1.260000000000000000e+12	6.500000000000000000e+00	1.335805582371043067e-04
1.580000000000000000e+12	6.500000000000000000e+00	1.532652284258960408e-04
2.000000000000000000e+12	6.500000000000000000e+00	1.830526667931260123e-04
2.510000000000000000e+12	6.500000000000000000e+00	2.220686356954952015e-04
3.160000000000000000e+12	6.500000000000000000e+00	2.743993787104355561e-04
3.980000000000000000e+12	6.500000000000000000e+00	3.420705296695850301e-04
5.010000000000000000e+12	6.500000000000000000e+00	4.284100246241184990e-04
6.310000000000000000e+12	6.500000000000000000e+00	5.385906217782924056e-04
7.940000000000000000e+12	6.500000000000000000e+00	6.772940903628840020e-04
1.000000000000000000e+13	6.500000000000000000e+00	8.525193879885273069e-04
1.260000000000000000e+13	6.500000000000000000e+00	1.071537728953683884e-03
1.580000000000000000e+13	6.500000000000000000e+00	1.343317009552375506e-03
2.000000000000000000e+13	6.500000000000000000e+00	1.699633547240316954e-03
2.510000000000000000e+13	6.500000000000000000e+00	2.130286658229850732e-03
3.160000000000000000e+13	6.500000000000000000e+00	2.685452060973568273e-03
3.980000000000000000e+13	6.500000000000000000e+00	3.386259234640811525e-03
5.010000000000000000e+13	6.500000000000000000e+00	4.258472443528553419e-03
6.310000000000000000e+13	6.500000000000000000e+00	5.356018232635126157e-03
7.940000000000000000e+13	6.500000000000000000e+00	6.749281586247966175e-03
1.000000000000000000e+14	6.500000000000000000e+00	8.561103921098158279e-03
1.260000000000000000e+14	6.500000000000000000e+00	1.100569239325305780e-02
1.580000000000000000e+14	6.500000000000000000e+00	1.421781603021863259e-02
2.000000000000000000e+14	6.500000000000000000e+00	1.870264771969070566e-02
2.510000000000000000e+14	6.500000000000000000e+00	2.416374035180487295e-02
3.160000000000000000e+14	6.500000000000000000e+00	3.001405355541659006e-02
3.980000000000000000e+14	6.500000000000000000e+00	3.533347550270270199e-02
5.010000000000000000e+14	6.500000000000000000e+00	3.896228383985225752e-02
6.310000000000000000e+14	6.500000000000000000e+00	4.002001612102439737e-02
7.940000000000000000e+14	6.500000000000000000e+00	3.805106547939444972e-02
1.000000000000000000e+15	6.500000000000000000e+00	3.317014029106169631e-02
1.260000000000000000e+15	6.500000000000000000e+00	2.629914909180615726e-02
1.580000000000000000e+15	6.500000000000000000e+00	1.829749273004841956e-02
2.000000000000000000e+15	6.500000000000000000e+00	9.611087504525266112e-03
2.510000000000000000e+15	6.500000000000000000e+00	1.221568579588758197e-03
3.160000000000000000e+15	6.500000000000000000e+00	-6.243777919990325075e-03
3.980000000000000000e+15	6.500000000000000000e+00	-1.248138025794711357e-02
5.010000000000000000e+15	6.500000000000000000e+00	-1.734693889650535878e-02
6.310000000000000000e+15	6.500000000000000000e+00	-2.087897739805805869e-02
7.940000000000000000e+15	6.500000000000000000e+00	-2.317126328020826034e-02
1.000000000000000000e+16	6.500000000000000000e+00	-2.440194001182234562e-02
1.260000000000000000e+16	6.500000000000000000e+00	-2.474261028766778711e-02
1.580000000000000000e+16	6.500000000000000000e+00	-2.441041724875839258e-02
2.000000000000000000e+16	6.500000000000000000e+00	-2.350090691210026186e-02
2.510000000000000000e+16	6.500000000000000000e+00	-2.227687440600844421e-02
3.160000000000000000e+16	6.500000000000000000e+00	-2.078764704833933191e-02
3.980000000000000000e+16	6.500000000000000000e+00	-1.915421085128100540e-02
5.010000000000000000e+16	6.500000000000000000e+00	-1.746735547138687436e-02
6.310000000000000000e+16	6.500000000000000000e+00	-1.577993345722984025e-02
7.940000000000000000e+16	6.500000000000000000e+00	-1.415035009988611057e-02
1.000000000000000000e+17	6.500000000000000000e+00	-1.259457545373240429e-02
1.000000000000000000e+11	7.500000000000000000e+00	1.219919607157627364e-05
1.258925411794166107e+11	7.500000000000000000e+00	1.537839119534733639e-05
1.584893192461110840e+11	7.500000000000000000e+00	1.940305037713875382e-05
1.995262314968882751e+11	7.500000000000000000e+00	2.451553467763559961e-05
2.511886431509582214e+11	7.500000000000000000e+00	3.104767538812481723e-05
3.162277660168379517e+11	7.500000000000000000e+00	3.947195967093187563e-05
3.981071705534969482e+11	7.500000000000000000e+00	5.048808190064429507e-05
5.011872336272714844e+11	7.500000000000000000e+00	6.516108117446891570e-05
6.309573444801943359e+11	7.500000000000000000e+00	8.499286287945122926e-05
7.943282347242821045e+11	7.500000000000000000e+00	1.097419087383912366e-04
1.000000000000000000e+12	7.500000000000000000e+00	1.235928396815032617e-04
1.260000000000000000e+12	7.500000000000000000e+00	1.308933482401414576e-04
1.580000000000000000e+12	7.500000000000000000e+00	1.507686275173051986e-04
2.000000000000000000e+12	7.500000000000000000e+00	1.808006727995907286e-04
2.510000000000000000e+12	7.500000000000000000e+00	2.198483121592918505e-04
3.160000000000000000e+12	7.500000000000000000e+00	2.716043867206394493e-04
3.980000000000000000e+12	7.500000000000000000e+00	3.387972529025445574e-04
5.010000000000000000e+12	7.500000000000000000e+00	4.246566112805552889e-04
6.310000000000000000e+12	7.500000000000000000e+00	5.338718447456965686e-04
7.940000000000000000e+12	7.500000000000000000e+00	6.724376543272214332e-04
1.000000000000000000e+13	7.500000000000000000e+00	8.493481736665898845e-04
1.260000000000000000e+13	7.500000000000000000e+00	1.067398657080637081e-03
1.580000000000000000e+13	7.500000000000000000e+00	1.333438954064637347e-03
2.000000000000000000e+13	7.500000000000000000e+00	1.688188789897032086e-03
2.510000000000000000e+13	7.500000000000000000e+00	2.117388427637585929e-03
3.160000000000000000e+13	7.500000000000000000e+00	2.666208739156541736e-03
3.980000000000000000e+13	7.500000000000000000e+00	3.359453271519808031e-03
5.010000000000000000e+13	7.500000000000000000e+00	4.224748685323584732e-03
6.310000000000000000e+13	7.500000000000000000e+00	5.315576310481179637e-03
7.940000000000000000e+13	7.500000000000000000e+00	6.695783885465970801e-03
1.000000000000000000e+14	7.500000000000000000e+00	8.495700941002038570e-03
1.260000000000000000e+14	7.500000000000000000e+00	1.090043169703550086e-02
1.580000000000000000e+14	7.500000000000000000e+00	1.410950605390761704e-02
2.000000000000000000e+14	7.500000000000000000e+00	1.861206203614559213e-02
2.510000000000000000e+14	7.500000000000000000e+00	2.394877446802595386e-02
3.160000000000000000e+14	7.500000000000000000e+00	2.998980571394125119e-02
3.980000000000000000e+14	7.500000000000000000e+00	3.553882651719497687e-02
5.010000000000000000e+14	7.500000000000000000e+00	3.911785009549337971e-02
6.310000000000000000e+14	7.500000000000000000e+00	3.990756921353772607e-02
7.940000000000000000e+14	7.500000000000000000e+00	3.764893759852858818e-02
1.000000000000000000e+15	7.500000000000000000e+00	3.284609802830156661e-02
1.260000000000000000e+15	7.500000000000000000e+00	2.618664114773200727e-02
1.580000000000000000e+15	7.500000000000000000e+00	1.703420132107074866e-02
2.000000000000000000e+15	7.500000000000000000e+00	7.592299035199307281e-03
2.510000000000000000e+15	7.500000000000000000e+00	3.737452186700262395e-04
3.160000000000000000e+15	7.500000000000000000e+00	-6.660518530349887958e-03
3.980000000000000000e+15	7.500000000000000000e+00	-1.261742623984453936e-02
5.010000000000000000e+15	7.500000000000000000e+00	-1.728368761906431961e-02
6.310000000000000000e+15	7.500000000000000000e+00	-2.067268276592840529e-02
7.940000000000000000e+15	7.500000000000000000e+00	-2.286638943691155293e-02
1.000000000000000000e+16	7.500000000000000000e+00	-2.403203901233125911e-02
1.260000000000000000e+16	7.500000000000000000e+00	-2.433547985647072087e-02
1.580000000000000000e+16	7.500000000000000000e+00	-2.398719342080631381e-02
2.000000000000000000e+16	7.500000000000000000e+00	-2.307791211177285043e-02
2.510000000000000000e+16	7.500000000000000000e+00	-2.186523498200158150e-02
3.160000000000000000e+16	7.500000000000000000e+00	-2.039527113010762907e-02
3.980000000000000000e+16	7.500000000000000000e+00	-1.878744805515155519e-02
5.010000000000000000e+16	7.500000000000000000e+00	-1.712861139561751636e-02
6.310000000000000000e+16	7.500000000000000000e+00	-1.547107665845679804e-02
7.940000000000000000e+16	7.500000000000000000e+00	-1.387150095827455708e-02
1.000000000000000000e+17	7.500000000000000000e+00	-1.234426408394015059e-02
1.000000000000000000e+11	9.000000000000000000e+00	1.175859401756353288e-05
1.258925411794166107e+11	9.000000000000000000e+00	1.482217659397504361e-05
1.584893192461110840e+11	9.000000000000000000e+00	1.869950297016544061e-05
1.995262314968882751e+11	9.000000000000000000e+00	2.362308034986368880e-05
2.511886431509582214e+11	9.000000000000000000e+00	2.991019165969615337e-05
3.162277660168379517e+11	9.000000000000000000e+00	3.801071867294034221e-05
3.981071705534969482e+11	9.000000000000000000e+00	4.858506746669251423e-05
5.011872336272714844e+11	9.000000000000000000e+00	6.263690729354858770e-05
6.309573444801943359e+11	9.000000000000000000e+00	8.139472746468153863e-05
7.943282347242821045e+11	9.000000000000000000e+00	1.031908318949465038e-04
1.000000000000000000e+12	9.000000000000000000e+00	1.168940829687832204e-04
1.260000000000000000e+12	9.000000000000000000e+00	1.278199059059177353e-04
1.580000000000000000e+12	9.000000000000000000e+00	1.494158234808898062e-04
2.000000000000000000e+12	9.000000000000000000e+00	1.801073115065312516e-04
2.510000000000000000e+12	9.000000000000000000e+00	2.197894116763429370e-04
3.160000000000000000e+12	9.000000000000000000e+00	2.731740582340748402e-04
3.980000000000000000e+12	9.000000000000000000e+00	3.416793831294016371e-04
5.010000000000000000e+12	9.000000000000000000e+00	4.278434006332094584e-04
6.310000000000000000e+12	9.000000000000000000e+00	5.375361630589320502e-04
7.940000000000000000e+12	9.000000000000000000e+00	6.757834363122523910e-04
1.000000000000000000e+13	9.000000000000000000e+00	8.505370960185202342e-04
1.260000000000000000e+13	9.000000000000000000e+00	1.072218666694898072e-03
1.580000000000000000e+13	9.000000000000000000e+00	1.342990387510938121e-03
2.000000000000000000e+13	9.000000000000000000e+00	1.696969898691693757e-03
2.510000000000000000e+13	9.000000000000000000e+00	2.134091186500740485e-03
3.160000000000000000e+13	9.000000000000000000e+00	2.689561419319937315e-03
3.980000000000000000e+13	9.000000000000000000e+00	3.389738181574253675e-03
5.010000000000000000e+13	9.000000000000000000e+00	4.261697440280733801e-03
6.310000000000000000e+13	9.000000000000000000e+00	5.357673424800066947e-03
7.940000000000000000e+13	9.000000000000000000e+00	6.745406008831747631e-03
1.000000000000000000e+14	9.000000000000000000e+00	8.560764331191612550e-03
1.260000000000000000e+14	9.000000000000000000e+00	1.099913879682319802e-02
1.580000000000000000e+14	9.000000000000000000e+00	1.427207437955618427e-02
2.000000000000000000e+14	9.000000000000000000e+00	1.875743583890494837e-02
2.510000000000000000e+14	9.000000000000000000e+00	2.420662938879835496e-02
3.160000000000000000e+14	9.000000000000000000e+00	3.021195791078537876e-02
3.980000000000000000e+14	9.000000000000000000e+00	3.566638912107114590e-02
5.010000000000000000e+14	9.000000000000000000e+00	3.932577246426825074e-02
6.310000000000000000e+14	9.000000000000000000e+00	4.034158482951279157e-02
7.940000000000000000e+14	9.000000000000000000e+00	3.846152434524129776e-02
1.000000000000000000e+15	9.000000000000000000e+00	3.369612477505989911e-02
1.260000000000000000e+15	9.000000000000000000e+00	2.593948333989132271e-02
1.580000000000000000e+15	9.000000000000000000e+00	1.856410034363436753e-02
2.000000000000000000e+15	9.000000000000000000e+00	1.096140094511273248e-02
2.510000000000000000e+15	9.000000000000000000e+00	1.725927487393180866e-03
3.160000000000000000e+15	9.000000000000000000e+00	-6.016528458693181682e-03
3.980000000000000000e+15	9.000000000000000000e+00	-1.243073586805100959e-02
5.010000000000000000e+15	9.000000000000000000e+00	-1.742068563597166594e-02
6.310000000000000000e+15	9.000000000000000000e+00	-2.104139169331234460e-02
7.940000000000000000e+15	9.000000000000000000e+00	-2.339443694250620612e-02
1.000000000000000000e+16	9.000000000000000000e+00	-2.466412643880399810e-02
1.260000000000000000e+16	9.000000000000000000e+00	-2.502637707645722492e-02
1.580000000000000000e+16	9.000000000000000000e+00	-2.470238595333199005e-02
2.000000000000000000e+16	9.000000000000000000e+00	-2.379066192159615817e-02
2.510000000000000000e+16	9.000000000000000000e+00	-2.255748071427435622e-02
3.160000000000000000e+16	9.000000000000000000e+00	-2.105383335241347437e-02
3.980000000000000000e+16	9.000000000000000000e+00	-1.940262041782630370e-02
5.010000000000000000e+16	9.000000000000000000e+00	-1.769599940542282077e-02
6.310000000000000000e+16	9.000000000000000000e+00	-1.598834662304482804e-02
7.940000000000000000e+16	9.000000000000000000e+00	-1.433895587779085781e-02
1.000000000000000000e+17	9.000000000000000000e+00	-1.276294604175065746e-02
1.000000000000000000e+11	1.100000000000000000e+01	1.145005700155509801e-05
1.258925411794166107e+11	1.100000000000000000e+01	1.443256442146993314e-05
1.584893192461110840e+11	1.100000000000000000e+01	1.820809754211579192e-05
1.995262314968882751e+11	1.100000000000000000e+01	2.300259999686405597e-05
2.511886431509582214e+11	1.100000000000000000e+01	2.912517605717158443e-05
3.162277660168379517e+11	1.100000000000000000e+01	3.701295955182193521e-05
3.981071705534969482e+11	1.100000000000000000e+01	4.731318121630323362e-05
5.011872336272714844e+11	1.100000000000000000e+01	6.099064706470963125e-05
6.309573444801943359e+11	1.100000000000000000e+01	7.922433581252390558e-05
7.943282347242821045e+11	1.100000000000000000e+01	9.995307157461267482e-05
1.000000000000000000e+12	1.100000000000000000e+01	1.131868622911945535e-04
1.260000000000000000e+12	1.100000000000000000e+01	1.239559928167100573e-04
1.580000000000000000e+12	1.100000000000000000e+01	1.448597831243168084e-04
2.000000000000000000e+12	1.100000000000000000e+01	1.762827104208749770e-04
2.510000000000000000e+12	1.100000000000000000e+01	2.161083356622193585e-04
3.160000000000000000e+12	1.100000000000000000e+01	2.674369357749665404e-04
3.980000000000000000e+12	1.100000000000000000e+01	3.338043082731681596e-04
5.010000000000000000e+12	1.100000000000000000e+01	4.203356056614073995e-04
6.310000000000000000e+12	1.100000000000000000e+01	5.305016348502079480e-04
7.940000000000000000e+12	1.100000000000000000e+01	6.684682862766377822e-04
1.000000000000000000e+13	1.100000000000000000e+01	8.423603932078792397e-04
1.260000000000000000e+13	1.100000000000000000e+01	1.060476090745821097e-03
1.580000000000000000e+13	1.100000000000000000e+01	1.329412780560573076e-03
2.000000000000000000e+13	1.100000000000000000e+01	1.683137970200352046e-03
2.510000000000000000e+13	1.100000000000000000e+01	2.113172724661055522e-03
3.160000000000000000e+13	1.100000000000000000e+01	2.663102252758214189e-03
3.980000000000000000e+13	1.100000000000000000e+01	3.356474566731442941e-03
5.010000000000000000e+13	1.100000000000000000e+01	4.220193662790902578e-03
6.310000000000000000e+13	1.100000000000000000e+01	5.306521581835739985e-03
7.940000000000000000e+13	1.100000000000000000e+01	6.688483782639041524e-03
1.000000000000000000e+14	1.100000000000000000e+01	8.474329238131775646e-03
1.260000000000000000e+14	1.100000000000000000e+01	1.087314343310184610e-02
1.580000000000000000e+14	1.100000000000000000e+01	1.408631946311009187e-02
2.000000000000000000e+14	1.100000000000000000e+01	1.860234604532695277e-02
2.510000000000000000e+14	1.100000000000000000e+01	2.397334079588661973e-02
3.160000000000000000e+14	1.100000000000000000e+01	2.985327348236621950e-02
3.980000000000000000e+14	1.100000000000000000e+01	3.524162191762093832e-02
5.010000000000000000e+14	1.100000000000000000e+01	3.943481051983432906e-02
6.310000000000000000e+14	1.100000000000000000e+01	3.986558915787197926e-02
7.940000000000000000e+14	1.100000000000000000e+01	3.697194067384480115e-02
1.000000000000000000e+15	1.100000000000000000e+01	3.169285634137006258e-02
1.260000000000000000e+15	1.100000000000000000e+01	2.648387788107040702e-02
1.580000000000000000e+15	1.100000000000000000e+01	1.786415453258270725e-02
2.000000000000000000e+15	1.100000000000000000e+01	8.157935356614007261e-03
2.510000000000000000e+15	1.100000000000000000e+01	6.756952326027254119e-04
3.160000000000000000e+15	1.100000000000000000e+01	-6.454145227962794149e-03
3.980000000000000000e+15	1.100000000000000000e+01	-1.246613306781500265e-02
5.010000000000000000e+15	1.100000000000000000e+01	-1.716892790935192412e-02
6.310000000000000000e+15	1.100000000000000000e+01	-2.058407482886539727e-02
7.940000000000000000e+15	1.100000000000000000e+01	-2.279715223455167084e-02
1.000000000000000000e+16	1.100000000000000000e+01	-2.397764580227242440e-02
1.260000000000000000e+16	1.100000000000000000e+01	-2.429258929820087357e-02
1.580000000000000000e+16	1.100000000000000000e+01	-2.395314477840308418e-02
2.000000000000000000e+16	1.100000000000000000e+01	-2.305107734867109515e-02
2.510000000000000000e+16	1.100000000000000000e+01	-2.184379978090332172e-02
3.160000000000000000e+16	1.100000000000000000e+01	-2.037889982140228887e-02
3.980000000000000000e+16	1.100000000000000000e+01	-1.877398658472809526e-02
5.010000000000000000e+16	1.100000000000000000e+01	-1.711820621241877047e-02
6.310000000000000000e+16	1.100000000000000000e+01	-1.546257373972665002e-02
7.940000000000000000e+16	1.100000000000000000e+01	-1.386477092585743608e-02
1.000000000000000000e+17	1.100000000000000000e+01	-1.233892224457830422e-02
1.000000000000000000e+11	1.300000000000000000e+01	1.106048799398846054e-05
1.258925411794166107e+11	1.300000000000000000e+01	1.394160190876902989e-05
1.584893192461110840e+11	1.300000000000000000e+01	1.758766905700168143e-05
1.995262314968882751e+11	1.300000000000000000e+01	2.221688683328580484e-05
2.511886431509582214e+11	1.300000000000000000e+01	2.812642380313777396e-05
3.162277660168379517e+11	1.300000000000000000e+01	3.573673991124962486e-05
3.981071705534969482e+11	1.300000000000000000e+01	4.566119313371161479e-05
5.011872336272714844e+11	1.300000000000000000e+01	5.881413225000393339e-05
6.309573444801943359e+11	1.300000000000000000e+01	7.620535889137685574e-05
7.943282347242821045e+11	1.300000000000000000e+01	9.476288608235409496e-05
1.000000000000000000e+12	1.300000000000000000e+01	1.077501886672169846e-04
1.260000000000000000e+12	1.300000000000000000e+01	1.206943166394296895e-04
1.580000000000000000e+12	1.300000000000000000e+01	1.423482878504253395e-04
2.000000000000000000e+12	1.300000000000000000e+01	1.740639510895953352e-04
2.510000000000000000e+12	1.300000000000000000e+01	2.136444085482369106e-04
3.160000000000000000e+12	1.300000000000000000e+01	2.668398504617682811e-04
3.980000000000000000e+12	1.300000000000000000e+01	3.341171776761721010e-04
5.010000000000000000e+12	1.300000000000000000e+01	4.182576660334567974e-04
6.310000000000000000e+12	1.300000000000000000e+01	5.269405440131672436e-04
7.940000000000000000e+12	1.300000000000000000e+01	6.628702312223327042e-04
1.000000000000000000e+13	1.300000000000000000e+01	8.355446411230883427e-04
1.260000000000000000e+13	1.300000000000000000e+01	1.053471208192075176e-03
1.580000000000000000e+13	1.300000000000000000e+01	1.321240167887960046e-03
2.000000000000000000e+13	1.300000000000000000e+01	1.673151881287416850e-03
2.510000000000000000e+13	1.300000000000000000e+01	2.100861567758872776e-03
3.160000000000000000e+13	1.300000000000000000e+01	2.647704821618757261e-03
3.980000000000000000e+13	1.300000000000000000e+01	3.337005196073345586e-03
5.010000000000000000e+13	1.300000000000000000e+01	4.195267686520814075e-03
6.310000000000000000e+13	1.300000000000000000e+01	5.274136407870398495e-03
7.940000000000000000e+13	1.300000000000000000e+01	6.636181732377679880e-03
1.000000000000000000e+14	1.300000000000000000e+01	8.429824153106288756e-03
1.260000000000000000e+14	1.300000000000000000e+01	1.083604427574623788e-02
1.580000000000000000e+14	1.300000000000000000e+01	1.401017218537642731e-02
2.000000000000000000e+14	1.300000000000000000e+01	1.845034360954207059e-02
2.510000000000000000e+14	1.300000000000000000e+01	2.386963101279598876e-02
3.160000000000000000e+14	1.300000000000000000e+01	2.979923577120124553e-02
3.980000000000000000e+14	1.300000000000000000e+01	3.499652294255418267e-02
5.010000000000000000e+14	1.300000000000000000e+01	3.835992521236338687e-02
6.310000000000000000e+14	1.300000000000000000e+01	3.917402386257520797e-02
7.940000000000000000e+14	1.300000000000000000e+01	3.834587809028257299e-02
1.000000000000000000e+15	1.300000000000000000e+01	3.391358949473378265e-02
1.260000000000000000e+15	1.300000000000000000e+01	2.491748908126177955e-02
1.580000000000000000e+15	1.300000000000000000e+01	1.655108354211468416e-02
2.000000000000000000e+15	1.300000000000000000e+01	8.880254560926316432e-03
2.510000000000000000e+15	1.300000000000000000e+01	8.458920922331017965e-04
3.160000000000000000e+15	1.300000000000000000e+01	-6.363077482234149283e-03
3.980000000000000000e+15	1.300000000000000000e+01	-1.240659540781491495e-02
5.010000000000000000e+15	1.300000000000000000e+01	-1.712637774496486229e-02
6.310000000000000000e+15	1.300000000000000000e+01	-2.055229533247950394e-02
7.940000000000000000e+15	1.300000000000000000e+01	-2.277280043617525493e-02
1.000000000000000000e+16	1.300000000000000000e+01	-2.395873650394321486e-02
1.260000000000000000e+16	1.300000000000000000e+01	-2.427776283524248763e-02
1.580000000000000000e+16	1.300000000000000000e+01	-2.394142482283632967e-02
2.000000000000000000e+16	1.300000000000000000e+01	-2.304188044708218100e-02
2.510000000000000000e+16	1.300000000000000000e+01	-2.183658298169315407e-02
3.160000000000000000e+16	1.300000000000000000e+01	-2.037269430262299633e-02
3.980000000000000000e+16	1.300000000000000000e+01	-1.876942435235492285e-02
5.010000000000000000e+16	1.300000000000000000e+01	-1.711443849936342132e-02
6.310000000000000000e+16	1.300000000000000000e+01	-1.545968581191452598e-02
7.940000000000000000e+16	1.300000000000000000e+01	-1.386246288176480428e-02
1.000000000000000000e+17	1.300000000000000000e+01	-1.233709705032424303e-02
1.000000000000000000e+11	1.500000000000000000e+01	1.098975081150647211e-05
1.258925411794166107e+11	1.500000000000000000e+01	1.385182661966551229e-05
1.584893192461110840e+11	1.500000000000000000e+01	1.747325835346806794e-05
1.995262314968882751e+11	1.500000000000000000e+01	2.206988584153585169e-05
2.511886431509582214e+11	1.500000000000000000e+01	2.793553002819700092e-05
3.162277660168379517e+11	1.500000000000000000e+01	3.548392729025037589e-05
3.981071705534969482e+11	1.500000000000000000e+01	4.531589510789311602e-05
5.011872336272714844e+11	1.500000000000000000e+01	5.828122071746544286e-05
6.309573444801943359e+11	1.500000000000000000e+01	7.541524702074916078e-05
7.943282347242821045e+11	1.500000000000000000e+01	9.300032371360362235e-05
1.000000000000000000e+12	1.500000000000000000e+01	1.054529181946920515e-04
1.260000000000000000e+12	1.500000000000000000e+01	1.209293890783195237e-04
1.580000000000000000e+12	1.500000000000000000e+01	1.446506170615265423e-04
2.000000000000000000e+12	1.500000000000000000e+01	1.765317916907282005e-04
2.510000000000000000e+12	1.500000000000000000e+01	2.172965604380204150e-04
3.160000000000000000e+12	1.500000000000000000e+01	2.697318204702960293e-04
3.980000000000000000e+12	1.500000000000000000e+01	3.378214252510511459e-04
5.010000000000000000e+12	1.500000000000000000e+01	4.246078142750113731e-04
6.310000000000000000e+12	1.500000000000000000e+01	5.349452878438780683e-04
7.940000000000000000e+12	1.500000000000000000e+01	6.753457987451934059e-04
1.000000000000000000e+13	1.500000000000000000e+01	8.514677853517704439e-04
1.260000000000000000e+13	1.500000000000000000e+01	1.072152649300533523e-03
1.580000000000000000e+13	1.500000000000000000e+01	1.343638217222469476e-03
2.000000000000000000e+13	1.500000000000000000e+01	1.702002703169182805e-03
2.510000000000000000e+13	1.500000000000000000e+01	2.139481400721022705e-03
3.160000000000000000e+13	1.500000000000000000e+01	2.696319149778973918e-03
3.980000000000000000e+13	1.500000000000000000e+01	3.396468375798070323e-03
5.010000000000000000e+13	1.500000000000000000e+01	4.271317143401012588e-03
6.310000000000000000e+13	1.500000000000000000e+01	5.372201813128781381e-03
7.940000000000000000e+13	1.500000000000000000e+01	6.763131873646022196e-03
1.000000000000000000e+14	1.500000000000000000e+01	8.573949972768397931e-03
1.260000000000000000e+14	1.500000000000000000e+01	1.099770275985239437e-02
1.580000000000000000e+14	1.500000000000000000e+01	1.422858636678911610e-02
2.000000000000000000e+14	1.500000000000000000e+01	1.875078559488325622e-02
2.510000000000000000e+14	1.500000000000000000e+01	2.420304698462325682e-02
3.160000000000000000e+14	1.500000000000000000e+01	3.031809613674429221e-02
3.980000000000000000e+14	1.500000000000000000e+01	3.604937300296270908e-02
5.010000000000000000e+14	1.500000000000000000e+01	4.011151912102847716e-02
6.310000000000000000e+14	1.500000000000000000e+01	4.068357505802172591e-02
7.940000000000000000e+14	1.500000000000000000e+01	3.803244279490437807e-02
1.000000000000000000e+15	1.500000000000000000e+01	3.266762668803660508e-02
1.260000000000000000e+15	1.500000000000000000e+01	2.652848199878984209e-02
1.580000000000000000e+15	1.500000000000000000e+01	1.962342673053760894e-02
2.000000000000000000e+15	1.500000000000000000e+01	1.010462213866899876e-02
2.510000000000000000e+15	1.500000000000000000e+01	1.468251475193557525e-03
3.160000000000000000e+15	1.500000000000000000e+01	-6.169315584325228696e-03
3.980000000000000000e+15	1.500000000000000000e+01	-1.253587915557596334e-02
5.010000000000000000e+15	1.500000000000000000e+01	-1.749790953281219613e-02
6.310000000000000000e+15	1.500000000000000000e+01	-2.109996000718655784e-02
7.940000000000000000e+15	1.500000000000000000e+01	-2.343972636955780550e-02
1.000000000000000000e+16	1.500000000000000000e+01	-2.469948018509706203e-02
1.260000000000000000e+16	1.500000000000000000e+01	-2.505413459533047116e-02
1.580000000000000000e+16	1.500000000000000000e+01	-2.472440638697011306e-02
2.000000000000000000e+16	1.500000000000000000e+01	-2.380797665248197276e-02
2.510000000000000000e+16	1.500000000000000000e+01	-2.257124217756011422e-02
3.160000000000000000e+16	1.500000000000000000e+01	-2.106439958732646278e-02
3.980000000000000000e+16	1.500000000000000000e+01	-1.941128325137797886e-02
5.010000000000000000e+16	1.500000000000000000e+01	-1.770320056638968048e-02
6.310000000000000000e+16	1.500000000000000000e+01	-1.599389301468594204e-02
7.940000000000000000e+16	1.500000000000000000e+01	-1.434328208958918910e-02
1.000000000000000000e+17	1.500000000000000000e+01	-1.276638313605923600e-02
1.000000000000000000e+11	1.700000000000000000e+01	1.062930849293735283e-05
1.258925411794166107e+11	1.700000000000000000e+01	1.339757964159087876e-05
1.584893192461110840e+11	1.700000000000000000e+01	1.690038890070521250e-05
1.995262314968882751e+11	1.700000000000000000e+01	2.134668357046399492e-05
2.511886431509582214e+11	1.700000000000000000e+01	2.702184800135603944e-05
3.162277660168379517e+11	1.700000000000000000e+01	3.432373396842001409e-05
3.981071705534969482e+11	1.700000000000000000e+01	4.383641478603686898e-05
5.011872336272714844e+11	1.700000000000000000e+01	5.640940790257413241e-05
6.309573444801943359e+11	1.700000000000000000e+01	7.289856878750035406e-05
7.943282347242821045e+11	1.700000000000000000e+01	8.919366561323237590e-05
1.000000000000000000e+12	1.700000000000000000e+01	1.017702063398412870e-04
1.260000000000000000e+12	1.700000000000000000e+01	1.164563301471874588e-04
1.580000000000000000e+12	1.700000000000000000e+01	1.381371461887493475e-04
2.000000000000000000e+12	1.700000000000000000e+01	1.704150668103677449e-04
2.510000000000000000e+12	1.700000000000000000e+01	2.120527666826190112e-04
3.160000000000000000e+12	1.700000000000000000e+01	2.644091016504414911e-04
3.980000000000000000e+12	1.700000000000000000e+01	3.321527361137439622e-04
5.010000000000000000e+12	1.700000000000000000e+01	4.193172990253478285e-04
6.310000000000000000e+12	1.700000000000000000e+01	5.269263369714787589e-04
7.940000000000000000e+12	1.700000000000000000e+01	6.621437789007022026e-04
1.000000000000000000e+13	1.700000000000000000e+01	8.351177721786396269e-04
1.260000000000000000e+13	1.700000000000000000e+01	1.052191289486318878e-03
1.580000000000000000e+13	1.700000000000000000e+01	1.320957610614599239e-03
2.000000000000000000e+13	1.700000000000000000e+01	1.673380745448849703e-03
2.510000000000000000e+13	1.700000000000000000e+01	2.101533487282219829e-03
3.160000000000000000e+13	1.700000000000000000e+01	2.648944206363537668e-03
3.980000000000000000e+13	1.700000000000000000e+01	3.339494610653436380e-03
5.010000000000000000e+13	1.700000000000000000e+01	4.198381779905654976e-03
6.310000000000000000e+13	1.700000000000000000e+01	5.272717916325738059e-03
7.940000000000000000e+13	1.700000000000000000e+01	6.646596841757912780e-03
1.000000000000000000e+14	1.700000000000000000e+01	8.436623094329838077e-03
1.260000000000000000e+14	1.700000000000000000e+01	1.081690766649087872e-02
1.580000000000000000e+14	1.700000000000000000e+01	1.400533491142344315e-02
2.000000000000000000e+14	1.700000000000000000e+01	1.845798670341714312e-02
2.510000000000000000e+14	1.700000000000000000e+01	2.386968722007840743e-02
3.160000000000000000e+14	1.700000000000000000e+01	2.979736694576221034e-02
3.980000000000000000e+14	1.700000000000000000e+01	3.499258749750811665e-02
5.010000000000000000e+14	1.700000000000000000e+01	3.829843070615757128e-02
6.310000000000000000e+14	1.700000000000000000e+01	3.981786851932125892e-02
7.940000000000000000e+14	1.700000000000000000e+01	3.760520278146068512e-02
1.000000000000000000e+15	1.700000000000000000e+01	3.277187679742896848e-02
1.260000000000000000e+15	1.700000000000000000e+01	2.569329249285177280e-02
1.580000000000000000e+15	1.700000000000000000e+01	1.674504942012231337e-02
2.000000000000000000e+15	1.700000000000000000e+01	8.982726116898804777e-03
2.510000000000000000e+15	1.700000000000000000e+01	9.127069144879955279e-04
3.160000000000000000e+15	1.700000000000000000e+01	-6.315851431915034918e-03
3.980000000000000000e+15	1.700000000000000000e+01	-1.237164756732417673e-02
5.010000000000000000e+15	1.700000000000000000e+01	-1.709972896547794566e-02
6.310000000000000000e+15	1.700000000000000000e+01	-2.053168612038445973e-02
7.940000000000000000e+15	1.700000000000000000e+01	-2.275668844871297711e-02
1.000000000000000000e+16	1.700000000000000000e+01	-2.394606938985524916e-02
1.260000000000000000e+16	1.700000000000000000e+01	-2.426750757505660022e-02
1.580000000000000000e+16	1.700000000000000000e+01	-2.393351422300516243e-02
2.000000000000000000e+16	1.700000000000000000e+01	-2.303562681714469221e-02
2.510000000000000000e+16	1.700000000000000000e+01	-2.183162201784579967e-02
3.160000000000000000e+16	1.700000000000000000e+01	-2.036860699138221681e-02
3.980000000000000000e+16	1.700000000000000000e+01	-1.876626643109616591e-02
5.010000000000000000e+16	1.700000000000000000e+01	-1.711195221726457757e-02
6.310000000000000000e+16	1.700000000000000000e+01	-1.545771368181627671e-02
7.940000000000000000e+16	1.700000000000000000e+01	-1.386089663038137139e-02
1.000000000000000000e+17	1.700000000000000000e+01	-1.233585373834248343e-02
1.000000000000000000e+11	1.900000000000000000e+01	1.063824041876235923e-05
1.258925411794166107e+11	1.900000000000000000e+01	1.340812736187995801e-05
1.584893192461110840e+11	1.900000000000000000e+01	1.691221072841246566e-05
1.995262314968882751e+11	1.900000000000000000e+01	2.135855304353816828e-05
2.511886431509582214e+11	1.900000000000000000e+01	2.702969712246215483e-05
3.162277660168379517e+11	1.900000000000000000e+01	3.432223806166635543e-05
3.981071705534969482e+11	1.900000000000000000e+01	4.380685271719007178e-05
5.011872336272714844e+11	1.900000000000000000e+01	5.631058215246846480e-05
6.309573444801943359e+11	1.900000000000000000e+01	7.260264899193084138e-05
7.943282347242821045e+11	1.900000000000000000e+01	8.803275736709868294e-05
1.000000000000000000e+12	1.900000000000000000e+01	1.003034668864528439e-04
1.260000000000000000e+12	1.900000000000000000e+01	1.173473271483765987e-04
1.580000000000000000e+12	1.900000000000000000e+01	1.428702789628325356e-04
2.000000000000000000e+12	1.900000000000000000e+01	1.765229856654237939e-04
2.510000000000000000e+12	1.900000000000000000e+01	2.164810715163647734e-04
3.160000000000000000e+12	1.900000000000000000e+01	2.702577116417175982e-04
3.980000000000000000e+12	1.900000000000000000e+01	3.399652348398530914e-04
5.010000000000000000e+12	1.900000000000000000e+01	4.265168698547108783e-04
6.310000000000000000e+12	1.900000000000000000e+01	5.371655034540528994e-04
7.940000000000000000e+12	1.900000000000000000e+01	6.774640363574279366e-04
1.000000000000000000e+13	1.900000000000000000e+01	8.547734393411816770e-04
1.260000000000000000e+13	1.900000000000000000e+01	1.078214913117288678e-03
1.580000000000000000e+13	1.900000000000000000e+01	1.352201014912506917e-03
2.000000000000000000e+13	1.900000000000000000e+01	1.714127736104027961e-03
2.510000000000000000e+13	1.900000000000000000e+01	2.154581166271832271e-03
3.160000000000000000e+13	1.900000000000000000e+01	2.714117043775118344e-03
3.980000000000000000e+13	1.900000000000000000e+01	3.419195299708279769e-03
5.010000000000000000e+13	1.900000000000000000e+01	4.299426839245376608e-03
6.310000000000000000e+13	1.900000000000000000e+01	5.407594525902907970e-03
7.940000000000000000e+13	1.900000000000000000e+01	6.803820679815426528e-03
1.000000000000000000e+14	1.900000000000000000e+01	8.616615794671118184e-03
1.260000000000000000e+14	1.900000000000000000e+01	1.106970382052313746e-02
1.580000000000000000e+14	1.900000000000000000e+01	1.434345164899417623e-02
2.000000000000000000e+14	1.900000000000000000e+01	1.895476763823369590e-02
2.510000000000000000e+14	1.900000000000000000e+01	2.439693226049008401e-02
3.160000000000000000e+14	1.900000000000000000e+01	3.033637050266193430e-02
3.980000000000000000e+14	1.900000000000000000e+01	3.623199508137379954e-02
5.010000000000000000e+14	1.900000000000000000e+01	4.007500332283738670e-02
6.310000000000000000e+14	1.900000000000000000e+01	4.030187031775404882e-02
7.940000000000000000e+14	1.900000000000000000e+01	3.788040808203844284e-02
1.000000000000000000e+15	1.900000000000000000e+01	3.256959274076276500e-02
1.260000000000000000e+15	1.900000000000000000e+01	2.645846088122342371e-02
1.580000000000000000e+15	1.900000000000000000e+01	1.957035932602619807e-02
2.000000000000000000e+15	1.900000000000000000e+01	1.006448067936804337e-02
2.510000000000000000e+15	1.900000000000000000e+01	1.436926948577391160e-03
3.160000000000000000e+15	1.900000000000000000e+01	-6.193862406216291139e-03
3.980000000000000000e+15	1.900000000000000000e+01	-1.255521600900309787e-02
5.010000000000000000e+15	1.900000000000000000e+01	-1.751319310639383106e-02
6.310000000000000000e+15	1.900000000000000000e+01	-2.111206012607778210e-02
7.940000000000000000e+15	1.900000000000000000e+01	-2.344969159279715679e-02
1.000000000000000000e+16	1.900000000000000000e+01	-2.470708379764990567e-02
1.260000000000000000e+16	1.900000000000000000e+01	-2.506016391445660060e-02
1.580000000000000000e+16	1.900000000000000000e+01	-2.472918873611340204e-02
2.000000000000000000e+16	1.900000000000000000e+01	-2.381176013369721775e-02
2.510000000000000000e+16	1.900000000000000000e+01	-2.257426191361572992e-02
3.160000000000000000e+16	1.900000000000000000e+01	-2.106680594205865079e-02
3.980000000000000000e+16	1.900000000000000000e+01	-1.941319162265652681e-02
5.010000000000000000e+16	1.900000000000000000e+01	-1.770471449346527198e-02
6.310000000000000000e+16	1.900000000000000000e+01	-1.599508892898457435e-02
7.940000000000000000e+16	1.900000000000000000e+01	-1.434424425992195454e-02
1.000000000000000000e+17	1.900000000000000000e+01	-1.276714106376234011e-02
1.000000000000000000e+11	2.100000000000000000e+01	1.023917315013920516e-05
1.258925411794166107e+11	2.100000000000000000e+01	1.290518612842110433e-05
1.584893192461110840e+11	2.100000000000000000e+01	1.627801078754578578e-05
1.995262314968882751e+11	2.100000000000000000e+01	2.055806062735873979e-05
2.511886431509582214e+11	2.100000000000000000e+01	2.601761473001359192e-05
3.162277660168379517e+11	2.100000000000000000e+01	3.303771079221357580e-05
3.981071705534969482e+11	2.100000000000000000e+01	4.217145268082994792e-05
5.011872336272714844e+11	2.100000000000000000e+01	5.419597224139541573e-05
6.309573444801943359e+11	2.100000000000000000e+01	6.982562679131628096e-05
7.943282347242821045e+11	2.100000000000000000e+01	8.386362962064291475e-05
1.000000000000000000e+12	2.100000000000000000e+01	9.564007555575345244e-05
1.260000000000000000e+12	2.100000000000000000e+01	1.138440136079380758e-04
1.580000000000000000e+12	2.100000000000000000e+01	1.379684537465323223e-04
2.000000000000000000e+12	2.100000000000000000e+01	1.690093017350598377e-04
2.510000000000000000e+12	2.100000000000000000e+01	2.096614485409521668e-04
3.160000000000000000e+12	2.100000000000000000e+01	2.635368600445854408e-04
3.980000000000000000e+12	2.100000000000000000e+01	3.310133709303718233e-04
5.010000000000000000e+12	2.100000000000000000e+01	4.159147025913811544e-04
6.310000000000000000e+12	2.100000000000000000e+01	5.233192211279903304e-04
7.940000000000000000e+12	2.100000000000000000e+01	6.583215041516481776e-04
1.000000000000000000e+13	2.100000000000000000e+01	8.298922067489486248e-04
1.260000000000000000e+13	2.100000000000000000e+01	1.046352672004931261e-03
1.580000000000000000e+13	2.100000000000000000e+01	1.311747986305980941e-03
2.000000000000000000e+13	2.100000000000000000e+01	1.660956316797471827e-03
2.510000000000000000e+13	2.100000000000000000e+01	2.089388995000540043e-03
3.160000000000000000e+13	2.100000000000000000e+01	2.633438801184975232e-03
3.980000000000000000e+13	2.100000000000000000e+01	3.317836257767430453e-03
5.010000000000000000e+13	2.100000000000000000e+01	4.171150943112272511e-03
6.310000000000000000e+13	2.100000000000000000e+01	5.240444783223763107e-03
7.940000000000000000e+13	2.100000000000000000e+01	6.600053851522725418e-03
1.000000000000000000e+14	2.100000000000000000e+01	8.382318804185459257e-03
1.260000000000000000e+14	2.100000000000000000e+01	1.077108435428079068e-02
1.580000000000000000e+14	2.100000000000000000e+01	1.392315368817771681e-02
2.000000000000000000e+14	2.100000000000000000e+01	1.833403886658363513e-02
2.510000000000000000e+14	2.100000000000000000e+01	2.371422103228066139e-02
3.160000000000000000e+14	2.100000000000000000e+01	2.958265774432242839e-02
3.980000000000000000e+14	2.100000000000000000e+01	3.463724044204018887e-02
5.010000000000000000e+14	2.100000000000000000e+01	3.789109472258331279e-02
6.310000000000000000e+14	2.100000000000000000e+01	3.887233250119169481e-02
7.940000000000000000e+14	2.100000000000000000e+01	3.755128496546587119e-02
1.000000000000000000e+15	2.100000000000000000e+01	3.392773467495057566e-02
1.260000000000000000e+15	2.100000000000000000e+01	2.611682688347118780e-02
1.580000000000000000e+15	2.100000000000000000e+01	1.701168420303285009e-02
2.000000000000000000e+15	2.100000000000000000e+01	9.168564247024524674e-03
2.510000000000000000e+15	2.100000000000000000e+01	1.051049400367395784e-03
3.160000000000000000e+15	2.100000000000000000e+01	-6.210376673777062012e-03
3.980000000000000000e+15	2.100000000000000000e+01	-1.228993983399743160e-02
5.010000000000000000e+15	2.100000000000000000e+01	-1.703583635211433286e-02
6.310000000000000000e+15	2.100000000000000000e+01	-2.048143947990711811e-02
7.940000000000000000e+15	2.100000000000000000e+01	-2.271699535178677357e-02
1.000000000000000000e+16	2.100000000000000000e+01	-2.391467111859955919e-02
1.260000000000000000e+16	2.100000000000000000e+01	-2.424291691403062526e-02
1.580000000000000000e+16	2.100000000000000000e+01	-2.391369816869287623e-02
2.000000000000000000e+16	2.100000000000000000e+01	-2.302000305115802989e-02
2.510000000000000000e+16	2.100000000000000000e+01	-2.181917351228709542e-02
3.160000000000000000e+16	2.100000000000000000e+01	-2.035871784854760211e-02
3.980000000000000000e+16	2.100000000000000000e+01	-1.875844333721188306e-02
5.010000000000000000e+16	2.100000000000000000e+01	-1.710571177666007914e-02
6.310000000000000000e+16	2.100000000000000000e+01	-1.545276593131199132e-02
7.940000000000000000e+16	2.100000000000000000e+01	-1.385699046311634174e-02
1.000000000000000000e+17	2.100000000000000000e+01	-1.233272750087641319e-02
1.000000000000000000e+11	2.300000000000000000e+01	1.023900705937696779e-05
1.258925411794166107e+11	2.300000000000000000e+01	1.290454480319320214e-05
1.584893192461110840e+11	2.300000000000000000e+01	1.627632867550238738e-05
1.995262314968882751e+11	2.300000000000000000e+01	2.055417758380842367e-05
2.511886431509582214e+11	2.300000000000000000e+01	2.600908619905439916e-05
3.162277660168379517e+11	2.300000000000000000e+01	3.302041751638074073e-05
3.981071705534969482e+11	2.300000000000000000e+01	4.213100648945278107e-05
5.011872336272714844e+11	2.300000000000000000e+01	5.410534785480392608e-05
6.309573444801943359e+11	2.300000000000000000e+01	6.960222677991476830e-05
7.943282347242821045e+11	2.300000000000000000e+01	8.296003640472834472e-05
1.000000000000000000e+12	2.300000000000000000e+01	9.561589885751215596e-05
1.260000000000000000e+12	2.300000000000000000e+01	1.143190696043438554e-04
1.580000000000000000e+12	2.300000000000000000e+01	1.376324915556626286e-04
2.000000000000000000e+12	2.300000000000000000e+01	1.720670217181080564e-04
2.510000000000000000e+12	2.300000000000000000e+01	2.146779190292752123e-04
3.160000000000000000e+12	2.300000000000000000e+01	2.666849614059713775e-04
3.980000000000000000e+12	2.300000000000000000e+01	3.347110322446104794e-04
5.010000000000000000e+12	2.300000000000000000e+01	4.213927725410405046e-04
6.310000000000000000e+12	2.300000000000000000e+01	5.319580909787703258e-04
7.940000000000000000e+12	2.300000000000000000e+01	6.706871539480752055e-04
1.000000000000000000e+13	2.300000000000000000e+01	8.446140423256555006e-04
1.260000000000000000e+13	2.300000000000000000e+01	1.064216096322046900e-03
1.580000000000000000e+13	2.300000000000000000e+01	1.335419687894659219e-03
2.000000000000000000e+13	2.300000000000000000e+01	1.693280495121211740e-03
2.510000000000000000e+13	2.300000000000000000e+01	2.127906053325792721e-03
3.160000000000000000e+13	2.300000000000000000e+01	2.682644518777720956e-03
3.980000000000000000e+13	2.300000000000000000e+01	3.379644703323589263e-03
5.010000000000000000e+13	2.300000000000000000e+01	4.249192789413528196e-03
6.310000000000000000e+13	2.300000000000000000e+01	5.341504683704795427e-03
7.940000000000000000e+13	2.300000000000000000e+01	6.716258478883544922e-03
1.000000000000000000e+14	2.300000000000000000e+01	8.504062113938995124e-03
1.260000000000000000e+14	2.300000000000000000e+01	1.092220664014489570e-02
1.580000000000000000e+14	2.300000000000000000e+01	1.414465305319808665e-02
2.000000000000000000e+14	2.300000000000000000e+01	1.863130937846145530e-02
2.510000000000000000e+14	2.300000000000000000e+01	2.404500695939388102e-02
3.160000000000000000e+14	2.300000000000000000e+01	3.010144899699401105e-02
3.980000000000000000e+14	2.300000000000000000e+01	3.566585095295508878e-02
5.010000000000000000e+14	2.300000000000000000e+01	3.988413698200542895e-02
6.310000000000000000e+14	2.300000000000000000e+01	4.067565982477410608e-02
7.940000000000000000e+14	2.300000000000000000e+01	3.786821864400476134e-02
1.000000000000000000e+15	2.300000000000000000e+01	3.291543210610628489e-02
1.260000000000000000e+15	2.300000000000000000e+01	2.542368197456541107e-02
1.580000000000000000e+15	2.300000000000000000e+01	1.631163444236233273e-02
2.000000000000000000e+15	2.300000000000000000e+01	7.502056561352038640e-03
2.510000000000000000e+15	2.300000000000000000e+01	2.449128135662415723e-04
3.160000000000000000e+15	2.300000000000000000e+01	-6.762917143322740195e-03
3.980000000000000000e+15	2.300000000000000000e+01	-1.269728524215993012e-02
5.010000000000000000e+15	2.300000000000000000e+01	-1.734624284765666144e-02
6.310000000000000000e+15	2.300000000000000000e+01	-2.072188193322580668e-02
7.940000000000000000e+15	2.300000000000000000e+01	-2.290448373684411329e-02
1.000000000000000000e+16	2.300000000000000000e+01	-2.406276164421837505e-02
1.260000000000000000e+16	2.300000000000000000e+01	-2.435979584409305246e-02
1.580000000000000000e+16	2.300000000000000000e+01	-2.400657784540479248e-02
2.000000000000000000e+16	2.300000000000000000e+01	-2.309319170546796085e-02
2.510000000000000000e+16	2.300000000000000000e+01	-2.187742428462518054e-02
3.160000000000000000e+16	2.300000000000000000e+01	-2.040509702387412541e-02
3.980000000000000000e+16	2.300000000000000000e+01	-1.879512768968500183e-02
5.010000000000000000e+16	2.300000000000000000e+01	-1.713469716661751574e-02
6.310000000000000000e+16	2.300000000000000000e+01	-1.547591205639065742e-02
7.940000000000000000e+16	2.300000000000000000e+01	-1.387533225380716342e-02
1.000000000000000000e+17	2.300000000000000000e+01	-1.234731492895407151e-02
1.000000000000000000e+11	2.500000000000000000e+01	1.003718994784902715e-05
1.258925411794166107e+11	2.500000000000000000e+01	1.265000576986847228e-05
1.584893192461110840e+11	2.500000000000000000e+01	1.595468756236110062e-05
1.995262314968882751e+11	2.500000000000000000e+01	2.014715335588078158e-05
2.511886431509582214e+11	2.500000000000000000e+01	2.549204509538617486e-05
3.162277660168379517e+11	2.500000000000000000e+01	3.235871138437643890e-05
3.981071705534969482e+11	2.500000000000000000e+01	4.127970374844930877e-05
5.011872336272714844e+11	2.500000000000000000e+01	5.298622787141642865e-05
6.309573444801943359e+11	2.500000000000000000e+01	6.805933415873211803e-05
7.943282347242821045e+11	2.500000000000000000e+01	8.033871313641292075e-05
1.000000000000000000e+12	2.500000000000000000e+01	9.289120412298312618e-05
1.260000000000000000e+12	2.500000000000000000e+01	1.127523650968294987e-04
1.580000000000000000e+12	2.500000000000000000e+01	1.369715289617114552e-04
2.000000000000000000e+12	2.500000000000000000e+01	1.704493090127412653e-04
2.510000000000000000e+12	2.500000000000000000e+01	2.113101129986073596e-04
3.160000000000000000e+12	2.500000000000000000e+01	2.656513291763180885e-04
3.980000000000000000e+12	2.500000000000000000e+01	3.339414762223697863e-04
5.010000000000000000e+12	2.500000000000000000e+01	4.190942592172823599e-04
6.310000000000000000e+12	2.500000000000000000e+01	5.288912650574254188e-04
7.940000000000000000e+12	2.500000000000000000e+01	6.665289769412123880e-04
1.000000000000000000e+13	2.500000000000000000e+01	8.394311873943488111e-04
1.260000000000000000e+13	2.500000000000000000e+01	1.057515238062509133e-03
1.580000000000000000e+13	2.500000000000000000e+01	1.327640707549953246e-03
2.000000000000000000e+13	2.500000000000000000e+01	1.681848448579566615e-03
2.510000000000000000e+13	2.500000000000000000e+01	2.112258312875412748e-03
3.160000000000000000e+13	2.500000000000000000e+01	2.663039868621855290e-03
3.980000000000000000e+13	2.500000000000000000e+01	3.356730993545756127e-03
5.010000000000000000e+13	2.500000000000000000e+01	4.215260752611665884e-03
6.310000000000000000e+13	2.500000000000000000e+01	5.300827436873887903e-03
7.940000000000000000e+13	2.500000000000000000e+01	6.686268011566528537e-03
1.000000000000000000e+14	2.500000000000000000e+01	8.477098208418715197e-03
1.260000000000000000e+14	2.500000000000000000e+01	1.086358389308965042e-02
1.580000000000000000e+14	2.500000000000000000e+01	1.405584090675828131e-02
2.000000000000000000e+14	2.500000000000000000e+01	1.853163866800895676e-02
2.510000000000000000e+14	2.500000000000000000e+01	2.396980491375537772e-02
3.160000000000000000e+14	2.500000000000000000e+01	2.990186320367186831e-02
3.980000000000000000e+14	2.500000000000000000e+01	3.506233901809845815e-02
5.010000000000000000e+14	2.500000000000000000e+01	3.850222349309444930e-02
6.310000000000000000e+14	2.500000000000000000e+01	4.017938095062247028e-02
7.940000000000000000e+14	2.500000000000000000e+01	3.789359271153953240e-02
1.000000000000000000e+15	2.500000000000000000e+01	3.260145072208806699e-02
1.260000000000000000e+15	2.500000000000000000e+01	2.685527704749172268e-02
1.580000000000000000e+15	2.500000000000000000e+01	2.009739246991197603e-02
2.000000000000000000e+15	2.500000000000000000e+01	1.161663127643614360e-02
2.510000000000000000e+15	2.500000000000000000e+01	2.159879827042620985e-03
3.160000000000000000e+15	2.500000000000000000e+01	-5.703594720861954528e-03
3.980000000000000000e+15	2.500000000000000000e+01	-1.219556882447420457e-02
5.010000000000000000e+15	2.500000000000000000e+01	-1.723969162097300362e-02
6.310000000000000000e+15	2.500000000000000000e+01	-2.090060861782795654e-02
7.940000000000000000e+15	2.500000000000000000e+01	-2.328428199265610357e-02
1.000000000000000000e+16	2.500000000000000000e+01	-2.457702603508221326e-02
1.260000000000000000e+16	2.500000000000000000e+01	-2.495758237240633393e-02
1.580000000000000000e+16	2.500000000000000000e+01	-2.464770241422425609e-02
2.000000000000000000e+16	2.500000000000000000e+01	-2.374752940420465919e-02
2.510000000000000000e+16	2.500000000000000000e+01	-2.252316895167688626e-02
3.160000000000000000e+16	2.500000000000000000e+01	-2.102625997317489684e-02
3.980000000000000000e+16	2.500000000000000000e+01	-1.938097980082577679e-02
5.010000000000000000e+16	2.500000000000000000e+01	-1.767901189307052173e-02
6.310000000000000000e+16	2.500000000000000000e+01	-1.597477077530949294e-02
7.940000000000000000e+16	2.500000000000000000e+01	-1.432812103467101354e-02
1.000000000000000000e+17	2.500000000000000000e+01	-1.275434119215901503e-02
