1.000000000000000000e+11	5.000000000000000000e-01	1.981194480678996760e-05
1.258925411794166107e+11	5.000000000000000000e-01	2.497059345877445581e-05
1.584893192461110840e+11	5.000000000000000000e-01	3.149598198078642852e-05
1.995262314968882751e+11	5.000000000000000000e-01	3.977398901826452291e-05
2.511886431509582214e+11	5.000000000000000000e-01	5.032748809229989551e-05
3.162277660168379517e+11	5.000000000000000000e-01	6.389209283118379783e-05
3.981071705534969482e+11	5.000000000000000000e-01	8.155196355218043266e-05
5.011872336272714844e+11	5.000000000000000000e-01	1.050084151048604869e-04
6.309573444801943359e+11	5.000000000000000000e-01	1.371248025033322570e-04
7.943282347242821045e+11	5.000000000000000000e-01	1.851793168433024596e-04
1.000000000000000000e+12	5.000000000000000000e-01	2.117940150846485490e-04
1.260000000000000000e+12	5.000000000000000000e-01	2.176348499797578799e-04
1.580000000000000000e+12	5.000000000000000000e-01	2.482618465933260419e-04
2.000000000000000000e+12	5.000000000000000000e-01	2.958676472994972110e-04
2.510000000000000000e+12	5.000000000000000000e-01	3.573074629624968567e-04
3.160000000000000000e+12	5.000000000000000000e-01	4.380064103115995913e-04
3.980000000000000000e+12	5.000000000000000000e-01	5.417719531517195802e-04
5.010000000000000000e+12	5.000000000000000000e-01	6.734186441678194097e-04
6.310000000000000000e+12	5.000000000000000000e-01	8.411190001650114319e-04
7.940000000000000000e+12	5.000000000000000000e-01	1.054383211684178532e-03
1.000000000000000000e+13	5.000000000000000000e-01	1.327212940372317048e-03
1.260000000000000000e+13	5.000000000000000000e-01	1.670455653858739448e-03
1.580000000000000000e+13	5.000000000000000000e-01	2.089872611317701318e-03
2.000000000000000000e+13	5.000000000000000000e-01	2.643604611049067601e-03
2.510000000000000000e+13	5.000000000000000000e-01	3.313671895655151411e-03
3.160000000000000000e+13	5.000000000000000000e-01	4.126711803539085018e-03
3.980000000000000000e+13	5.000000000000000000e-01	5.050440712217710813e-03
5.010000000000000000e+13	5.000000000000000000e-01	6.039595829039682423e-03
6.310000000000000000e+13	5.000000000000000000e-01	7.098394293465377924e-03
7.940000000000000000e+13	5.000000000000000000e-01	8.287680788487137087e-03
1.000000000000000000e+14	5.000000000000000000e-01	9.764990728232020994e-03
1.260000000000000000e+14	5.000000000000000000e-01	1.178284142917769561e-02
1.580000000000000000e+14	5.000000000000000000e-01	1.458125081890308816e-02
2.000000000000000000e+14	5.000000000000000000e-01	1.866832600080451515e-02
2.510000000000000000e+14	5.000000000000000000e-01	2.373371799036131172e-02
3.160000000000000000e+14	5.000000000000000000e-01	2.938172325331574186e-02
3.980000000000000000e+14	5.000000000000000000e-01	3.457782221413457230e-02
5.010000000000000000e+14	5.000000000000000000e-01	3.806007076832821495e-02
6.310000000000000000e+14	5.000000000000000000e-01	3.889407097974026395e-02
7.940000000000000000e+14	5.000000000000000000e-01	3.670266435742825656e-02
1.000000000000000000e+15	5.000000000000000000e-01	3.190267984747526681e-02
1.260000000000000000e+15	5.000000000000000000e-01	2.500572608489614462e-02
1.580000000000000000e+15	5.000000000000000000e-01	1.689110694950703151e-02
2.000000000000000000e+15	5.000000000000000000e-01	8.486964719508331007e-03
2.510000000000000000e+15	5.000000000000000000e-01	4.340280049046325124e-04
3.160000000000000000e+15	5.000000000000000000e-01	-6.884360966180999748e-03
3.980000000000000000e+15	5.000000000000000000e-01	-1.302862581912046444e-02
5.010000000000000000e+15	5.000000000000000000e-01	-1.782747797593206562e-02
6.310000000000000000e+15	5.000000000000000000e-01	-2.130731970241044396e-02
7.940000000000000000e+15	5.000000000000000000e-01	-2.355665715514668537e-02
1.000000000000000000e+16	5.000000000000000000e-01	-2.474895571391428836e-02
1.260000000000000000e+16	5.000000000000000000e-01	-2.505527654500934454e-02
1.580000000000000000e+16	5.000000000000000000e-01	-2.469231105996299094e-02
2.000000000000000000e+16	5.000000000000000000e-01	-2.375300691209873694e-02
2.510000000000000000e+16	5.000000000000000000e-01	-2.250254548016508704e-02
3.160000000000000000e+16	5.000000000000000000e-01	-2.098818260140159625e-02
3.980000000000000000e+16	5.000000000000000000e-01	-1.933220421245163134e-02
5.010000000000000000e+16	5.000000000000000000e-01	-1.762449441749609422e-02
6.310000000000000000e+16	5.000000000000000000e-01	-1.591753119748983217e-02
7.940000000000000000e+16	5.000000000000000000e-01	-1.427186061455550450e-02
1.000000000000000000e+17	5.000000000000000000e-01	-1.270016153632722543e-02
1.000000000000000000e+11	1.500000000000000000e+00	1.969926854942422687e-05
1.258925411794166107e+11	1.500000000000000000e+00	2.483244114519349716e-05
1.584893192461110840e+11	1.500000000000000000e+00	3.132957149467480320e-05
1.995262314968882751e+11	1.500000000000000000e+00	3.957974923217719648e-05
2.511886431509582214e+11	1.500000000000000000e+00	5.011442214902082660e-05
3.162277660168379517e+11	1.500000000000000000e+00	6.368939491886462499e-05
3.981071705534969482e+11	1.500000000000000000e+00	8.144001735252525255e-05
5.011872336272714844e+11	1.500000000000000000e+00	1.052006926613097880e-04
6.309573444801943359e+11	1.500000000000000000e+00	1.382561064998903536e-04
7.943282347242821045e+11	1.500000000000000000e+00	1.911126685862971205e-04
1.000000000000000000e+12	1.500000000000000000e+00	2.161168824708654273e-04
1.260000000000000000e+12	1.500000000000000000e+00	2.111306411817427296e-04
1.580000000000000000e+12	1.500000000000000000e+00	2.337910711691753554e-04
2.000000000000000000e+12	1.500000000000000000e+00	2.728641142411982563e-04
2.510000000000000000e+12	1.500000000000000000e+00	3.259591386689380545e-04
3.160000000000000000e+12	1.500000000000000000e+00	3.977418564758597019e-04
3.980000000000000000e+12	1.500000000000000000e+00	4.906989765217203894e-04
5.010000000000000000e+12	1.500000000000000000e+00	6.098412223391638624e-04
6.310000000000000000e+12	1.500000000000000000e+00	7.627300932488413577e-04
7.940000000000000000e+12	1.500000000000000000e+00	9.570644493840467764e-04
1.000000000000000000e+13	1.500000000000000000e+00	1.204979333019132355e-03
1.260000000000000000e+13	1.500000000000000000e+00	1.516419720866433573e-03
1.580000000000000000e+13	1.500000000000000000e+00	1.897684817914637020e-03
2.000000000000000000e+13	1.500000000000000000e+00	2.401132295644274519e-03
2.510000000000000000e+13	1.500000000000000000e+00	3.013843085370139768e-03
3.160000000000000000e+13	1.500000000000000000e+00	3.774302577503900382e-03
3.980000000000000000e+13	1.500000000000000000e+00	4.664706821623006844e-03
5.010000000000000000e+13	1.500000000000000000e+00	5.660421833038781735e-03
6.310000000000000000e+13	1.500000000000000000e+00	6.769044480048604269e-03
7.940000000000000000e+13	1.500000000000000000e+00	8.043378960111867079e-03
1.000000000000000000e+14	1.500000000000000000e+00	9.620440492788422115e-03
1.260000000000000000e+14	1.500000000000000000e+00	1.173015170265277914e-02
1.580000000000000000e+14	1.500000000000000000e+00	1.460007647408595455e-02
2.000000000000000000e+14	1.500000000000000000e+00	1.875627967105997565e-02
2.510000000000000000e+14	1.500000000000000000e+00	2.390081556170921967e-02
3.160000000000000000e+14	1.500000000000000000e+00	2.962888448748155629e-02
3.980000000000000000e+14	1.500000000000000000e+00	3.489020155613516833e-02
5.010000000000000000e+14	1.500000000000000000e+00	3.835252612227452174e-02
6.310000000000000000e+14	1.500000000000000000e+00	3.913549501697825839e-02
7.940000000000000000e+14	1.500000000000000000e+00	3.700718790291139537e-02
1.000000000000000000e+15	1.500000000000000000e+00	3.206518085060146295e-02
1.260000000000000000e+15	1.500000000000000000e+00	2.521408782324977005e-02
1.580000000000000000e+15	1.500000000000000000e+00	1.728155768710826906e-02
2.000000000000000000e+15	1.500000000000000000e+00	8.690570153463151801e-03
2.510000000000000000e+15	1.500000000000000000e+00	5.802631464197389880e-04
3.160000000000000000e+15	1.500000000000000000e+00	-6.774000215002889264e-03
3.980000000000000000e+15	1.500000000000000000e+00	-1.294344740569529709e-02
5.010000000000000000e+15	1.500000000000000000e+00	-1.776078567257518767e-02
6.310000000000000000e+15	1.500000000000000000e+00	-2.125498379925289116e-02
7.940000000000000000e+15	1.500000000000000000e+00	-2.351494765531647602e-02
1.000000000000000000e+16	1.500000000000000000e+00	-2.471625265379547021e-02
1.260000000000000000e+16	1.500000000000000000e+00	-2.502938112428212611e-02
1.580000000000000000e+16	1.500000000000000000e+00	-2.467169325080319914e-02
2.000000000000000000e+16	1.500000000000000000e+00	-2.373673411062562216e-02
2.510000000000000000e+16	1.500000000000000000e+00	-2.248958545872849213e-02
3.160000000000000000e+16	1.500000000000000000e+00	-2.097789304171949684e-02
3.980000000000000000e+16	1.500000000000000000e+00	-1.932403684977436475e-02
5.010000000000000000e+16	1.500000000000000000e+00	-1.761785154391607225e-02
6.310000000000000000e+16	1.500000000000000000e+00	-1.591296852652528820e-02
7.940000000000000000e+16	1.500000000000000000e+00	-1.426773809258705290e-02
1.000000000000000000e+17	1.500000000000000000e+00	-1.269691285872872992e-02
1.000000000000000000e+11	2.500000000000000000e+00	2.038433577549439416e-05
1.258925411794166107e+11	2.500000000000000000e+00	2.569862265567410484e-05
1.584893192461110840e+11	2.500000000000000000e+00	3.242726140826695359e-05
1.995262314968882751e+11	2.500000000000000000e+00	4.097636044364325731e-05
2.511886431509582214e+11	2.500000000000000000e+00	5.190292837113239590e-05
3.162277660168379517e+11	2.500000000000000000e+00	6.600437596907890859e-05
3.981071705534969482e+11	2.500000000000000000e+00	8.449337093545031653e-05
5.011872336272714844e+11	2.500000000000000000e+00	1.093667282104662347e-04
6.309573444801943359e+11	2.500000000000000000e+00	1.443674652847883001e-04
7.943282347242821045e+11	2.500000000000000000e+00	2.032440033814038208e-04
1.000000000000000000e+12	2.500000000000000000e+00	2.279060430876430146e-04
1.260000000000000000e+12	2.500000000000000000e+00	2.143449706902302010e-04
1.580000000000000000e+12	2.500000000000000000e+00	2.327312715868717983e-04
2.000000000000000000e+12	2.500000000000000000e+00	2.680504569470619318e-04
2.510000000000000000e+12	2.500000000000000000e+00	3.171987250119334451e-04
3.160000000000000000e+12	2.500000000000000000e+00	3.848822573646420411e-04
3.980000000000000000e+12	2.500000000000000000e+00	4.743167172594256985e-04
5.010000000000000000e+12	2.500000000000000000e+00	5.893901970762501418e-04
6.310000000000000000e+12	2.500000000000000000e+00	7.375145502239457106e-04
7.940000000000000000e+12	2.500000000000000000e+00	9.265501190352943683e-04
1.000000000000000000e+13	2.500000000000000000e+00	1.167973488049892702e-03
1.260000000000000000e+13	2.500000000000000000e+00	1.471573135802041812e-03
1.580000000000000000e+13	2.500000000000000000e+00	1.842541156336727909e-03
2.000000000000000000e+13	2.500000000000000000e+00	2.335343498275574154e-03
2.510000000000000000e+13	2.500000000000000000e+00	2.935342826322557760e-03
3.160000000000000000e+13	2.500000000000000000e+00	3.682013767983733938e-03
3.980000000000000000e+13	2.500000000000000000e+00	4.568347497818427486e-03
5.010000000000000000e+13	2.500000000000000000e+00	5.562602814576322018e-03
6.310000000000000000e+13	2.500000000000000000e+00	6.682842269250826965e-03
7.940000000000000000e+13	2.500000000000000000e+00	7.957678259335422208e-03
1.000000000000000000e+14	2.500000000000000000e+00	9.545475301264252574e-03
1.260000000000000000e+14	2.500000000000000000e+00	1.169544958054311024e-02
1.580000000000000000e+14	2.500000000000000000e+00	1.460441891661677476e-02
2.000000000000000000e+14	2.500000000000000000e+00	1.877233174937385091e-02
2.510000000000000000e+14	2.500000000000000000e+00	2.386878129299356555e-02
3.160000000000000000e+14	2.500000000000000000e+00	2.959068763618680556e-02
3.980000000000000000e+14	2.500000000000000000e+00	3.472299587677253607e-02
5.010000000000000000e+14	2.500000000000000000e+00	3.834087503996859436e-02
6.310000000000000000e+14	2.500000000000000000e+00	3.938407866044885131e-02
7.940000000000000000e+14	2.500000000000000000e+00	3.714055420858237977e-02
1.000000000000000000e+15	2.500000000000000000e+00	3.214029374920088916e-02
1.260000000000000000e+15	2.500000000000000000e+00	2.509295381163365382e-02
1.580000000000000000e+15	2.500000000000000000e+00	1.732572258677508165e-02
2.000000000000000000e+15	2.500000000000000000e+00	8.967061825247321996e-03
2.510000000000000000e+15	2.500000000000000000e+00	7.024222465990450758e-04
3.160000000000000000e+15	2.500000000000000000e+00	-6.691831028502795257e-03
3.980000000000000000e+15	2.500000000000000000e+00	-1.288329426417264036e-02
5.010000000000000000e+15	2.500000000000000000e+00	-1.771150624432942314e-02
6.310000000000000000e+15	2.500000000000000000e+00	-2.121958951575987976e-02
7.940000000000000000e+15	2.500000000000000000e+00	-2.348763049764441765e-02
1.000000000000000000e+16	2.500000000000000000e+00	-2.469448267157296761e-02
1.260000000000000000e+16	2.500000000000000000e+00	-2.501219754725461999e-02
1.580000000000000000e+16	2.500000000000000000e+00	-2.465803867272153838e-02
2.000000000000000000e+16	2.500000000000000000e+00	-2.372597543768116893e-02
2.510000000000000000e+16	2.500000000000000000e+00	-2.248103275281550240e-02
3.160000000000000000e+16	2.500000000000000000e+00	-2.097109754687224298e-02
3.980000000000000000e+16	2.500000000000000000e+00	-1.931866357372807527e-02
5.010000000000000000e+16	2.500000000000000000e+00	-1.761388326244463232e-02
6.310000000000000000e+16	2.500000000000000000e+00	-1.590964264125385372e-02
7.940000000000000000e+16	2.500000000000000000e+00	-1.426503606760691836e-02
1.000000000000000000e+17	2.500000000000000000e+00	-1.269474802583763808e-02
1.000000000000000000e+11	3.500000000000000000e+00	2.100251440520226187e-05
1.258925411794166107e+11	3.500000000000000000e+00	2.647922923084029823e-05
1.584893192461110840e+11	3.500000000000000000e+00	3.341544067565642483e-05
1.995262314968882751e+11	3.500000000000000000e+00	4.223149529298405143e-05
2.511886431509582214e+11	3.500000000000000000e+00	5.350582215963295960e-05
3.162277660168379517e+11	3.500000000000000000e+00	6.807026980702136020e-05
3.981071705534969482e+11	3.500000000000000000e+00	8.719820840248876208e-05
5.011872336272714844e+11	3.500000000000000000e+00	1.130120239803504014e-04
6.309573444801943359e+11	3.500000000000000000e+00	1.495993062726411616e-04
7.943282347242821045e+11	3.500000000000000000e+00	2.130762972963390540e-04
1.000000000000000000e+12	3.500000000000000000e+00	2.380329358964570672e-04
1.260000000000000000e+12	3.500000000000000000e+00	2.186501471251566778e-04
1.580000000000000000e+12	3.500000000000000000e+00	2.334356973033767325e-04
2.000000000000000000e+12	3.500000000000000000e+00	2.656472885702285168e-04
2.510000000000000000e+12	3.500000000000000000e+00	3.127396025296917507e-04
3.160000000000000000e+12	3.500000000000000000e+00	3.781413726800511230e-04
3.980000000000000000e+12	3.500000000000000000e+00	4.653852321809889164e-04
5.010000000000000000e+12	3.500000000000000000e+00	5.788757691188566729e-04
6.310000000000000000e+12	3.500000000000000000e+00	7.254067480897355034e-04
7.940000000000000000e+12	3.500000000000000000e+00	9.113098951458759468e-04
1.000000000000000000e+13	3.500000000000000000e+00	1.150516661630439537e-03
1.260000000000000000e+13	3.500000000000000000e+00	1.452903534162028375e-03
1.580000000000000000e+13	3.500000000000000000e+00	1.821180231771771197e-03
2.000000000000000000e+13	3.500000000000000000e+00	2.311396196160100166e-03
2.510000000000000000e+13	3.500000000000000000e+00	2.914347625704947348e-03
3.160000000000000000e+13	3.500000000000000000e+00	3.661743737320735138e-03
3.980000000000000000e+13	3.500000000000000000e+00	4.548224731340359817e-03
5.010000000000000000e+13	3.500000000000000000e+00	5.536718791869852177e-03
6.310000000000000000e+13	3.500000000000000000e+00	6.654588242212829997e-03
7.940000000000000000e+13	3.500000000000000000e+00	7.961045760038183358e-03
1.000000000000000000e+14	3.500000000000000000e+00	9.554067759498248436e-03
1.260000000000000000e+14	3.500000000000000000e+00	1.167377773951501843e-02
1.580000000000000000e+14	3.500000000000000000e+00	1.455488274933888077e-02
2.000000000000000000e+14	3.500000000000000000e+00	1.871658161016609076e-02
2.510000000000000000e+14	3.500000000000000000e+00	2.384157690979758423e-02
3.160000000000000000e+14	3.500000000000000000e+00	2.953495049566045791e-02
3.980000000000000000e+14	3.500000000000000000e+00	3.479278059037174686e-02
5.010000000000000000e+14	3.500000000000000000e+00	3.812645411314363741e-02
6.310000000000000000e+14	3.500000000000000000e+00	3.902952842304450304e-02
7.940000000000000000e+14	3.500000000000000000e+00	3.701632916691396241e-02
1.000000000000000000e+15	3.500000000000000000e+00	3.207640428487176093e-02
1.260000000000000000e+15	3.500000000000000000e+00	2.531692262263841517e-02
1.580000000000000000e+15	3.500000000000000000e+00	1.701040502853051403e-02
2.000000000000000000e+15	3.500000000000000000e+00	8.361377044515444848e-03
2.510000000000000000e+15	3.500000000000000000e+00	4.681669239389475972e-04
3.160000000000000000e+15	3.500000000000000000e+00	-6.794801201168917948e-03
3.980000000000000000e+15	3.500000000000000000e+00	-1.290113599796777026e-02
5.010000000000000000e+15	3.500000000000000000e+00	-1.767262709514199823e-02
6.310000000000000000e+15	3.500000000000000000e+00	-2.113411765500611966e-02
7.940000000000000000e+15	3.500000000000000000e+00	-2.337235349338220164e-02
1.000000000000000000e+16	3.500000000000000000e+00	-2.456078075079502418e-02
1.260000000000000000e+16	3.500000000000000000e+00	-2.486826363077464935e-02
1.580000000000000000e+16	3.500000000000000000e+00	-2.451043450249995592e-02
2.000000000000000000e+16	3.500000000000000000e+00	-2.357981367708908427e-02
2.510000000000000000e+16	3.500000000000000000e+00	-2.233968612006666590e-02
3.160000000000000000e+16	3.500000000000000000e+00	-2.083720653647975693e-02
3.980000000000000000e+16	3.500000000000000000e+00	-1.919379863176290738e-02
5.010000000000000000e+16	3.500000000000000000e+00	-1.749881783989291895e-02
6.310000000000000000e+16	3.500000000000000000e+00	-1.580494365940920964e-02
7.940000000000000000e+16	3.500000000000000000e+00	-1.417063936230676668e-02
1.000000000000000000e+17	3.500000000000000000e+00	-1.261028782558177262e-02
1.000000000000000000e+11	4.500000000000000000e+00	2.138190694428842572e-05
1.258925411794166107e+11	4.500000000000000000e+00	2.695867117830084934e-05
1.584893192461110840e+11	4.500000000000000000e+00	3.402216643242645517e-05
1.995262314968882751e+11	4.500000000000000000e+00	4.300184913394173962e-05
2.511886431509582214e+11	4.500000000000000000e+00	5.448904393659524702e-05
3.162277660168379517e+11	4.500000000000000000e+00	6.933578898995966890e-05
3.981071705534969482e+11	4.500000000000000000e+00	8.885220113969208300e-05
5.011872336272714844e+11	4.500000000000000000e+00	1.152387726028767187e-04
6.309573444801943359e+11	4.500000000000000000e+00	1.527919482815774156e-04
7.943282347242821045e+11	4.500000000000000000e+00	2.191330890098509127e-04
1.000000000000000000e+12	4.500000000000000000e+00	2.437764332861710667e-04
1.260000000000000000e+12	4.500000000000000000e+00	2.203781050594714270e-04
1.580000000000000000e+12	4.500000000000000000e+00	2.339654204394884141e-04
2.000000000000000000e+12	4.500000000000000000e+00	2.653122010042658274e-04
2.510000000000000000e+12	4.500000000000000000e+00	3.112815050738889115e-04
3.160000000000000000e+12	4.500000000000000000e+00	3.747712704476448904e-04
3.980000000000000000e+12	4.500000000000000000e+00	4.615625705817747500e-04
5.010000000000000000e+12	4.500000000000000000e+00	5.751415527322812108e-04
6.310000000000000000e+12	4.500000000000000000e+00	7.188271296928176908e-04
7.940000000000000000e+12	4.500000000000000000e+00	9.072159989754798731e-04
1.000000000000000000e+13	4.500000000000000000e+00	1.148405537916374983e-03
1.260000000000000000e+13	4.500000000000000000e+00	1.449809322976461584e-03
1.580000000000000000e+13	4.500000000000000000e+00	1.822276910934658711e-03
2.000000000000000000e+13	4.500000000000000000e+00	2.313603367004722199e-03
2.510000000000000000e+13	4.500000000000000000e+00	2.912243236420115379e-03
3.160000000000000000e+13	4.500000000000000000e+00	3.661333398705811544e-03
3.980000000000000000e+13	4.500000000000000000e+00	4.544640706708116470e-03
5.010000000000000000e+13	4.500000000000000000e+00	5.569686336915928224e-03
6.310000000000000000e+13	4.500000000000000000e+00	6.697009480410979522e-03
7.940000000000000000e+13	4.500000000000000000e+00	7.977106488982421695e-03
1.000000000000000000e+14	4.500000000000000000e+00	9.563487652725013652e-03
1.260000000000000000e+14	4.500000000000000000e+00	1.166211855119638624e-02
1.580000000000000000e+14	4.500000000000000000e+00	1.456020511492549761e-02
2.000000000000000000e+14	4.500000000000000000e+00	1.872115465370433399e-02
2.510000000000000000e+14	4.500000000000000000e+00	2.390431879921890018e-02
3.160000000000000000e+14	4.500000000000000000e+00	2.955412779784552524e-02
3.980000000000000000e+14	4.500000000000000000e+00	3.462418855155768166e-02
5.010000000000000000e+14	4.500000000000000000e+00	3.831984394038950859e-02
6.310000000000000000e+14	4.500000000000000000e+00	3.919209923564196535e-02
7.940000000000000000e+14	4.500000000000000000e+00	3.713414386935331296e-02
1.000000000000000000e+15	4.500000000000000000e+00	3.237546058248440967e-02
1.260000000000000000e+15	4.500000000000000000e+00	2.518085633024129064e-02
1.580000000000000000e+15	4.500000000000000000e+00	1.738161061043928465e-02
2.000000000000000000e+15	4.500000000000000000e+00	9.006257093440637324e-03
2.510000000000000000e+15	4.500000000000000000e+00	7.317096342689696862e-04
3.160000000000000000e+15	4.500000000000000000e+00	-6.669461030869811707e-03
3.980000000000000000e+15	4.500000000000000000e+00	-1.286591665774173762e-02
5.010000000000000000e+15	4.500000000000000000e+00	-1.770158061463125709e-02
6.310000000000000000e+15	4.500000000000000000e+00	-2.120889728492528908e-02
7.940000000000000000e+15	4.500000000000000000e+00	-2.347881269399942905e-02
1.000000000000000000e+16	4.500000000000000000e+00	-2.468779785601612695e-02
1.260000000000000000e+16	4.500000000000000000e+00	-2.500690807401529867e-02
1.580000000000000000e+16	4.500000000000000000e+00	-2.465381998442153777e-02
2.000000000000000000e+16	4.500000000000000000e+00	-2.372265346908956907e-02
2.510000000000000000e+16	4.500000000000000000e+00	-2.247838222156693308e-02
3.160000000000000000e+16	4.500000000000000000e+00	-2.096899252783521878e-02
3.980000000000000000e+16	4.500000000000000000e+00	-1.931699525684970817e-02
5.010000000000000000e+16	4.500000000000000000e+00	-1.761237689901084050e-02
6.310000000000000000e+16	4.500000000000000000e+00	-1.590859022469581774e-02
7.940000000000000000e+16	4.500000000000000000e+00	-1.426419965192604784e-02
1.000000000000000000e+17	4.500000000000000000e+00	-1.269408781374682486e-02
1.000000000000000000e+11	5.500000000000000000e+00	2.089085730979756982e-05
1.258925411794166107e+11	5.500000000000000000e+00	2.633931926293445877e-05
1.584893192461110840e+11	5.500000000000000000e+00	3.324026976928750243e-05
1.995262314968882751e+11	5.500000000000000000e+00	4.201292826579663709e-05
2.511886431509582214e+11	5.500000000000000000e+00	5.323507985753623422e-05
3.162277660168379517e+11	5.500000000000000000e+00	6.773801755732012102e-05
3.981071705534969482e+11	5.500000000000000000e+00	8.679890363927554001e-05
5.011872336272714844e+11	5.500000000000000000e+00	1.125547504025677413e-04
6.309573444801943359e+11	5.500000000000000000e+00	1.491505020248186549e-04
7.943282347242821045e+11	5.500000000000000000e+00	2.132557198653664034e-04
1.000000000000000000e+12	5.500000000000000000e+00	2.370297406535450699e-04
1.260000000000000000e+12	5.500000000000000000e+00	2.160711422774304227e-04
1.580000000000000000e+12	5.500000000000000000e+00	2.300440880445034321e-04
2.000000000000000000e+12	5.500000000000000000e+00	2.602671665401526608e-04
2.510000000000000000e+12	5.500000000000000000e+00	3.051258997825337491e-04
3.160000000000000000e+12	5.500000000000000000e+00	3.707876083673130956e-04
3.980000000000000000e+12	5.500000000000000000e+00	4.551665831387134362e-04
5.010000000000000000e+12	5.500000000000000000e+00	5.647561657507927822e-04
6.310000000000000000e+12	5.500000000000000000e+00	7.135205797439930862e-04
7.940000000000000000e+12	5.500000000000000000e+00	8.977212954271305461e-04
1.000000000000000000e+13	5.500000000000000000e+00	1.130531568864668853e-03
1.260000000000000000e+13	5.500000000000000000e+00	1.428278714002928019e-03
1.580000000000000000e+13	5.500000000000000000e+00	1.798743380358765751e-03
2.000000000000000000e+13	5.500000000000000000e+00	2.290053678246226337e-03
2.510000000000000000e+13	5.500000000000000000e+00	2.887388485219941764e-03
3.160000000000000000e+13	5.500000000000000000e+00	3.633881278754679759e-03
3.980000000000000000e+13	5.500000000000000000e+00	4.523009504084993943e-03
5.010000000000000000e+13	5.500000000000000000e+00	5.529780895218699283e-03
6.310000000000000000e+13	5.500000000000000000e+00	6.649300279653585360e-03
7.940000000000000000e+13	5.500000000000000000e+00	7.909662782089876831e-03
1.000000000000000000e+14	5.500000000000000000e+00	9.487598380877823936e-03
1.260000000000000000e+14	5.500000000000000000e+00	1.161438583087627020e-02
1.580000000000000000e+14	5.500000000000000000e+00	1.447170933453426588e-02
2.000000000000000000e+14	5.500000000000000000e+00	1.861177192550039425e-02
2.510000000000000000e+14	5.500000000000000000e+00	2.364957373661603912e-02
3.160000000000000000e+14	5.500000000000000000e+00	2.942710800750559380e-02
3.980000000000000000e+14	5.500000000000000000e+00	3.509821826812043605e-02
5.010000000000000000e+14	5.500000000000000000e+00	3.853641597348080733e-02
6.310000000000000000e+14	5.500000000000000000e+00	3.927851601972809359e-02
7.940000000000000000e+14	5.500000000000000000e+00	3.724471026304605054e-02
1.000000000000000000e+15	5.500000000000000000e+00	3.232045843803486168e-02
1.260000000000000000e+15	5.500000000000000000e+00	2.561497032737595700e-02
1.580000000000000000e+15	5.500000000000000000e+00	1.749314162760826422e-02
2.000000000000000000e+15	5.500000000000000000e+00	8.838686790641148150e-03
2.510000000000000000e+15	5.500000000000000000e+00	6.918355950806730171e-04
3.160000000000000000e+15	5.500000000000000000e+00	-6.688400808939090787e-03
3.980000000000000000e+15	5.500000000000000000e+00	-1.287678661450858755e-02
5.010000000000000000e+15	5.500000000000000000e+00	-1.770845371322094311e-02
6.310000000000000000e+15	5.500000000000000000e+00	-2.121372650857033387e-02
7.940000000000000000e+15	5.500000000000000000e+00	-2.348230791400839762e-02
1.000000000000000000e+16	5.500000000000000000e+00	-2.469041432910853984e-02
1.260000000000000000e+16	5.500000000000000000e+00	-2.500890631354546478e-02
1.580000000000000000e+16	5.500000000000000000e+00	-2.465539573161986200e-02
2.000000000000000000e+16	5.500000000000000000e+00	-2.372386165242976533e-02
2.510000000000000000e+16	5.500000000000000000e+00	-2.247929619211068430e-02
3.160000000000000000e+16	5.500000000000000000e+00	-2.096975587869009255e-02
3.980000000000000000e+16	5.500000000000000000e+00	-1.931757222119073053e-02
5.010000000000000000e+16	5.500000000000000000e+00	-1.761285417550160354e-02
6.310000000000000000e+16	5.500000000000000000e+00	-1.590888109234801784e-02
7.940000000000000000e+16	5.500000000000000000e+00	-1.426450124884301972e-02
1.000000000000000000e+17	5.500000000000000000e+00	-1.269431848576387835e-02
1.000000000000000000e+11	6.500000000000000000e+00	2.031375036327376089e-05
1.258925411794166107e+11	6.500000000000000000e+00	2.561092867579411946e-05
1.584893192461110840e+11	6.500000000000000000e+00	3.231946047049564331e-05
1.995262314968882751e+11	6.500000000000000000e+00	4.084587101111346736e-05
2.511886431509582214e+11	6.500000000000000000e+00	5.174952612771116316e-05
3.162277660168379517e+11	6.500000000000000000e+00	6.583406156790247595e-05
3.981071705534969482e+11	6.500000000000000000e+00	8.432763447616112491e-05
5.011872336272714844e+11	6.500000000000000000e+00	1.092709258222311782e-04
6.309573444801943359e+11	6.500000000000000000e+00	1.445413855984548968e-04
7.943282347242821045e+11	6.500000000000000000e+00	2.048669563592281384e-04
1.000000000000000000e+12	6.500000000000000000e+00	2.298484780623833801e-04
1.260000000000000000e+12	6.500000000000000000e+00	2.119073936938920238e-04
1.580000000000000000e+12	6.500000000000000000e+00	2.265448787701101108e-04
2.000000000000000000e+12	6.500000000000000000e+00	2.575499834625354046e-04
2.510000000000000000e+12	6.500000000000000000e+00	3.023606548074284387e-04
3.160000000000000000e+12	6.500000000000000000e+00	3.674020355144242637e-04
3.980000000000000000e+12	6.500000000000000000e+00	4.537206835396174988e-04
5.010000000000000000e+12	6.500000000000000000e+00	5.669679252216576785e-04
6.310000000000000000e+12	6.500000000000000000e+00	7.092609440274227168e-04
7.940000000000000000e+12	6.500000000000000000e+00	8.937134753429195125e-04
1.000000000000000000e+13	6.500000000000000000e+00	1.133375982299035349e-03
1.260000000000000000e+13	6.500000000000000000e+00	1.433446315210496055e-03
1.580000000000000000e+13	6.500000000000000000e+00	1.898608733329955984e-03
2.000000000000000000e+13	6.500000000000000000e+00	2.294415448963017974e-03
2.510000000000000000e+13	6.500000000000000000e+00	2.895958595311924882e-03
3.160000000000000000e+13	6.500000000000000000e+00	3.644703630716289531e-03
3.980000000000000000e+13	6.500000000000000000e+00	4.532527139916381169e-03
5.010000000000000000e+13	6.500000000000000000e+00	5.527728567400581362e-03
6.310000000000000000e+13	6.500000000000000000e+00	6.653459170366088880e-03
7.940000000000000000e+13	6.500000000000000000e+00	7.960445899690256344e-03
1.000000000000000000e+14	6.500000000000000000e+00	9.550800964948842967e-03
1.260000000000000000e+14	6.500000000000000000e+00	1.164348279157070495e-02
1.580000000000000000e+14	6.500000000000000000e+00	1.453826637626053249e-02
2.000000000000000000e+14	6.500000000000000000e+00	1.875453334450904314e-02
2.510000000000000000e+14	6.500000000000000000e+00	2.400533862853015607e-02
3.160000000000000000e+14	6.500000000000000000e+00	2.976166297052965440e-02
3.980000000000000000e+14	6.500000000000000000e+00	3.482849666138592565e-02
5.010000000000000000e+14	6.500000000000000000e+00	3.836637899597535040e-02
6.310000000000000000e+14	6.500000000000000000e+00	3.944201633548641978e-02
7.940000000000000000e+14	6.500000000000000000e+00	3.757099813091391988e-02
1.000000000000000000e+15	6.500000000000000000e+00	3.298213442360914405e-02
1.260000000000000000e+15	6.500000000000000000e+00	2.621059643842849063e-02
1.580000000000000000e+15	6.500000000000000000e+00	1.883840095414089297e-02
2.000000000000000000e+15	6.500000000000000000e+00	1.043025664000609039e-02
2.510000000000000000e+15	6.500000000000000000e+00	1.391179853284560614e-03
3.160000000000000000e+15	6.500000000000000000e+00	-6.360814964771211062e-03
3.980000000000000000e+15	6.500000000000000000e+00	-1.280216879397495615e-02
5.010000000000000000e+15	6.500000000000000000e+00	-1.781683937626497155e-02
6.310000000000000000e+15	6.500000000000000000e+00	-2.145407499316368330e-02
7.940000000000000000e+15	6.500000000000000000e+00	-2.381383755700000604e-02
1.000000000000000000e+16	6.500000000000000000e+00	-2.508081748574602851e-02
1.260000000000000000e+16	6.500000000000000000e+00	-2.543212855296607747e-02
1.580000000000000000e+16	6.500000000000000000e+00	-2.509134047112892771e-02
2.000000000000000000e+16	6.500000000000000000e+00	-2.415687902093404879e-02
2.510000000000000000e+16	6.500000000000000000e+00	-2.289893887287017607e-02
3.160000000000000000e+16	6.500000000000000000e+00	-2.136838311433873414e-02
3.980000000000000000e+16	6.500000000000000000e+00	-1.968935070145695979e-02
5.010000000000000000e+16	6.500000000000000000e+00	-1.795543032468327471e-02
6.310000000000000000e+16	6.500000000000000000e+00	-1.622097804032569812e-02
7.940000000000000000e+16	6.500000000000000000e+00	-1.454631284322550205e-02
1.000000000000000000e+17	6.500000000000000000e+00	-1.294658127057283711e-02
1.000000000000000000e+11	7.500000000000000000e+00	1.889725542639438297e-05
1.258925411794166107e+11	7.500000000000000000e+00	2.382378980673281071e-05
1.584893192461110840e+11	7.500000000000000000e+00	3.006203628485537731e-05
1.995262314968882751e+11	7.500000000000000000e+00	3.798804053211481742e-05
2.511886431509582214e+11	7.500000000000000000e+00	4.811943795500879067e-05
3.162277660168379517e+11	7.500000000000000000e+00	6.119578185428739396e-05
3.981071705534969482e+11	7.500000000000000000e+00	7.834121476495239142e-05
5.011872336272714844e+11	7.500000000000000000e+00	1.013941375365231168e-04
6.309573444801943359e+11	7.500000000000000000e+00	1.337296640759047192e-04
7.943282347242821045e+11	7.500000000000000000e+00	1.868523153480496134e-04
1.000000000000000000e+12	7.500000000000000000e+00	2.092280783044905194e-04
1.260000000000000000e+12	7.500000000000000000e+00	1.988513073379480573e-04
1.580000000000000000e+12	7.500000000000000000e+00	2.149766220621548215e-04
2.000000000000000000e+12	7.500000000000000000e+00	2.490077717090400235e-04
2.510000000000000000e+12	7.500000000000000000e+00	2.970387484288798089e-04
3.160000000000000000e+12	7.500000000000000000e+00	3.604017859763187994e-04
3.980000000000000000e+12	7.500000000000000000e+00	4.473212791192300976e-04
5.010000000000000000e+12	7.500000000000000000e+00	5.563192455893825952e-04
6.310000000000000000e+12	7.500000000000000000e+00	6.992688063957963433e-04
7.940000000000000000e+12	7.500000000000000000e+00	8.810897553425632838e-04
1.000000000000000000e+13	7.500000000000000000e+00	1.112932456777961446e-03
1.260000000000000000e+13	7.500000000000000000e+00	1.409077991962268735e-03
1.580000000000000000e+13	7.500000000000000000e+00	1.771724478411744377e-03
2.000000000000000000e+13	7.500000000000000000e+00	2.256786665614933605e-03
2.510000000000000000e+13	7.500000000000000000e+00	2.849103410669172245e-03
3.160000000000000000e+13	7.500000000000000000e+00	3.586552326886384510e-03
3.980000000000000000e+13	7.500000000000000000e+00	4.472065601901054066e-03
5.010000000000000000e+13	7.500000000000000000e+00	5.447304639812186773e-03
6.310000000000000000e+13	7.500000000000000000e+00	6.530933277558147523e-03
7.940000000000000000e+13	7.500000000000000000e+00	8.444562659640239208e-03
1.000000000000000000e+14	7.500000000000000000e+00	9.303252860261460727e-03
1.260000000000000000e+14	7.500000000000000000e+00	1.139400100325592240e-02
1.580000000000000000e+14	7.500000000000000000e+00	1.427553545648467190e-02
2.000000000000000000e+14	7.500000000000000000e+00	1.838701066853087179e-02
2.510000000000000000e+14	7.500000000000000000e+00	2.357704538872851946e-02
3.160000000000000000e+14	7.500000000000000000e+00	2.942537128418489314e-02
3.980000000000000000e+14	7.500000000000000000e+00	3.475107430962872529e-02
5.010000000000000000e+14	7.500000000000000000e+00	3.825549998359938780e-02
6.310000000000000000e+14	7.500000000000000000e+00	3.901226523728259371e-02
7.940000000000000000e+14	7.500000000000000000e+00	3.690894024562457743e-02
1.000000000000000000e+15	7.500000000000000000e+00	3.197348968982094419e-02
1.260000000000000000e+15	7.500000000000000000e+00	2.541206109356303894e-02
1.580000000000000000e+15	7.500000000000000000e+00	1.613063034109200530e-02
2.000000000000000000e+15	7.500000000000000000e+00	6.537766615087792742e-03
2.510000000000000000e+15	7.500000000000000000e+00	-2.405277764586003604e-04
3.160000000000000000e+15	7.500000000000000000e+00	-7.107951670205008184e-03
3.980000000000000000e+15	7.500000000000000000e+00	-1.295759944561383943e-02
5.010000000000000000e+15	7.500000000000000000e+00	-1.754748453476874526e-02
6.310000000000000000e+15	7.500000000000000000e+00	-2.087919426152242200e-02
7.940000000000000000e+15	7.500000000000000000e+00	-2.302909361818644349e-02
1.000000000000000000e+16	7.500000000000000000e+00	-2.416053913253053340e-02
1.260000000000000000e+16	7.500000000000000000e+00	-2.443710423594700268e-02
1.580000000000000000e+16	7.500000000000000000e+00	-2.406810950911025121e-02
2.000000000000000000e+16	7.500000000000000000e+00	-2.314173388542874535e-02
2.510000000000000000e+16	7.500000000000000000e+00	-2.191604489839534681e-02
3.160000000000000000e+16	7.500000000000000000e+00	-2.043618482051223414e-02
3.980000000000000000e+16	7.500000000000000000e+00	-1.881946344586920422e-02
5.010000000000000000e+16	7.500000000000000000e+00	-1.715404276147691059e-02
6.310000000000000000e+16	7.500000000000000000e+00	-1.549124450338044794e-02
7.940000000000000000e+16	7.500000000000000000e+00	-1.388754677461690942e-02
1.000000000000000000e+17	7.500000000000000000e+00	-1.235702336515291135e-02
1.000000000000000000e+11	8.500000000000000000e+00	1.758629188168768420e-05
1.258925411794166107e+11	8.500000000000000000e+00	2.216980927459738553e-05
1.584893192461110840e+11	8.500000000000000000e+00	2.797234780224469280e-05
1.995262314968882751e+11	8.500000000000000000e+00	3.534267047395843849e-05
2.511886431509582214e+11	8.500000000000000000e+00	4.475890377363970151e-05
3.162277660168379517e+11	8.500000000000000000e+00	5.690168306147903149e-05
3.981071705534969482e+11	8.500000000000000000e+00	7.279762479783427999e-05
5.011872336272714844e+11	8.500000000000000000e+00	9.409635971933973911e-05
6.309573444801943359e+11	8.500000000000000000e+00	1.236947746667513585e-04
7.943282347242821045e+11	8.500000000000000000e+00	1.699812954434627016e-04
1.000000000000000000e+12	8.500000000000000000e+00	1.910689125689603882e-04
1.260000000000000000e+12	8.500000000000000000e+00	1.855507849040231893e-04
1.580000000000000000e+12	8.500000000000000000e+00	2.051237763282086216e-04
2.000000000000000000e+12	8.500000000000000000e+00	2.410609096104980608e-04
2.510000000000000000e+12	8.500000000000000000e+00	2.894640162027207163e-04
3.160000000000000000e+12	8.500000000000000000e+00	3.533042277839260298e-04
3.980000000000000000e+12	8.500000000000000000e+00	4.387285557142016432e-04
5.010000000000000000e+12	8.500000000000000000e+00	5.505358860872453528e-04
6.310000000000000000e+12	8.500000000000000000e+00	6.916568493524316141e-04
7.940000000000000000e+12	8.500000000000000000e+00	8.715808946899095610e-04
1.000000000000000000e+13	8.500000000000000000e+00	1.101663101461563014e-03
1.260000000000000000e+13	8.500000000000000000e+00	1.393970623933278325e-03
1.580000000000000000e+13	8.500000000000000000e+00	1.757029124997777983e-03
2.000000000000000000e+13	8.500000000000000000e+00	2.238386214504841602e-03
2.510000000000000000e+13	8.500000000000000000e+00	2.824213096372177496e-03
3.160000000000000000e+13	8.500000000000000000e+00	3.553345441821988571e-03
3.980000000000000000e+13	8.500000000000000000e+00	4.410698679760228363e-03
5.010000000000000000e+13	8.500000000000000000e+00	5.380447818899396217e-03
6.310000000000000000e+13	8.500000000000000000e+00	6.439249275383339584e-03
7.940000000000000000e+13	8.500000000000000000e+00	7.663667824437549354e-03
1.000000000000000000e+14	8.500000000000000000e+00	9.220348104022406746e-03
1.260000000000000000e+14	8.500000000000000000e+00	1.131740453051635446e-02
1.580000000000000000e+14	8.500000000000000000e+00	1.419139595580460114e-02
2.000000000000000000e+14	8.500000000000000000e+00	1.835558737535430279e-02
2.510000000000000000e+14	8.500000000000000000e+00	2.351865469153338606e-02
3.160000000000000000e+14	8.500000000000000000e+00	2.922284522738087184e-02
3.980000000000000000e+14	8.500000000000000000e+00	3.437039159135470145e-02
5.010000000000000000e+14	8.500000000000000000e+00	3.800580294983731122e-02
6.310000000000000000e+14	8.500000000000000000e+00	3.892929825151197898e-02
7.940000000000000000e+14	8.500000000000000000e+00	3.664625288491581839e-02
1.000000000000000000e+15	8.500000000000000000e+00	3.122375855595341254e-02
1.260000000000000000e+15	8.500000000000000000e+00	2.245691013454398019e-02
1.580000000000000000e+15	8.500000000000000000e+00	1.553266069082392953e-02
2.000000000000000000e+15	8.500000000000000000e+00	9.352908484470616457e-03
2.510000000000000000e+15	8.500000000000000000e+00	7.594088425986990831e-04
3.160000000000000000e+15	8.500000000000000000e+00	-6.493842269470182817e-03
3.980000000000000000e+15	8.500000000000000000e+00	-1.252985649018071093e-02
5.010000000000000000e+15	8.500000000000000000e+00	-1.723183810864817658e-02
6.310000000000000000e+15	8.500000000000000000e+00	-2.063928199520078180e-02
7.940000000000000000e+15	8.500000000000000000e+00	-2.284306787968483354e-02
1.000000000000000000e+16	8.500000000000000000e+00	-2.401551781745945441e-02
1.260000000000000000e+16	8.500000000000000000e+00	-2.432319445310714839e-02
1.580000000000000000e+16	8.500000000000000000e+00	-2.397879581021948245e-02
2.000000000000000000e+16	8.500000000000000000e+00	-2.307070108997473154e-02
2.510000000000000000e+16	8.500000000000000000e+00	-2.185957813153940194e-02
3.160000000000000000e+16	8.500000000000000000e+00	-2.039226934431601079e-02
3.980000000000000000e+16	8.500000000000000000e+00	-1.878396570370183261e-02
5.010000000000000000e+16	8.500000000000000000e+00	-1.712597241764419326e-02
6.310000000000000000e+16	8.500000000000000000e+00	-1.546883711232625337e-02
7.940000000000000000e+16	8.500000000000000000e+00	-1.386977163845008743e-02
1.000000000000000000e+17	8.500000000000000000e+00	-1.234289156528803853e-02
1.000000000000000000e+11	9.500000000000000000e+00	1.618088575482165599e-05
1.258925411794166107e+11	9.500000000000000000e+00	2.039502715416400549e-05
1.584893192461110840e+11	9.500000000000000000e+00	2.572718749453212016e-05
1.995262314968882751e+11	9.500000000000000000e+00	3.249414049558570330e-05
2.511886431509582214e+11	9.500000000000000000e+00	4.112714733980797833e-05
3.162277660168379517e+11	9.500000000000000000e+00	5.223414083912240961e-05
3.981071705534969482e+11	9.500000000000000000e+00	6.671293288781838030e-05
5.011872336272714844e+11	9.500000000000000000e+00	8.596964810820817676e-05
6.309573444801943359e+11	9.500000000000000000e+00	1.121220963192221920e-04
7.943282347242821045e+11	9.500000000000000000e+00	1.485678313529701104e-04
1.000000000000000000e+12	9.500000000000000000e+00	1.698819398379909965e-04
1.260000000000000000e+12	9.500000000000000000e+00	1.782780238183728685e-04
1.580000000000000000e+12	9.500000000000000000e+00	2.025952565717533663e-04
2.000000000000000000e+12	9.500000000000000000e+00	2.396019282307883876e-04
2.510000000000000000e+12	9.500000000000000000e+00	2.900950229872002848e-04
3.160000000000000000e+12	9.500000000000000000e+00	3.572855062283675936e-04
3.980000000000000000e+12	9.500000000000000000e+00	4.440994026071529567e-04
5.010000000000000000e+12	9.500000000000000000e+00	5.548630892579801879e-04
6.310000000000000000e+12	9.500000000000000000e+00	6.964804494915133185e-04
7.940000000000000000e+12	9.500000000000000000e+00	8.773786455375269175e-04
1.000000000000000000e+13	9.500000000000000000e+00	1.108927870057613849e-03
1.260000000000000000e+13	9.500000000000000000e+00	1.404159067550393974e-03
1.580000000000000000e+13	9.500000000000000000e+00	1.767977017248003159e-03
2.000000000000000000e+13	9.500000000000000000e+00	2.246191781041096194e-03
2.510000000000000000e+13	9.500000000000000000e+00	2.831343557439143510e-03
3.160000000000000000e+13	9.500000000000000000e+00	3.554301913967218042e-03
3.980000000000000000e+13	9.500000000000000000e+00	4.418148601150103001e-03
5.010000000000000000e+13	9.500000000000000000e+00	5.403006843996841294e-03
6.310000000000000000e+13	9.500000000000000000e+00	6.500929221359305794e-03
7.940000000000000000e+13	9.500000000000000000e+00	7.759013062755624850e-03
1.000000000000000000e+14	9.500000000000000000e+00	9.334832911138872188e-03
1.260000000000000000e+14	9.500000000000000000e+00	1.147437036024867747e-02
1.580000000000000000e+14	9.500000000000000000e+00	1.445758573628041881e-02
2.000000000000000000e+14	9.500000000000000000e+00	1.878336171531767157e-02
2.510000000000000000e+14	9.500000000000000000e+00	2.400118503681170426e-02
3.160000000000000000e+14	9.500000000000000000e+00	2.975219016871800612e-02
3.980000000000000000e+14	9.500000000000000000e+00	3.500038855737069854e-02
5.010000000000000000e+14	9.500000000000000000e+00	3.876345088987728782e-02
6.310000000000000000e+14	9.500000000000000000e+00	3.980959778036678026e-02
7.940000000000000000e+14	9.500000000000000000e+00	3.717314376021581962e-02
1.000000000000000000e+15	9.500000000000000000e+00	3.364351439340083211e-02
1.260000000000000000e+15	9.500000000000000000e+00	2.840601549117131863e-02
1.580000000000000000e+15	9.500000000000000000e+00	2.068691241639191228e-02
2.000000000000000000e+15	9.500000000000000000e+00	1.186174086767956791e-02
2.510000000000000000e+15	9.500000000000000000e+00	2.134930538514857434e-03
3.160000000000000000e+15	9.500000000000000000e+00	-5.978636455263926230e-03
3.980000000000000000e+15	9.500000000000000000e+00	-1.267869585820011538e-02
5.010000000000000000e+15	9.500000000000000000e+00	-1.788429781056959794e-02
6.310000000000000000e+15	9.500000000000000000e+00	-2.166118333104695426e-02
7.940000000000000000e+15	9.500000000000000000e+00	-2.411895987331006894e-02
1.000000000000000000e+16	9.500000000000000000e+00	-2.544978947664331206e-02
1.260000000000000000e+16	9.500000000000000000e+00	-2.583827095184082143e-02
1.580000000000000000e+16	9.500000000000000000e+00	-2.551354371872151944e-02
2.000000000000000000e+16	9.500000000000000000e+00	-2.457908846287529259e-02
2.510000000000000000e+16	9.500000000000000000e+00	-2.330991927081621853e-02
3.160000000000000000e+16	9.500000000000000000e+00	-2.175969776342808956e-02
3.980000000000000000e+16	9.500000000000000000e+00	-2.005568491226794939e-02
5.010000000000000000e+16	9.500000000000000000e+00	-1.829368508301281587e-02
6.310000000000000000e+16	9.500000000000000000e+00	-1.652968093631407634e-02
7.940000000000000000e+16	9.500000000000000000e+00	-1.482539108312037890e-02
1.000000000000000000e+17	9.500000000000000000e+00	-1.319667160108599357e-02
1.000000000000000000e+11	1.050000000000000000e+01	1.490467272531823266e-05
1.258925411794166107e+11	1.050000000000000000e+01	1.878553031027142494e-05
1.584893192461110840e+11	1.050000000000000000e+01	2.369495248257724314e-05
1.995262314968882751e+11	1.050000000000000000e+01	2.992352279451963458e-05
2.511886431509582214e+11	1.050000000000000000e+01	3.786579343682283276e-05
3.162277660168379517e+11	1.050000000000000000e+01	4.807650654583302122e-05
3.981071705534969482e+11	1.050000000000000000e+01	6.136618794541068072e-05
5.011872336272714844e+11	1.050000000000000000e+01	7.896149452253666792e-05
6.309573444801943359e+11	1.050000000000000000e+01	1.026547776365808307e-04
7.943282347242821045e+11	1.050000000000000000e+01	1.335282343698382065e-04
1.000000000000000000e+12	1.050000000000000000e+01	1.515794979475868030e-04
1.260000000000000000e+12	1.050000000000000000e+01	1.623858850244492863e-04
1.580000000000000000e+12	1.050000000000000000e+01	1.916903173422935592e-04
2.000000000000000000e+12	1.050000000000000000e+01	2.320756668083619341e-04
2.510000000000000000e+12	1.050000000000000000e+01	2.810836307283955159e-04
3.160000000000000000e+12	1.050000000000000000e+01	3.471534550557327887e-04
3.980000000000000000e+12	1.050000000000000000e+01	4.314069456926638907e-04
5.010000000000000000e+12	1.050000000000000000e+01	5.423429780896706900e-04
6.310000000000000000e+12	1.050000000000000000e+01	6.841751313993598999e-04
7.940000000000000000e+12	1.050000000000000000e+01	8.616482490129499230e-04
1.000000000000000000e+13	1.050000000000000000e+01	1.087419151673405231e-03
1.260000000000000000e+13	1.050000000000000000e+01	1.370632835146071539e-03
1.580000000000000000e+13	1.050000000000000000e+01	1.726737925728611496e-03
2.000000000000000000e+13	1.050000000000000000e+01	2.200268784651042073e-03
2.510000000000000000e+13	1.050000000000000000e+01	2.775330732611745472e-03
3.160000000000000000e+13	1.050000000000000000e+01	3.491787677315283823e-03
3.980000000000000000e+13	1.050000000000000000e+01	4.334494993597440803e-03
5.010000000000000000e+13	1.050000000000000000e+01	5.264901117094934226e-03
6.310000000000000000e+13	1.050000000000000000e+01	6.314771959169504512e-03
7.940000000000000000e+13	1.050000000000000000e+01	7.553956094189490968e-03
1.000000000000000000e+14	1.050000000000000000e+01	9.136748074795742608e-03
1.260000000000000000e+14	1.050000000000000000e+01	1.129423758199667345e-02
1.580000000000000000e+14	1.050000000000000000e+01	1.422784218720537369e-02
2.000000000000000000e+14	1.050000000000000000e+01	1.853378373399962656e-02
2.510000000000000000e+14	1.050000000000000000e+01	2.358702450969234893e-02
3.160000000000000000e+14	1.050000000000000000e+01	2.925390812102508439e-02
3.980000000000000000e+14	1.050000000000000000e+01	3.482392594371711697e-02
5.010000000000000000e+14	1.050000000000000000e+01	3.847301340691409999e-02
6.310000000000000000e+14	1.050000000000000000e+01	3.933724271724738791e-02
7.940000000000000000e+14	1.050000000000000000e+01	3.830759554540650452e-02
1.000000000000000000e+15	1.050000000000000000e+01	3.272301218743369627e-02
1.260000000000000000e+15	1.050000000000000000e+01	2.397802184050884869e-02
1.580000000000000000e+15	1.050000000000000000e+01	1.564100750999281031e-02
2.000000000000000000e+15	1.050000000000000000e+01	7.042921211921270193e-03
2.510000000000000000e+15	1.050000000000000000e+01	-9.741708125252789170e-05
3.160000000000000000e+15	1.050000000000000000e+01	-7.025199581699902857e-03
3.980000000000000000e+15	1.050000000000000000e+01	-1.290123224624074513e-02
5.010000000000000000e+15	1.050000000000000000e+01	-1.750625592653782744e-02
6.310000000000000000e+15	1.050000000000000000e+01	-2.084757915261079009e-02
7.940000000000000000e+15	1.050000000000000000e+01	-2.300496645240306115e-02
1.000000000000000000e+16	1.050000000000000000e+01	-2.414170583831228706e-02
1.260000000000000000e+16	1.050000000000000000e+01	-2.442216754455702257e-02
1.580000000000000000e+16	1.050000000000000000e+01	-2.405637015844696441e-02
2.000000000000000000e+16	1.050000000000000000e+01	-2.313252189155289018e-02
2.510000000000000000e+16	1.050000000000000000e+01	-2.190872488809037302e-02
3.160000000000000000e+16	1.050000000000000000e+01	-2.042980362155709037e-02
3.980000000000000000e+16	1.050000000000000000e+01	-1.881486855943212411e-02
5.010000000000000000e+16	1.050000000000000000e+01	-1.715052535977236448e-02
6.310000000000000000e+16	1.050000000000000000e+01	-1.548833568408042143e-02
7.940000000000000000e+16	1.050000000000000000e+01	-1.388523297207738816e-02
1.000000000000000000e+17	1.050000000000000000e+01	-1.235517382916774543e-02
1.000000000000000000e+11	1.150000000000000000e+01	1.393808041615986192e-05
1.258925411794166107e+11	1.150000000000000000e+01	1.756631931410872793e-05
1.584893192461110840e+11	1.150000000000000000e+01	2.215538756460915971e-05
1.995262314968882751e+11	1.150000000000000000e+01	2.797577565505528688e-05
2.511886431509582214e+11	1.150000000000000000e+01	3.539422622745959693e-05
3.162277660168379517e+11	1.150000000000000000e+01	4.492340355215180886e-05
3.981071705534969482e+11	1.150000000000000000e+01	5.730743050713345364e-05
5.011872336272714844e+11	1.150000000000000000e+01	7.364480030576552104e-05
6.309573444801943359e+11	1.150000000000000000e+01	9.540867317626038665e-05
7.943282347242821045e+11	1.150000000000000000e+01	1.216129191194084312e-04
1.000000000000000000e+12	1.150000000000000000e+01	1.387367267561222229e-04
1.260000000000000000e+12	1.150000000000000000e+01	1.533080002102808249e-04
1.580000000000000000e+12	1.150000000000000000e+01	1.831271468051202218e-04
2.000000000000000000e+12	1.150000000000000000e+01	2.220161870245867457e-04
2.510000000000000000e+12	1.150000000000000000e+01	2.711553022812126764e-04
3.160000000000000000e+12	1.150000000000000000e+01	3.398770738160163812e-04
3.980000000000000000e+12	1.150000000000000000e+01	4.272119041328855163e-04
5.010000000000000000e+12	1.150000000000000000e+01	5.353062078203076621e-04
6.310000000000000000e+12	1.150000000000000000e+01	6.713132578080479012e-04
7.940000000000000000e+12	1.150000000000000000e+01	8.429851470397431001e-04
1.000000000000000000e+13	1.150000000000000000e+01	1.062790512166299911e-03
1.260000000000000000e+13	1.150000000000000000e+01	1.346206411108845933e-03
1.580000000000000000e+13	1.150000000000000000e+01	1.695113180986140833e-03
2.000000000000000000e+13	1.150000000000000000e+01	2.157944188220753401e-03
2.510000000000000000e+13	1.150000000000000000e+01	2.712876278514598019e-03
3.160000000000000000e+13	1.150000000000000000e+01	3.414354920324095665e-03
3.980000000000000000e+13	1.150000000000000000e+01	4.248357648714477450e-03
5.010000000000000000e+13	1.150000000000000000e+01	5.180169482871825951e-03
6.310000000000000000e+13	1.150000000000000000e+01	6.251052423229524341e-03
7.940000000000000000e+13	1.150000000000000000e+01	7.489966962088992486e-03
1.000000000000000000e+14	1.150000000000000000e+01	9.038448028957235189e-03
1.260000000000000000e+14	1.150000000000000000e+01	1.120834876390777377e-02
1.580000000000000000e+14	1.150000000000000000e+01	1.419680121539327981e-02
2.000000000000000000e+14	1.150000000000000000e+01	1.848273217985984054e-02
2.510000000000000000e+14	1.150000000000000000e+01	2.377026669693519181e-02
3.160000000000000000e+14	1.150000000000000000e+01	2.972614288154246109e-02
3.980000000000000000e+14	1.150000000000000000e+01	3.492774679497091805e-02
5.010000000000000000e+14	1.150000000000000000e+01	3.831109328862412899e-02
6.310000000000000000e+14	1.150000000000000000e+01	3.979764663279989484e-02
7.940000000000000000e+14	1.150000000000000000e+01	3.629816994518949430e-02
1.000000000000000000e+15	1.150000000000000000e+01	3.118420652531534235e-02
1.260000000000000000e+15	1.150000000000000000e+01	2.575813541550990224e-02
1.580000000000000000e+15	1.150000000000000000e+01	1.616401335466104150e-02
2.000000000000000000e+15	1.150000000000000000e+01	7.339625793415448587e-03
2.510000000000000000e+15	1.150000000000000000e+01	1.035357531405744997e-04
3.160000000000000000e+15	1.150000000000000000e+01	-6.879865217809806414e-03
3.980000000000000000e+15	1.150000000000000000e+01	-1.279209649645500144e-02
5.010000000000000000e+15	1.150000000000000000e+01	-1.742239593452396540e-02
6.310000000000000000e+15	1.150000000000000000e+01	-2.078274999175978854e-02
7.940000000000000000e+15	1.150000000000000000e+01	-2.295381197403350421e-02
1.000000000000000000e+16	1.150000000000000000e+01	-2.410141258942793963e-02
1.260000000000000000e+16	1.150000000000000000e+01	-2.439052211045184340e-02
1.580000000000000000e+16	1.150000000000000000e+01	-2.403110185173102514e-02
2.000000000000000000e+16	1.150000000000000000e+01	-2.311257047694216527e-02
2.510000000000000000e+16	1.150000000000000000e+01	-2.189285841358418888e-02
3.160000000000000000e+16	1.150000000000000000e+01	-2.041737288893487323e-02
3.980000000000000000e+16	1.150000000000000000e+01	-1.880483437097067723e-02
5.010000000000000000e+16	1.150000000000000000e+01	-1.714258571638152193e-02
6.310000000000000000e+16	1.150000000000000000e+01	-1.548201097302985725e-02
7.940000000000000000e+16	1.150000000000000000e+01	-1.388022767062336606e-02
1.000000000000000000e+17	1.150000000000000000e+01	-1.235119389451320819e-02
1.000000000000000000e+11	1.250000000000000000e+01	1.323345031376505041e-05
1.258925411794166107e+11	1.250000000000000000e+01	1.667737782426235131e-05
1.584893192461110840e+11	1.250000000000000000e+01	2.103252872604426766e-05
1.995262314968882751e+11	1.250000000000000000e+01	2.655460113462897610e-05
2.511886431509582214e+11	1.250000000000000000e+01	3.358937571160471746e-05
3.162277660168379517e+11	1.250000000000000000e+01	4.261279217530447762e-05
3.981071705534969482e+11	1.250000000000000000e+01	5.433272333054076916e-05
5.011872336272714844e+11	1.250000000000000000e+01	6.973074726858133527e-05
6.309573444801943359e+11	1.250000000000000000e+01	9.001579335671003692e-05
7.943282347242821045e+11	1.250000000000000000e+01	1.122699076339786007e-04
1.000000000000000000e+12	1.250000000000000000e+01	1.304197029462202475e-04
1.260000000000000000e+12	1.250000000000000000e+01	1.485970580981366401e-04
1.580000000000000000e+12	1.250000000000000000e+01	1.745310694735266086e-04
2.000000000000000000e+12	1.250000000000000000e+01	2.167055131424445037e-04
2.510000000000000000e+12	1.250000000000000000e+01	2.698536059763026853e-04
3.160000000000000000e+12	1.250000000000000000e+01	3.343708402272335049e-04
3.980000000000000000e+12	1.250000000000000000e+01	4.193273051916282003e-04
5.010000000000000000e+12	1.250000000000000000e+01	5.237648539807624294e-04
6.310000000000000000e+12	1.250000000000000000e+01	6.579602237009176758e-04
7.940000000000000000e+12	1.250000000000000000e+01	8.310553037041731698e-04
1.000000000000000000e+13	1.250000000000000000e+01	1.048162461522864899e-03
1.260000000000000000e+13	1.250000000000000000e+01	1.325256660101491613e-03
1.580000000000000000e+13	1.250000000000000000e+01	1.667862177177719101e-03
2.000000000000000000e+13	1.250000000000000000e+01	2.121893042529723796e-03
2.510000000000000000e+13	1.250000000000000000e+01	2.682986765395891683e-03
3.160000000000000000e+13	1.250000000000000000e+01	3.353507532661338143e-03
3.980000000000000000e+13	1.250000000000000000e+01	4.125286178754915094e-03
5.010000000000000000e+13	1.250000000000000000e+01	5.046444622498322610e-03
6.310000000000000000e+13	1.250000000000000000e+01	6.093304144395907465e-03
7.940000000000000000e+13	1.250000000000000000e+01	7.330249758187283408e-03
1.000000000000000000e+14	1.250000000000000000e+01	8.932712917607171441e-03
1.260000000000000000e+14	1.250000000000000000e+01	1.103470399688664949e-02
1.580000000000000000e+14	1.250000000000000000e+01	1.399462296182907295e-02
2.000000000000000000e+14	1.250000000000000000e+01	1.823267573738808836e-02
2.510000000000000000e+14	1.250000000000000000e+01	2.370007077949800103e-02
3.160000000000000000e+14	1.250000000000000000e+01	2.951936268579975417e-02
3.980000000000000000e+14	1.250000000000000000e+01	3.488058110360754693e-02
5.010000000000000000e+14	1.250000000000000000e+01	3.855566283499158031e-02
6.310000000000000000e+14	1.250000000000000000e+01	3.870289891101147406e-02
7.940000000000000000e+14	1.250000000000000000e+01	3.838277246137344195e-02
1.000000000000000000e+15	1.250000000000000000e+01	3.374039219832463549e-02
1.260000000000000000e+15	1.250000000000000000e+01	2.438910071936456134e-02
1.580000000000000000e+15	1.250000000000000000e+01	1.591102074188189067e-02
2.000000000000000000e+15	1.250000000000000000e+01	7.236317321869188343e-03
2.510000000000000000e+15	1.250000000000000000e+01	4.885292736155456508e-05
3.160000000000000000e+15	1.250000000000000000e+01	-6.912708922562208966e-03
3.980000000000000000e+15	1.250000000000000000e+01	-1.281360853282485432e-02
5.010000000000000000e+15	1.250000000000000000e+01	-1.743747302385811188e-02
6.310000000000000000e+15	1.250000000000000000e+01	-2.079373244723639255e-02
7.940000000000000000e+15	1.250000000000000000e+01	-2.296170753131228717e-02
1.000000000000000000e+16	1.250000000000000000e+01	-2.410774811413603572e-02
1.260000000000000000e+16	1.250000000000000000e+01	-2.439542862327000530e-02
1.580000000000000000e+16	1.250000000000000000e+01	-2.403492472864756507e-02
2.000000000000000000e+16	1.250000000000000000e+01	-2.311559623965890597e-02
2.510000000000000000e+16	1.250000000000000000e+01	-2.189524296678922385e-02
3.160000000000000000e+16	1.250000000000000000e+01	-2.041924935351465548e-02
3.980000000000000000e+16	1.250000000000000000e+01	-1.880637931865466322e-02
5.010000000000000000e+16	1.250000000000000000e+01	-1.714377336309254665e-02
6.310000000000000000e+16	1.250000000000000000e+01	-1.548300727161793823e-02
7.940000000000000000e+16	1.250000000000000000e+01	-1.388097795866221479e-02
1.000000000000000000e+17	1.250000000000000000e+01	-1.235181004144397104e-02
1.000000000000000000e+11	1.400000000000000000e+01	1.235980026754169709e-05
1.258925411794166107e+11	1.400000000000000000e+01	1.557549080632149400e-05
1.584893192461110840e+11	1.400000000000000000e+01	1.964120750512238578e-05
1.995262314968882751e+11	1.400000000000000000e+01	2.479465894830562613e-05
2.511886431509582214e+11	1.400000000000000000e+01	3.135654345852168363e-05
3.162277660168379517e+11	1.400000000000000000e+01	3.977117181472414635e-05
3.981071705534969482e+11	1.400000000000000000e+01	5.067061393222311439e-05
5.011872336272714844e+11	1.400000000000000000e+01	6.496011609324057242e-05
6.309573444801943359e+11	1.400000000000000000e+01	8.351156139319585369e-05
7.943282347242821045e+11	1.400000000000000000e+01	1.018052147031155890e-04
1.000000000000000000e+12	1.400000000000000000e+01	1.177058192404718465e-04
1.260000000000000000e+12	1.400000000000000000e+01	1.399589085564080092e-04
1.580000000000000000e+12	1.400000000000000000e+01	1.701221594841378459e-04
2.000000000000000000e+12	1.400000000000000000e+01	2.100731955325919008e-04
2.510000000000000000e+12	1.400000000000000000e+01	2.610443258999204839e-04
3.160000000000000000e+12	1.400000000000000000e+01	3.257315342983525797e-04
3.980000000000000000e+12	1.400000000000000000e+01	4.069212404296590133e-04
5.010000000000000000e+12	1.400000000000000000e+01	5.111530733886472406e-04
6.310000000000000000e+12	1.400000000000000000e+01	6.427375564432607135e-04
7.940000000000000000e+12	1.400000000000000000e+01	8.091598119359808472e-04
1.000000000000000000e+13	1.400000000000000000e+01	1.022458180423888464e-03
1.260000000000000000e+13	1.400000000000000000e+01	1.291635630097230647e-03
1.580000000000000000e+13	1.400000000000000000e+01	1.626035175197550111e-03
2.000000000000000000e+13	1.400000000000000000e+01	2.068539982902661487e-03
2.510000000000000000e+13	1.400000000000000000e+01	2.602797950346888000e-03
3.160000000000000000e+13	1.400000000000000000e+01	3.270133632711576428e-03
3.980000000000000000e+13	1.400000000000000000e+01	4.065108101981589409e-03
5.010000000000000000e+13	1.400000000000000000e+01	4.963091277314273311e-03
6.310000000000000000e+13	1.400000000000000000e+01	6.002908298817152821e-03
7.940000000000000000e+13	1.400000000000000000e+01	7.246008360157998006e-03
1.000000000000000000e+14	1.400000000000000000e+01	8.848078404124116655e-03
1.260000000000000000e+14	1.400000000000000000e+01	1.104985627933164835e-02
1.580000000000000000e+14	1.400000000000000000e+01	1.407667704505451318e-02
2.000000000000000000e+14	1.400000000000000000e+01	1.833702904139824369e-02
2.510000000000000000e+14	1.400000000000000000e+01	2.341967321112038009e-02
3.160000000000000000e+14	1.400000000000000000e+01	2.931455081120789771e-02
3.980000000000000000e+14	1.400000000000000000e+01	3.467279057040401763e-02
5.010000000000000000e+14	1.400000000000000000e+01	3.795889378402399900e-02
6.310000000000000000e+14	1.400000000000000000e+01	3.923075968216902659e-02
7.940000000000000000e+14	1.400000000000000000e+01	3.701248557874790845e-02
1.000000000000000000e+15	1.400000000000000000e+01	3.209238166052174462e-02
1.260000000000000000e+15	1.400000000000000000e+01	2.648822264312083313e-02
1.580000000000000000e+15	1.400000000000000000e+01	1.981803797445769524e-02
2.000000000000000000e+15	1.400000000000000000e+01	1.140231029527146063e-02
2.510000000000000000e+15	1.400000000000000000e+01	1.991846793058959890e-03
3.160000000000000000e+15	1.400000000000000000e+01	-5.835747685906008710e-03
3.980000000000000000e+15	1.400000000000000000e+01	-1.229981714516917811e-02
5.010000000000000000e+15	1.400000000000000000e+01	-1.732221416821531912e-02
6.310000000000000000e+15	1.400000000000000000e+01	-2.096597291209060382e-02
7.940000000000000000e+15	1.400000000000000000e+01	-2.333577671211293711e-02
1.000000000000000000e+16	1.400000000000000000e+01	-2.461817217397969937e-02
1.260000000000000000e+16	1.400000000000000000e+01	-2.499022199948391573e-02
1.580000000000000000e+16	1.400000000000000000e+01	-2.467371820821549072e-02
2.000000000000000000e+16	1.400000000000000000e+01	-2.376807789705528626e-02
2.510000000000000000e+16	1.400000000000000000e+01	-2.253953820748397924e-02
3.160000000000000000e+16	1.400000000000000000e+01	-2.103926185316956632e-02
3.980000000000000000e+16	1.400000000000000000e+01	-1.939130568837232893e-02
5.010000000000000000e+16	1.400000000000000000e+01	-1.768720890433611581e-02
6.310000000000000000e+16	1.400000000000000000e+01	-1.598127977689553503e-02
7.940000000000000000e+16	1.400000000000000000e+01	-1.433329805931564220e-02
1.000000000000000000e+17	1.400000000000000000e+01	-1.275844660387551871e-02
1.000000000000000000e+11	1.600000000000000000e+01	1.152369257772306286e-05
1.258925411794166107e+11	1.600000000000000000e+01	1.452087824559227331e-05
1.584893192461110840e+11	1.600000000000000000e+01	1.830914475818563967e-05
1.995262314968882751e+11	1.600000000000000000e+01	2.310912990304079661e-05
2.511886431509582214e+11	1.600000000000000000e+01	2.921695616708496829e-05
3.162277660168379517e+11	1.600000000000000000e+01	3.704090095642254937e-05
3.981071705534969482e+11	1.600000000000000000e+01	4.715289251952738570e-05
5.011872336272714844e+11	1.600000000000000000e+01	6.034323674720501224e-05
6.309573444801943359e+11	1.600000000000000000e+01	7.718953708605219609e-05
7.943282347242821045e+11	1.600000000000000000e+01	9.116570852656155752e-05
1.000000000000000000e+12	1.600000000000000000e+01	1.071386279445172017e-04
1.260000000000000000e+12	1.600000000000000000e+01	1.327352147869327690e-04
1.580000000000000000e+12	1.600000000000000000e+01	1.634312559328590132e-04
2.000000000000000000e+12	1.600000000000000000e+01	2.040660299004723238e-04
2.510000000000000000e+12	1.600000000000000000e+01	2.528748921204341583e-04
3.160000000000000000e+12	1.600000000000000000e+01	3.164143525730380899e-04
3.980000000000000000e+12	1.600000000000000000e+01	3.974355617904140126e-04
5.010000000000000000e+12	1.600000000000000000e+01	5.004539037098170362e-04
6.310000000000000000e+12	1.600000000000000000e+01	6.306849187965663439e-04
7.940000000000000000e+12	1.600000000000000000e+01	7.937785592282409469e-04
1.000000000000000000e+13	1.600000000000000000e+01	1.000761374086581775e-03
1.260000000000000000e+13	1.600000000000000000e+01	1.263734902822353850e-03
1.580000000000000000e+13	1.600000000000000000e+01	1.590242564946309960e-03
2.000000000000000000e+13	1.600000000000000000e+01	2.021408023483575473e-03
2.510000000000000000e+13	1.600000000000000000e+01	2.545629460199252177e-03
3.160000000000000000e+13	1.600000000000000000e+01	3.194944105299334265e-03
3.980000000000000000e+13	1.600000000000000000e+01	3.964366136329365749e-03
5.010000000000000000e+13	1.600000000000000000e+01	4.857086120972975603e-03
6.310000000000000000e+13	1.600000000000000000e+01	5.898912230847598928e-03
7.940000000000000000e+13	1.600000000000000000e+01	7.168729706251812661e-03
1.000000000000000000e+14	1.600000000000000000e+01	8.812650301846386425e-03
1.260000000000000000e+14	1.600000000000000000e+01	1.105144250676958102e-02
1.580000000000000000e+14	1.600000000000000000e+01	1.409463364746395796e-02
2.000000000000000000e+14	1.600000000000000000e+01	1.853984016933485357e-02
2.510000000000000000e+14	1.600000000000000000e+01	2.393091937669986416e-02
3.160000000000000000e+14	1.600000000000000000e+01	2.981924202381567787e-02
3.980000000000000000e+14	1.600000000000000000e+01	3.519469017190049454e-02
5.010000000000000000e+14	1.600000000000000000e+01	3.896848571531669192e-02
6.310000000000000000e+14	1.600000000000000000e+01	3.969685734914229353e-02
7.940000000000000000e+14	1.600000000000000000e+01	3.734059374890164040e-02
1.000000000000000000e+15	1.600000000000000000e+01	3.254154444342914621e-02
1.260000000000000000e+15	1.600000000000000000e+01	2.514353087620951888e-02
1.580000000000000000e+15	1.600000000000000000e+01	1.609531896635475051e-02
2.000000000000000000e+15	1.600000000000000000e+01	7.333920730953796471e-03
2.510000000000000000e+15	1.600000000000000000e+01	1.128750294851554935e-04
3.160000000000000000e+15	1.600000000000000000e+01	-6.866983145836555620e-03
3.980000000000000000e+15	1.600000000000000000e+01	-1.277953505204463582e-02
5.010000000000000000e+15	1.600000000000000000e+01	-1.741130364560687649e-02
6.310000000000000000e+15	1.600000000000000000e+01	-2.077352157226083906e-02
7.940000000000000000e+15	1.600000000000000000e+01	-2.294634066141912690e-02
1.000000000000000000e+16	1.600000000000000000e+01	-2.409529324221644508e-02
1.260000000000000000e+16	1.600000000000000000e+01	-2.438560120162333936e-02
1.580000000000000000e+16	1.600000000000000000e+01	-2.402714986136479658e-02
2.000000000000000000e+16	1.600000000000000000e+01	-2.310944641180063402e-02
2.510000000000000000e+16	1.600000000000000000e+01	-2.189036667009993872e-02
3.160000000000000000e+16	1.600000000000000000e+01	-2.041536380968617462e-02
3.980000000000000000e+16	1.600000000000000000e+01	-1.880328881744971342e-02
5.010000000000000000e+16	1.600000000000000000e+01	-1.714118102740428903e-02
6.310000000000000000e+16	1.600000000000000000e+01	-1.548106152570958259e-02
7.940000000000000000e+16	1.600000000000000000e+01	-1.387942726775054716e-02
1.000000000000000000e+17	1.600000000000000000e+01	-1.235056344652412166e-02
1.000000000000000000e+11	1.800000000000000000e+01	1.099384506116542085e-05
1.258925411794166107e+11	1.800000000000000000e+01	1.385290021782191610e-05
1.584893192461110840e+11	1.800000000000000000e+01	1.746661232609843096e-05
1.995262314968882751e+11	1.800000000000000000e+01	2.204490564233343238e-05
2.511886431509582214e+11	1.800000000000000000e+01	2.786983374383773302e-05
3.162277660168379517e+11	1.800000000000000000e+01	3.532964796521394858e-05
3.981071705534969482e+11	1.800000000000000000e+01	4.496559476709350016e-05
5.011872336272714844e+11	1.800000000000000000e+01	5.749587206869495099e-05
6.309573444801943359e+11	1.800000000000000000e+01	7.343819170339135828e-05
7.943282347242821045e+11	1.800000000000000000e+01	8.560564290317732744e-05
1.000000000000000000e+12	1.800000000000000000e+01	9.996133658094397047e-05
1.260000000000000000e+12	1.800000000000000000e+01	1.258848259125697428e-04
1.580000000000000000e+12	1.800000000000000000e+01	1.569370490489053235e-04
2.000000000000000000e+12	1.800000000000000000e+01	1.984758428202285248e-04
2.510000000000000000e+12	1.800000000000000000e+01	2.480054366575946121e-04
3.160000000000000000e+12	1.800000000000000000e+01	3.106274060754361408e-04
3.980000000000000000e+12	1.800000000000000000e+01	3.896514872029421339e-04
5.010000000000000000e+12	1.800000000000000000e+01	4.883351949703714509e-04
6.310000000000000000e+12	1.800000000000000000e+01	6.151746137933972007e-04
7.940000000000000000e+12	1.800000000000000000e+01	7.748129746506649115e-04
1.000000000000000000e+13	1.800000000000000000e+01	9.781022701604658379e-04
1.260000000000000000e+13	1.800000000000000000e+01	1.235891388546470635e-03
1.580000000000000000e+13	1.800000000000000000e+01	1.553517686506571561e-03
2.000000000000000000e+13	1.800000000000000000e+01	1.972045484831105346e-03
2.510000000000000000e+13	1.800000000000000000e+01	2.477374595228824632e-03
3.160000000000000000e+13	1.800000000000000000e+01	3.114978850442886270e-03
3.980000000000000000e+13	1.800000000000000000e+01	3.886094992098055277e-03
5.010000000000000000e+13	1.800000000000000000e+01	4.784350147466271547e-03
6.310000000000000000e+13	1.800000000000000000e+01	5.837805990562676753e-03
7.940000000000000000e+13	1.800000000000000000e+01	7.121720210563614942e-03
1.000000000000000000e+14	1.800000000000000000e+01	8.811255230849190934e-03
1.260000000000000000e+14	1.800000000000000000e+01	1.110134032580646982e-02
1.580000000000000000e+14	1.800000000000000000e+01	1.421649383849407644e-02
2.000000000000000000e+14	1.800000000000000000e+01	1.861423340819358049e-02
2.510000000000000000e+14	1.800000000000000000e+01	2.394671738414106896e-02
3.160000000000000000e+14	1.800000000000000000e+01	2.995283626369303273e-02
3.980000000000000000e+14	1.800000000000000000e+01	3.525793505387219556e-02
5.010000000000000000e+14	1.800000000000000000e+01	3.952685422429644269e-02
6.310000000000000000e+14	1.800000000000000000e+01	4.075201085355443370e-02
7.940000000000000000e+14	1.800000000000000000e+01	3.822130943665814212e-02
1.000000000000000000e+15	1.800000000000000000e+01	3.355737494224509537e-02
1.260000000000000000e+15	1.800000000000000000e+01	2.647487212784615032e-02
1.580000000000000000e+15	1.800000000000000000e+01	1.838374115830318165e-02
2.000000000000000000e+15	1.800000000000000000e+01	9.623408923193082706e-03
2.510000000000000000e+15	1.800000000000000000e+01	1.153374620555663258e-03
3.160000000000000000e+15	1.800000000000000000e+01	-6.395880054371590184e-03
3.980000000000000000e+15	1.800000000000000000e+01	-1.270611407277240194e-02
5.010000000000000000e+15	1.800000000000000000e+01	-1.762814300285760888e-02
6.310000000000000000e+15	1.800000000000000000e+01	-2.120192418955195446e-02
7.940000000000000000e+15	1.800000000000000000e+01	-2.351979578541296342e-02
1.000000000000000000e+16	1.800000000000000000e+01	-2.476257650849225320e-02
1.260000000000000000e+16	1.800000000000000000e+01	-2.510398589111406328e-02
1.580000000000000000e+16	1.800000000000000000e+01	-2.476402783607662555e-02
2.000000000000000000e+16	1.800000000000000000e+01	-2.383922460247693900e-02
2.510000000000000000e+16	1.800000000000000000e+01	-2.259611213959231840e-02
3.160000000000000000e+16	1.800000000000000000e+01	-2.108416780367155727e-02
3.980000000000000000e+16	1.800000000000000000e+01	-1.942695687310784167e-02
5.010000000000000000e+16	1.800000000000000000e+01	-1.771547554396656066e-02
6.310000000000000000e+16	1.800000000000000000e+01	-1.600374825250280159e-02
7.940000000000000000e+16	1.800000000000000000e+01	-1.435095475241488470e-02
1.000000000000000000e+17	1.800000000000000000e+01	-1.277261950022743307e-02
1.000000000000000000e+11	2.000000000000000000e+01	1.037563197735117952e-05
1.258925411794166107e+11	2.000000000000000000e+01	1.307374288354230151e-05
1.584893192461110840e+11	2.000000000000000000e+01	1.648390525895067428e-05
1.995262314968882751e+11	2.000000000000000000e+01	2.080408462499699814e-05
2.511886431509582214e+11	2.000000000000000000e+01	2.630026270141996964e-05
3.162277660168379517e+11	2.000000000000000000e+01	3.333747971519484377e-05
3.981071705534969482e+11	2.000000000000000000e+01	4.242262685335209136e-05
5.011872336272714844e+11	2.000000000000000000e+01	5.421131720002059668e-05
6.309573444801943359e+11	2.000000000000000000e+01	6.907634443578834966e-05
7.943282347242821045e+11	2.000000000000000000e+01	7.884571263788550568e-05
1.000000000000000000e+12	2.000000000000000000e+01	9.324107190509994055e-05
1.260000000000000000e+12	2.000000000000000000e+01	1.203797347529703197e-04
1.580000000000000000e+12	2.000000000000000000e+01	1.496615563203330512e-04
2.000000000000000000e+12	2.000000000000000000e+01	1.887926769160027339e-04
2.510000000000000000e+12	2.000000000000000000e+01	2.365377017838914857e-04
3.160000000000000000e+12	2.000000000000000000e+01	2.976567046450608175e-04
3.980000000000000000e+12	2.000000000000000000e+01	3.755864739933600970e-04
5.010000000000000000e+12	2.000000000000000000e+01	4.730329059541978033e-04
6.310000000000000000e+12	2.000000000000000000e+01	5.940508845074107206e-04
7.940000000000000000e+12	2.000000000000000000e+01	7.469745125950245533e-04
1.000000000000000000e+13	2.000000000000000000e+01	9.429153712782624821e-04
1.260000000000000000e+13	2.000000000000000000e+01	1.191938603083580279e-03
1.580000000000000000e+13	2.000000000000000000e+01	1.498014526640153348e-03
2.000000000000000000e+13	2.000000000000000000e+01	1.902420156368273734e-03
2.510000000000000000e+13	2.000000000000000000e+01	2.390050601087798793e-03
3.160000000000000000e+13	2.000000000000000000e+01	3.007325030299749184e-03
3.980000000000000000e+13	2.000000000000000000e+01	3.749825671384286307e-03
5.010000000000000000e+13	2.000000000000000000e+01	4.607964207472644950e-03
6.310000000000000000e+13	2.000000000000000000e+01	5.639663021921889272e-03
7.940000000000000000e+13	2.000000000000000000e+01	6.920845133403749107e-03
1.000000000000000000e+14	2.000000000000000000e+01	8.583338410139251806e-03
1.260000000000000000e+14	2.000000000000000000e+01	1.084099533036586571e-02
1.580000000000000000e+14	2.000000000000000000e+01	1.394032691777957397e-02
2.000000000000000000e+14	2.000000000000000000e+01	1.833876420446422725e-02
2.510000000000000000e+14	2.000000000000000000e+01	2.373619508125848765e-02
3.160000000000000000e+14	2.000000000000000000e+01	2.965926019108884940e-02
3.980000000000000000e+14	2.000000000000000000e+01	3.531278134138209068e-02
5.010000000000000000e+14	2.000000000000000000e+01	3.780851805018528577e-02
6.310000000000000000e+14	2.000000000000000000e+01	3.830570358193506608e-02
7.940000000000000000e+14	2.000000000000000000e+01	3.666357952212812021e-02
1.000000000000000000e+15	2.000000000000000000e+01	3.135288344600426630e-02
1.260000000000000000e+15	2.000000000000000000e+01	2.535461285023034653e-02
1.580000000000000000e+15	2.000000000000000000e+01	1.767991570878720692e-02
2.000000000000000000e+15	2.000000000000000000e+01	9.228775848662053652e-03
2.510000000000000000e+15	2.000000000000000000e+01	1.042271286983644527e-03
3.160000000000000000e+15	2.000000000000000000e+01	-6.235598672168380166e-03
3.980000000000000000e+15	2.000000000000000000e+01	-1.231701085933882035e-02
5.010000000000000000e+15	2.000000000000000000e+01	-1.706037173846096378e-02
6.310000000000000000e+15	2.000000000000000000e+01	-2.050230650065396065e-02
7.940000000000000000e+15	2.000000000000000000e+01	-2.273388227634877065e-02
1.000000000000000000e+16	2.000000000000000000e+01	-2.392868498325426141e-02
1.260000000000000000e+16	2.000000000000000000e+01	-2.425420765630100298e-02
1.580000000000000000e+16	2.000000000000000000e+01	-2.392080773018551848e-02
2.000000000000000000e+16	2.000000000000000000e+01	-2.302720065972844316e-02
2.510000000000000000e+16	2.000000000000000000e+01	-2.182492787835035863e-02
3.160000000000000000e+16	2.000000000000000000e+01	-2.036347082584623672e-02
3.980000000000000000e+16	2.000000000000000000e+01	-1.876210020434661632e-02
5.010000000000000000e+16	2.000000000000000000e+01	-1.710865213517247935e-02
6.310000000000000000e+16	2.000000000000000000e+01	-1.545508035229098583e-02
7.940000000000000000e+16	2.000000000000000000e+01	-1.385882595340191814e-02
1.000000000000000000e+17	2.000000000000000000e+01	-1.233418594298371640e-02
1.000000000000000000e+11	2.200000000000000000e+01	1.027105050839445249e-05
1.258925411794166107e+11	2.200000000000000000e+01	1.294179504351386295e-05
1.584893192461110840e+11	2.200000000000000000e+01	1.631722079496412600e-05
1.995262314968882751e+11	2.200000000000000000e+01	2.059318736283402944e-05
2.511886431509582214e+11	2.200000000000000000e+01	2.603235815329164204e-05
3.162277660168379517e+11	2.200000000000000000e+01	3.299564973833165774e-05
3.981071705534969482e+11	2.200000000000000000e+01	4.198231718554795358e-05
5.011872336272714844e+11	2.200000000000000000e+01	5.363541981520055136e-05
6.309573444801943359e+11	2.200000000000000000e+01	6.830116113424774518e-05
7.943282347242821045e+11	2.200000000000000000e+01	7.773493403205918712e-05
1.000000000000000000e+12	2.200000000000000000e+01	9.114552302604091627e-05
1.260000000000000000e+12	2.200000000000000000e+01	1.183060449848612428e-04
1.580000000000000000e+12	2.200000000000000000e+01	1.488320343870010328e-04
2.000000000000000000e+12	2.200000000000000000e+01	1.885729747829267367e-04
2.510000000000000000e+12	2.200000000000000000e+01	2.368515626059796526e-04
3.160000000000000000e+12	2.200000000000000000e+01	2.989594662763191591e-04
3.980000000000000000e+12	2.200000000000000000e+01	3.761999860437935123e-04
5.010000000000000000e+12	2.200000000000000000e+01	4.723347239849271114e-04
6.310000000000000000e+12	2.200000000000000000e+01	5.961949838501059626e-04
7.940000000000000000e+12	2.200000000000000000e+01	7.504723413598331618e-04
1.000000000000000000e+13	2.200000000000000000e+01	9.442552257081555803e-04
1.260000000000000000e+13	2.200000000000000000e+01	1.191734939789630947e-03
1.580000000000000000e+13	2.200000000000000000e+01	1.498741955848009082e-03
2.000000000000000000e+13	2.200000000000000000e+01	1.902153211978837005e-03
2.510000000000000000e+13	2.200000000000000000e+01	2.393635639104477100e-03
3.160000000000000000e+13	2.200000000000000000e+01	3.000595687182173576e-03
3.980000000000000000e+13	2.200000000000000000e+01	3.736918633637656764e-03
5.010000000000000000e+13	2.200000000000000000e+01	4.623790750630593291e-03
6.310000000000000000e+13	2.200000000000000000e+01	5.696919160309534685e-03
7.940000000000000000e+13	2.200000000000000000e+01	7.023157543283303252e-03
1.000000000000000000e+14	2.200000000000000000e+01	8.743479114716689454e-03
1.260000000000000000e+14	2.200000000000000000e+01	1.110008301886518563e-02
1.580000000000000000e+14	2.200000000000000000e+01	1.428326790786871477e-02
2.000000000000000000e+14	2.200000000000000000e+01	1.875997909199719760e-02
2.510000000000000000e+14	2.200000000000000000e+01	2.403029278911561137e-02
3.160000000000000000e+14	2.200000000000000000e+01	2.995824314834339558e-02
3.980000000000000000e+14	2.200000000000000000e+01	3.544669157008287219e-02
5.010000000000000000e+14	2.200000000000000000e+01	3.974381689676152046e-02
6.310000000000000000e+14	2.200000000000000000e+01	4.086614337363781574e-02
7.940000000000000000e+14	2.200000000000000000e+01	3.830173331457436409e-02
1.000000000000000000e+15	2.200000000000000000e+01	3.361747767326011410e-02
1.260000000000000000e+15	2.200000000000000000e+01	2.652097940950631436e-02
1.580000000000000000e+15	2.200000000000000000e+01	1.841979163736424605e-02
2.000000000000000000e+15	2.200000000000000000e+01	9.651537503825701608e-03
2.510000000000000000e+15	2.200000000000000000e+01	1.175415384777744789e-03
3.160000000000000000e+15	2.200000000000000000e+01	-6.378289391699789451e-03
3.980000000000000000e+15	2.200000000000000000e+01	-1.269218836769469422e-02
5.010000000000000000e+15	2.200000000000000000e+01	-1.761710565544205576e-02
6.310000000000000000e+15	2.200000000000000000e+01	-2.119316643441850057e-02
7.940000000000000000e+15	2.200000000000000000e+01	-2.351284093295082436e-02
1.000000000000000000e+16	2.200000000000000000e+01	-2.475706468674472929e-02
1.260000000000000000e+16	2.200000000000000000e+01	-2.509961050137753807e-02
1.580000000000000000e+16	2.200000000000000000e+01	-2.476055635114186512e-02
2.000000000000000000e+16	2.200000000000000000e+01	-2.383645493636940213e-02
2.510000000000000000e+16	2.200000000000000000e+01	-2.259392893572945149e-02
3.160000000000000000e+16	2.200000000000000000e+01	-2.108241618621053276e-02
3.980000000000000000e+16	2.200000000000000000e+01	-1.942557160435160954e-02
5.010000000000000000e+16	2.200000000000000000e+01	-1.771438322537023310e-02
6.310000000000000000e+16	2.200000000000000000e+01	-1.600286207071362210e-02
7.940000000000000000e+16	2.200000000000000000e+01	-1.434998576319252914e-02
1.000000000000000000e+17	2.200000000000000000e+01	-1.277206782104724561e-02
1.000000000000000000e+11	2.400000000000000000e+01	9.834861586298063957e-06
1.258925411794166107e+11	2.400000000000000000e+01	1.239222093927530557e-05
1.584893192461110840e+11	2.400000000000000000e+01	1.562418468794972244e-05
1.995262314968882751e+11	2.400000000000000000e+01	1.971852516710595926e-05
2.511886431509582214e+11	2.400000000000000000e+01	2.492697344125157139e-05
3.162277660168379517e+11	2.400000000000000000e+01	3.159506496099866884e-05
3.981071705534969482e+11	2.400000000000000000e+01	4.019932961932476748e-05
5.011872336272714844e+11	2.400000000000000000e+01	5.136408566570782228e-05
6.309573444801943359e+11	2.400000000000000000e+01	6.529165152320326243e-05
7.943282347242821045e+11	2.400000000000000000e+01	7.326907592394553566e-05
1.000000000000000000e+12	2.400000000000000000e+01	8.610735837778601867e-05
1.260000000000000000e+12	2.400000000000000000e+01	1.139026131066095843e-04
1.580000000000000000e+12	2.400000000000000000e+01	1.447465260388399420e-04
2.000000000000000000e+12	2.400000000000000000e+01	1.833219788485025399e-04
2.510000000000000000e+12	2.400000000000000000e+01	2.287557668130792349e-04
3.160000000000000000e+12	2.400000000000000000e+01	2.876769376701414577e-04
3.980000000000000000e+12	2.400000000000000000e+01	3.628317534900320153e-04
5.010000000000000000e+12	2.400000000000000000e+01	4.562507390589092362e-04
6.310000000000000000e+12	2.400000000000000000e+01	5.733143172980641319e-04
7.940000000000000000e+12	2.400000000000000000e+01	7.223611828841344090e-04
1.000000000000000000e+13	2.400000000000000000e+01	9.120572571899029186e-04
1.260000000000000000e+13	2.400000000000000000e+01	1.152177582719486918e-03
1.580000000000000000e+13	2.400000000000000000e+01	1.448882531014999628e-03
2.000000000000000000e+13	2.400000000000000000e+01	1.839072285831034161e-03
2.510000000000000000e+13	2.400000000000000000e+01	2.311263403103030155e-03
3.160000000000000000e+13	2.400000000000000000e+01	2.900312732228218105e-03
3.980000000000000000e+13	2.400000000000000000e+01	3.616403968342795511e-03
5.010000000000000000e+13	2.400000000000000000e+01	4.482111909519440225e-03
6.310000000000000000e+13	2.400000000000000000e+01	5.533011739634975668e-03
7.940000000000000000e+13	2.400000000000000000e+01	6.832278104825686114e-03
1.000000000000000000e+14	2.400000000000000000e+01	8.527192462142412291e-03
1.260000000000000000e+14	2.400000000000000000e+01	1.084738909172604064e-02
1.580000000000000000e+14	2.400000000000000000e+01	1.388850104068168299e-02
2.000000000000000000e+14	2.400000000000000000e+01	1.822713310860002781e-02
2.510000000000000000e+14	2.400000000000000000e+01	2.375451840189320846e-02
3.160000000000000000e+14	2.400000000000000000e+01	2.959189906668735839e-02
3.980000000000000000e+14	2.400000000000000000e+01	3.452656835178103539e-02
5.010000000000000000e+14	2.400000000000000000e+01	3.803406920535345320e-02
6.310000000000000000e+14	2.400000000000000000e+01	3.988969065447246776e-02
7.940000000000000000e+14	2.400000000000000000e+01	3.817164049256309422e-02
1.000000000000000000e+15	2.400000000000000000e+01	3.172904495461233154e-02
1.260000000000000000e+15	2.400000000000000000e+01	2.442385784765747220e-02
1.580000000000000000e+15	2.400000000000000000e+01	1.741845146436207456e-02
2.000000000000000000e+15	2.400000000000000000e+01	9.090875063588205879e-03
2.510000000000000000e+15	2.400000000000000000e+01	9.537737717513132367e-04
3.160000000000000000e+15	2.400000000000000000e+01	-6.297049403969737745e-03
3.980000000000000000e+15	2.400000000000000000e+01	-1.236196917928339759e-02
5.010000000000000000e+15	2.400000000000000000e+01	-1.709416542488789020e-02
6.310000000000000000e+15	2.400000000000000000e+01	-2.052838209885153933e-02
7.940000000000000000e+15	2.400000000000000000e+01	-2.275453864615615759e-02
1.000000000000000000e+16	2.400000000000000000e+01	-2.394459543181529787e-02
1.260000000000000000e+16	2.400000000000000000e+01	-2.426674096019794391e-02
1.580000000000000000e+16	2.400000000000000000e+01	-2.393272726129092379e-02
2.000000000000000000e+16	2.400000000000000000e+01	-2.303503156718470987e-02
2.510000000000000000e+16	2.400000000000000000e+01	-2.183114697458570994e-02
3.160000000000000000e+16	2.400000000000000000e+01	-2.036840262852004577e-02
3.980000000000000000e+16	2.400000000000000000e+01	-1.876599394675351404e-02
5.010000000000000000e+16	2.400000000000000000e+01	-1.711193300850127191e-02
6.310000000000000000e+16	2.400000000000000000e+01	-1.545754170984366994e-02
7.940000000000000000e+16	2.400000000000000000e+01	-1.386075929953970581e-02
1.000000000000000000e+17	2.400000000000000000e+01	-1.233574660168201310e-02
1.000000000000000000e+11	2.600000000000000000e+01	9.795776464096102291e-06
1.258925411794166107e+11	2.600000000000000000e+01	1.234331753706838312e-05
1.584893192461110840e+11	2.600000000000000000e+01	1.556266290175474032e-05
1.995262314968882751e+11	2.600000000000000000e+01	1.964114056698907599e-05
2.511886431509582214e+11	2.600000000000000000e+01	2.482942167527572001e-05
3.162277660168379517e+11	2.600000000000000000e+01	3.147232325012051124e-05
3.981071705534969482e+11	2.600000000000000000e+01	4.004545788825494108e-05
5.011872336272714844e+11	2.600000000000000000e+01	5.115229729165953230e-05
6.309573444801943359e+11	2.600000000000000000e+01	6.505321753386005435e-05
7.943282347242821045e+11	2.600000000000000000e+01	7.296940001282066328e-05
1.000000000000000000e+12	2.600000000000000000e+01	8.580517680571713042e-05
1.260000000000000000e+12	2.600000000000000000e+01	1.139560587412877989e-04
1.580000000000000000e+12	2.600000000000000000e+01	1.429382982871787631e-04
2.000000000000000000e+12	2.600000000000000000e+01	1.808759363970319006e-04
2.510000000000000000e+12	2.600000000000000000e+01	2.285787417354443927e-04
3.160000000000000000e+12	2.600000000000000000e+01	2.878592451679238412e-04
3.980000000000000000e+12	2.600000000000000000e+01	3.613925990280336502e-04
5.010000000000000000e+12	2.600000000000000000e+01	4.553615100894669687e-04
6.310000000000000000e+12	2.600000000000000000e+01	5.733530859190914732e-04
7.940000000000000000e+12	2.600000000000000000e+01	7.218431609474676002e-04
1.000000000000000000e+13	2.600000000000000000e+01	9.101307491311165032e-04
1.260000000000000000e+13	2.600000000000000000e+01	1.146481307507992570e-03
1.580000000000000000e+13	2.600000000000000000e+01	1.439688807421582234e-03
2.000000000000000000e+13	2.600000000000000000e+01	1.824407195364862204e-03
2.510000000000000000e+13	2.600000000000000000e+01	2.295618935246467214e-03
3.160000000000000000e+13	2.600000000000000000e+01	2.893350857585590911e-03
3.980000000000000000e+13	2.600000000000000000e+01	3.616206040302659495e-03
5.010000000000000000e+13	2.600000000000000000e+01	4.478613248199096036e-03
6.310000000000000000e+13	2.600000000000000000e+01	5.530410915126762923e-03
7.940000000000000000e+13	2.600000000000000000e+01	6.848552615909200315e-03
1.000000000000000000e+14	2.600000000000000000e+01	8.584164334533543259e-03
1.260000000000000000e+14	2.600000000000000000e+01	1.091121066460409329e-02
1.580000000000000000e+14	2.600000000000000000e+01	1.407657602267671851e-02
2.000000000000000000e+14	2.600000000000000000e+01	1.858306263234818859e-02
2.510000000000000000e+14	2.600000000000000000e+01	2.384587415097298366e-02
3.160000000000000000e+14	2.600000000000000000e+01	2.975119447189813332e-02
3.980000000000000000e+14	2.600000000000000000e+01	3.523659463950196136e-02
5.010000000000000000e+14	2.600000000000000000e+01	3.932624788668510896e-02
6.310000000000000000e+14	2.600000000000000000e+01	3.952574624172071338e-02
7.940000000000000000e+14	2.600000000000000000e+01	3.723328374561548498e-02
1.000000000000000000e+15	2.600000000000000000e+01	3.471900076148713016e-02
1.260000000000000000e+15	2.600000000000000000e+01	2.810798314476681270e-02
1.580000000000000000e+15	2.600000000000000000e+01	1.912308336586754018e-02
2.000000000000000000e+15	2.600000000000000000e+01	1.010862241145929138e-02
2.510000000000000000e+15	2.600000000000000000e+01	1.507073887932039793e-03
3.160000000000000000e+15	2.600000000000000000e+01	-6.129192502296135561e-03
3.980000000000000000e+15	2.600000000000000000e+01	-1.250084003256613126e-02
5.010000000000000000e+15	2.600000000000000000e+01	-1.746878318845528424e-02
6.310000000000000000e+15	2.600000000000000000e+01	-2.107630562744881517e-02
7.940000000000000000e+15	2.600000000000000000e+01	-2.342067640390541744e-02
1.000000000000000000e+16	2.600000000000000000e+01	-2.468421060463846933e-02
1.260000000000000000e+16	2.600000000000000000e+01	-2.504198816593991919e-02
1.580000000000000000e+16	2.600000000000000000e+01	-2.471468860686113975e-02
2.000000000000000000e+16	2.600000000000000000e+01	-2.380027108335555641e-02
2.510000000000000000e+16	2.600000000000000000e+01	-2.256509528704220280e-02
3.160000000000000000e+16	2.600000000000000000e+01	-2.105953851029896198e-02
3.980000000000000000e+16	2.600000000000000000e+01	-1.940740643583364552e-02
5.010000000000000000e+16	2.600000000000000000e+01	-1.769996673638484647e-02
6.310000000000000000e+16	2.600000000000000000e+01	-1.599140155811630201e-02
7.940000000000000000e+16	2.600000000000000000e+01	-1.434134724249391639e-02
1.000000000000000000e+17	2.600000000000000000e+01	-1.276484480451221815e-02
1.000000000000000000e+11	2.800000000000000000e+01	9.683981963711092475e-06
1.258925411794166107e+11	2.800000000000000000e+01	1.220220091458710264e-05
1.584893192461110840e+11	2.800000000000000000e+01	1.538480130151289541e-05
1.995262314968882751e+11	2.800000000000000000e+01	1.941693760049866989e-05
2.511886431509582214e+11	2.800000000000000000e+01	2.454690802177358054e-05
3.162277660168379517e+11	2.800000000000000000e+01	3.111532938972924015e-05
3.981071705534969482e+11	2.800000000000000000e+01	3.959318419136512092e-05
5.011872336272714844e+11	2.800000000000000000e+01	5.057666204107105805e-05
6.309573444801943359e+11	2.800000000000000000e+01	6.431372404817905738e-05
7.943282347242821045e+11	2.800000000000000000e+01	7.202005964469597975e-05
1.000000000000000000e+12	2.800000000000000000e+01	8.448700353201324322e-05
1.260000000000000000e+12	2.800000000000000000e+01	1.117284858427652683e-04
1.580000000000000000e+12	2.800000000000000000e+01	1.413407511793331715e-04
2.000000000000000000e+12	2.800000000000000000e+01	1.796122364286263792e-04
2.510000000000000000e+12	2.800000000000000000e+01	2.259557887623473078e-04
3.160000000000000000e+12	2.800000000000000000e+01	2.854845478883839870e-04
3.980000000000000000e+12	2.800000000000000000e+01	3.593542772463087444e-04
5.010000000000000000e+12	2.800000000000000000e+01	4.510625426492503084e-04
6.310000000000000000e+12	2.800000000000000000e+01	5.686147568087236009e-04
7.940000000000000000e+12	2.800000000000000000e+01	7.155565666315651325e-04
1.000000000000000000e+13	2.800000000000000000e+01	9.022864768783081914e-04
1.260000000000000000e+13	2.800000000000000000e+01	1.140510600217880784e-03
1.580000000000000000e+13	2.800000000000000000e+01	1.432633306066929176e-03
2.000000000000000000e+13	2.800000000000000000e+01	1.818157446296017436e-03
2.510000000000000000e+13	2.800000000000000000e+01	2.281927809002872939e-03
3.160000000000000000e+13	2.800000000000000000e+01	2.860772664068932797e-03
3.980000000000000000e+13	2.800000000000000000e+01	3.582296105752163975e-03
5.010000000000000000e+13	2.800000000000000000e+01	4.447914694558296154e-03
6.310000000000000000e+13	2.800000000000000000e+01	5.505299598634612324e-03
7.940000000000000000e+13	2.800000000000000000e+01	6.845120919116745931e-03
1.000000000000000000e+14	2.800000000000000000e+01	8.564146251981971658e-03
1.260000000000000000e+14	2.800000000000000000e+01	1.093383752821615144e-02
1.580000000000000000e+14	2.800000000000000000e+01	1.414588268329727665e-02
2.000000000000000000e+14	2.800000000000000000e+01	1.857181012505601872e-02
2.510000000000000000e+14	2.800000000000000000e+01	2.401654923413969536e-02
3.160000000000000000e+14	2.800000000000000000e+01	3.002865500018898556e-02
3.980000000000000000e+14	2.800000000000000000e+01	3.586248108866920553e-02
5.010000000000000000e+14	2.800000000000000000e+01	3.848599710941055796e-02
6.310000000000000000e+14	2.800000000000000000e+01	3.909207028384462101e-02
7.940000000000000000e+14	2.800000000000000000e+01	3.822128865046818536e-02
1.000000000000000000e+15	2.800000000000000000e+01	3.257759569424843044e-02
1.260000000000000000e+15	2.800000000000000000e+01	2.435591208256295687e-02
1.580000000000000000e+15	2.800000000000000000e+01	1.617815968658039075e-02
2.000000000000000000e+15	2.800000000000000000e+01	8.612444912103884090e-03
2.510000000000000000e+15	2.800000000000000000e+01	6.433062807244618615e-04
3.160000000000000000e+15	2.800000000000000000e+01	-6.519317722330529759e-03
3.980000000000000000e+15	2.800000000000000000e+01	-1.252836772405335058e-02
5.010000000000000000e+15	2.800000000000000000e+01	-1.722201450559502148e-02
6.310000000000000000e+15	2.800000000000000000e+01	-2.062769101834213345e-02
7.940000000000000000e+15	2.800000000000000000e+01	-2.283210463147514191e-02
1.000000000000000000e+16	2.800000000000000000e+01	-2.400597794050733300e-02
1.260000000000000000e+16	2.800000000000000000e+01	-2.431521113098787309e-02
1.580000000000000000e+16	2.800000000000000000e+01	-2.397128899223127316e-02
2.000000000000000000e+16	2.800000000000000000e+01	-2.306541133635566995e-02
2.510000000000000000e+16	2.800000000000000000e+01	-2.185533219666080038e-02
3.160000000000000000e+16	2.800000000000000000e+01	-2.038749625156899975e-02
3.980000000000000000e+16	2.800000000000000000e+01	-1.878124694398824318e-02
5.010000000000000000e+16	2.800000000000000000e+01	-1.712342908660673471e-02
6.310000000000000000e+16	2.800000000000000000e+01	-1.546707986541679888e-02
7.940000000000000000e+16	2.800000000000000000e+01	-1.386839038839296143e-02
1.000000000000000000e+17	2.800000000000000000e+01	-1.234181728841532259e-02
