1.000000000000000000e+11	5.000000000000000000e-01	2.224610857214070879e-05
1.258925411794166107e+11	5.000000000000000000e-01	2.803350808766823571e-05
1.584893192461110840e+11	5.000000000000000000e-01	3.534883889141785998e-05
1.995262314968882751e+11	5.000000000000000000e-01	4.461815479055733719e-05
2.511886431509582214e+11	5.000000000000000000e-01	5.641277639158425719e-05
3.162277660168379517e+11	5.000000000000000000e-01	7.152537011821182586e-05
3.981071705534969482e+11	5.000000000000000000e-01	9.110184534616117501e-05
5.011872336272714844e+11	5.000000000000000000e-01	1.168919214329561566e-04
6.309573444801943359e+11	5.000000000000000000e-01	1.517077483398818183e-04
7.943282347242821045e+11	5.000000000000000000e-01	2.016007849874332854e-04
1.000000000000000000e+12	5.000000000000000000e-01	2.340195038901231458e-04
1.260000000000000000e+12	5.000000000000000000e-01	2.507587799991206449e-04
1.580000000000000000e+12	5.000000000000000000e-01	2.921399393927157583e-04
2.000000000000000000e+12	5.000000000000000000e-01	3.529572971239960228e-04
2.510000000000000000e+12	5.000000000000000000e-01	4.302411854529927956e-04
3.160000000000000000e+12	5.000000000000000000e-01	5.307122065953054487e-04
3.980000000000000000e+12	5.000000000000000000e-01	6.585289479045030670e-04
5.010000000000000000e+12	5.000000000000000000e-01	8.206053182618173666e-04
6.310000000000000000e+12	5.000000000000000000e-01	1.027569557107268832e-03
7.940000000000000000e+12	5.000000000000000000e-01	1.292479845169587551e-03
1.000000000000000000e+13	5.000000000000000000e-01	1.634980352235249285e-03
1.260000000000000000e+13	5.000000000000000000e-01	2.070808370576215918e-03
1.580000000000000000e+13	5.000000000000000000e-01	2.606012321843826328e-03
2.000000000000000000e+13	5.000000000000000000e-01	3.310958026152674340e-03
2.510000000000000000e+13	5.000000000000000000e-01	4.149502017715057944e-03
3.160000000000000000e+13	5.000000000000000000e-01	5.117615141918922632e-03
3.980000000000000000e+13	5.000000000000000000e-01	6.131746517589743185e-03
5.010000000000000000e+13	5.000000000000000000e-01	7.099690738736265383e-03
6.310000000000000000e+13	5.000000000000000000e-01	8.004042547597532697e-03
7.940000000000000000e+13	5.000000000000000000e-01	8.930074808582473198e-03
1.000000000000000000e+14	5.000000000000000000e-01	1.009117783421610917e-02
1.260000000000000000e+14	5.000000000000000000e-01	1.180139692736142595e-02
1.580000000000000000e+14	5.000000000000000000e-01	1.433744269836289068e-02
2.000000000000000000e+14	5.000000000000000000e-01	1.822502497199014748e-02
2.510000000000000000e+14	5.000000000000000000e-01	2.315073606156096281e-02
3.160000000000000000e+14	5.000000000000000000e-01	2.873219513624438240e-02
3.980000000000000000e+14	5.000000000000000000e-01	3.392572739128439652e-02
5.010000000000000000e+14	5.000000000000000000e-01	3.743299076088387606e-02
6.310000000000000000e+14	5.000000000000000000e-01	3.834112779651883962e-02
7.940000000000000000e+14	5.000000000000000000e-01	3.625489235444200736e-02
1.000000000000000000e+15	5.000000000000000000e-01	3.156037405507957500e-02
1.260000000000000000e+15	5.000000000000000000e-01	2.474093112460682212e-02
1.580000000000000000e+15	5.000000000000000000e-01	1.666707298896112632e-02
2.000000000000000000e+15	5.000000000000000000e-01	8.287945762697316449e-03
2.510000000000000000e+15	5.000000000000000000e-01	2.385030429773110714e-04
3.160000000000000000e+15	5.000000000000000000e-01	-7.086893104226691872e-03
3.980000000000000000e+15	5.000000000000000000e-01	-1.324084941006520820e-02
5.010000000000000000e+15	5.000000000000000000e-01	-1.804747267548728260e-02
6.310000000000000000e+15	5.000000000000000000e-01	-2.153140760166021364e-02
7.940000000000000000e+15	5.000000000000000000e-01	-2.378011550098876534e-02
1.000000000000000000e+16	5.000000000000000000e-01	-2.496870048883383444e-02
1.260000000000000000e+16	5.000000000000000000e-01	-2.526724140902341861e-02
1.580000000000000000e+16	5.000000000000000000e-01	-2.489404853901058465e-02
2.000000000000000000e+16	5.000000000000000000e-01	-2.394186107147668052e-02
2.510000000000000000e+16	5.000000000000000000e-01	-2.267785345540692180e-02
3.160000000000000000e+16	5.000000000000000000e-01	-2.114905749502803481e-02
3.980000000000000000e+16	5.000000000000000000e-01	-1.947845643159390114e-02
5.010000000000000000e+16	5.000000000000000000e-01	-1.775641598007842922e-02
6.310000000000000000e+16	5.000000000000000000e-01	-1.603564218556848345e-02
7.940000000000000000e+16	5.000000000000000000e-01	-1.437698726070162081e-02
1.000000000000000000e+17	5.000000000000000000e-01	-1.279311342009697289e-02
1.000000000000000000e+11	1.500000000000000000e+00	2.193004670156324556e-05
1.258925411794166107e+11	1.500000000000000000e+00	2.763497947315711199e-05
1.584893192461110840e+11	1.500000000000000000e+00	3.484598263887165502e-05
1.995262314968882751e+11	1.500000000000000000e+00	4.398241920707632611e-05
2.511886431509582214e+11	1.500000000000000000e+00	5.560737949477678776e-05
3.162277660168379517e+11	1.500000000000000000e+00	7.050054792929544767e-05
3.981071705534969482e+11	1.500000000000000000e+00	8.978837247320598013e-05
5.011872336272714844e+11	1.500000000000000000e+00	1.151844815824968222e-04
6.309573444801943359e+11	1.500000000000000000e+00	1.494154436656812250e-04
7.943282347242821045e+11	1.500000000000000000e+00	1.980045158267809712e-04
1.000000000000000000e+12	1.500000000000000000e+00	2.300027587552004994e-04
1.260000000000000000e+12	1.500000000000000000e+00	2.473243515516176699e-04
1.580000000000000000e+12	1.500000000000000000e+00	2.885697148738618429e-04
2.000000000000000000e+12	1.500000000000000000e+00	3.495165527594183892e-04
2.510000000000000000e+12	1.500000000000000000e+00	4.263825208871686824e-04
3.160000000000000000e+12	1.500000000000000000e+00	5.260832565461626750e-04
3.980000000000000000e+12	1.500000000000000000e+00	6.537141539848887600e-04
5.010000000000000000e+12	1.500000000000000000e+00	8.152041121623200505e-04
6.310000000000000000e+12	1.500000000000000000e+00	1.021060947599003238e-03
7.940000000000000000e+12	1.500000000000000000e+00	1.285027836833618027e-03
1.000000000000000000e+13	1.500000000000000000e+00	1.626537329724434553e-03
1.260000000000000000e+13	1.500000000000000000e+00	2.061591133420600293e-03
1.580000000000000000e+13	1.500000000000000000e+00	2.595490488206296780e-03
2.000000000000000000e+13	1.500000000000000000e+00	3.297393396803239164e-03
2.510000000000000000e+13	1.500000000000000000e+00	4.133039680887972550e-03
3.160000000000000000e+13	1.500000000000000000e+00	5.102724646341648927e-03
3.980000000000000000e+13	1.500000000000000000e+00	6.113677412448785715e-03
5.010000000000000000e+13	1.500000000000000000e+00	7.070045736829431299e-03
6.310000000000000000e+13	1.500000000000000000e+00	7.958724585832551227e-03
7.940000000000000000e+13	1.500000000000000000e+00	8.887470720041522679e-03
1.000000000000000000e+14	1.500000000000000000e+00	1.003074861128584044e-02
1.260000000000000000e+14	1.500000000000000000e+00	1.172282524861469055e-02
1.580000000000000000e+14	1.500000000000000000e+00	1.426526220937327470e-02
2.000000000000000000e+14	1.500000000000000000e+00	1.812270336048649177e-02
2.510000000000000000e+14	1.500000000000000000e+00	2.306866751324622433e-02
3.160000000000000000e+14	1.500000000000000000e+00	2.870352404889492393e-02
3.980000000000000000e+14	1.500000000000000000e+00	3.393531038281517170e-02
5.010000000000000000e+14	1.500000000000000000e+00	3.735265470740792293e-02
6.310000000000000000e+14	1.500000000000000000e+00	3.819684822680360914e-02
7.940000000000000000e+14	1.500000000000000000e+00	3.604403261716684209e-02
1.000000000000000000e+15	1.500000000000000000e+00	3.108107825543635419e-02
1.260000000000000000e+15	1.500000000000000000e+00	2.427192390407474989e-02
1.580000000000000000e+15	1.500000000000000000e+00	1.643407330556932028e-02
2.000000000000000000e+15	1.500000000000000000e+00	8.152689936725510816e-03
2.510000000000000000e+15	1.500000000000000000e+00	1.774886183825583269e-04
3.160000000000000000e+15	1.500000000000000000e+00	-7.084030527617398397e-03
3.980000000000000000e+15	1.500000000000000000e+00	-1.318519144852109415e-02
5.010000000000000000e+15	1.500000000000000000e+00	-1.795090744167303701e-02
6.310000000000000000e+15	1.500000000000000000e+00	-2.140485843007993924e-02
7.940000000000000000e+15	1.500000000000000000e+00	-2.363397070645432280e-02
1.000000000000000000e+16	1.500000000000000000e+00	-2.480979595726498857e-02
1.260000000000000000e+16	1.500000000000000000e+00	-2.510384134784386656e-02
1.580000000000000000e+16	1.500000000000000000e+00	-2.473102021165644177e-02
2.000000000000000000e+16	1.500000000000000000e+00	-2.378336000158797967e-02
2.510000000000000000e+16	1.500000000000000000e+00	-2.252688701064351276e-02
3.160000000000000000e+16	1.500000000000000000e+00	-2.100751858555572130e-02
3.980000000000000000e+16	1.500000000000000000e+00	-1.934755051878292442e-02
5.010000000000000000e+16	1.500000000000000000e+00	-1.763668444122068468e-02
6.310000000000000000e+16	1.500000000000000000e+00	-1.592721419326401100e-02
7.940000000000000000e+16	1.500000000000000000e+00	-1.427952306203146560e-02
1.000000000000000000e+17	1.500000000000000000e+00	-1.270628072003001340e-02
1.000000000000000000e+11	2.500000000000000000e+00	2.124214483634046563e-05
1.258925411794166107e+11	2.500000000000000000e+00	2.676798993378943809e-05
1.584893192461110840e+11	2.500000000000000000e+00	3.375253255099790021e-05
1.995262314968882751e+11	2.500000000000000000e+00	4.260180663393364623e-05
2.511886431509582214e+11	2.500000000000000000e+00	5.386101664319137370e-05
3.162277660168379517e+11	2.500000000000000000e+00	6.828423927538132695e-05
3.981071705534969482e+11	2.500000000000000000e+00	8.696012321602627050e-05
5.011872336272714844e+11	2.500000000000000000e+00	1.115357041617586826e-04
6.309573444801943359e+11	2.500000000000000000e+00	1.445887880330334050e-04
7.943282347242821045e+11	2.500000000000000000e+00	1.907777922469047641e-04
1.000000000000000000e+12	2.500000000000000000e+00	2.216154350475051668e-04
1.260000000000000000e+12	2.500000000000000000e+00	2.396027445024845922e-04
1.580000000000000000e+12	2.500000000000000000e+00	2.806411349233644582e-04
2.000000000000000000e+12	2.500000000000000000e+00	3.404201092709567816e-04
2.510000000000000000e+12	2.500000000000000000e+00	4.156213831278812243e-04
3.160000000000000000e+12	2.500000000000000000e+00	5.135131218773557023e-04
3.980000000000000000e+12	2.500000000000000000e+00	6.383006223574705287e-04
5.010000000000000000e+12	2.500000000000000000e+00	7.965868588178602041e-04
6.310000000000000000e+12	2.500000000000000000e+00	9.985337774537361710e-04
7.940000000000000000e+12	2.500000000000000000e+00	1.256757889190007922e-03
1.000000000000000000e+13	2.500000000000000000e+00	1.591159819357487867e-03
1.260000000000000000e+13	2.500000000000000000e+00	2.016850619226470166e-03
1.580000000000000000e+13	2.500000000000000000e+00	2.542452489582202636e-03
2.000000000000000000e+13	2.500000000000000000e+00	3.235349883681510989e-03
2.510000000000000000e+13	2.500000000000000000e+00	4.056369694462996431e-03
3.160000000000000000e+13	2.500000000000000000e+00	5.006193780907522602e-03
3.980000000000000000e+13	2.500000000000000000e+00	5.998296576208403223e-03
5.010000000000000000e+13	2.500000000000000000e+00	6.938922515055267679e-03
6.310000000000000000e+13	2.500000000000000000e+00	7.832363069689566790e-03
7.940000000000000000e+13	2.500000000000000000e+00	8.760197020493094150e-03
1.000000000000000000e+14	2.500000000000000000e+00	9.941552534124367332e-03
1.260000000000000000e+14	2.500000000000000000e+00	1.167222205182601863e-02
1.580000000000000000e+14	2.500000000000000000e+00	1.422443398151620325e-02
2.000000000000000000e+14	2.500000000000000000e+00	1.813512237726670057e-02
2.510000000000000000e+14	2.500000000000000000e+00	2.309435605398308874e-02
3.160000000000000000e+14	2.500000000000000000e+00	2.869188582471485574e-02
3.980000000000000000e+14	2.500000000000000000e+00	3.381890486326680212e-02
5.010000000000000000e+14	2.500000000000000000e+00	3.758125061570713465e-02
6.310000000000000000e+14	2.500000000000000000e+00	3.857826037342642483e-02
7.940000000000000000e+14	2.500000000000000000e+00	3.640899462077810955e-02
1.000000000000000000e+15	2.500000000000000000e+00	3.171637520302747482e-02
1.260000000000000000e+15	2.500000000000000000e+00	2.491812084881336875e-02
1.580000000000000000e+15	2.500000000000000000e+00	1.703116826640464765e-02
2.000000000000000000e+15	2.500000000000000000e+00	8.469527504634807163e-03
2.510000000000000000e+15	2.500000000000000000e+00	3.674313241739600141e-04
3.160000000000000000e+15	2.500000000000000000e+00	-6.990880035402688257e-03
3.980000000000000000e+15	2.500000000000000000e+00	-1.316711539631619521e-02
5.010000000000000000e+15	2.500000000000000000e+00	-1.799002584892862855e-02
6.310000000000000000e+15	2.500000000000000000e+00	-2.148633838276937935e-02
7.940000000000000000e+15	2.500000000000000000e+00	-2.374507388990676482e-02
1.000000000000000000e+16	2.500000000000000000e+00	-2.494059260502176634e-02
1.260000000000000000e+16	2.500000000000000000e+00	-2.524499565942965942e-02
1.580000000000000000e+16	2.500000000000000000e+00	-2.487636015365990785e-02
2.000000000000000000e+16	2.500000000000000000e+00	-2.392874258868777151e-02
2.510000000000000000e+16	2.500000000000000000e+00	-2.266673361096934250e-02
3.160000000000000000e+16	2.500000000000000000e+00	-2.114021783304478180e-02
3.980000000000000000e+16	2.500000000000000000e+00	-1.947146577839520276e-02
5.010000000000000000e+16	2.500000000000000000e+00	-1.775083555263394508e-02
6.310000000000000000e+16	2.500000000000000000e+00	-1.603184367737063576e-02
7.940000000000000000e+16	2.500000000000000000e+00	-1.437344441794253733e-02
1.000000000000000000e+17	2.500000000000000000e+00	-1.279033021615262784e-02
1.000000000000000000e+11	3.500000000000000000e+00	2.042899019747230758e-05
1.258925411794166107e+11	3.500000000000000000e+00	2.574287328549605978e-05
1.584893192461110840e+11	3.500000000000000000e+00	3.245909082202155674e-05
1.995262314968882751e+11	3.500000000000000000e+00	4.096770116463683870e-05
2.511886431509582214e+11	3.500000000000000000e+00	5.179197724669744996e-05
3.162277660168379517e+11	3.500000000000000000e+00	6.565458880860636963e-05
3.981071705534969482e+11	3.500000000000000000e+00	8.359530793593482323e-05
5.011872336272714844e+11	3.500000000000000000e+00	1.071739755864029210e-04
6.309573444801943359e+11	3.500000000000000000e+00	1.387638209171689855e-04
7.943282347242821045e+11	3.500000000000000000e+00	1.817550089905455284e-04
1.000000000000000000e+12	3.500000000000000000e+00	2.114565825916096147e-04
1.260000000000000000e+12	3.500000000000000000e+00	2.314247905442381298e-04
1.580000000000000000e+12	3.500000000000000000e+00	2.719390717146602109e-04
2.000000000000000000e+12	3.500000000000000000e+00	3.305178141382534023e-04
2.510000000000000000e+12	3.500000000000000000e+00	4.044743965044861355e-04
3.160000000000000000e+12	3.500000000000000000e+00	5.001136070238018302e-04
3.980000000000000000e+12	3.500000000000000000e+00	6.225725945988498135e-04
5.010000000000000000e+12	3.500000000000000000e+00	7.775612472100551249e-04
6.310000000000000000e+12	3.500000000000000000e+00	9.751901920419160262e-04
7.940000000000000000e+12	3.500000000000000000e+00	1.227969074994618133e-03
1.000000000000000000e+13	3.500000000000000000e+00	1.557256964722149089e-03
1.260000000000000000e+13	3.500000000000000000e+00	1.976388536303432582e-03
1.580000000000000000e+13	3.500000000000000000e+00	2.489721046749632238e-03
2.000000000000000000e+13	3.500000000000000000e+00	3.169523024383352587e-03
2.510000000000000000e+13	3.500000000000000000e+00	3.975948129889628549e-03
3.160000000000000000e+13	3.500000000000000000e+00	4.912405476908875135e-03
3.980000000000000000e+13	3.500000000000000000e+00	5.885731451952384320e-03
5.010000000000000000e+13	3.500000000000000000e+00	6.813663372167989320e-03
6.310000000000000000e+13	3.500000000000000000e+00	7.699385313663679661e-03
7.940000000000000000e+13	3.500000000000000000e+00	8.591241626755919195e-03
1.000000000000000000e+14	3.500000000000000000e+00	9.791893889077375387e-03
1.260000000000000000e+14	3.500000000000000000e+00	1.154312918076771770e-02
1.580000000000000000e+14	3.500000000000000000e+00	1.414294146253189735e-02
2.000000000000000000e+14	3.500000000000000000e+00	1.810540929673917082e-02
2.510000000000000000e+14	3.500000000000000000e+00	2.315642158114308499e-02
3.160000000000000000e+14	3.500000000000000000e+00	2.880454100541411308e-02
3.980000000000000000e+14	3.500000000000000000e+00	3.409182335129854607e-02
5.010000000000000000e+14	3.500000000000000000e+00	3.755067624705607510e-02
6.310000000000000000e+14	3.500000000000000000e+00	3.834147370239107677e-02
7.940000000000000000e+14	3.500000000000000000e+00	3.647511603959289334e-02
1.000000000000000000e+15	3.500000000000000000e+00	3.156945111176936991e-02
1.260000000000000000e+15	3.500000000000000000e+00	2.453207947052850682e-02
1.580000000000000000e+15	3.500000000000000000e+00	1.662002732036878608e-02
2.000000000000000000e+15	3.500000000000000000e+00	8.290329091495633046e-03
2.510000000000000000e+15	3.500000000000000000e+00	2.835762453374411824e-04
3.160000000000000000e+15	3.500000000000000000e+00	-7.001245121462561054e-03
3.980000000000000000e+15	3.500000000000000000e+00	-1.312026285656762992e-02
5.010000000000000000e+15	3.500000000000000000e+00	-1.789969814471840601e-02
6.310000000000000000e+15	3.500000000000000000e+00	-2.136434919302244301e-02
7.940000000000000000e+15	3.500000000000000000e+00	-2.360150219490980694e-02
1.000000000000000000e+16	3.500000000000000000e+00	-2.478479117385883057e-02
1.260000000000000000e+16	3.500000000000000000e+00	-2.508368277846165575e-02
1.580000000000000000e+16	3.500000000000000000e+00	-2.471493266572902248e-02
2.000000000000000000e+16	3.500000000000000000e+00	-2.377088239994476840e-02
2.510000000000000000e+16	3.500000000000000000e+00	-2.251678259472757876e-02
3.160000000000000000e+16	3.500000000000000000e+00	-2.099948152210383279e-02
3.980000000000000000e+16	3.500000000000000000e+00	-1.934118300922270037e-02
5.010000000000000000e+16	3.500000000000000000e+00	-1.763160488892162592e-02
6.310000000000000000e+16	3.500000000000000000e+00	-1.592377437978512861e-02
7.940000000000000000e+16	3.500000000000000000e+00	-1.427633398756565294e-02
1.000000000000000000e+17	3.500000000000000000e+00	-1.270372386062824585e-02
1.000000000000000000e+11	4.500000000000000000e+00	1.932384542089062335e-05
1.258925411794166107e+11	4.500000000000000000e+00	2.435044473411690293e-05
1.584893192461110840e+11	4.500000000000000000e+00	3.070297695368814602e-05
1.995262314968882751e+11	4.500000000000000000e+00	3.875097048789147915e-05
2.511886431509582214e+11	4.500000000000000000e+00	4.898882070888941113e-05
3.162277660168379517e+11	4.500000000000000000e+00	6.210004336201496581e-05
3.981071705534969482e+11	4.500000000000000000e+00	7.906530542362400318e-05
5.011872336272714844e+11	4.500000000000000000e+00	1.013436785868969419e-04
6.309573444801943359e+11	4.500000000000000000e+00	1.310861502334451892e-04
7.943282347242821045e+11	4.500000000000000000e+00	1.703895279018104386e-04
1.000000000000000000e+12	4.500000000000000000e+00	1.983893336882626640e-04
1.260000000000000000e+12	4.500000000000000000e+00	2.188677218720846539e-04
1.580000000000000000e+12	4.500000000000000000e+00	2.585332648332215144e-04
2.000000000000000000e+12	4.500000000000000000e+00	3.152273926792020981e-04
2.510000000000000000e+12	4.500000000000000000e+00	3.862052038837259622e-04
3.160000000000000000e+12	4.500000000000000000e+00	4.786737743957686906e-04
3.980000000000000000e+12	4.500000000000000000e+00	5.964138448303548268e-04
5.010000000000000000e+12	4.500000000000000000e+00	7.453925043064467491e-04
6.310000000000000000e+12	4.500000000000000000e+00	9.356274571768761822e-04
7.940000000000000000e+12	4.500000000000000000e+00	1.178989134922328813e-03
1.000000000000000000e+13	4.500000000000000000e+00	1.491937250889016197e-03
1.260000000000000000e+13	4.500000000000000000e+00	1.893179882388749350e-03
1.580000000000000000e+13	4.500000000000000000e+00	2.390244779805684571e-03
2.000000000000000000e+13	4.500000000000000000e+00	3.040784150939217657e-03
2.510000000000000000e+13	4.500000000000000000e+00	3.811281169903500687e-03
3.160000000000000000e+13	4.500000000000000000e+00	4.716386609757075923e-03
3.980000000000000000e+13	4.500000000000000000e+00	5.671779965125616635e-03
5.010000000000000000e+13	4.500000000000000000e+00	6.597015615130383606e-03
6.310000000000000000e+13	4.500000000000000000e+00	7.473259525649938832e-03
7.940000000000000000e+13	4.500000000000000000e+00	8.413906200671077487e-03
1.000000000000000000e+14	4.500000000000000000e+00	9.650936001880619508e-03
1.260000000000000000e+14	4.500000000000000000e+00	1.143967368476677370e-02
1.580000000000000000e+14	4.500000000000000000e+00	1.409537652206227856e-02
2.000000000000000000e+14	4.500000000000000000e+00	1.812204370777972459e-02
2.510000000000000000e+14	4.500000000000000000e+00	2.318098364371551368e-02
3.160000000000000000e+14	4.500000000000000000e+00	2.885680583485395953e-02
3.980000000000000000e+14	4.500000000000000000e+00	3.386157223211853917e-02
5.010000000000000000e+14	4.500000000000000000e+00	3.121577532229837665e-02
6.310000000000000000e+14	4.500000000000000000e+00	3.877549366984173879e-02
7.940000000000000000e+14	4.500000000000000000e+00	3.667033626474124064e-02
1.000000000000000000e+15	4.500000000000000000e+00	3.159669695283073843e-02
1.260000000000000000e+15	4.500000000000000000e+00	2.492239576267829895e-02
1.580000000000000000e+15	4.500000000000000000e+00	1.706262088095892443e-02
2.000000000000000000e+15	4.500000000000000000e+00	8.522397202592232185e-03
2.510000000000000000e+15	4.500000000000000000e+00	4.481987925498103604e-04
3.160000000000000000e+15	4.500000000000000000e+00	-6.877995376790378007e-03
3.980000000000000000e+15	4.500000000000000000e+00	-1.302557337148758758e-02
5.010000000000000000e+15	4.500000000000000000e+00	-1.782593221961424265e-02
6.310000000000000000e+15	4.500000000000000000e+00	-2.130652034251645510e-02
7.940000000000000000e+15	4.500000000000000000e+00	-2.355585320141195815e-02
1.000000000000000000e+16	4.500000000000000000e+00	-2.474870218448757195e-02
1.260000000000000000e+16	4.500000000000000000e+00	-2.505512527499961090e-02
1.580000000000000000e+16	4.500000000000000000e+00	-2.469221883963284431e-02
2.000000000000000000e+16	4.500000000000000000e+00	-2.375294199846672560e-02
2.510000000000000000e+16	4.500000000000000000e+00	-2.250250469509076229e-02
3.160000000000000000e+16	4.500000000000000000e+00	-2.098815192011400585e-02
3.980000000000000000e+16	4.500000000000000000e+00	-1.933218136560193798e-02
5.010000000000000000e+16	4.500000000000000000e+00	-1.762470133431998098e-02
6.310000000000000000e+16	4.500000000000000000e+00	-1.591809436841918821e-02
7.940000000000000000e+16	4.500000000000000000e+00	-1.427185473918784857e-02
1.000000000000000000e+17	4.500000000000000000e+00	-1.270015315235022320e-02
1.000000000000000000e+11	5.500000000000000000e+00	1.832154633926226544e-05
1.258925411794166107e+11	5.500000000000000000e+00	2.308672263327873547e-05
1.584893192461110840e+11	5.500000000000000000e+00	2.910916593889121398e-05
1.995262314968882751e+11	5.500000000000000000e+00	3.673801225757361105e-05
2.511886431509582214e+11	5.500000000000000000e+00	4.644166501771135439e-05
3.162277660168379517e+11	5.500000000000000000e+00	5.886556645647521134e-05
3.981071705534969482e+11	5.500000000000000000e+00	7.493318265511825314e-05
5.011872336272714844e+11	5.500000000000000000e+00	9.600250635168105021e-05
6.309573444801943359e+11	5.500000000000000000e+00	1.239902491365816554e-04
7.943282347242821045e+11	5.500000000000000000e+00	1.596206664060671222e-04
1.000000000000000000e+12	5.500000000000000000e+00	1.860676508221629187e-04
1.260000000000000000e+12	5.500000000000000000e+00	2.080845169728497103e-04
1.580000000000000000e+12	5.500000000000000000e+00	2.470543944034988702e-04
2.000000000000000000e+12	5.500000000000000000e+00	3.024214481684155023e-04
2.510000000000000000e+12	5.500000000000000000e+00	3.716703920020377068e-04
3.160000000000000000e+12	5.500000000000000000e+00	4.613790956943806306e-04
3.980000000000000000e+12	5.500000000000000000e+00	5.757047962821048312e-04
5.010000000000000000e+12	5.500000000000000000e+00	7.194206047423638449e-04
6.310000000000000000e+12	5.500000000000000000e+00	9.042994853852589056e-04
7.940000000000000000e+12	5.500000000000000000e+00	1.141347930613738218e-03
1.000000000000000000e+13	5.500000000000000000e+00	1.445780876304835144e-03
1.260000000000000000e+13	5.500000000000000000e+00	1.836618426525296133e-03
1.580000000000000000e+13	5.500000000000000000e+00	2.315323966604111196e-03
2.000000000000000000e+13	5.500000000000000000e+00	2.944727927333557881e-03
2.510000000000000000e+13	5.500000000000000000e+00	3.704237674217270970e-03
3.160000000000000000e+13	5.500000000000000000e+00	4.567253523459757596e-03
3.980000000000000000e+13	5.500000000000000000e+00	5.472482311834612687e-03
5.010000000000000000e+13	5.500000000000000000e+00	6.369497757757041148e-03
6.310000000000000000e+13	5.500000000000000000e+00	7.287722900010043872e-03
7.940000000000000000e+13	5.500000000000000000e+00	8.280674921476154082e-03
1.000000000000000000e+14	5.500000000000000000e+00	9.537859506271945467e-03
1.260000000000000000e+14	5.500000000000000000e+00	1.140126385809774046e-02
1.580000000000000000e+14	5.500000000000000000e+00	1.410226345694241476e-02
2.000000000000000000e+14	5.500000000000000000e+00	1.817093802557182697e-02
2.510000000000000000e+14	5.500000000000000000e+00	2.324763811277310785e-02
3.160000000000000000e+14	5.500000000000000000e+00	2.904459047012087139e-02
3.980000000000000000e+14	5.500000000000000000e+00	3.448878440059768846e-02
5.010000000000000000e+14	5.500000000000000000e+00	3.798642827063660604e-02
6.310000000000000000e+14	5.500000000000000000e+00	3.858991412467021459e-02
7.940000000000000000e+14	5.500000000000000000e+00	3.652631168103575438e-02
1.000000000000000000e+15	5.500000000000000000e+00	3.193644155641289090e-02
1.260000000000000000e+15	5.500000000000000000e+00	2.480621899322133991e-02
1.580000000000000000e+15	5.500000000000000000e+00	1.686777865273578550e-02
2.000000000000000000e+15	5.500000000000000000e+00	8.709480370583638775e-03
2.510000000000000000e+15	5.500000000000000000e+00	5.123711731177777806e-04
3.160000000000000000e+15	5.500000000000000000e+00	-6.836616483742078733e-03
3.980000000000000000e+15	5.500000000000000000e+00	-1.299581500873359802e-02
5.010000000000000000e+15	5.500000000000000000e+00	-1.780349996867613624e-02
6.310000000000000000e+15	5.500000000000000000e+00	-2.128919972244757222e-02
7.940000000000000000e+15	5.500000000000000000e+00	-2.354233021280825733e-02
1.000000000000000000e+16	5.500000000000000000e+00	-2.473808844554208769e-02
1.260000000000000000e+16	5.500000000000000000e+00	-2.504674370663963548e-02
1.580000000000000000e+16	5.500000000000000000e+00	-2.468555556469356760e-02
2.000000000000000000e+16	5.500000000000000000e+00	-2.374770199644157462e-02
2.510000000000000000e+16	5.500000000000000000e+00	-2.249833041388028115e-02
3.160000000000000000e+16	5.500000000000000000e+00	-2.098483983950457168e-02
3.980000000000000000e+16	5.500000000000000000e+00	-1.932956699615756210e-02
5.010000000000000000e+16	5.500000000000000000e+00	-1.762236579823562091e-02
6.310000000000000000e+16	5.500000000000000000e+00	-1.591643428516585981e-02
7.940000000000000000e+16	5.500000000000000000e+00	-1.427050594506788089e-02
1.000000000000000000e+17	5.500000000000000000e+00	-1.269908686805933627e-02
1.000000000000000000e+11	6.500000000000000000e+00	1.711638725367645614e-05
1.258925411794166107e+11	6.500000000000000000e+00	2.156796626348728209e-05
1.584893192461110840e+11	6.500000000000000000e+00	2.722227405739220213e-05
1.995262314968882751e+11	6.500000000000000000e+00	3.432067349648045180e-05
2.511886431509582214e+11	6.500000000000000000e+00	4.338541389027393373e-05
3.162277660168379517e+11	6.500000000000000000e+00	5.499059861931607728e-05
3.981071705534969482e+11	6.500000000000000000e+00	6.999562546072188036e-05
5.011872336272714844e+11	6.500000000000000000e+00	8.964908977843454594e-05
6.309573444801943359e+11	6.500000000000000000e+00	1.156265382317242930e-04
7.943282347242821045e+11	6.500000000000000000e+00	1.472540596542530101e-04
1.000000000000000000e+12	6.500000000000000000e+00	1.717931350682424250e-04
1.260000000000000000e+12	6.500000000000000000e+00	1.949491644013340514e-04
1.580000000000000000e+12	6.500000000000000000e+00	2.325027992818916669e-04
2.000000000000000000e+12	6.500000000000000000e+00	2.853045924095409694e-04
2.510000000000000000e+12	6.500000000000000000e+00	3.512974671709987525e-04
3.160000000000000000e+12	6.500000000000000000e+00	4.374940346847721673e-04
3.980000000000000000e+12	6.500000000000000000e+00	5.469476929241696419e-04
5.010000000000000000e+12	6.500000000000000000e+00	6.843863944577540477e-04
6.310000000000000000e+12	6.500000000000000000e+00	8.598864846654153586e-04
7.940000000000000000e+12	6.500000000000000000e+00	1.083865376106081437e-03
1.000000000000000000e+13	6.500000000000000000e+00	1.372618450668592434e-03
1.260000000000000000e+13	6.500000000000000000e+00	1.740574433606870619e-03
1.580000000000000000e+13	6.500000000000000000e+00	2.199242052681095287e-03
2.000000000000000000e+13	6.500000000000000000e+00	2.799903241978554235e-03
2.510000000000000000e+13	6.500000000000000000e+00	3.500977895021336727e-03
3.160000000000000000e+13	6.500000000000000000e+00	4.344731011820581086e-03
3.980000000000000000e+13	6.500000000000000000e+00	5.257413372743023790e-03
5.010000000000000000e+13	6.500000000000000000e+00	6.136994269319839650e-03
6.310000000000000000e+13	6.500000000000000000e+00	7.001562870840452070e-03
7.940000000000000000e+13	6.500000000000000000e+00	8.007081370178380231e-03
1.000000000000000000e+14	6.500000000000000000e+00	9.324312525662681317e-03
1.260000000000000000e+14	6.500000000000000000e+00	1.120906460811324674e-02
1.580000000000000000e+14	6.500000000000000000e+00	1.394968514843518241e-02
2.000000000000000000e+14	6.500000000000000000e+00	1.793824269807884481e-02
2.510000000000000000e+14	6.500000000000000000e+00	2.307250444290314187e-02
3.160000000000000000e+14	6.500000000000000000e+00	2.897343307560902928e-02
3.980000000000000000e+14	6.500000000000000000e+00	3.425995608297322664e-02
5.010000000000000000e+14	6.500000000000000000e+00	3.785792452722693685e-02
6.310000000000000000e+14	6.500000000000000000e+00	3.895289257241163483e-02
7.940000000000000000e+14	6.500000000000000000e+00	3.706037618983501480e-02
1.000000000000000000e+15	6.500000000000000000e+00	3.240906323488772917e-02
1.260000000000000000e+15	6.500000000000000000e+00	2.558608337124623419e-02
1.580000000000000000e+15	6.500000000000000000e+00	1.745582519443461891e-02
2.000000000000000000e+15	6.500000000000000000e+00	8.804131471498851877e-03
2.510000000000000000e+15	6.500000000000000000e+00	6.624777194659375304e-04
3.160000000000000000e+15	6.500000000000000000e+00	-6.712584951465750543e-03
3.980000000000000000e+15	6.500000000000000000e+00	-1.289639384989542392e-02
5.010000000000000000e+15	6.500000000000000000e+00	-1.772433499846563787e-02
6.310000000000000000e+15	6.500000000000000000e+00	-2.122634422451663908e-02
7.940000000000000000e+15	6.500000000000000000e+00	-2.349277639599600329e-02
1.000000000000000000e+16	6.500000000000000000e+00	-2.469843127680609873e-02
1.260000000000000000e+16	6.500000000000000000e+00	-2.501527536235905944e-02
1.580000000000000000e+16	6.500000000000000000e+00	-2.466048327025842368e-02
2.000000000000000000e+16	6.500000000000000000e+00	-2.372788388319708661e-02
2.510000000000000000e+16	6.500000000000000000e+00	-2.248253836850109405e-02
3.160000000000000000e+16	6.500000000000000000e+00	-2.097230293142057778e-02
3.980000000000000000e+16	6.500000000000000000e+00	-1.931959687915608265e-02
5.010000000000000000e+16	6.500000000000000000e+00	-1.761446279520124947e-02
6.310000000000000000e+16	6.500000000000000000e+00	-1.591015746180090076e-02
7.940000000000000000e+16	6.500000000000000000e+00	-1.426551585203982356e-02
1.000000000000000000e+17	6.500000000000000000e+00	-1.269515893092099459e-02
1.000000000000000000e+11	8.000000000000000000e+00	1.568396131564738776e-05
1.258925411794166107e+11	8.000000000000000000e+00	1.976256382019646839e-05
1.584893192461110840e+11	8.000000000000000000e+00	2.491697560429020160e-05
1.995262314968882751e+11	8.000000000000000000e+00	3.144579684275919043e-05
2.511886431509582214e+11	8.000000000000000000e+00	3.974852699119377236e-05
3.162277660168379517e+11	8.000000000000000000e+00	5.037554374883979568e-05
3.981071705534969482e+11	8.000000000000000000e+00	6.410639965051978962e-05
5.011872336272714844e+11	8.000000000000000000e+00	8.205151501527545288e-05
6.309573444801943359e+11	8.000000000000000000e+00	1.055744395464070732e-04
7.943282347242821045e+11	8.000000000000000000e+00	1.321212863979175523e-04
1.000000000000000000e+12	8.000000000000000000e+00	1.545746695872888686e-04
1.260000000000000000e+12	8.000000000000000000e+00	1.795174486806637177e-04
1.580000000000000000e+12	8.000000000000000000e+00	2.162298315231248437e-04
2.000000000000000000e+12	8.000000000000000000e+00	2.669997685194326858e-04
2.510000000000000000e+12	8.000000000000000000e+00	3.296857830235089596e-04
3.160000000000000000e+12	8.000000000000000000e+00	4.094982014373517725e-04
3.980000000000000000e+12	8.000000000000000000e+00	5.125478204018334063e-04
5.010000000000000000e+12	8.000000000000000000e+00	6.442163488442010028e-04
6.310000000000000000e+12	8.000000000000000000e+00	8.097876161202283672e-04
7.940000000000000000e+12	8.000000000000000000e+00	1.021151194219496695e-03
1.000000000000000000e+13	8.000000000000000000e+00	1.294904588185604756e-03
1.260000000000000000e+13	8.000000000000000000e+00	1.643247064693003799e-03
1.580000000000000000e+13	8.000000000000000000e+00	2.071812945453296948e-03
2.000000000000000000e+13	8.000000000000000000e+00	2.636081819218219491e-03
2.510000000000000000e+13	8.000000000000000000e+00	3.307571726487134375e-03
3.160000000000000000e+13	8.000000000000000000e+00	4.085757492835374698e-03
3.980000000000000000e+13	8.000000000000000000e+00	4.940328951193404330e-03
5.010000000000000000e+13	8.000000000000000000e+00	5.823529115484980985e-03
6.310000000000000000e+13	8.000000000000000000e+00	6.746776506399286555e-03
7.940000000000000000e+13	8.000000000000000000e+00	7.805167694416689089e-03
1.000000000000000000e+14	8.000000000000000000e+00	9.181865284137745442e-03
1.260000000000000000e+14	8.000000000000000000e+00	1.117399715556070816e-02
1.580000000000000000e+14	8.000000000000000000e+00	1.402573298467328124e-02
2.000000000000000000e+14	8.000000000000000000e+00	1.824369971130697377e-02
2.510000000000000000e+14	8.000000000000000000e+00	2.338170873416644396e-02
3.160000000000000000e+14	8.000000000000000000e+00	2.912591965582195935e-02
3.980000000000000000e+14	8.000000000000000000e+00	3.448524297877460926e-02
5.010000000000000000e+14	8.000000000000000000e+00	3.804730211405446538e-02
6.310000000000000000e+14	8.000000000000000000e+00	3.897548909676985113e-02
7.940000000000000000e+14	8.000000000000000000e+00	3.653793017380145558e-02
1.000000000000000000e+15	8.000000000000000000e+00	3.184913895040679399e-02
1.260000000000000000e+15	8.000000000000000000e+00	2.628059914899681312e-02
1.580000000000000000e+15	8.000000000000000000e+00	1.880722585565185179e-02
2.000000000000000000e+15	8.000000000000000000e+00	9.757797750300764572e-03
2.510000000000000000e+15	8.000000000000000000e+00	1.164399472596868747e-03
3.160000000000000000e+15	8.000000000000000000e+00	-6.410232878156986447e-03
3.980000000000000000e+15	8.000000000000000000e+00	-1.272660961509442315e-02
5.010000000000000000e+15	8.000000000000000000e+00	-1.764837173055443242e-02
6.310000000000000000e+15	8.000000000000000000e+00	-2.121978884511524499e-02
7.940000000000000000e+15	8.000000000000000000e+00	-2.353522930292833992e-02
1.000000000000000000e+16	8.000000000000000000e+00	-2.477496720888692008e-02
1.260000000000000000e+16	8.000000000000000000e+00	-2.511401858701201029e-02
1.580000000000000000e+16	8.000000000000000000e+00	-2.477213385696997588e-02
2.000000000000000000e+16	8.000000000000000000e+00	-2.384568126765578000e-02
2.510000000000000000e+16	8.000000000000000000e+00	-2.260128321729206607e-02
3.160000000000000000e+16	8.000000000000000000e+00	-2.108827239439168416e-02
3.980000000000000000e+16	8.000000000000000000e+00	-1.943021243643916485e-02
5.010000000000000000e+16	8.000000000000000000e+00	-1.771809595974564375e-02
6.310000000000000000e+16	8.000000000000000000e+00	-1.600580771159434632e-02
7.940000000000000000e+16	8.000000000000000000e+00	-1.435278787602954631e-02
1.000000000000000000e+17	8.000000000000000000e+00	-1.277391624597127087e-02
1.000000000000000000e+11	1.000000000000000000e+01	1.391509980815158599e-05
1.258925411794166107e+11	1.000000000000000000e+01	1.753340004663366035e-05
1.584893192461110840e+11	1.000000000000000000e+01	2.210613652582330864e-05
1.995262314968882751e+11	1.000000000000000000e+01	2.789774415557391048e-05
2.511886431509582214e+11	1.000000000000000000e+01	3.526282660749045263e-05
3.162277660168379517e+11	1.000000000000000000e+01	4.468855560623453271e-05
3.981071705534969482e+11	1.000000000000000000e+01	5.685999508622709419e-05
5.011872336272714844e+11	1.000000000000000000e+01	7.274841097625167597e-05
6.309573444801943359e+11	1.000000000000000000e+01	9.330506096691267264e-05
7.943282347242821045e+11	1.000000000000000000e+01	1.140108214778751318e-04
1.000000000000000000e+12	1.000000000000000000e+01	1.338095982831545236e-04
1.260000000000000000e+12	1.000000000000000000e+01	1.590643149502844603e-04
1.580000000000000000e+12	1.000000000000000000e+01	1.940838868558819770e-04
2.000000000000000000e+12	1.000000000000000000e+01	2.425166410820260544e-04
2.510000000000000000e+12	1.000000000000000000e+01	3.011847929087274676e-04
3.160000000000000000e+12	1.000000000000000000e+01	3.770532811843627097e-04
3.980000000000000000e+12	1.000000000000000000e+01	4.718304239390505995e-04
5.010000000000000000e+12	1.000000000000000000e+01	5.905985707990844434e-04
6.310000000000000000e+12	1.000000000000000000e+01	7.432953972795707225e-04
7.940000000000000000e+12	1.000000000000000000e+01	9.380639462584010020e-04
1.000000000000000000e+13	1.000000000000000000e+01	1.187990796925630400e-03
1.260000000000000000e+13	1.000000000000000000e+01	1.507632770022689127e-03
1.580000000000000000e+13	1.000000000000000000e+01	1.899521387475367048e-03
2.000000000000000000e+13	1.000000000000000000e+01	2.413205453365839526e-03
2.510000000000000000e+13	1.000000000000000000e+01	3.023499519714222851e-03
3.160000000000000000e+13	1.000000000000000000e+01	3.760770927902408207e-03
3.980000000000000000e+13	1.000000000000000000e+01	4.578529769776135648e-03
5.010000000000000000e+13	1.000000000000000000e+01	5.434692372666432951e-03
6.310000000000000000e+13	1.000000000000000000e+01	6.372970878519923846e-03
7.940000000000000000e+13	1.000000000000000000e+01	7.482608308111076550e-03
1.000000000000000000e+14	1.000000000000000000e+01	8.963361000665295494e-03
1.260000000000000000e+14	1.000000000000000000e+01	1.105203512854554745e-02
1.580000000000000000e+14	1.000000000000000000e+01	1.398038348010428172e-02
2.000000000000000000e+14	1.000000000000000000e+01	1.820538725649502310e-02
2.510000000000000000e+14	1.000000000000000000e+01	2.344257677609216592e-02
3.160000000000000000e+14	1.000000000000000000e+01	2.930002637420595080e-02
3.980000000000000000e+14	1.000000000000000000e+01	3.461752954741344895e-02
5.010000000000000000e+14	1.000000000000000000e+01	3.827090572400135282e-02
6.310000000000000000e+14	1.000000000000000000e+01	3.926154987934956514e-02
7.940000000000000000e+14	1.000000000000000000e+01	3.709060888636087072e-02
1.000000000000000000e+15	1.000000000000000000e+01	3.207728549280529362e-02
1.260000000000000000e+15	1.000000000000000000e+01	2.487583024059243295e-02
1.580000000000000000e+15	1.000000000000000000e+01	1.589714308620187450e-02
2.000000000000000000e+15	1.000000000000000000e+01	7.183413690655964315e-03
2.510000000000000000e+15	1.000000000000000000e+01	-4.573641138471365864e-06
3.160000000000000000e+15	1.000000000000000000e+01	-6.959216886795373085e-03
3.980000000000000000e+15	1.000000000000000000e+01	-1.285224926275856452e-02
5.010000000000000000e+15	1.000000000000000000e+01	-1.746891017934851589e-02
6.310000000000000000e+15	1.000000000000000000e+01	-2.081906246474080763e-02
7.940000000000000000e+15	1.000000000000000000e+01	-2.298200378479852563e-02
1.000000000000000000e+16	1.000000000000000000e+01	-2.412394418711572355e-02
1.260000000000000000e+16	1.000000000000000000e+01	-2.440832170384838254e-02
1.580000000000000000e+16	1.000000000000000000e+01	-2.404524739328863306e-02
2.000000000000000000e+16	1.000000000000000000e+01	-2.312374480387859726e-02
2.510000000000000000e+16	1.000000000000000000e+01	-2.190176221552473171e-02
3.160000000000000000e+16	1.000000000000000000e+01	-2.042442251428729094e-02
3.980000000000000000e+16	1.000000000000000000e+01	-1.881046313992154953e-02
5.010000000000000000e+16	1.000000000000000000e+01	-1.714702417944891782e-02
6.310000000000000000e+16	1.000000000000000000e+01	-1.548551259179925532e-02
7.940000000000000000e+16	1.000000000000000000e+01	-1.388303496102087642e-02
1.000000000000000000e+17	1.000000000000000000e+01	-1.235345857613138164e-02
1.000000000000000000e+11	1.200000000000000000e+01	1.272334979650462964e-05
1.258925411794166107e+11	1.200000000000000000e+01	1.603150967203178500e-05
1.584893192461110840e+11	1.200000000000000000e+01	2.021226188645014680e-05
1.995262314968882751e+11	1.200000000000000000e+01	2.550616561177821378e-05
2.511886431509582214e+11	1.200000000000000000e+01	3.223794843157726920e-05
3.162277660168379517e+11	1.200000000000000000e+01	4.085075444080194895e-05
3.981071705534969482e+11	1.200000000000000000e+01	5.196434751570834097e-05
5.011872336272714844e+11	1.200000000000000000e+01	6.641659928358008584e-05
6.309573444801943359e+11	1.200000000000000000e+01	8.496014662470971501e-05
7.943282347242821045e+11	1.200000000000000000e+01	1.015687481567908876e-04
1.000000000000000000e+12	1.200000000000000000e+01	1.189875396362280821e-04
1.260000000000000000e+12	1.200000000000000000e+01	1.470239217737253875e-04
1.580000000000000000e+12	1.200000000000000000e+01	1.813008581175716723e-04
2.000000000000000000e+12	1.200000000000000000e+01	2.258506320794198519e-04
2.510000000000000000e+12	1.200000000000000000e+01	2.820192701737181938e-04
3.160000000000000000e+12	1.200000000000000000e+01	3.531284137930600087e-04
3.980000000000000000e+12	1.200000000000000000e+01	4.424007773688740986e-04
5.010000000000000000e+12	1.200000000000000000e+01	5.573957881433620146e-04
6.310000000000000000e+12	1.200000000000000000e+01	7.016702686831161702e-04
7.940000000000000000e+12	1.200000000000000000e+01	8.841713595933571547e-04
1.000000000000000000e+13	1.200000000000000000e+01	1.121167670538586632e-03
1.260000000000000000e+13	1.200000000000000000e+01	1.420475842333133619e-03
1.580000000000000000e+13	1.200000000000000000e+01	1.788894051404386031e-03
2.000000000000000000e+13	1.200000000000000000e+01	2.269617372045558239e-03
2.510000000000000000e+13	1.200000000000000000e+01	2.854801257971937775e-03
3.160000000000000000e+13	1.200000000000000000e+01	3.548785975731289215e-03
3.980000000000000000e+13	1.200000000000000000e+01	4.322051345714814780e-03
5.010000000000000000e+13	1.200000000000000000e+01	5.179054363869633852e-03
6.310000000000000000e+13	1.200000000000000000e+01	6.144034024793356211e-03
7.940000000000000000e+13	1.200000000000000000e+01	7.322720703868337323e-03
1.000000000000000000e+14	1.200000000000000000e+01	8.886496292868957189e-03
1.260000000000000000e+14	1.200000000000000000e+01	1.106054368304115916e-02
1.580000000000000000e+14	1.200000000000000000e+01	1.402520112454739253e-02
2.000000000000000000e+14	1.200000000000000000e+01	1.841284383883933645e-02
2.510000000000000000e+14	1.200000000000000000e+01	2.376319405612149771e-02
3.160000000000000000e+14	1.200000000000000000e+01	2.946630487253903974e-02
3.980000000000000000e+14	1.200000000000000000e+01	3.488468660592743825e-02
5.010000000000000000e+14	1.200000000000000000e+01	3.863825379901474760e-02
6.310000000000000000e+14	1.200000000000000000e+01	3.967928937362653896e-02
7.940000000000000000e+14	1.200000000000000000e+01	3.788442078539396712e-02
1.000000000000000000e+15	1.200000000000000000e+01	3.298345136848698095e-02
1.260000000000000000e+15	1.200000000000000000e+01	2.525951823281687506e-02
1.580000000000000000e+15	1.200000000000000000e+01	1.814541669279014224e-02
2.000000000000000000e+15	1.200000000000000000e+01	1.065480140945210437e-02
2.510000000000000000e+15	1.200000000000000000e+01	1.490042760591617482e-03
3.160000000000000000e+15	1.200000000000000000e+01	-6.199670088287684462e-03
3.980000000000000000e+15	1.200000000000000000e+01	-1.257434846206650046e-02
5.010000000000000000e+15	1.200000000000000000e+01	-1.753392986908426654e-02
6.310000000000000000e+15	1.200000000000000000e+01	-2.113087504092535374e-02
7.940000000000000000e+15	1.200000000000000000e+01	-2.346534676943599559e-02
1.000000000000000000e+16	1.200000000000000000e+01	-2.473384827607134559e-02
1.260000000000000000e+16	1.200000000000000000e+01	-2.507092604828742993e-02
1.580000000000000000e+16	1.200000000000000000e+01	-2.473787268002915901e-02
2.000000000000000000e+16	1.200000000000000000e+01	-2.382537140434422621e-02
2.510000000000000000e+16	1.200000000000000000e+01	-2.257981344757630654e-02
3.160000000000000000e+16	1.200000000000000000e+01	-2.107122351715188732e-02
3.980000000000000000e+16	1.200000000000000000e+01	-1.941670365542612006e-02
5.010000000000000000e+16	1.200000000000000000e+01	-1.770749471065034136e-02
6.310000000000000000e+16	1.200000000000000000e+01	-1.599726751531417232e-02
7.940000000000000000e+16	1.200000000000000000e+01	-1.434601800984495676e-02
1.000000000000000000e+17	1.200000000000000000e+01	-1.276854669733579195e-02
1.000000000000000000e+11	1.400000000000000000e+01	1.176937239979274222e-05
1.258925411794166107e+11	1.400000000000000000e+01	1.482935370676501331e-05
1.584893192461110840e+11	1.400000000000000000e+01	1.869610157765935472e-05
1.995262314968882751e+11	1.400000000000000000e+01	2.359321558898122320e-05
2.511886431509582214e+11	1.400000000000000000e+01	2.982014317206850259e-05
3.162277660168379517e+11	1.400000000000000000e+01	3.778668076072081225e-05
3.981071705534969482e+11	1.400000000000000000e+01	4.806332759914162486e-05
5.011872336272714844e+11	1.400000000000000000e+01	6.142246242290675176e-05
6.309573444801943359e+11	1.400000000000000000e+01	7.837630383439421814e-05
7.943282347242821045e+11	1.400000000000000000e+01	9.186040524547035065e-05
1.000000000000000000e+12	1.400000000000000000e+01	1.079203527266130511e-04
1.260000000000000000e+12	1.400000000000000000e+01	1.366339175972789127e-04
1.580000000000000000e+12	1.400000000000000000e+01	1.697552176430527535e-04
2.000000000000000000e+12	1.400000000000000000e+01	2.125022337612459484e-04
2.510000000000000000e+12	1.400000000000000000e+01	2.650911612364833256e-04
3.160000000000000000e+12	1.400000000000000000e+01	3.336670206060830856e-04
3.980000000000000000e+12	1.400000000000000000e+01	4.199359645668182604e-04
5.010000000000000000e+12	1.400000000000000000e+01	5.265253396426173259e-04
6.310000000000000000e+12	1.400000000000000000e+01	6.624713100989509463e-04
7.940000000000000000e+12	1.400000000000000000e+01	8.363597795915358101e-04
1.000000000000000000e+13	1.400000000000000000e+01	1.057369107759698794e-03
1.260000000000000000e+13	1.400000000000000000e+01	1.339358703977307783e-03
1.580000000000000000e+13	1.400000000000000000e+01	1.687561808008465874e-03
2.000000000000000000e+13	1.400000000000000000e+01	2.143285601712697445e-03
2.510000000000000000e+13	1.400000000000000000e+01	2.682471754686191218e-03
3.160000000000000000e+13	1.400000000000000000e+01	3.339274818524151384e-03
3.980000000000000000e+13	1.400000000000000000e+01	4.095344911953366883e-03
5.010000000000000000e+13	1.400000000000000000e+01	4.935187290771748427e-03
6.310000000000000000e+13	1.400000000000000000e+01	5.909236144149197789e-03
7.940000000000000000e+13	1.400000000000000000e+01	7.100251090755782361e-03
1.000000000000000000e+14	1.400000000000000000e+01	8.678085486880956004e-03
1.260000000000000000e+14	1.400000000000000000e+01	1.086881925287146340e-02
1.580000000000000000e+14	1.400000000000000000e+01	1.396063491562726105e-02
2.000000000000000000e+14	1.400000000000000000e+01	1.835281947725930438e-02
2.510000000000000000e+14	1.400000000000000000e+01	2.364586931806548359e-02
3.160000000000000000e+14	1.400000000000000000e+01	2.959246261699311972e-02
3.980000000000000000e+14	1.400000000000000000e+01	3.492324681128801400e-02
5.010000000000000000e+14	1.400000000000000000e+01	3.838437638319606993e-02
6.310000000000000000e+14	1.400000000000000000e+01	3.961035196360263022e-02
7.940000000000000000e+14	1.400000000000000000e+01	3.787446418189110292e-02
1.000000000000000000e+15	1.400000000000000000e+01	3.271928707347143694e-02
1.260000000000000000e+15	1.400000000000000000e+01	2.524933542056978508e-02
1.580000000000000000e+15	1.400000000000000000e+01	1.616760447208758292e-02
2.000000000000000000e+15	1.400000000000000000e+01	7.386387764814090866e-03
2.510000000000000000e+15	1.400000000000000000e+01	1.526533285368263690e-04
3.160000000000000000e+15	1.400000000000000000e+01	-6.835301550453446069e-03
3.980000000000000000e+15	1.400000000000000000e+01	-1.275576992331207277e-02
5.010000000000000000e+15	1.400000000000000000e+01	-1.739275006193579179e-02
6.310000000000000000e+15	1.400000000000000000e+01	-2.075883359372466402e-02
7.940000000000000000e+15	1.400000000000000000e+01	-2.293461928604363653e-02
1.000000000000000000e+16	1.400000000000000000e+01	-2.408609245975346091e-02
1.260000000000000000e+16	1.400000000000000000e+01	-2.437831679218129335e-02
1.580000000000000000e+16	1.400000000000000000e+01	-2.402134092753107492e-02
2.000000000000000000e+16	1.400000000000000000e+01	-2.310485640066090376e-02
2.510000000000000000e+16	1.400000000000000000e+01	-2.188669840450269480e-02
3.160000000000000000e+16	1.400000000000000000e+01	-2.041248054541812407e-02
3.980000000000000000e+16	1.400000000000000000e+01	-1.880097502093065753e-02
5.010000000000000000e+16	1.400000000000000000e+01	-1.713935369748099957e-02
6.310000000000000000e+16	1.400000000000000000e+01	-1.547958596768990273e-02
7.940000000000000000e+16	1.400000000000000000e+01	-1.387827580713084721e-02
1.000000000000000000e+17	1.400000000000000000e+01	-1.234965363872275387e-02
1.000000000000000000e+11	1.600000000000000000e+01	1.114323913674807237e-05
1.258925411794166107e+11	1.600000000000000000e+01	1.404041320716808481e-05
1.584893192461110840e+11	1.600000000000000000e+01	1.770154146076275052e-05
1.995262314968882751e+11	1.600000000000000000e+01	2.233831849861344756e-05
2.511886431509582214e+11	1.600000000000000000e+01	2.823447381970138780e-05
3.162277660168379517e+11	1.600000000000000000e+01	3.577841519954360553e-05
3.981071705534969482e+11	1.600000000000000000e+01	4.550853678680457287e-05
5.011872336272714844e+11	1.600000000000000000e+01	5.812766791565027202e-05
6.309573444801943359e+11	1.600000000000000000e+01	7.409702062560604644e-05
7.943282347242821045e+11	1.600000000000000000e+01	8.573366422434252091e-05
1.000000000000000000e+12	1.600000000000000000e+01	1.006807185869620610e-04
1.260000000000000000e+12	1.600000000000000000e+01	1.285800891049540659e-04
1.580000000000000000e+12	1.600000000000000000e+01	1.610699128276635674e-04
2.000000000000000000e+12	1.600000000000000000e+01	2.042311740817686705e-04
2.510000000000000000e+12	1.600000000000000000e+01	2.554827445740711451e-04
3.160000000000000000e+12	1.600000000000000000e+01	3.197080700042981304e-04
3.980000000000000000e+12	1.600000000000000000e+01	4.021227683142115515e-04
5.010000000000000000e+12	1.600000000000000000e+01	5.069178178839234142e-04
6.310000000000000000e+12	1.600000000000000000e+01	6.394630991483761951e-04
7.940000000000000000e+12	1.600000000000000000e+01	8.057770521055756391e-04
1.000000000000000000e+13	1.600000000000000000e+01	1.018467421551135258e-03
1.260000000000000000e+13	1.600000000000000000e+01	1.288647198075213102e-03
1.580000000000000000e+13	1.600000000000000000e+01	1.622115206863699276e-03
2.000000000000000000e+13	1.600000000000000000e+01	2.058221666391064561e-03
2.510000000000000000e+13	1.600000000000000000e+01	2.583859518700921173e-03
3.160000000000000000e+13	1.600000000000000000e+01	3.213960137290078258e-03
3.980000000000000000e+13	1.600000000000000000e+01	3.947239527472726911e-03
5.010000000000000000e+13	1.600000000000000000e+01	4.799999319795801925e-03
6.310000000000000000e+13	1.600000000000000000e+01	5.814247150451349981e-03
7.940000000000000000e+13	1.600000000000000000e+01	7.077238361970134874e-03
1.000000000000000000e+14	1.600000000000000000e+01	8.714511725675088902e-03
1.260000000000000000e+14	1.600000000000000000e+01	1.104725918477866484e-02
1.580000000000000000e+14	1.600000000000000000e+01	1.411445002682753212e-02
2.000000000000000000e+14	1.600000000000000000e+01	1.840800452839335549e-02
2.510000000000000000e+14	1.600000000000000000e+01	2.382998502283746253e-02
3.160000000000000000e+14	1.600000000000000000e+01	2.988229753665723465e-02
3.980000000000000000e+14	1.600000000000000000e+01	3.541558301474598269e-02
5.010000000000000000e+14	1.600000000000000000e+01	3.922960836056400141e-02
6.310000000000000000e+14	1.600000000000000000e+01	3.985224496595338867e-02
7.940000000000000000e+14	1.600000000000000000e+01	3.739447310727953000e-02
1.000000000000000000e+15	1.600000000000000000e+01	3.198605797061135347e-02
1.260000000000000000e+15	1.600000000000000000e+01	2.524630901524655552e-02
1.580000000000000000e+15	1.600000000000000000e+01	1.933399493900313584e-02
2.000000000000000000e+15	1.600000000000000000e+01	1.109925589477606285e-02
2.510000000000000000e+15	1.600000000000000000e+01	1.776656154833966767e-03
3.160000000000000000e+15	1.600000000000000000e+01	-5.995623267006171785e-03
3.980000000000000000e+15	1.600000000000000000e+01	-1.242179327122361863e-02
5.010000000000000000e+15	1.600000000000000000e+01	-1.741621980820458326e-02
6.310000000000000000e+15	1.600000000000000000e+01	-2.103994386554635526e-02
7.940000000000000000e+15	1.600000000000000000e+01	-2.339449194019901923e-02
1.000000000000000000e+16	1.600000000000000000e+01	-2.466414382313985090e-02
1.260000000000000000e+16	1.600000000000000000e+01	-2.502656504127233339e-02
1.580000000000000000e+16	1.600000000000000000e+01	-2.470264250944936152e-02
2.000000000000000000e+16	1.600000000000000000e+01	-2.379090029959426630e-02
2.510000000000000000e+16	1.600000000000000000e+01	-2.255769107661826853e-02
3.160000000000000000e+16	1.600000000000000000e+01	-2.105350552983630344e-02
3.980000000000000000e+16	1.600000000000000000e+01	-1.940276812964813677e-02
5.010000000000000000e+16	1.600000000000000000e+01	-1.769644773360494472e-02
6.310000000000000000e+16	1.600000000000000000e+01	-1.598853449810896943e-02
7.940000000000000000e+16	1.600000000000000000e+01	-1.433902412251415043e-02
1.000000000000000000e+17	1.600000000000000000e+01	-1.276300892530437235e-02
1.000000000000000000e+11	1.800000000000000000e+01	1.054229349818862468e-05
1.258925411794166107e+11	1.800000000000000000e+01	1.328366731234024761e-05
1.584893192461110840e+11	1.800000000000000000e+01	1.674783484330734956e-05
1.995262314968882751e+11	1.800000000000000000e+01	2.113604120457610323e-05
2.511886431509582214e+11	1.800000000000000000e+01	2.671746996592549170e-05
3.162277660168379517e+11	1.800000000000000000e+01	3.386179637987515151e-05
3.981071705534969482e+11	1.800000000000000000e+01	4.308023708588152689e-05
5.011872336272714844e+11	1.800000000000000000e+01	5.503408768798984650e-05
6.309573444801943359e+11	1.800000000000000000e+01	7.010045849756362890e-05
7.943282347242821045e+11	1.800000000000000000e+01	8.010613323927034696e-05
1.000000000000000000e+12	1.800000000000000000e+01	9.468073753545960683e-05
1.260000000000000000e+12	1.800000000000000000e+01	1.217215251984511714e-04
1.580000000000000000e+12	1.800000000000000000e+01	1.525406554423469358e-04
2.000000000000000000e+12	1.800000000000000000e+01	1.937117559645087407e-04
2.510000000000000000e+12	1.800000000000000000e+01	2.417263960469046317e-04
3.160000000000000000e+12	1.800000000000000000e+01	3.039310637777861267e-04
3.980000000000000000e+12	1.800000000000000000e+01	3.833221276258527168e-04
5.010000000000000000e+12	1.800000000000000000e+01	4.822589237654461387e-04
6.310000000000000000e+12	1.800000000000000000e+01	6.071102354834701864e-04
7.940000000000000000e+12	1.800000000000000000e+01	7.655001825162963602e-04
1.000000000000000000e+13	1.800000000000000000e+01	9.675966165172329193e-04
1.260000000000000000e+13	1.800000000000000000e+01	1.224076553217088616e-03
1.580000000000000000e+13	1.800000000000000000e+01	1.538767301129689673e-03
2.000000000000000000e+13	1.800000000000000000e+01	1.954318029167352588e-03
2.510000000000000000e+13	1.800000000000000000e+01	2.448329328357607554e-03
3.160000000000000000e+13	1.800000000000000000e+01	3.058712515722350131e-03
3.980000000000000000e+13	1.800000000000000000e+01	3.775679499779650058e-03
5.010000000000000000e+13	1.800000000000000000e+01	4.602959885187416639e-03
6.310000000000000000e+13	1.800000000000000000e+01	5.600773269625419076e-03
7.940000000000000000e+13	1.800000000000000000e+01	6.871798983583522064e-03
1.000000000000000000e+14	1.800000000000000000e+01	8.575773159954209676e-03
1.260000000000000000e+14	1.800000000000000000e+01	1.073573485374261505e-02
1.580000000000000000e+14	1.800000000000000000e+01	1.376816024347828592e-02
2.000000000000000000e+14	1.800000000000000000e+01	1.824751609392453316e-02
2.510000000000000000e+14	1.800000000000000000e+01	2.359328013615151834e-02
3.160000000000000000e+14	1.800000000000000000e+01	2.941319404686987965e-02
3.980000000000000000e+14	1.800000000000000000e+01	3.446024727841973112e-02
5.010000000000000000e+14	1.800000000000000000e+01	3.800422446878581884e-02
6.310000000000000000e+14	1.800000000000000000e+01	3.984996280840677474e-02
7.940000000000000000e+14	1.800000000000000000e+01	3.770737572601114140e-02
1.000000000000000000e+15	1.800000000000000000e+01	3.305403036529084432e-02
1.260000000000000000e+15	1.800000000000000000e+01	2.667288849907316350e-02
1.580000000000000000e+15	1.800000000000000000e+01	1.679485659054490154e-02
2.000000000000000000e+15	1.800000000000000000e+01	7.801069634583825477e-03
2.510000000000000000e+15	1.800000000000000000e+01	4.563068187508507729e-04
3.160000000000000000e+15	1.800000000000000000e+01	-6.606551159278613305e-03
3.980000000000000000e+15	1.800000000000000000e+01	-1.257837662012955410e-02
5.010000000000000000e+15	1.800000000000000000e+01	-1.725419463457601374e-02
6.310000000000000000e+15	1.800000000000000000e+01	-2.064996962068169420e-02
7.940000000000000000e+15	1.800000000000000000e+01	-2.284867336668235105e-02
1.000000000000000000e+16	1.800000000000000000e+01	-2.401812413164410021e-02
1.260000000000000000e+16	1.800000000000000000e+01	-2.432451625240809531e-02
1.580000000000000000e+16	1.800000000000000000e+01	-2.397850145418182685e-02
2.000000000000000000e+16	1.800000000000000000e+01	-2.307105576741510719e-02
2.510000000000000000e+16	1.800000000000000000e+01	-2.185977957891878029e-02
3.160000000000000000e+16	1.800000000000000000e+01	-2.039110511942400852e-02
3.980000000000000000e+16	1.800000000000000000e+01	-1.878399401364967691e-02
5.010000000000000000e+16	1.800000000000000000e+01	-1.712602604991426622e-02
6.310000000000000000e+16	1.800000000000000000e+01	-1.546888500672496253e-02
7.940000000000000000e+16	1.800000000000000000e+01	-1.386978001957850024e-02
1.000000000000000000e+17	1.800000000000000000e+01	-1.234290071075397344e-02
1.000000000000000000e+11	2.000000000000000000e+01	1.028926960686944032e-05
1.258925411794166107e+11	2.000000000000000000e+01	1.296476080771953137e-05
1.584893192461110840e+11	2.000000000000000000e+01	1.634570902112991755e-05
1.995262314968882751e+11	2.000000000000000000e+01	2.062838163610260578e-05
2.511886431509582214e+11	2.000000000000000000e+01	2.607536749330819799e-05
3.162277660168379517e+11	2.000000000000000000e+01	3.304753602614584381e-05
3.981071705534969482e+11	2.000000000000000000e+01	4.204243759241903483e-05
5.011872336272714844e+11	2.000000000000000000e+01	5.369942007658522009e-05
6.309573444801943359e+11	2.000000000000000000e+01	6.835420795754909270e-05
7.943282347242821045e+11	2.000000000000000000e+01	7.770495832264016965e-05
1.000000000000000000e+12	2.000000000000000000e+01	9.055921118820316738e-05
1.260000000000000000e+12	2.000000000000000000e+01	1.187984455784178820e-04
1.580000000000000000e+12	2.000000000000000000e+01	1.507191675738316604e-04
2.000000000000000000e+12	2.000000000000000000e+01	1.902963083738261579e-04
2.510000000000000000e+12	2.000000000000000000e+01	2.383005748677817330e-04
3.160000000000000000e+12	2.000000000000000000e+01	3.006600152264926043e-04
3.980000000000000000e+12	2.000000000000000000e+01	3.782657297760881631e-04
5.010000000000000000e+12	2.000000000000000000e+01	4.748711901864155266e-04
6.310000000000000000e+12	2.000000000000000000e+01	5.989820288753237550e-04
7.940000000000000000e+12	2.000000000000000000e+01	7.556734074780125949e-04
1.000000000000000000e+13	2.000000000000000000e+01	9.535082860834307545e-04
1.260000000000000000e+13	2.000000000000000000e+01	1.204861958605264825e-03
1.580000000000000000e+13	2.000000000000000000e+01	1.514880129629554185e-03
2.000000000000000000e+13	2.000000000000000000e+01	1.920669375555213079e-03
2.510000000000000000e+13	2.000000000000000000e+01	2.410331550496752281e-03
3.160000000000000000e+13	2.000000000000000000e+01	3.007238245370030469e-03
3.980000000000000000e+13	2.000000000000000000e+01	3.718861624107581108e-03
5.010000000000000000e+13	2.000000000000000000e+01	4.568442002092584601e-03
6.310000000000000000e+13	2.000000000000000000e+01	5.597642912184295876e-03
7.940000000000000000e+13	2.000000000000000000e+01	6.856387003084235369e-03
1.000000000000000000e+14	2.000000000000000000e+01	8.529279314048263810e-03
1.260000000000000000e+14	2.000000000000000000e+01	1.102091497297345846e-02
1.580000000000000000e+14	2.000000000000000000e+01	1.425138464808677757e-02
2.000000000000000000e+14	2.000000000000000000e+01	1.860156020287897366e-02
2.510000000000000000e+14	2.000000000000000000e+01	2.396332364931431577e-02
3.160000000000000000e+14	2.000000000000000000e+01	3.006523758499989388e-02
3.980000000000000000e+14	2.000000000000000000e+01	3.600575464713361845e-02
5.010000000000000000e+14	2.000000000000000000e+01	3.908404447583008895e-02
6.310000000000000000e+14	2.000000000000000000e+01	3.819996082616160249e-02
7.940000000000000000e+14	2.000000000000000000e+01	3.717438080169870734e-02
1.000000000000000000e+15	2.000000000000000000e+01	3.364883010006144981e-02
1.260000000000000000e+15	2.000000000000000000e+01	2.554164414833073882e-02
1.580000000000000000e+15	2.000000000000000000e+01	1.634645666834244962e-02
2.000000000000000000e+15	2.000000000000000000e+01	7.510079296438661178e-03
2.510000000000000000e+15	2.000000000000000000e+01	2.446920822713930074e-04
3.160000000000000000e+15	2.000000000000000000e+01	-6.766309607061988217e-03
3.980000000000000000e+15	2.000000000000000000e+01	-1.270140479183199701e-02
5.010000000000000000e+15	2.000000000000000000e+01	-1.735022861274282402e-02
6.310000000000000000e+15	2.000000000000000000e+01	-2.072537262696980825e-02
7.940000000000000000e+15	2.000000000000000000e+01	-2.290782223754567193e-02
1.000000000000000000e+16	2.000000000000000000e+01	-2.406518182577696563e-02
1.260000000000000000e+16	2.000000000000000000e+01	-2.436175042755639106e-02
1.580000000000000000e+16	2.000000000000000000e+01	-2.400812891642030780e-02
2.000000000000000000e+16	2.000000000000000000e+01	-2.309444844097278612e-02
2.510000000000000000e+16	2.000000000000000000e+01	-2.187842076362082888e-02
3.160000000000000000e+16	2.000000000000000000e+01	-2.040588620710528933e-02
3.980000000000000000e+16	2.000000000000000000e+01	-1.879576942348091737e-02
5.010000000000000000e+16	2.000000000000000000e+01	-1.713534784616143822e-02
6.310000000000000000e+16	2.000000000000000000e+01	-1.547632099231008480e-02
7.940000000000000000e+16	2.000000000000000000e+01	-1.387563226042571631e-02
1.000000000000000000e+17	2.000000000000000000e+01	-1.234757554422456424e-02
1.000000000000000000e+11	2.200000000000000000e+01	9.966884600087434407e-06
1.258925411794166107e+11	2.200000000000000000e+01	1.255846218426902715e-05
1.584893192461110840e+11	2.200000000000000000e+01	1.583337191702730874e-05
1.995262314968882751e+11	2.200000000000000000e+01	1.998165423498725105e-05
2.511886431509582214e+11	2.200000000000000000e+01	2.525778704455226785e-05
3.162277660168379517e+11	2.200000000000000000e+01	3.201066384092030395e-05
3.981071705534969482e+11	2.200000000000000000e+01	4.072077637399022597e-05
5.011872336272714844e+11	2.200000000000000000e+01	5.199719733676841691e-05
6.309573444801943359e+11	2.200000000000000000e+01	6.610450997905601713e-05
7.943282347242821045e+11	2.200000000000000000e+01	7.427650636261822251e-05
1.000000000000000000e+12	2.200000000000000000e+01	8.733413584128207159e-05
1.260000000000000000e+12	2.200000000000000000e+01	1.153318788588757952e-04
1.580000000000000000e+12	2.200000000000000000e+01	1.458951773448593364e-04
2.000000000000000000e+12	2.200000000000000000e+01	1.854764050804214200e-04
2.510000000000000000e+12	2.200000000000000000e+01	2.338874407078379858e-04
3.160000000000000000e+12	2.200000000000000000e+01	2.943131396965181193e-04
3.980000000000000000e+12	2.200000000000000000e+01	3.694184429403301315e-04
5.010000000000000000e+12	2.200000000000000000e+01	4.654515779320631810e-04
6.310000000000000000e+12	2.200000000000000000e+01	5.861389651429827234e-04
7.940000000000000000e+12	2.200000000000000000e+01	7.378533469051205265e-04
1.000000000000000000e+13	2.200000000000000000e+01	9.330821766608607534e-04
1.260000000000000000e+13	2.200000000000000000e+01	1.179077939597318733e-03
1.580000000000000000e+13	2.200000000000000000e+01	1.481940793230862672e-03
2.000000000000000000e+13	2.200000000000000000e+01	1.883786819547840323e-03
2.510000000000000000e+13	2.200000000000000000e+01	2.355945825013505343e-03
3.160000000000000000e+13	2.200000000000000000e+01	2.930833415171357672e-03
3.980000000000000000e+13	2.200000000000000000e+01	3.636490573169822837e-03
5.010000000000000000e+13	2.200000000000000000e+01	4.489304494880155469e-03
6.310000000000000000e+13	2.200000000000000000e+01	5.534189427841113354e-03
7.940000000000000000e+13	2.200000000000000000e+01	6.854088849857419181e-03
1.000000000000000000e+14	2.200000000000000000e+01	8.601839181845202104e-03
1.260000000000000000e+14	2.200000000000000000e+01	1.081992038273662561e-02
1.580000000000000000e+14	2.200000000000000000e+01	1.391224440116680186e-02
2.000000000000000000e+14	2.200000000000000000e+01	1.849858516604378084e-02
2.510000000000000000e+14	2.200000000000000000e+01	2.382670299568455732e-02
3.160000000000000000e+14	2.200000000000000000e+01	2.961077231245249144e-02
3.980000000000000000e+14	2.200000000000000000e+01	3.489821454464236972e-02
5.010000000000000000e+14	2.200000000000000000e+01	3.855109486237619232e-02
6.310000000000000000e+14	2.200000000000000000e+01	4.043439821553471841e-02
7.940000000000000000e+14	2.200000000000000000e+01	3.884587353754037631e-02
1.000000000000000000e+15	2.200000000000000000e+01	3.261041484460430045e-02
1.260000000000000000e+15	2.200000000000000000e+01	2.565838506792954971e-02
1.580000000000000000e+15	2.200000000000000000e+01	1.963435407561426801e-02
2.000000000000000000e+15	2.200000000000000000e+01	1.132393581455803065e-02
2.510000000000000000e+15	2.200000000000000000e+01	1.950300820308228326e-03
3.160000000000000000e+15	2.200000000000000000e+01	-5.860251388401499680e-03
3.980000000000000000e+15	2.200000000000000000e+01	-1.231554887594336380e-02
5.010000000000000000e+15	2.200000000000000000e+01	-1.733299674547324892e-02
6.310000000000000000e+15	2.200000000000000000e+01	-2.097370199308011898e-02
7.940000000000000000e+15	2.200000000000000000e+01	-2.334189769113513904e-02
1.000000000000000000e+16	2.200000000000000000e+01	-2.462254083680615394e-02
1.260000000000000000e+16	2.200000000000000000e+01	-2.499358501541384947e-02
1.580000000000000000e+16	2.200000000000000000e+01	-2.467636038014502792e-02
2.000000000000000000e+16	2.200000000000000000e+01	-2.377014511017425807e-02
2.510000000000000000e+16	2.200000000000000000e+01	-2.254115454160858512e-02
3.160000000000000000e+16	2.200000000000000000e+01	-2.104055046714439076e-02
3.980000000000000000e+16	2.200000000000000000e+01	-1.939232453252167157e-02
5.010000000000000000e+16	2.200000000000000000e+01	-1.768801040807544203e-02
6.310000000000000000e+16	2.200000000000000000e+01	-1.598193504078740390e-02
7.940000000000000000e+16	2.200000000000000000e+01	-1.433380630115864418e-02
1.000000000000000000e+17	2.200000000000000000e+01	-1.275885453826661360e-02
