1.000000000000000000e+11	5.000000000000000000e-01	2.205324144234878045e-05
1.258925411794166107e+11	5.000000000000000000e-01	2.779189801074212116e-05
1.584893192461110840e+11	5.000000000000000000e-01	3.504724347619102309e-05
1.995262314968882751e+11	5.000000000000000000e-01	4.424381898798718574e-05
2.511886431509582214e+11	5.000000000000000000e-01	5.595274810117966622e-05
3.162277660168379517e+11	5.000000000000000000e-01	7.096931146032873735e-05
3.981071705534969482e+11	5.000000000000000000e-01	9.045527521081267637e-05
5.011872336272714844e+11	5.000000000000000000e-01	1.161904963653838103e-04
6.309573444801943359e+11	5.000000000000000000e-01	1.511350184759743267e-04
7.943282347242821045e+11	5.000000000000000000e-01	2.024538793929842213e-04
1.000000000000000000e+12	5.000000000000000000e-01	2.340077576073825067e-04
1.260000000000000000e+12	5.000000000000000000e-01	2.466861112044883560e-04
1.580000000000000000e+12	5.000000000000000000e-01	2.850260051815009716e-04
2.000000000000000000e+12	5.000000000000000000e-01	3.427589759886087522e-04
2.510000000000000000e+12	5.000000000000000000e-01	4.164099901039441617e-04
3.160000000000000000e+12	5.000000000000000000e-01	5.122306263844401053e-04
3.980000000000000000e+12	5.000000000000000000e-01	6.346334476714086308e-04
5.010000000000000000e+12	5.000000000000000000e-01	7.897689206981466743e-04
6.310000000000000000e+12	5.000000000000000000e-01	9.877945008455010951e-04
7.940000000000000000e+12	5.000000000000000000e-01	1.241175233646379982e-03
1.000000000000000000e+13	5.000000000000000000e-01	1.567958357534970535e-03
1.260000000000000000e+13	5.000000000000000000e-01	1.981641035080499401e-03
1.580000000000000000e+13	5.000000000000000000e-01	2.488351735085444529e-03
2.000000000000000000e+13	5.000000000000000000e-01	3.155527194695882665e-03
2.510000000000000000e+13	5.000000000000000000e-01	3.951154579553381972e-03
3.160000000000000000e+13	5.000000000000000000e-01	4.880685791034793282e-03
3.980000000000000000e+13	5.000000000000000000e-01	5.867729890190863211e-03
5.010000000000000000e+13	5.000000000000000000e-01	6.837197555384044896e-03
6.310000000000000000e+13	5.000000000000000000e-01	7.785938364769244384e-03
7.940000000000000000e+13	5.000000000000000000e-01	8.792807524341196904e-03
1.000000000000000000e+14	5.000000000000000000e-01	1.005120804162010911e-02
1.260000000000000000e+14	5.000000000000000000e-01	1.184275451765258100e-02
1.580000000000000000e+14	5.000000000000000000e-01	1.445479960066115704e-02
2.000000000000000000e+14	5.000000000000000000e-01	1.837728751643017550e-02
2.510000000000000000e+14	5.000000000000000000e-01	2.332331189921944825e-02
3.160000000000000000e+14	5.000000000000000000e-01	2.893049697561094619e-02
3.980000000000000000e+14	5.000000000000000000e-01	3.410007915206542811e-02
5.010000000000000000e+14	5.000000000000000000e-01	3.757160192015496919e-02
6.310000000000000000e+14	5.000000000000000000e-01	3.845251805216122476e-02
7.940000000000000000e+14	5.000000000000000000e-01	3.633859502508651751e-02
1.000000000000000000e+15	5.000000000000000000e-01	3.147684114174095077e-02
1.260000000000000000e+15	5.000000000000000000e-01	2.481191417172559296e-02
1.580000000000000000e+15	5.000000000000000000e-01	1.695990976849643186e-02
2.000000000000000000e+15	5.000000000000000000e-01	8.418210970522864087e-03
2.510000000000000000e+15	5.000000000000000000e-01	3.287670478164990157e-04
3.160000000000000000e+15	5.000000000000000000e-01	-7.020831387329884259e-03
3.980000000000000000e+15	5.000000000000000000e-01	-1.319045678130669093e-02
5.010000000000000000e+15	5.000000000000000000e-01	-1.800835868972134116e-02
6.310000000000000000e+15	5.000000000000000000e-01	-2.150078531487967237e-02
7.940000000000000000e+15	5.000000000000000000e-01	-2.375598618894282643e-02
1.000000000000000000e+16	5.000000000000000000e-01	-2.494964331370768881e-02
1.260000000000000000e+16	5.000000000000000000e-01	-2.525216458686819695e-02
1.580000000000000000e+16	5.000000000000000000e-01	-2.488205314895164041e-02
2.000000000000000000e+16	5.000000000000000000e-01	-2.393239639921864587e-02
2.510000000000000000e+16	5.000000000000000000e-01	-2.267031820397181693e-02
3.160000000000000000e+16	5.000000000000000000e-01	-2.114307394997475345e-02
3.980000000000000000e+16	5.000000000000000000e-01	-1.947371280753944917e-02
5.010000000000000000e+16	5.000000000000000000e-01	-1.775287808731563707e-02
6.310000000000000000e+16	5.000000000000000000e-01	-1.603322872367352395e-02
7.940000000000000000e+16	5.000000000000000000e-01	-1.437455553943404324e-02
1.000000000000000000e+17	5.000000000000000000e-01	-1.279124693392065353e-02
1.000000000000000000e+11	1.500000000000000000e+00	2.331934008231931532e-05
1.258925411794166107e+11	1.500000000000000000e+00	2.938786066741627437e-05
1.584893192461110840e+11	1.500000000000000000e+00	3.706035091097220337e-05
1.995262314968882751e+11	1.500000000000000000e+00	4.678610542337022444e-05
2.511886431509582214e+11	1.500000000000000000e+00	5.916967878386429646e-05
3.162277660168379517e+11	1.500000000000000000e+00	7.505364301197316320e-05
3.981071705534969482e+11	1.500000000000000000e+00	9.566888788879836572e-05
5.011872336272714844e+11	1.500000000000000000e+00	1.229314022384390417e-04
6.309573444801943359e+11	1.500000000000000000e+00	1.600860675876246365e-04
7.943282347242821045e+11	1.500000000000000000e+00	2.160923570302081362e-04
1.000000000000000000e+12	1.500000000000000000e+00	2.493949957794560756e-04
1.260000000000000000e+12	1.500000000000000000e+00	2.598863448888598469e-04
1.580000000000000000e+12	1.500000000000000000e+00	2.991125365690834137e-04
2.000000000000000000e+12	1.500000000000000000e+00	3.586512127672314377e-04
2.510000000000000000e+12	1.500000000000000000e+00	4.346170485086564453e-04
3.160000000000000000e+12	1.500000000000000000e+00	5.341656943486203409e-04
3.980000000000000000e+12	1.500000000000000000e+00	6.617291683883220641e-04
5.010000000000000000e+12	1.500000000000000000e+00	8.238069940951721262e-04
6.310000000000000000e+12	1.500000000000000000e+00	1.030868255861638189e-03
7.940000000000000000e+12	1.500000000000000000e+00	1.295821912710173884e-03
1.000000000000000000e+13	1.500000000000000000e+00	1.638233558334285063e-03
1.260000000000000000e+13	1.500000000000000000e+00	2.072664031618258896e-03
1.580000000000000000e+13	1.500000000000000000e+00	2.606068609963569250e-03
2.000000000000000000e+13	1.500000000000000000e+00	3.309597412159467639e-03
2.510000000000000000e+13	1.500000000000000000e+00	4.146353669582453910e-03
3.160000000000000000e+13	1.500000000000000000e+00	5.112112640563948492e-03
3.980000000000000000e+13	1.500000000000000000e+00	6.124420984859842328e-03
5.010000000000000000e+13	1.500000000000000000e+00	7.114760774709014308e-03
6.310000000000000000e+13	1.500000000000000000e+00	8.043148520978746219e-03
7.940000000000000000e+13	1.500000000000000000e+00	8.971287523806090181e-03
1.000000000000000000e+14	1.500000000000000000e+00	1.015409866799281066e-02
1.260000000000000000e+14	1.500000000000000000e+00	1.188774057011961725e-02
1.580000000000000000e+14	1.500000000000000000e+00	1.443507049857583810e-02
2.000000000000000000e+14	1.500000000000000000e+00	1.831300027931146227e-02
2.510000000000000000e+14	1.500000000000000000e+00	2.322539626029635970e-02
3.160000000000000000e+14	1.500000000000000000e+00	2.878006878960760045e-02
3.980000000000000000e+14	1.500000000000000000e+00	3.396481448776716289e-02
5.010000000000000000e+14	1.500000000000000000e+00	3.741719388407362124e-02
6.310000000000000000e+14	1.500000000000000000e+00	3.834750457237769139e-02
7.940000000000000000e+14	1.500000000000000000e+00	3.640813021040893022e-02
1.000000000000000000e+15	1.500000000000000000e+00	3.146728692620118922e-02
1.260000000000000000e+15	1.500000000000000000e+00	2.445801038768980265e-02
1.580000000000000000e+15	1.500000000000000000e+00	1.654504961372546892e-02
2.000000000000000000e+15	1.500000000000000000e+00	8.208196503829241417e-03
2.510000000000000000e+15	1.500000000000000000e+00	1.809068019608003582e-04
3.160000000000000000e+15	1.500000000000000000e+00	-7.130676593375606317e-03
3.980000000000000000e+15	1.500000000000000000e+00	-1.327457367188257520e-02
5.010000000000000000e+15	1.500000000000000000e+00	-1.807369737510699723e-02
6.310000000000000000e+15	1.500000000000000000e+00	-2.155209144983923075e-02
7.940000000000000000e+15	1.500000000000000000e+00	-2.379691308155333293e-02
1.000000000000000000e+16	1.500000000000000000e+00	-2.498159357021820237e-02
1.260000000000000000e+16	1.500000000000000000e+00	-2.527745024093909845e-02
1.580000000000000000e+16	1.500000000000000000e+00	-2.490216309494276345e-02
2.000000000000000000e+16	1.500000000000000000e+00	-2.394826882331501511e-02
2.510000000000000000e+16	1.500000000000000000e+00	-2.268295614234276669e-02
3.160000000000000000e+16	1.500000000000000000e+00	-2.115310442817953593e-02
3.980000000000000000e+16	1.500000000000000000e+00	-1.948163885122974892e-02
5.010000000000000000e+16	1.500000000000000000e+00	-1.775913340331080129e-02
6.310000000000000000e+16	1.500000000000000000e+00	-1.603826008042191775e-02
7.940000000000000000e+16	1.500000000000000000e+00	-1.437857338655936824e-02
1.000000000000000000e+17	1.500000000000000000e+00	-1.279439500523420377e-02
1.000000000000000000e+11	2.500000000000000000e+00	2.396456995046116847e-05
1.258925411794166107e+11	2.500000000000000000e+00	3.020088316813931395e-05
1.584893192461110840e+11	2.500000000000000000e+00	3.808547833481260806e-05
1.995262314968882751e+11	2.500000000000000000e+00	4.807978185414025981e-05
2.511886431509582214e+11	2.500000000000000000e+00	6.080462946417102259e-05
3.162277660168379517e+11	2.500000000000000000e+00	7.712514992763510355e-05
3.981071705534969482e+11	2.500000000000000000e+00	9.830549074796907821e-05
5.011872336272714844e+11	2.500000000000000000e+00	1.263173510258816512e-04
6.309573444801943359e+11	2.500000000000000000e+00	1.645270208496548260e-04
7.943282347242821045e+11	2.500000000000000000e+00	2.225364677640889765e-04
1.000000000000000000e+12	2.500000000000000000e+00	2.569409830232055776e-04
1.260000000000000000e+12	2.500000000000000000e+00	2.673422200840026744e-04
1.580000000000000000e+12	2.500000000000000000e+00	3.069515947379170321e-04
2.000000000000000000e+12	2.500000000000000000e+00	3.675305205539464918e-04
2.510000000000000000e+12	2.500000000000000000e+00	4.454303278259104837e-04
3.160000000000000000e+12	2.500000000000000000e+00	5.474558304895831050e-04
3.980000000000000000e+12	2.500000000000000000e+00	6.783359517946389427e-04
5.010000000000000000e+12	2.500000000000000000e+00	8.443246115578551675e-04
6.310000000000000000e+12	2.500000000000000000e+00	1.056394202449939188e-03
7.940000000000000000e+12	2.500000000000000000e+00	1.328753373193301574e-03
1.000000000000000000e+13	2.500000000000000000e+00	1.681005489541775996e-03
1.260000000000000000e+13	2.500000000000000000e+00	2.131094587616343215e-03
1.580000000000000000e+13	2.500000000000000000e+00	2.681890389913843542e-03
2.000000000000000000e+13	2.500000000000000000e+00	3.408847775265786036e-03
2.510000000000000000e+13	2.500000000000000000e+00	4.267144649523610736e-03
3.160000000000000000e+13	2.500000000000000000e+00	5.264975365832497839e-03
3.980000000000000000e+13	2.500000000000000000e+00	6.292736267018670358e-03
5.010000000000000000e+13	2.500000000000000000e+00	7.228548035196167600e-03
6.310000000000000000e+13	2.500000000000000000e+00	8.110605804083854953e-03
7.940000000000000000e+13	2.500000000000000000e+00	9.052173169122570279e-03
1.000000000000000000e+14	2.500000000000000000e+00	1.018883470835219886e-02
1.260000000000000000e+14	2.500000000000000000e+00	1.184889905258840366e-02
1.580000000000000000e+14	2.500000000000000000e+00	1.432492938237442739e-02
2.000000000000000000e+14	2.500000000000000000e+00	1.813611505868847548e-02
2.510000000000000000e+14	2.500000000000000000e+00	2.305282452693312861e-02
3.160000000000000000e+14	2.500000000000000000e+00	2.857545861101845261e-02
3.980000000000000000e+14	2.500000000000000000e+00	3.379462275501901591e-02
5.010000000000000000e+14	2.500000000000000000e+00	3.736976244047933438e-02
6.310000000000000000e+14	2.500000000000000000e+00	3.802194808914531599e-02
7.940000000000000000e+14	2.500000000000000000e+00	3.578563423622865142e-02
1.000000000000000000e+15	2.500000000000000000e+00	3.119446936108273213e-02
1.260000000000000000e+15	2.500000000000000000e+00	2.437012119538179561e-02
1.580000000000000000e+15	2.500000000000000000e+00	1.613281925775823106e-02
2.000000000000000000e+15	2.500000000000000000e+00	7.772109443715942596e-03
2.510000000000000000e+15	2.500000000000000000e+00	-1.448560050259701357e-05
3.160000000000000000e+15	2.500000000000000000e+00	-7.216391569676476082e-03
3.980000000000000000e+15	2.500000000000000000e+00	-1.328329945292040792e-02
5.010000000000000000e+15	2.500000000000000000e+00	-1.802591206346313910e-02
6.310000000000000000e+15	2.500000000000000000e+00	-2.146307600195327889e-02
7.940000000000000000e+15	2.500000000000000000e+00	-2.367921811698621773e-02
1.000000000000000000e+16	2.500000000000000000e+00	-2.484614831881712740e-02
1.260000000000000000e+16	2.500000000000000000e+00	-2.513220113620251439e-02
1.580000000000000000e+16	2.500000000000000000e+00	-2.475356534828135682e-02
2.000000000000000000e+16	2.500000000000000000e+00	-2.380134599867772538e-02
2.510000000000000000e+16	2.500000000000000000e+00	-2.254103819937738548e-02
3.160000000000000000e+16	2.500000000000000000e+00	-2.101874361736588009e-02
3.980000000000000000e+16	2.500000000000000000e+00	-1.935648047262851848e-02
5.010000000000000000e+16	2.500000000000000000e+00	-1.764374617508681839e-02
6.310000000000000000e+16	2.500000000000000000e+00	-1.593340628484197358e-02
7.940000000000000000e+16	2.500000000000000000e+00	-1.428398754720147483e-02
1.000000000000000000e+17	2.500000000000000000e+00	-1.270981264838585631e-02
1.000000000000000000e+11	3.500000000000000000e+00	2.404343533097812749e-05
1.258925411794166107e+11	3.500000000000000000e+00	3.029990803621116630e-05
1.584893192461110840e+11	3.500000000000000000e+00	3.820957449326381239e-05
1.995262314968882751e+11	3.500000000000000000e+00	4.823488432064610857e-05
2.511886431509582214e+11	3.500000000000000000e+00	6.099704881078704905e-05
3.162277660168379517e+11	3.500000000000000000e+00	7.736203908345959520e-05
3.981071705534969482e+11	3.500000000000000000e+00	9.859219517183993289e-05
5.011872336272714844e+11	3.500000000000000000e+00	1.266518542929546596e-04
6.309573444801943359e+11	3.500000000000000000e+00	1.648775127888868063e-04
7.943282347242821045e+11	3.500000000000000000e+00	2.226664465459011122e-04
1.000000000000000000e+12	3.500000000000000000e+00	2.571846815826700603e-04
1.260000000000000000e+12	3.500000000000000000e+00	2.683229635753274218e-04
1.580000000000000000e+12	3.500000000000000000e+00	3.090509589680396382e-04
2.000000000000000000e+12	3.500000000000000000e+00	3.706465408452153218e-04
2.510000000000000000e+12	3.500000000000000000e+00	4.494705938569953083e-04
3.160000000000000000e+12	3.500000000000000000e+00	5.528572241477849912e-04
3.980000000000000000e+12	3.500000000000000000e+00	6.853234083950317116e-04
5.010000000000000000e+12	3.500000000000000000e+00	8.534186880062547172e-04
6.310000000000000000e+12	3.500000000000000000e+00	1.068951062104695144e-03
7.940000000000000000e+12	3.500000000000000000e+00	1.346066110756855222e-03
1.000000000000000000e+13	3.500000000000000000e+00	1.705221401389276454e-03
1.260000000000000000e+13	3.500000000000000000e+00	2.161808667054976665e-03
1.580000000000000000e+13	3.500000000000000000e+00	2.722727894746438705e-03
2.000000000000000000e+13	3.500000000000000000e+00	3.461255679674648915e-03
2.510000000000000000e+13	3.500000000000000000e+00	4.336863302795491634e-03
3.160000000000000000e+13	3.500000000000000000e+00	5.337859165897220794e-03
3.980000000000000000e+13	3.500000000000000000e+00	6.375429728682208488e-03
5.010000000000000000e+13	3.500000000000000000e+00	7.356486454267685722e-03
6.310000000000000000e+13	3.500000000000000000e+00	8.238697254091110686e-03
7.940000000000000000e+13	3.500000000000000000e+00	9.107476939699319859e-03
1.000000000000000000e+14	3.500000000000000000e+00	1.020533475835568374e-02
1.260000000000000000e+14	3.500000000000000000e+00	1.181092910316844206e-02
1.580000000000000000e+14	3.500000000000000000e+00	1.428499811431075371e-02
2.000000000000000000e+14	3.500000000000000000e+00	1.812968633187956452e-02
2.510000000000000000e+14	3.500000000000000000e+00	2.300152813916364267e-02
3.160000000000000000e+14	3.500000000000000000e+00	2.857967280086393461e-02
3.980000000000000000e+14	3.500000000000000000e+00	3.371376280167741324e-02
5.010000000000000000e+14	3.500000000000000000e+00	3.708673904676344085e-02
6.310000000000000000e+14	3.500000000000000000e+00	3.806873183853928810e-02
7.940000000000000000e+14	3.500000000000000000e+00	3.624852736796173314e-02
1.000000000000000000e+15	3.500000000000000000e+00	3.134555633999557694e-02
1.260000000000000000e+15	3.500000000000000000e+00	2.419229861372807280e-02
1.580000000000000000e+15	3.500000000000000000e+00	1.647738908668479677e-02
2.000000000000000000e+15	3.500000000000000000e+00	8.398218030146674049e-03
2.510000000000000000e+15	3.500000000000000000e+00	2.352136657803474240e-04
3.160000000000000000e+15	3.500000000000000000e+00	-7.102062290741337387e-03
3.980000000000000000e+15	3.500000000000000000e+00	-1.325669167248799511e-02
5.010000000000000000e+15	3.500000000000000000e+00	-1.806147215483363405e-02
6.310000000000000000e+15	3.500000000000000000e+00	-2.154320875901753404e-02
7.940000000000000000e+15	3.500000000000000000e+00	-2.379029456896994063e-02
1.000000000000000000e+16	3.500000000000000000e+00	-2.497654409965089153e-02
1.260000000000000000e+16	3.500000000000000000e+00	-2.527351334128650345e-02
1.580000000000000000e+16	3.500000000000000000e+00	-2.489908810596434818e-02
2.000000000000000000e+16	3.500000000000000000e+00	-2.394586440039111683e-02
2.510000000000000000e+16	3.500000000000000000e+00	-2.268104303713269071e-02
3.160000000000000000e+16	3.500000000000000000e+00	-2.115159702393834204e-02
3.980000000000000000e+16	3.500000000000000000e+00	-1.948048363394563193e-02
5.010000000000000000e+16	3.500000000000000000e+00	-1.775818321096734459e-02
6.310000000000000000e+16	3.500000000000000000e+00	-1.603749620395059430e-02
7.940000000000000000e+16	3.500000000000000000e+00	-1.437796999493288867e-02
1.000000000000000000e+17	3.500000000000000000e+00	-1.279395502318111770e-02
1.000000000000000000e+11	4.500000000000000000e+00	2.350713508404858200e-05
1.258925411794166107e+11	4.500000000000000000e+00	2.962317557757637734e-05
1.584893192461110840e+11	4.500000000000000000e+00	3.735444725391404126e-05
1.995262314968882751e+11	4.500000000000000000e+00	4.715176238514368642e-05
2.511886431509582214e+11	4.500000000000000000e+00	5.962061700226652756e-05
3.162277660168379517e+11	4.500000000000000000e+00	7.560133000052332347e-05
3.981071705534969482e+11	4.500000000000000000e+00	9.631505809059676083e-05
5.011872336272714844e+11	4.500000000000000000e+00	1.236451594604733354e-04
6.309573444801943359e+11	4.500000000000000000e+00	1.607169760024946008e-04
7.943282347242821045e+11	4.500000000000000000e+00	2.154925442190356840e-04
1.000000000000000000e+12	4.500000000000000000e+00	2.498139089059211635e-04
1.260000000000000000e+12	4.500000000000000000e+00	2.639021556506910074e-04
1.580000000000000000e+12	4.500000000000000000e+00	3.050065936424819330e-04
2.000000000000000000e+12	4.500000000000000000e+00	3.670505801076887238e-04
2.510000000000000000e+12	4.500000000000000000e+00	4.464144904995797128e-04
3.160000000000000000e+12	4.500000000000000000e+00	5.498572631723729499e-04
3.980000000000000000e+12	4.500000000000000000e+00	6.835547894963512781e-04
5.010000000000000000e+12	4.500000000000000000e+00	8.533228376914746716e-04
6.310000000000000000e+12	4.500000000000000000e+00	1.068005133597500376e-03
7.940000000000000000e+12	4.500000000000000000e+00	1.343943442928286717e-03
1.000000000000000000e+13	4.500000000000000000e+00	1.702234085965057073e-03
1.260000000000000000e+13	4.500000000000000000e+00	2.155654951312438884e-03
1.580000000000000000e+13	4.500000000000000000e+00	2.716069265637657913e-03
2.000000000000000000e+13	4.500000000000000000e+00	3.457869449954704272e-03
2.510000000000000000e+13	4.500000000000000000e+00	4.333548390199032374e-03
3.160000000000000000e+13	4.500000000000000000e+00	5.333787234917862496e-03
3.980000000000000000e+13	4.500000000000000000e+00	6.378867273456417103e-03
5.010000000000000000e+13	4.500000000000000000e+00	7.330572652172860464e-03
6.310000000000000000e+13	4.500000000000000000e+00	8.175696116015688034e-03
7.940000000000000000e+13	4.500000000000000000e+00	9.031496710173477285e-03
1.000000000000000000e+14	4.500000000000000000e+00	1.011350369289305655e-02
1.260000000000000000e+14	4.500000000000000000e+00	1.176496291675694326e-02
1.580000000000000000e+14	4.500000000000000000e+00	1.421859206784041596e-02
2.000000000000000000e+14	4.500000000000000000e+00	1.804420601265213295e-02
2.510000000000000000e+14	4.500000000000000000e+00	2.295583917161281989e-02
3.160000000000000000e+14	4.500000000000000000e+00	2.859140761246804774e-02
3.980000000000000000e+14	4.500000000000000000e+00	3.366774870040898510e-02
5.010000000000000000e+14	4.500000000000000000e+00	3.727999540559093217e-02
6.310000000000000000e+14	4.500000000000000000e+00	3.825719548657730701e-02
7.940000000000000000e+14	4.500000000000000000e+00	3.589053191604537479e-02
1.000000000000000000e+15	4.500000000000000000e+00	3.118645071740930308e-02
1.260000000000000000e+15	4.500000000000000000e+00	2.461932282397748251e-02
1.580000000000000000e+15	4.500000000000000000e+00	1.681554111822482211e-02
2.000000000000000000e+15	4.500000000000000000e+00	8.307910901810242749e-03
2.510000000000000000e+15	4.500000000000000000e+00	2.424809327219002537e-04
3.160000000000000000e+15	4.500000000000000000e+00	-7.088609756582901419e-03
3.980000000000000000e+15	4.500000000000000000e+00	-1.324390894790256241e-02
5.010000000000000000e+15	4.500000000000000000e+00	-1.805063880378086905e-02
6.310000000000000000e+15	4.500000000000000000e+00	-2.153427555565952389e-02
7.940000000000000000e+15	4.500000000000000000e+00	-2.378268196422475556e-02
1.000000000000000000e+16	4.500000000000000000e+00	-2.497071147470593389e-02
1.260000000000000000e+16	4.500000000000000000e+00	-2.526889688014609045e-02
1.580000000000000000e+16	4.500000000000000000e+00	-2.489541357659460011e-02
2.000000000000000000e+16	4.500000000000000000e+00	-2.394291322441056274e-02
2.510000000000000000e+16	4.500000000000000000e+00	-2.267872586436292873e-02
3.160000000000000000e+16	4.500000000000000000e+00	-2.115016190084718223e-02
3.980000000000000000e+16	4.500000000000000000e+00	-1.947900911277811870e-02
5.010000000000000000e+16	4.500000000000000000e+00	-1.775670531854447315e-02
6.310000000000000000e+16	4.500000000000000000e+00	-1.603657124588668201e-02
7.940000000000000000e+16	4.500000000000000000e+00	-1.437722719279833569e-02
1.000000000000000000e+17	4.500000000000000000e+00	-1.279334995983581226e-02
1.000000000000000000e+11	5.500000000000000000e+00	2.254092776525934652e-05
1.258925411794166107e+11	5.500000000000000000e+00	2.840450444124728875e-05
1.584893192461110840e+11	5.500000000000000000e+00	3.581564472755254322e-05
1.995262314968882751e+11	5.500000000000000000e+00	4.520507873380829651e-05
2.511886431509582214e+11	5.500000000000000000e+00	5.715062753929581662e-05
3.162277660168379517e+11	5.500000000000000000e+00	7.245145046482943398e-05
3.981071705534969482e+11	5.500000000000000000e+00	9.226223083959854019e-05
5.011872336272714844e+11	5.500000000000000000e+00	1.183394922594079387e-04
6.309573444801943359e+11	5.500000000000000000e+00	1.535000703624378720e-04
7.943282347242821045e+11	5.500000000000000000e+00	2.036988929963009967e-04
1.000000000000000000e+12	5.500000000000000000e+00	2.366685103828071891e-04
1.260000000000000000e+12	5.500000000000000000e+00	2.548762472898938205e-04
1.580000000000000000e+12	5.500000000000000000e+00	2.969806644465242422e-04
2.000000000000000000e+12	5.500000000000000000e+00	3.579864013266078758e-04
2.510000000000000000e+12	5.500000000000000000e+00	4.384859464509733261e-04
3.160000000000000000e+12	5.500000000000000000e+00	5.424141732889132357e-04
3.980000000000000000e+12	5.500000000000000000e+00	6.721085695715323365e-04
5.010000000000000000e+12	5.500000000000000000e+00	8.376589714265200845e-04
6.310000000000000000e+12	5.500000000000000000e+00	1.052106627734039146e-03
7.940000000000000000e+12	5.500000000000000000e+00	1.324593268569950345e-03
1.000000000000000000e+13	5.500000000000000000e+00	1.674786410174740033e-03
1.260000000000000000e+13	5.500000000000000000e+00	2.128937681661340672e-03
1.580000000000000000e+13	5.500000000000000000e+00	2.686766668173626391e-03
2.000000000000000000e+13	5.500000000000000000e+00	3.416330267215047373e-03
2.510000000000000000e+13	5.500000000000000000e+00	4.281431380706700145e-03
3.160000000000000000e+13	5.500000000000000000e+00	5.281821102679881870e-03
3.980000000000000000e+13	5.500000000000000000e+00	6.289050248716410337e-03
5.010000000000000000e+13	5.500000000000000000e+00	7.213787443874430418e-03
6.310000000000000000e+13	5.500000000000000000e+00	8.077275474047589457e-03
7.940000000000000000e+13	5.500000000000000000e+00	8.941125461363027063e-03
1.000000000000000000e+14	5.500000000000000000e+00	1.003492685167584747e-02
1.260000000000000000e+14	5.500000000000000000e+00	1.168547388410540178e-02
1.580000000000000000e+14	5.500000000000000000e+00	1.423195234459114292e-02
2.000000000000000000e+14	5.500000000000000000e+00	1.810647958956902379e-02
2.510000000000000000e+14	5.500000000000000000e+00	2.307885747808950672e-02
3.160000000000000000e+14	5.500000000000000000e+00	2.867999550639897463e-02
3.980000000000000000e+14	5.500000000000000000e+00	3.395554049369609723e-02
5.010000000000000000e+14	5.500000000000000000e+00	3.747435957869434120e-02
6.310000000000000000e+14	5.500000000000000000e+00	3.828095793623420562e-02
7.940000000000000000e+14	5.500000000000000000e+00	3.642062189626732449e-02
1.000000000000000000e+15	5.500000000000000000e+00	3.151600684347986153e-02
1.260000000000000000e+15	5.500000000000000000e+00	2.447552354500849223e-02
1.580000000000000000e+15	5.500000000000000000e+00	1.655567330195312908e-02
2.000000000000000000e+15	5.500000000000000000e+00	8.215347318384868397e-03
2.510000000000000000e+15	5.500000000000000000e+00	1.864738319902635639e-04
3.160000000000000000e+15	5.500000000000000000e+00	-7.126873362546201109e-03
3.980000000000000000e+15	5.500000000000000000e+00	-1.327154961431526586e-02
5.010000000000000000e+15	5.500000000000000000e+00	-1.807141878529749598e-02
6.310000000000000000e+15	5.500000000000000000e+00	-2.155026819733062496e-02
7.940000000000000000e+15	5.500000000000000000e+00	-2.379509163039979572e-02
1.000000000000000000e+16	5.500000000000000000e+00	-2.498043185421943216e-02
1.260000000000000000e+16	5.500000000000000000e+00	-2.527655306989549239e-02
1.580000000000000000e+16	5.500000000000000000e+00	-2.490144552857845306e-02
2.000000000000000000e+16	5.500000000000000000e+00	-2.394769271653055323e-02
2.510000000000000000e+16	5.500000000000000000e+00	-2.268251894113764572e-02
3.160000000000000000e+16	5.500000000000000000e+00	-2.115274865221370912e-02
3.980000000000000000e+16	5.500000000000000000e+00	-1.948139068345964078e-02
5.010000000000000000e+16	5.500000000000000000e+00	-1.775873112594283584e-02
6.310000000000000000e+16	5.500000000000000000e+00	-1.603807529276793722e-02
7.940000000000000000e+16	5.500000000000000000e+00	-1.437842908489023359e-02
1.000000000000000000e+17	5.500000000000000000e+00	-1.279429085095809375e-02
1.000000000000000000e+11	6.500000000000000000e+00	2.151513178996972489e-05
1.258925411794166107e+11	6.500000000000000000e+00	2.711160148582879374e-05
1.584893192461110840e+11	6.500000000000000000e+00	3.418512898766062566e-05
1.995262314968882751e+11	6.500000000000000000e+00	4.314654136387730714e-05
2.511886431509582214e+11	6.500000000000000000e+00	5.454720264377185758e-05
3.162277660168379517e+11	6.500000000000000000e+00	6.914884645732168413e-05
3.981071705534969482e+11	6.500000000000000000e+00	8.805031215819214335e-05
5.011872336272714844e+11	6.500000000000000000e+00	1.129121979240174320e-04
6.309573444801943359e+11	6.500000000000000000e+00	1.463333075911559520e-04
7.943282347242821045e+11	6.500000000000000000e+00	1.929988520701160677e-04
1.000000000000000000e+12	6.500000000000000000e+00	2.246158200217011805e-04
1.260000000000000000e+12	6.500000000000000000e+00	2.427024245820277068e-04
1.580000000000000000e+12	6.500000000000000000e+00	2.846752329952384128e-04
2.000000000000000000e+12	6.500000000000000000e+00	3.467136641202391749e-04
2.510000000000000000e+12	6.500000000000000000e+00	4.213778964796756105e-04
3.160000000000000000e+12	6.500000000000000000e+00	5.201476554385986786e-04
3.980000000000000000e+12	6.500000000000000000e+00	6.486201867442149610e-04
5.010000000000000000e+12	6.500000000000000000e+00	8.108178505629870395e-04
6.310000000000000000e+12	6.500000000000000000e+00	1.015520243829686701e-03
7.940000000000000000e+12	6.500000000000000000e+00	1.278078564218992691e-03
1.000000000000000000e+13	6.500000000000000000e+00	1.622831348838255951e-03
1.260000000000000000e+13	6.500000000000000000e+00	2.060781694456202857e-03
1.580000000000000000e+13	6.500000000000000000e+00	2.598655101167085622e-03
2.000000000000000000e+13	6.500000000000000000e+00	3.305849671522757133e-03
2.510000000000000000e+13	6.500000000000000000e+00	4.143965783212111807e-03
3.160000000000000000e+13	6.500000000000000000e+00	5.096568253185765861e-03
3.980000000000000000e+13	6.500000000000000000e+00	6.089720051241778037e-03
5.010000000000000000e+13	6.500000000000000000e+00	7.037140270493239674e-03
6.310000000000000000e+13	6.500000000000000000e+00	7.862934432022752884e-03
7.940000000000000000e+13	6.500000000000000000e+00	8.715610642591393661e-03
1.000000000000000000e+14	6.500000000000000000e+00	9.827102253590437597e-03
1.260000000000000000e+14	6.500000000000000000e+00	1.149085441276466099e-02
1.580000000000000000e+14	6.500000000000000000e+00	1.401232355520765950e-02
2.000000000000000000e+14	6.500000000000000000e+00	1.792775487541082083e-02
2.510000000000000000e+14	6.500000000000000000e+00	2.281249379240991512e-02
3.160000000000000000e+14	6.500000000000000000e+00	2.836804269005208448e-02
3.980000000000000000e+14	6.500000000000000000e+00	3.343847063203838482e-02
5.010000000000000000e+14	6.500000000000000000e+00	3.692466007545486262e-02
6.310000000000000000e+14	6.500000000000000000e+00	3.819205721994052560e-02
7.940000000000000000e+14	6.500000000000000000e+00	3.582804129498971812e-02
1.000000000000000000e+15	6.500000000000000000e+00	3.074783767146487337e-02
1.260000000000000000e+15	6.500000000000000000e+00	2.389596713653885027e-02
1.580000000000000000e+15	6.500000000000000000e+00	1.528833170146328031e-02
2.000000000000000000e+15	6.500000000000000000e+00	6.939046613775087975e-03
2.510000000000000000e+15	6.500000000000000000e+00	-3.265832542582986333e-04
3.160000000000000000e+15	6.500000000000000000e+00	-7.274198470802521049e-03
3.980000000000000000e+15	6.500000000000000000e+00	-1.315718758306131698e-02
5.010000000000000000e+15	6.500000000000000000e+00	-1.776386048087386441e-02
6.310000000000000000e+15	6.500000000000000000e+00	-2.110318154377758063e-02
7.940000000000000000e+15	6.500000000000000000e+00	-2.325430322094036023e-02
1.000000000000000000e+16	6.500000000000000000e+00	-2.438189337829837003e-02
1.260000000000000000e+16	6.500000000000000000e+00	-2.465066681300335724e-02
1.580000000000000000e+16	6.500000000000000000e+00	-2.427123517544454295e-02
2.000000000000000000e+16	6.500000000000000000e+00	-2.333176150770151225e-02
2.510000000000000000e+16	6.500000000000000000e+00	-2.209235526932151750e-02
3.160000000000000000e+16	6.500000000000000000e+00	-2.059744270604800184e-02
3.980000000000000000e+16	6.500000000000000000e+00	-1.896635931894372074e-02
5.010000000000000000e+16	6.500000000000000000e+00	-1.728663386621382553e-02
6.310000000000000000e+16	6.500000000000000000e+00	-1.560919354269141822e-02
7.940000000000000000e+16	6.500000000000000000e+00	-1.399300110417470329e-02
1.000000000000000000e+17	6.500000000000000000e+00	-1.245023421970418986e-02
1.000000000000000000e+11	7.500000000000000000e+00	2.034936574714423180e-05
1.258925411794166107e+11	7.500000000000000000e+00	2.564178304485821016e-05
1.584893192461110840e+11	7.500000000000000000e+00	3.233021317503233813e-05
1.995262314968882751e+11	7.500000000000000000e+00	4.080191074551121753e-05
2.511886431509582214e+11	7.500000000000000000e+00	5.157590175309841442e-05
3.162277660168379517e+11	7.500000000000000000e+00	6.536759221393157989e-05
3.981071705534969482e+11	7.500000000000000000e+00	8.320074477896106805e-05
5.011872336272714844e+11	7.500000000000000000e+00	1.066013113938687844e-04
6.309573444801943359e+11	7.500000000000000000e+00	1.378361660342619546e-04
7.943282347242821045e+11	7.500000000000000000e+00	1.795050211098056048e-04
1.000000000000000000e+12	7.500000000000000000e+00	2.097820502907876391e-04
1.260000000000000000e+12	7.500000000000000000e+00	2.311680042013620974e-04
1.580000000000000000e+12	7.500000000000000000e+00	2.730887152485864306e-04
2.000000000000000000e+12	7.500000000000000000e+00	3.330151066199357897e-04
2.510000000000000000e+12	7.500000000000000000e+00	4.080298732629972528e-04
3.160000000000000000e+12	7.500000000000000000e+00	5.069167633934133126e-04
3.980000000000000000e+12	7.500000000000000000e+00	6.305075200300627259e-04
5.010000000000000000e+12	7.500000000000000000e+00	7.866142823215059501e-04
6.310000000000000000e+12	7.500000000000000000e+00	9.861067956027842231e-04
7.940000000000000000e+12	7.500000000000000000e+00	1.244178816860814964e-03
1.000000000000000000e+13	7.500000000000000000e+00	1.579575142013246595e-03
1.260000000000000000e+13	7.500000000000000000e+00	2.005810279577637748e-03
1.580000000000000000e+13	7.500000000000000000e+00	2.529943388925649274e-03
2.000000000000000000e+13	7.500000000000000000e+00	3.211723271042158864e-03
2.510000000000000000e+13	7.500000000000000000e+00	4.031653995365126752e-03
3.160000000000000000e+13	7.500000000000000000e+00	4.976260207403182881e-03
3.980000000000000000e+13	7.500000000000000000e+00	5.959621495106204314e-03
5.010000000000000000e+13	7.500000000000000000e+00	6.861681632920300054e-03
6.310000000000000000e+13	7.500000000000000000e+00	7.719646352761079175e-03
7.940000000000000000e+13	7.500000000000000000e+00	8.640367535346330993e-03
1.000000000000000000e+14	7.500000000000000000e+00	9.818273296894171331e-03
1.260000000000000000e+14	7.500000000000000000e+00	1.157937336033762477e-02
1.580000000000000000e+14	7.500000000000000000e+00	1.418692932902136314e-02
2.000000000000000000e+14	7.500000000000000000e+00	1.825139349385995063e-02
2.510000000000000000e+14	7.500000000000000000e+00	2.331959112440175341e-02
3.160000000000000000e+14	7.500000000000000000e+00	2.910558182381145498e-02
3.980000000000000000e+14	7.500000000000000000e+00	3.465834835967935429e-02
5.010000000000000000e+14	7.500000000000000000e+00	3.812792638908962112e-02
6.310000000000000000e+14	7.500000000000000000e+00	3.904331486172180760e-02
7.940000000000000000e+14	7.500000000000000000e+00	3.736109186731376153e-02
1.000000000000000000e+15	7.500000000000000000e+00	3.259570846645606229e-02
1.260000000000000000e+15	7.500000000000000000e+00	2.704738328350923468e-02
1.580000000000000000e+15	7.500000000000000000e+00	1.985094999647589106e-02
2.000000000000000000e+15	7.500000000000000000e+00	1.000306674856388071e-02
2.510000000000000000e+15	7.500000000000000000e+00	1.166597512423054846e-03
3.160000000000000000e+15	7.500000000000000000e+00	-6.663168578654844222e-03
3.980000000000000000e+15	7.500000000000000000e+00	-1.319207317558030064e-02
5.010000000000000000e+15	7.500000000000000000e+00	-1.827950563039947018e-02
6.310000000000000000e+15	7.500000000000000000e+00	-2.196926204585145440e-02
7.940000000000000000e+15	7.500000000000000000e+00	-2.436105178067372173e-02
1.000000000000000000e+16	7.500000000000000000e+00	-2.564065817651044535e-02
1.260000000000000000e+16	7.500000000000000000e+00	-2.598914614607255452e-02
1.580000000000000000e+16	7.500000000000000000e+00	-2.563363481566803201e-02
2.000000000000000000e+16	7.500000000000000000e+00	-2.467369586102112489e-02
2.510000000000000000e+16	7.500000000000000000e+00	-2.338525624200551295e-02
3.160000000000000000e+16	7.500000000000000000e+00	-2.181957258748161432e-02
3.980000000000000000e+16	7.500000000000000000e+00	-2.010312789721100182e-02
5.010000000000000000e+16	7.500000000000000000e+00	-1.833157561146624148e-02
6.310000000000000000e+16	7.500000000000000000e+00	-1.655957573568251837e-02
7.940000000000000000e+16	7.500000000000000000e+00	-1.484916957224902655e-02
1.000000000000000000e+17	7.500000000000000000e+00	-1.321557115059488786e-02
1.000000000000000000e+11	8.500000000000000000e+00	1.900380790932237296e-05
1.258925411794166107e+11	8.500000000000000000e+00	2.394639430288939206e-05
1.584893192461110840e+11	8.500000000000000000e+00	3.019254215509708681e-05
1.995262314968882751e+11	8.500000000000000000e+00	3.810453771488445931e-05
2.511886431509582214e+11	8.500000000000000000e+00	4.816746619988099466e-05
3.162277660168379517e+11	8.500000000000000000e+00	6.104953666619859992e-05
3.981071705534969482e+11	8.500000000000000000e+00	7.770712722995509367e-05
5.011872336272714844e+11	8.500000000000000000e+00	9.955228794219566572e-05
6.309573444801943359e+11	8.500000000000000000e+00	1.286179670174433397e-04
7.943282347242821045e+11	8.500000000000000000e+00	1.663109598892830744e-04
1.000000000000000000e+12	8.500000000000000000e+00	1.930878396497884893e-04
1.260000000000000000e+12	8.500000000000000000e+00	2.159804342761083762e-04
1.580000000000000000e+12	8.500000000000000000e+00	2.568507533538010902e-04
2.000000000000000000e+12	8.500000000000000000e+00	3.137181629614647373e-04
2.510000000000000000e+12	8.500000000000000000e+00	3.851079889135359505e-04
3.160000000000000000e+12	8.500000000000000000e+00	4.772599990118390253e-04
3.980000000000000000e+12	8.500000000000000000e+00	5.964180334841727178e-04
5.010000000000000000e+12	8.500000000000000000e+00	7.450609344310300287e-04
6.310000000000000000e+12	8.500000000000000000e+00	9.344349268296252460e-04
7.940000000000000000e+12	8.500000000000000000e+00	1.179118857928206825e-03
1.000000000000000000e+13	8.500000000000000000e+00	1.495577799674523752e-03
1.260000000000000000e+13	8.500000000000000000e+00	1.896964512110115497e-03
1.580000000000000000e+13	8.500000000000000000e+00	2.393519210701192373e-03
2.000000000000000000e+13	8.500000000000000000e+00	3.052554312306100977e-03
2.510000000000000000e+13	8.500000000000000000e+00	3.831878861641959538e-03
3.160000000000000000e+13	8.500000000000000000e+00	4.704653496853020145e-03
3.980000000000000000e+13	8.500000000000000000e+00	5.615763816779389093e-03
5.010000000000000000e+13	8.500000000000000000e+00	6.510537263692624428e-03
6.310000000000000000e+13	8.500000000000000000e+00	7.378170509673949613e-03
7.940000000000000000e+13	8.500000000000000000e+00	8.288766422165964876e-03
1.000000000000000000e+14	8.500000000000000000e+00	9.504709806089195467e-03
1.260000000000000000e+14	8.500000000000000000e+00	1.131613739460222458e-02
1.580000000000000000e+14	8.500000000000000000e+00	1.389843770622873481e-02
2.000000000000000000e+14	8.500000000000000000e+00	1.780734265707742056e-02
2.510000000000000000e+14	8.500000000000000000e+00	2.286374966402738781e-02
3.160000000000000000e+14	8.500000000000000000e+00	2.842690519187209344e-02
3.980000000000000000e+14	8.500000000000000000e+00	3.351230443789056379e-02
5.010000000000000000e+14	8.500000000000000000e+00	3.726306230758441584e-02
6.310000000000000000e+14	8.500000000000000000e+00	3.795621514924677614e-02
7.940000000000000000e+14	8.500000000000000000e+00	3.511795521959264893e-02
1.000000000000000000e+15	8.500000000000000000e+00	3.101922143823295994e-02
1.260000000000000000e+15	8.500000000000000000e+00	2.491294873401692089e-02
1.580000000000000000e+15	8.500000000000000000e+00	1.566716142002820555e-02
2.000000000000000000e+15	8.500000000000000000e+00	6.971850844646298138e-03
2.510000000000000000e+15	8.500000000000000000e+00	-1.813056743140257728e-04
3.160000000000000000e+15	8.500000000000000000e+00	-7.102630451268424940e-03
3.980000000000000000e+15	8.500000000000000000e+00	-1.296735563604646362e-02
5.010000000000000000e+15	8.500000000000000000e+00	-1.756091092415626095e-02
6.310000000000000000e+15	8.500000000000000000e+00	-2.089235445640179670e-02
7.940000000000000000e+15	8.500000000000000000e+00	-2.304073822894963514e-02
1.000000000000000000e+16	8.500000000000000000e+00	-2.417035143053378535e-02
1.260000000000000000e+16	8.500000000000000000e+00	-2.444518600239655587e-02
1.580000000000000000e+16	8.500000000000000000e+00	-2.407465569978821732e-02
2.000000000000000000e+16	8.500000000000000000e+00	-2.314699468226026971e-02
2.510000000000000000e+16	8.500000000000000000e+00	-2.192028393791079985e-02
3.160000000000000000e+16	8.500000000000000000e+00	-2.043912425934901744e-02
3.980000000000000000e+16	8.500000000000000000e+00	-1.882216021178676271e-02
5.010000000000000000e+16	8.500000000000000000e+00	-1.715632325830847293e-02
6.310000000000000000e+16	8.500000000000000000e+00	-1.549293690435001904e-02
7.940000000000000000e+16	8.500000000000000000e+00	-1.388889414229844618e-02
1.000000000000000000e+17	8.500000000000000000e+00	-1.235807586893775990e-02
1.000000000000000000e+11	9.500000000000000000e+00	1.785413649665779320e-05
1.258925411794166107e+11	9.500000000000000000e+00	2.249762566947109539e-05
1.584893192461110840e+11	9.500000000000000000e+00	2.836634337271210906e-05
1.995262314968882751e+11	9.500000000000000000e+00	3.580074963405930456e-05
2.511886431509582214e+11	9.500000000000000000e+00	4.525690585174250194e-05
3.162277660168379517e+11	9.500000000000000000e+00	5.736230064785513311e-05
3.981071705534969482e+11	9.500000000000000000e+00	7.302201022070331862e-05
5.011872336272714844e+11	9.500000000000000000e+00	9.354870477705670804e-05
6.309573444801943359e+11	9.500000000000000000e+00	1.207820875701714477e-04
7.943282347242821045e+11	9.500000000000000000e+00	1.550273799301916011e-04
1.000000000000000000e+12	9.500000000000000000e+00	1.799391874189395796e-04
1.260000000000000000e+12	9.500000000000000000e+00	2.029602327205706465e-04
1.580000000000000000e+12	9.500000000000000000e+00	2.418119286325565458e-04
2.000000000000000000e+12	9.500000000000000000e+00	2.944706749896940936e-04
2.510000000000000000e+12	9.500000000000000000e+00	3.637983383884709735e-04
3.160000000000000000e+12	9.500000000000000000e+00	4.520574693285528672e-04
3.980000000000000000e+12	9.500000000000000000e+00	5.639246784345600940e-04
5.010000000000000000e+12	9.500000000000000000e+00	7.061644211446751335e-04
6.310000000000000000e+12	9.500000000000000000e+00	8.888135367670164846e-04
7.940000000000000000e+12	9.500000000000000000e+00	1.122983386586501450e-03
1.000000000000000000e+13	9.500000000000000000e+00	1.422093514833959026e-03
1.260000000000000000e+13	9.500000000000000000e+00	1.805414009145225570e-03
1.580000000000000000e+13	9.500000000000000000e+00	2.278558281431847850e-03
2.000000000000000000e+13	9.500000000000000000e+00	2.891121638493119456e-03
2.510000000000000000e+13	9.500000000000000000e+00	3.635024702194972895e-03
3.160000000000000000e+13	9.500000000000000000e+00	4.517875969044153270e-03
3.980000000000000000e+13	9.500000000000000000e+00	5.421603834021984820e-03
5.010000000000000000e+13	9.500000000000000000e+00	6.287718672885352772e-03
6.310000000000000000e+13	9.500000000000000000e+00	7.134048737518924009e-03
7.940000000000000000e+13	9.500000000000000000e+00	8.057554075364320445e-03
1.000000000000000000e+14	9.500000000000000000e+00	9.252987709400082791e-03
1.260000000000000000e+14	9.500000000000000000e+00	1.108664977915738148e-02
1.580000000000000000e+14	9.500000000000000000e+00	1.393020157550492293e-02
2.000000000000000000e+14	9.500000000000000000e+00	1.802913069852814937e-02
2.510000000000000000e+14	9.500000000000000000e+00	2.311355832551708830e-02
3.160000000000000000e+14	9.500000000000000000e+00	2.888965811434019218e-02
3.980000000000000000e+14	9.500000000000000000e+00	3.399696219863963809e-02
5.010000000000000000e+14	9.500000000000000000e+00	3.745158430200437594e-02
6.310000000000000000e+14	9.500000000000000000e+00	3.841245490516661393e-02
7.940000000000000000e+14	9.500000000000000000e+00	3.668187692774543818e-02
1.000000000000000000e+15	9.500000000000000000e+00	3.055555006846050192e-02
1.260000000000000000e+15	9.500000000000000000e+00	2.109144506257290205e-02
1.580000000000000000e+15	9.500000000000000000e+00	1.486246496645518556e-02
2.000000000000000000e+15	9.500000000000000000e+00	8.892251590704685141e-03
2.510000000000000000e+15	9.500000000000000000e+00	4.153663419402765702e-04
3.160000000000000000e+15	9.500000000000000000e+00	-6.757720478209245686e-03
3.980000000000000000e+15	9.500000000000000000e+00	-1.273447646844090911e-02
5.010000000000000000e+15	9.500000000000000000e+00	-1.739231244158085873e-02
6.310000000000000000e+15	9.500000000000000000e+00	-2.076568198433032322e-02
7.940000000000000000e+15	9.500000000000000000e+00	-2.294301404209640044e-02
1.000000000000000000e+16	9.500000000000000000e+00	-2.409463490438942118e-02
1.260000000000000000e+16	9.500000000000000000e+00	-2.438583439856888135e-02
1.580000000000000000e+16	9.500000000000000000e+00	-2.402771896501669155e-02
2.000000000000000000e+16	9.500000000000000000e+00	-2.311010319583816155e-02
2.510000000000000000e+16	9.500000000000000000e+00	-2.189097307365631476e-02
3.160000000000000000e+16	9.500000000000000000e+00	-2.041575378859859791e-02
3.980000000000000000e+16	9.500000000000000000e+00	-1.880373870890015078e-02
5.010000000000000000e+16	9.500000000000000000e+00	-1.714167141091666943e-02
6.310000000000000000e+16	9.500000000000000000e+00	-1.548133589974819493e-02
7.940000000000000000e+16	9.500000000000000000e+00	-1.387967091128598611e-02
1.000000000000000000e+17	9.500000000000000000e+00	-1.235076646232621984e-02
1.000000000000000000e+11	1.100000000000000000e+01	1.636009787804711748e-05
1.258925411794166107e+11	1.100000000000000000e+01	2.062722132441569445e-05
1.584893192461110840e+11	1.100000000000000000e+01	2.598958197953927550e-05
1.995262314968882751e+11	1.100000000000000000e+01	3.279804829333739420e-05
2.511886431509582214e+11	1.100000000000000000e+01	4.145246759126737762e-05
3.162277660168379517e+11	1.100000000000000000e+01	5.252564038074853341e-05
3.981071705534969482e+11	1.100000000000000000e+01	6.682467035277907372e-05
5.011872336272714844e+11	1.100000000000000000e+01	8.549964226274669153e-05
6.309573444801943359e+11	1.100000000000000000e+01	1.099824901253637345e-04
7.943282347242821045e+11	1.100000000000000000e+01	1.380246775854893906e-04
1.000000000000000000e+12	1.100000000000000000e+01	1.617443379311981765e-04
1.260000000000000000e+12	1.100000000000000000e+01	1.872161308233512343e-04
1.580000000000000000e+12	1.100000000000000000e+01	2.259011222592415805e-04
2.000000000000000000e+12	1.100000000000000000e+01	2.798307961598130536e-04
2.510000000000000000e+12	1.100000000000000000e+01	3.448218899174076524e-04
3.160000000000000000e+12	1.100000000000000000e+01	4.298858480182606153e-04
3.980000000000000000e+12	1.100000000000000000e+01	5.373778707057118645e-04
5.010000000000000000e+12	1.100000000000000000e+01	6.730178767366504396e-04
6.310000000000000000e+12	1.100000000000000000e+01	8.474911973843017414e-04
7.940000000000000000e+12	1.100000000000000000e+01	1.068549341232495837e-03
1.000000000000000000e+13	1.100000000000000000e+01	1.354498366391995506e-03
1.260000000000000000e+13	1.100000000000000000e+01	1.720398050600968664e-03
1.580000000000000000e+13	1.100000000000000000e+01	2.172150514084307104e-03
2.000000000000000000e+13	1.100000000000000000e+01	2.767154129744938285e-03
2.510000000000000000e+13	1.100000000000000000e+01	3.461574919061309076e-03
3.160000000000000000e+13	1.100000000000000000e+01	4.271828799000193348e-03
3.980000000000000000e+13	1.100000000000000000e+01	5.150327449055511209e-03
5.010000000000000000e+13	1.100000000000000000e+01	6.024049935187107511e-03
6.310000000000000000e+13	1.100000000000000000e+01	6.922908748633309177e-03
7.940000000000000000e+13	1.100000000000000000e+01	7.970485463473259147e-03
1.000000000000000000e+14	1.100000000000000000e+01	9.361505254355230454e-03
1.260000000000000000e+14	1.100000000000000000e+01	1.130548498842348822e-02
1.580000000000000000e+14	1.100000000000000000e+01	1.405706116829825818e-02
2.000000000000000000e+14	1.100000000000000000e+01	1.821859821827101836e-02
2.510000000000000000e+14	1.100000000000000000e+01	2.337835768571374859e-02
3.160000000000000000e+14	1.100000000000000000e+01	2.916881130327698968e-02
3.980000000000000000e+14	1.100000000000000000e+01	3.455466818034855919e-02
5.010000000000000000e+14	1.100000000000000000e+01	3.810587966782680303e-02
6.310000000000000000e+14	1.100000000000000000e+01	3.928982907111441825e-02
7.940000000000000000e+14	1.100000000000000000e+01	3.720170697587520114e-02
1.000000000000000000e+15	1.100000000000000000e+01	3.223673481275879382e-02
1.260000000000000000e+15	1.100000000000000000e+01	2.570608876713319224e-02
1.580000000000000000e+15	1.100000000000000000e+01	1.781978777489238649e-02
2.000000000000000000e+15	1.100000000000000000e+01	9.196111233198705007e-03
2.510000000000000000e+15	1.100000000000000000e+01	8.212466086230156776e-04
3.160000000000000000e+15	1.100000000000000000e+01	-6.656046279651278361e-03
3.980000000000000000e+15	1.100000000000000000e+01	-1.291091636719080872e-02
5.010000000000000000e+15	1.100000000000000000e+01	-1.779000205548057073e-02
6.310000000000000000e+15	1.100000000000000000e+01	-2.133001765950012438e-02
7.940000000000000000e+15	1.100000000000000000e+01	-2.362138072767932737e-02
1.000000000000000000e+16	1.100000000000000000e+01	-2.484313712750093814e-02
1.260000000000000000e+16	1.100000000000000000e+01	-2.516787539088617687e-02
1.580000000000000000e+16	1.100000000000000000e+01	-2.481496213549917382e-02
2.000000000000000000e+16	1.100000000000000000e+01	-2.387944431196160205e-02
2.510000000000000000e+16	1.100000000000000000e+01	-2.262815089263117696e-02
3.160000000000000000e+16	1.100000000000000000e+01	-2.110960310756045122e-02
3.980000000000000000e+16	1.100000000000000000e+01	-1.944713008417778624e-02
5.010000000000000000e+16	1.100000000000000000e+01	-1.773153853539901487e-02
6.310000000000000000e+16	1.100000000000000000e+01	-1.601647449211265548e-02
7.940000000000000000e+16	1.100000000000000000e+01	-1.436080949675079370e-02
1.000000000000000000e+17	1.100000000000000000e+01	-1.278065226958495504e-02
1.000000000000000000e+11	1.300000000000000000e+01	1.436997742312226964e-05
1.258925411794166107e+11	1.300000000000000000e+01	1.810639799451097359e-05
1.584893192461110840e+11	1.300000000000000000e+01	2.282786974194366737e-05
1.995262314968882751e+11	1.300000000000000000e+01	2.880714899923792928e-05
2.511886431509582214e+11	1.300000000000000000e+01	3.640957023268900618e-05
3.162277660168379517e+11	1.300000000000000000e+01	4.613583846731351523e-05
3.981071705534969482e+11	1.300000000000000000e+01	5.869000635950503362e-05
5.011872336272714844e+11	1.300000000000000000e+01	7.505080186169284381e-05
6.309573444801943359e+11	1.300000000000000000e+01	9.627308522422300138e-05
7.943282347242821045e+11	1.300000000000000000e+01	1.179729979725006737e-04
1.000000000000000000e+12	1.300000000000000000e+01	1.386353194546379711e-04
1.260000000000000000e+12	1.300000000000000000e+01	1.651577814508129718e-04
1.580000000000000000e+12	1.300000000000000000e+01	2.006566654391879760e-04
2.000000000000000000e+12	1.300000000000000000e+01	2.505456429494927126e-04
2.510000000000000000e+12	1.300000000000000000e+01	3.116816581038159219e-04
3.160000000000000000e+12	1.300000000000000000e+01	3.881329074227846620e-04
3.980000000000000000e+12	1.300000000000000000e+01	4.859197183015586080e-04
5.010000000000000000e+12	1.300000000000000000e+01	6.104978094246642228e-04
6.310000000000000000e+12	1.300000000000000000e+01	7.685011573318042619e-04
7.940000000000000000e+12	1.300000000000000000e+01	9.687549286567277446e-04
1.000000000000000000e+13	1.300000000000000000e+01	1.227447738430458924e-03
1.260000000000000000e+13	1.300000000000000000e+01	1.558962467105106655e-03
1.580000000000000000e+13	1.300000000000000000e+01	1.962781623173632736e-03
2.000000000000000000e+13	1.300000000000000000e+01	2.496586100410829248e-03
2.510000000000000000e+13	1.300000000000000000e+01	3.139086264242816997e-03
3.160000000000000000e+13	1.300000000000000000e+01	3.892257881453713934e-03
3.980000000000000000e+13	1.300000000000000000e+01	4.706815418905001443e-03
5.010000000000000000e+13	1.300000000000000000e+01	5.565112730737883928e-03
6.310000000000000000e+13	1.300000000000000000e+01	6.526175995576309272e-03
7.940000000000000000e+13	1.300000000000000000e+01	7.566750832296512651e-03
1.000000000000000000e+14	1.300000000000000000e+01	8.918117566269414750e-03
1.260000000000000000e+14	1.300000000000000000e+01	1.103861000408266207e-02
1.580000000000000000e+14	1.300000000000000000e+01	1.407661979265111864e-02
2.000000000000000000e+14	1.300000000000000000e+01	1.829990254545829295e-02
2.510000000000000000e+14	1.300000000000000000e+01	2.354822551916057466e-02
3.160000000000000000e+14	1.300000000000000000e+01	2.953497977824266416e-02
3.980000000000000000e+14	1.300000000000000000e+01	3.498081552712777736e-02
5.010000000000000000e+14	1.300000000000000000e+01	3.896318875326415521e-02
6.310000000000000000e+14	1.300000000000000000e+01	3.955021094766519169e-02
7.940000000000000000e+14	1.300000000000000000e+01	3.723936347633059057e-02
1.000000000000000000e+15	1.300000000000000000e+01	3.298279400154501689e-02
1.260000000000000000e+15	1.300000000000000000e+01	2.606084803635486113e-02
1.580000000000000000e+15	1.300000000000000000e+01	1.806928114349253336e-02
2.000000000000000000e+15	1.300000000000000000e+01	9.381391125722730179e-03
2.510000000000000000e+15	1.300000000000000000e+01	9.639622991705917941e-04
3.160000000000000000e+15	1.300000000000000000e+01	-6.544624760504377976e-03
3.980000000000000000e+15	1.300000000000000000e+01	-1.282346636008193166e-02
5.010000000000000000e+15	1.300000000000000000e+01	-1.772158968047310088e-02
6.310000000000000000e+15	1.300000000000000000e+01	-2.127547851353377498e-02
7.940000000000000000e+15	1.300000000000000000e+01	-2.357815623587955142e-02
1.000000000000000000e+16	1.300000000000000000e+01	-2.480887743527200595e-02
1.260000000000000000e+16	1.300000000000000000e+01	-2.514069129616004067e-02
1.580000000000000000e+16	1.300000000000000000e+01	-2.479330551331219989e-02
2.000000000000000000e+16	1.300000000000000000e+01	-2.386234708203975596e-02
2.510000000000000000e+16	1.300000000000000000e+01	-2.261454215789299518e-02
3.160000000000000000e+16	1.300000000000000000e+01	-2.109878661881840062e-02
3.980000000000000000e+16	1.300000000000000000e+01	-1.943856880241135940e-02
5.010000000000000000e+16	1.300000000000000000e+01	-1.772470527349433514e-02
6.310000000000000000e+16	1.300000000000000000e+01	-1.601107286277628564e-02
7.940000000000000000e+16	1.300000000000000000e+01	-1.435697344112425201e-02
1.000000000000000000e+17	1.300000000000000000e+01	-1.277724164452573655e-02
1.000000000000000000e+11	1.500000000000000000e+01	1.291135388099428893e-05
1.258925411794166107e+11	1.500000000000000000e+01	1.626854047424243548e-05
1.584893192461110840e+11	1.500000000000000000e+01	2.051033182437001553e-05
1.995262314968882751e+11	1.500000000000000000e+01	2.588238671327320722e-05
2.511886431509582214e+11	1.500000000000000000e+01	3.271281927034611824e-05
3.162277660168379517e+11	1.500000000000000000e+01	4.145128943899721770e-05
3.981071705534969482e+11	1.500000000000000000e+01	5.272561391087183272e-05
5.011872336272714844e+11	1.500000000000000000e+01	6.738700525914347310e-05
6.309573444801943359e+11	1.500000000000000000e+01	8.621335397905270355e-05
7.943282347242821045e+11	1.500000000000000000e+01	1.032085023623551434e-04
1.000000000000000000e+12	1.500000000000000000e+01	1.217061970520196429e-04
1.260000000000000000e+12	1.500000000000000000e+01	1.491260079330248916e-04
1.580000000000000000e+12	1.500000000000000000e+01	1.827046086277530723e-04
2.000000000000000000e+12	1.500000000000000000e+01	2.286771883228198962e-04
2.510000000000000000e+12	1.500000000000000000e+01	2.858714345648710005e-04
3.160000000000000000e+12	1.500000000000000000e+01	3.582600553148154472e-04
3.980000000000000000e+12	1.500000000000000000e+01	4.496104136106834361e-04
5.010000000000000000e+12	1.500000000000000000e+01	5.655452126352380647e-04
6.310000000000000000e+12	1.500000000000000000e+01	7.116775080104467211e-04
7.940000000000000000e+12	1.500000000000000000e+01	8.981842138893005902e-04
1.000000000000000000e+13	1.500000000000000000e+01	1.137325025894620660e-03
1.260000000000000000e+13	1.500000000000000000e+01	1.440238473665133093e-03
1.580000000000000000e+13	1.500000000000000000e+01	1.817022883335859271e-03
2.000000000000000000e+13	1.500000000000000000e+01	2.299405953048692507e-03
2.510000000000000000e+13	1.500000000000000000e+01	2.880244657984803048e-03
3.160000000000000000e+13	1.500000000000000000e+01	3.582255388175613949e-03
3.980000000000000000e+13	1.500000000000000000e+01	4.356791312575610843e-03
5.010000000000000000e+13	1.500000000000000000e+01	5.210708170658160873e-03
6.310000000000000000e+13	1.500000000000000000e+01	6.174035111496246724e-03
7.940000000000000000e+13	1.500000000000000000e+01	7.363757373432476203e-03
1.000000000000000000e+14	1.500000000000000000e+01	8.935737306160240409e-03
1.260000000000000000e+14	1.500000000000000000e+01	1.101410694676820644e-02
1.580000000000000000e+14	1.500000000000000000e+01	1.385272902814591901e-02
2.000000000000000000e+14	1.500000000000000000e+01	1.809447789756219935e-02
2.510000000000000000e+14	1.500000000000000000e+01	2.337817087828825136e-02
3.160000000000000000e+14	1.500000000000000000e+01	2.917801417606135858e-02
3.980000000000000000e+14	1.500000000000000000e+01	3.445048079076343250e-02
5.010000000000000000e+14	1.500000000000000000e+01	3.748840207214664683e-02
6.310000000000000000e+14	1.500000000000000000e+01	3.910275944773763251e-02
7.940000000000000000e+14	1.500000000000000000e+01	3.818930784979140264e-02
1.000000000000000000e+15	1.500000000000000000e+01	3.274337904381911801e-02
1.260000000000000000e+15	1.500000000000000000e+01	2.524044432162703480e-02
1.580000000000000000e+15	1.500000000000000000e+01	1.615189606283767842e-02
2.000000000000000000e+15	1.500000000000000000e+01	7.370479389569506955e-03
2.510000000000000000e+15	1.500000000000000000e+01	1.385652950433351942e-04
3.160000000000000000e+15	1.500000000000000000e+01	-6.848294274532920264e-03
3.980000000000000000e+15	1.500000000000000000e+01	-1.276550400997999296e-02
5.010000000000000000e+15	1.500000000000000000e+01	-1.740064001900876872e-02
6.310000000000000000e+15	1.500000000000000000e+01	-2.076516743767067852e-02
7.940000000000000000e+15	1.500000000000000000e+01	-2.293970141608754620e-02
1.000000000000000000e+16	1.500000000000000000e+01	-2.409013977417088712e-02
1.260000000000000000e+16	1.500000000000000000e+01	-2.438153086096667144e-02
1.580000000000000000e+16	1.500000000000000000e+01	-2.402390180067783682e-02
2.000000000000000000e+16	1.500000000000000000e+01	-2.310689351371868552e-02
2.510000000000000000e+16	1.500000000000000000e+01	-2.188831745635123546e-02
3.160000000000000000e+16	1.500000000000000000e+01	-2.041377274938410355e-02
3.980000000000000000e+16	1.500000000000000000e+01	-1.880198679802954839e-02
5.010000000000000000e+16	1.500000000000000000e+01	-1.714038303032676056e-02
6.310000000000000000e+16	1.500000000000000000e+01	-1.548025688241233891e-02
7.940000000000000000e+16	1.500000000000000000e+01	-1.387879009206041334e-02
1.000000000000000000e+17	1.500000000000000000e+01	-1.235007826915139433e-02
1.000000000000000000e+11	1.700000000000000000e+01	1.179175136826620562e-05
1.258925411794166107e+11	1.700000000000000000e+01	1.485753228111478582e-05
1.584893192461110840e+11	1.700000000000000000e+01	1.873163329029923366e-05
1.995262314968882751e+11	1.700000000000000000e+01	2.363805739269038894e-05
2.511886431509582214e+11	1.700000000000000000e+01	2.987681697780965258e-05
3.162277660168379517e+11	1.700000000000000000e+01	3.785835062422748972e-05
3.981071705534969482e+11	1.700000000000000000e+01	4.815379115219872383e-05
5.011872336272714844e+11	1.700000000000000000e+01	6.151907186415361687e-05
6.309573444801943359e+11	1.700000000000000000e+01	7.852659727120416076e-05
7.943282347242821045e+11	1.700000000000000000e+01	9.206189094054562138e-05
1.000000000000000000e+12	1.700000000000000000e+01	1.082262036597443188e-04
1.260000000000000000e+12	1.700000000000000000e+01	1.370081807182133569e-04
1.580000000000000000e+12	1.700000000000000000e+01	1.703586041194966264e-04
2.000000000000000000e+12	1.700000000000000000e+01	2.136041688381249554e-04
2.510000000000000000e+12	1.700000000000000000e+01	2.661743942045261078e-04
3.160000000000000000e+12	1.700000000000000000e+01	3.324802809743351221e-04
3.980000000000000000e+12	1.700000000000000000e+01	4.182389829127870534e-04
5.010000000000000000e+12	1.700000000000000000e+01	5.256550878116765307e-04
6.310000000000000000e+12	1.700000000000000000e+01	6.617301462090826236e-04
7.940000000000000000e+12	1.700000000000000000e+01	8.351938270014633205e-04
1.000000000000000000e+13	1.700000000000000000e+01	1.058485549128235356e-03
1.260000000000000000e+13	1.700000000000000000e+01	1.340779806716586604e-03
1.580000000000000000e+13	1.700000000000000000e+01	1.686576410056037480e-03
2.000000000000000000e+13	1.700000000000000000e+01	2.140200655448055295e-03
2.510000000000000000e+13	1.700000000000000000e+01	2.678246820958072368e-03
3.160000000000000000e+13	1.700000000000000000e+01	3.335055231474570812e-03
3.980000000000000000e+13	1.700000000000000000e+01	4.092822622643162156e-03
5.010000000000000000e+13	1.700000000000000000e+01	4.904466621567400535e-03
6.310000000000000000e+13	1.700000000000000000e+01	5.851529153611083334e-03
7.940000000000000000e+13	1.700000000000000000e+01	7.126085341175232048e-03
1.000000000000000000e+14	1.700000000000000000e+01	8.740242834697474830e-03
1.260000000000000000e+14	1.700000000000000000e+01	1.093315881223357218e-02
1.580000000000000000e+14	1.700000000000000000e+01	1.407232120977024853e-02
2.000000000000000000e+14	1.700000000000000000e+01	1.851230125689200257e-02
2.510000000000000000e+14	1.700000000000000000e+01	2.371187612556108562e-02
3.160000000000000000e+14	1.700000000000000000e+01	2.954815432427959979e-02
3.980000000000000000e+14	1.700000000000000000e+01	3.498940971290361024e-02
5.010000000000000000e+14	1.700000000000000000e+01	3.872744736114855368e-02
6.310000000000000000e+14	1.700000000000000000e+01	3.931434879418482797e-02
7.940000000000000000e+14	1.700000000000000000e+01	3.623513560600315903e-02
1.000000000000000000e+15	1.700000000000000000e+01	3.181951563491387108e-02
1.260000000000000000e+15	1.700000000000000000e+01	2.632118782143428454e-02
1.580000000000000000e+15	1.700000000000000000e+01	1.970121706063587136e-02
2.000000000000000000e+15	1.700000000000000000e+01	1.131690515868386156e-02
2.510000000000000000e+15	1.700000000000000000e+01	1.926766231374038747e-03
3.160000000000000000e+15	1.700000000000000000e+01	-5.886035904563202519e-03
3.980000000000000000e+15	1.700000000000000000e+01	-1.233908317390505077e-02
5.010000000000000000e+15	1.700000000000000000e+01	-1.735308245257094484e-02
6.310000000000000000e+15	1.700000000000000000e+01	-2.099030850359942871e-02
7.940000000000000000e+15	1.700000000000000000e+01	-2.335504449578750669e-02
1.000000000000000000e+16	1.700000000000000000e+01	-2.463343215660545107e-02
1.260000000000000000e+16	1.700000000000000000e+01	-2.500230512665890109e-02
1.580000000000000000e+16	1.700000000000000000e+01	-2.468334515614496391e-02
2.000000000000000000e+16	1.700000000000000000e+01	-2.377567524626335305e-02
2.510000000000000000e+16	1.700000000000000000e+01	-2.254559912628757712e-02
3.160000000000000000e+16	1.700000000000000000e+01	-2.104405791060299721e-02
3.980000000000000000e+16	1.700000000000000000e+01	-1.939515190878192755e-02
5.010000000000000000e+16	1.700000000000000000e+01	-1.769024696648928419e-02
6.310000000000000000e+16	1.700000000000000000e+01	-1.598369066901409938e-02
7.940000000000000000e+16	1.700000000000000000e+01	-1.433521346172693389e-02
1.000000000000000000e+17	1.700000000000000000e+01	-1.275996981495382092e-02
1.000000000000000000e+11	1.900000000000000000e+01	1.125024301216207218e-05
1.258925411794166107e+11	1.900000000000000000e+01	1.417518058566103258e-05
1.584893192461110840e+11	1.900000000000000000e+01	1.787117845302352948e-05
1.995262314968882751e+11	1.900000000000000000e+01	2.255203802089061161e-05
2.511886431509582214e+11	1.900000000000000000e+01	2.850378148629445716e-05
3.162277660168379517e+11	1.900000000000000000e+01	3.611786032974886163e-05
3.981071705534969482e+11	1.900000000000000000e+01	4.593679205821988990e-05
5.011872336272714844e+11	1.900000000000000000e+01	5.866865196889090397e-05
6.309573444801943359e+11	1.900000000000000000e+01	7.478328335948411629e-05
7.943282347242821045e+11	1.900000000000000000e+01	8.661196230860258285e-05
1.000000000000000000e+12	1.900000000000000000e+01	1.018017942005798907e-04
1.260000000000000000e+12	1.900000000000000000e+01	1.300569354737203000e-04
1.580000000000000000e+12	1.900000000000000000e+01	1.634078314675511034e-04
2.000000000000000000e+12	1.900000000000000000e+01	2.053903482290733273e-04
2.510000000000000000e+12	1.900000000000000000e+01	2.570720417540642982e-04
3.160000000000000000e+12	1.900000000000000000e+01	3.247547001256083279e-04
3.980000000000000000e+12	1.900000000000000000e+01	4.071190439744940253e-04
5.010000000000000000e+12	1.900000000000000000e+01	5.111884926788082175e-04
6.310000000000000000e+12	1.900000000000000000e+01	6.434262902716465652e-04
7.940000000000000000e+12	1.900000000000000000e+01	8.114552588014453238e-04
1.000000000000000000e+13	1.900000000000000000e+01	1.026048751024418761e-03
1.260000000000000000e+13	1.900000000000000000e+01	1.298455612841835664e-03
1.580000000000000000e+13	1.900000000000000000e+01	1.635283175603741363e-03
2.000000000000000000e+13	1.900000000000000000e+01	2.080272797878736368e-03
2.510000000000000000e+13	1.900000000000000000e+01	2.601539994979847146e-03
3.160000000000000000e+13	1.900000000000000000e+01	3.226748113109896652e-03
3.980000000000000000e+13	1.900000000000000000e+01	3.983801737759229064e-03
5.010000000000000000e+13	1.900000000000000000e+01	4.858605658278252436e-03
6.310000000000000000e+13	1.900000000000000000e+01	5.874469333590015205e-03
7.940000000000000000e+13	1.900000000000000000e+01	7.058586609841768604e-03
1.000000000000000000e+14	1.900000000000000000e+01	8.638657990584368979e-03
1.260000000000000000e+14	1.900000000000000000e+01	1.101127030066259040e-02
1.580000000000000000e+14	1.900000000000000000e+01	1.410432778766190602e-02
2.000000000000000000e+14	1.900000000000000000e+01	1.842225008702029140e-02
2.510000000000000000e+14	1.900000000000000000e+01	2.391993303654526420e-02
3.160000000000000000e+14	1.900000000000000000e+01	2.989822001558108469e-02
3.980000000000000000e+14	1.900000000000000000e+01	3.543297250895999229e-02
5.010000000000000000e+14	1.900000000000000000e+01	3.912036511234321529e-02
6.310000000000000000e+14	1.900000000000000000e+01	3.952444195760698720e-02
7.940000000000000000e+14	1.900000000000000000e+01	3.729411307531561165e-02
1.000000000000000000e+15	1.900000000000000000e+01	3.251606516229774146e-02
1.260000000000000000e+15	1.900000000000000000e+01	2.512697603468871596e-02
1.580000000000000000e+15	1.900000000000000000e+01	1.608311248842646604e-02
2.000000000000000000e+15	1.900000000000000000e+01	7.325147094869104494e-03
2.510000000000000000e+15	1.900000000000000000e+01	1.062632668023044745e-04
3.160000000000000000e+15	1.900000000000000000e+01	-6.872151376028293526e-03
3.980000000000000000e+15	1.900000000000000000e+01	-1.278357764242527353e-02
5.010000000000000000e+15	1.900000000000000000e+01	-1.741458015005992871e-02
6.310000000000000000e+15	1.900000000000000000e+01	-2.077603203234240289e-02
7.940000000000000000e+15	1.900000000000000000e+01	-2.294785930857243597e-02
1.000000000000000000e+16	1.900000000000000000e+01	-2.409685925192540587e-02
1.260000000000000000e+16	1.900000000000000000e+01	-2.438684668896625232e-02
1.580000000000000000e+16	1.900000000000000000e+01	-2.402811760992885556e-02
2.000000000000000000e+16	1.900000000000000000e+01	-2.311022023204357609e-02
2.510000000000000000e+16	1.900000000000000000e+01	-2.189098249123538897e-02
3.160000000000000000e+16	1.900000000000000000e+01	-2.041585107800370294e-02
3.980000000000000000e+16	1.900000000000000000e+01	-1.880368609297145346e-02
5.010000000000000000e+16	1.900000000000000000e+01	-1.714162306864819296e-02
6.310000000000000000e+16	1.900000000000000000e+01	-1.548130431654743538e-02
7.940000000000000000e+16	1.900000000000000000e+01	-1.387962075270447217e-02
1.000000000000000000e+17	1.900000000000000000e+01	-1.235072458865363321e-02
1.000000000000000000e+11	2.100000000000000000e+01	1.051935014765545879e-05
1.258925411794166107e+11	2.100000000000000000e+01	1.325441200484666578e-05
1.584893192461110840e+11	2.100000000000000000e+01	1.671082377354521806e-05
1.995262314968882751e+11	2.100000000000000000e+01	2.108872629470342114e-05
2.511886431509582214e+11	2.100000000000000000e+01	2.665657229888466744e-05
3.162277660168379517e+11	2.100000000000000000e+01	3.378135809901413315e-05
3.981071705534969482e+11	2.100000000000000000e+01	4.297264715177771734e-05
5.011872336272714844e+11	2.100000000000000000e+01	5.488347761718931800e-05
6.309573444801943359e+11	2.100000000000000000e+01	6.987660430307995429e-05
7.943282347242821045e+11	2.100000000000000000e+01	7.972270314865839182e-05
1.000000000000000000e+12	2.100000000000000000e+01	9.366124013868246806e-05
1.260000000000000000e+12	2.100000000000000000e+01	1.215088522851321610e-04
1.580000000000000000e+12	2.100000000000000000e+01	1.529370029537269876e-04
2.000000000000000000e+12	2.100000000000000000e+01	1.949379769297244071e-04
2.510000000000000000e+12	2.100000000000000000e+01	2.429167907285893259e-04
3.160000000000000000e+12	2.100000000000000000e+01	3.053920691156170714e-04
3.980000000000000000e+12	2.100000000000000000e+01	3.854848373890716693e-04
5.010000000000000000e+12	2.100000000000000000e+01	4.850002718388004099e-04
6.310000000000000000e+12	2.100000000000000000e+01	6.113937295430970547e-04
7.940000000000000000e+12	2.100000000000000000e+01	7.693670122978381711e-04
1.000000000000000000e+13	2.100000000000000000e+01	9.722497376633526100e-04
1.260000000000000000e+13	2.100000000000000000e+01	1.229409721055858785e-03
1.580000000000000000e+13	2.100000000000000000e+01	1.544182181830495819e-03
2.000000000000000000e+13	2.100000000000000000e+01	1.963361604852090995e-03
2.510000000000000000e+13	2.100000000000000000e+01	2.461630860842233242e-03
3.160000000000000000e+13	2.100000000000000000e+01	3.072468196704778408e-03
3.980000000000000000e+13	2.100000000000000000e+01	3.790095707134673569e-03
5.010000000000000000e+13	2.100000000000000000e+01	4.610789414423148262e-03
6.310000000000000000e+13	2.100000000000000000e+01	5.594869906937764183e-03
7.940000000000000000e+13	2.100000000000000000e+01	6.938327694119283962e-03
1.000000000000000000e+14	2.100000000000000000e+01	8.711340845530775312e-03
1.260000000000000000e+14	2.100000000000000000e+01	1.085237046114957693e-02
1.580000000000000000e+14	2.100000000000000000e+01	1.389792693388670376e-02
2.000000000000000000e+14	2.100000000000000000e+01	1.838106962488859214e-02
2.510000000000000000e+14	2.100000000000000000e+01	2.372103447856320491e-02
3.160000000000000000e+14	2.100000000000000000e+01	2.969915278998128821e-02
3.980000000000000000e+14	2.100000000000000000e+01	3.495417031269269781e-02
5.010000000000000000e+14	2.100000000000000000e+01	3.855142893194010018e-02
6.310000000000000000e+14	2.100000000000000000e+01	4.059508313822406123e-02
7.940000000000000000e+14	2.100000000000000000e+01	3.918056395540906595e-02
1.000000000000000000e+15	2.100000000000000000e+01	3.362032522576730020e-02
1.260000000000000000e+15	2.100000000000000000e+01	2.569829298828236325e-02
1.580000000000000000e+15	2.100000000000000000e+01	1.847174666443255828e-02
2.000000000000000000e+15	2.100000000000000000e+01	1.090231647672645042e-02
2.510000000000000000e+15	2.100000000000000000e+01	1.683168064980776046e-03
3.160000000000000000e+15	2.100000000000000000e+01	-6.048752480719439203e-03
3.980000000000000000e+15	2.100000000000000000e+01	-1.245557654323475004e-02
5.010000000000000000e+15	2.100000000000000000e+01	-1.743994980166500841e-02
6.310000000000000000e+15	2.100000000000000000e+01	-2.105661913402876936e-02
7.940000000000000000e+15	2.100000000000000000e+01	-2.340646454055704193e-02
1.000000000000000000e+16	2.100000000000000000e+01	-2.467362865379154127e-02
1.260000000000000000e+16	2.100000000000000000e+01	-2.503390140271608694e-02
1.580000000000000000e+16	2.100000000000000000e+01	-2.470838543160693013e-02
2.000000000000000000e+16	2.100000000000000000e+01	-2.379538865295324421e-02
2.510000000000000000e+16	2.100000000000000000e+01	-2.256123319677444741e-02
3.160000000000000000e+16	2.100000000000000000e+01	-2.105649344968038919e-02
3.980000000000000000e+16	2.100000000000000000e+01	-1.940498333839591263e-02
5.010000000000000000e+16	2.100000000000000000e+01	-1.769802403300464386e-02
6.310000000000000000e+16	2.100000000000000000e+01	-1.598989108895116154e-02
7.940000000000000000e+16	2.100000000000000000e+01	-1.434013607070549166e-02
1.000000000000000000e+17	2.100000000000000000e+01	-1.276388943228388105e-02
1.000000000000000000e+11	2.300000000000000000e+01	1.028442085967120301e-05
1.258925411794166107e+11	2.300000000000000000e+01	1.295864168837600590e-05
1.584893192461110840e+11	2.300000000000000000e+01	1.633844587347280870e-05
1.995262314968882751e+11	2.300000000000000000e+01	2.061986753222328815e-05
2.511886431509582214e+11	2.300000000000000000e+01	2.606609669183747687e-05
3.162277660168379517e+11	2.300000000000000000e+01	3.303807763929210819e-05
3.981071705534969482e+11	2.300000000000000000e+01	4.203594110009456844e-05
5.011872336272714844e+11	2.300000000000000000e+01	5.370347175014852497e-05
6.309573444801943359e+11	2.300000000000000000e+01	6.838724930311408982e-05
7.943282347242821045e+11	2.300000000000000000e+01	7.784453518202338125e-05
1.000000000000000000e+12	2.300000000000000000e+01	9.128621653455673047e-05
1.260000000000000000e+12	2.300000000000000000e+01	1.184909020145992427e-04
1.580000000000000000e+12	2.300000000000000000e+01	1.490812472971684384e-04
2.000000000000000000e+12	2.300000000000000000e+01	1.889472664684848291e-04
2.510000000000000000e+12	2.300000000000000000e+01	2.377764780031917785e-04
3.160000000000000000e+12	2.300000000000000000e+01	2.983333816370569358e-04
3.980000000000000000e+12	2.300000000000000000e+01	3.754477544727765161e-04
5.010000000000000000e+12	2.300000000000000000e+01	4.735392559019319493e-04
6.310000000000000000e+12	2.300000000000000000e+01	5.960480360323520792e-04
7.940000000000000000e+12	2.300000000000000000e+01	7.532133489865190179e-04
1.000000000000000000e+13	2.300000000000000000e+01	9.517616098231446425e-04
1.260000000000000000e+13	2.300000000000000000e+01	1.201928673208589463e-03
1.580000000000000000e+13	2.300000000000000000e+01	1.512315198289255862e-03
2.000000000000000000e+13	2.300000000000000000e+01	1.915413023652789504e-03
2.510000000000000000e+13	2.300000000000000000e+01	2.402538516781667875e-03
3.160000000000000000e+13	2.300000000000000000e+01	3.007435333394884325e-03
3.980000000000000000e+13	2.300000000000000000e+01	3.716202988300631484e-03
5.010000000000000000e+13	2.300000000000000000e+01	4.562940677115423331e-03
6.310000000000000000e+13	2.300000000000000000e+01	5.535116009455697157e-03
7.940000000000000000e+13	2.300000000000000000e+01	6.760056138551050371e-03
1.000000000000000000e+14	2.300000000000000000e+01	8.540947759786820387e-03
1.260000000000000000e+14	2.300000000000000000e+01	1.087369854851999093e-02
1.580000000000000000e+14	2.300000000000000000e+01	1.389119267649797061e-02
2.000000000000000000e+14	2.300000000000000000e+01	1.837789216454732005e-02
2.510000000000000000e+14	2.300000000000000000e+01	2.386069220799945031e-02
3.160000000000000000e+14	2.300000000000000000e+01	2.964456932304907269e-02
3.980000000000000000e+14	2.300000000000000000e+01	3.478554233238734944e-02
5.010000000000000000e+14	2.300000000000000000e+01	3.893194478459997138e-02
6.310000000000000000e+14	2.300000000000000000e+01	3.972585769888149765e-02
7.940000000000000000e+14	2.300000000000000000e+01	3.620363419846610309e-02
1.000000000000000000e+15	2.300000000000000000e+01	3.161097511264961829e-02
1.260000000000000000e+15	2.300000000000000000e+01	2.636080670318204436e-02
1.580000000000000000e+15	2.300000000000000000e+01	1.776541579073459207e-02
2.000000000000000000e+15	2.300000000000000000e+01	8.080506710690762637e-03
2.510000000000000000e+15	2.300000000000000000e+01	6.145191709322867738e-04
3.160000000000000000e+15	2.300000000000000000e+01	-6.502385777396534582e-03
3.980000000000000000e+15	2.300000000000000000e+01	-1.250434514907365451e-02
5.010000000000000000e+15	2.300000000000000000e+01	-1.719920754389881942e-02
6.310000000000000000e+15	2.300000000000000000e+01	-2.060805094398701631e-02
7.940000000000000000e+15	2.300000000000000000e+01	-2.281621782107177976e-02
1.000000000000000000e+16	2.300000000000000000e+01	-2.399276191702606753e-02
1.260000000000000000e+16	2.300000000000000000e+01	-2.430458639248763222e-02
1.580000000000000000e+16	2.300000000000000000e+01	-2.396271515334643873e-02
2.000000000000000000e+16	2.300000000000000000e+01	-2.305863251770314329e-02
2.510000000000000000e+16	2.300000000000000000e+01	-2.184992867344607084e-02
3.160000000000000000e+16	2.300000000000000000e+01	-2.038327403966506621e-02
3.980000000000000000e+16	2.300000000000000000e+01	-1.877780302182636279e-02
5.010000000000000000e+16	2.300000000000000000e+01	-1.712129662832377261e-02
6.310000000000000000e+16	2.300000000000000000e+01	-1.546496782539905426e-02
7.940000000000000000e+16	2.300000000000000000e+01	-1.386667305455464155e-02
1.000000000000000000e+17	2.300000000000000000e+01	-1.234043011321764999e-02
1.000000000000000000e+11	2.500000000000000000e+01	9.973430764344315806e-06
1.258925411794166107e+11	2.500000000000000000e+01	1.256661463195427104e-05
1.584893192461110840e+11	2.500000000000000000e+01	1.584389953717282135e-05
1.995262314968882751e+11	2.500000000000000000e+01	1.999517286850325176e-05
2.511886431509582214e+11	2.500000000000000000e+01	2.527545231602066158e-05
3.162277660168379517e+11	2.500000000000000000e+01	3.203342814939640564e-05
3.981071705534969482e+11	2.500000000000000000e+01	4.075121723805157293e-05
5.011872336272714844e+11	2.500000000000000000e+01	5.203918685715448592e-05
6.309573444801943359e+11	2.500000000000000000e+01	6.616586928097404035e-05
7.943282347242821045e+11	2.500000000000000000e+01	7.436992325748896678e-05
1.000000000000000000e+12	2.500000000000000000e+01	8.749261801265352610e-05
1.260000000000000000e+12	2.500000000000000000e+01	1.156468548249990993e-04
1.580000000000000000e+12	2.500000000000000000e+01	1.469563583367673027e-04
2.000000000000000000e+12	2.500000000000000000e+01	1.860829534325471172e-04
2.510000000000000000e+12	2.500000000000000000e+01	2.322045721698244201e-04
3.160000000000000000e+12	2.500000000000000000e+01	2.919634549609846402e-04
3.980000000000000000e+12	2.500000000000000000e+01	3.677291603215740662e-04
5.010000000000000000e+12	2.500000000000000000e+01	4.637984086198321102e-04
6.310000000000000000e+12	2.500000000000000000e+01	5.848277392569098138e-04
7.940000000000000000e+12	2.500000000000000000e+01	7.349863183797301046e-04
1.000000000000000000e+13	2.500000000000000000e+01	9.281144740985821815e-04
1.260000000000000000e+13	2.500000000000000000e+01	1.173263014081312849e-03
1.580000000000000000e+13	2.500000000000000000e+01	1.471929593575041191e-03
2.000000000000000000e+13	2.500000000000000000e+01	1.870621873277294057e-03
2.510000000000000000e+13	2.500000000000000000e+01	2.356547542298429755e-03
3.160000000000000000e+13	2.500000000000000000e+01	2.939931549548516296e-03
3.980000000000000000e+13	2.500000000000000000e+01	3.635932431976276937e-03
5.010000000000000000e+13	2.500000000000000000e+01	4.476718813372106837e-03
6.310000000000000000e+13	2.500000000000000000e+01	5.561451618884888023e-03
7.940000000000000000e+13	2.500000000000000000e+01	6.855086618832301193e-03
1.000000000000000000e+14	2.500000000000000000e+01	8.477899115631491039e-03
1.260000000000000000e+14	2.500000000000000000e+01	1.083155391500583570e-02
1.580000000000000000e+14	2.500000000000000000e+01	1.410787698109700061e-02
2.000000000000000000e+14	2.500000000000000000e+01	1.850877436005202159e-02
2.510000000000000000e+14	2.500000000000000000e+01	2.363523188031544861e-02
3.160000000000000000e+14	2.500000000000000000e+01	2.957534192226384667e-02
3.980000000000000000e+14	2.500000000000000000e+01	3.498230370748425105e-02
5.010000000000000000e+14	2.500000000000000000e+01	3.848771970157782718e-02
6.310000000000000000e+14	2.500000000000000000e+01	3.981509582333705999e-02
7.940000000000000000e+14	2.500000000000000000e+01	3.940967608469080063e-02
1.000000000000000000e+15	2.500000000000000000e+01	3.520602684085897410e-02
1.260000000000000000e+15	2.500000000000000000e+01	2.721752304795172286e-02
1.580000000000000000e+15	2.500000000000000000e+01	1.888086814323649762e-02
2.000000000000000000e+15	2.500000000000000000e+01	9.980532632398970289e-03
2.510000000000000000e+15	2.500000000000000000e+01	1.424095766905851329e-03
3.160000000000000000e+15	2.500000000000000000e+01	-6.187181504430900626e-03
3.980000000000000000e+15	2.500000000000000000e+01	-1.254347921793624691e-02
5.010000000000000000e+15	2.500000000000000000e+01	-1.750112422744886514e-02
6.310000000000000000e+15	2.500000000000000000e+01	-2.110134649179848040e-02
7.940000000000000000e+15	2.500000000000000000e+01	-2.344051505841420260e-02
1.000000000000000000e+16	2.500000000000000000e+01	-2.469951692704870985e-02
1.260000000000000000e+16	2.500000000000000000e+01	-2.505402688868782479e-02
1.580000000000000000e+16	2.500000000000000000e+01	-2.472423250406079187e-02
2.000000000000000000e+16	2.500000000000000000e+01	-2.380780521633074631e-02
2.510000000000000000e+16	2.500000000000000000e+01	-2.257109106353171607e-02
3.160000000000000000e+16	2.500000000000000000e+01	-2.106428090679331178e-02
3.980000000000000000e+16	2.500000000000000000e+01	-1.941117948771159743e-02
5.010000000000000000e+16	2.500000000000000000e+01	-1.770296983106401170e-02
6.310000000000000000e+16	2.500000000000000000e+01	-1.599379794500923116e-02
7.940000000000000000e+16	2.500000000000000000e+01	-1.434324765944723287e-02
1.000000000000000000e+17	2.500000000000000000e+01	-1.276633652003444225e-02
