1.000000000000000000e+11	5.000000000000000000e-01	2.147051364365274998e-05
1.258925411794166107e+11	5.000000000000000000e-01	2.705670053583381288e-05
1.584893192461110840e+11	5.000000000000000000e-01	3.411826598408249106e-05
1.995262314968882751e+11	5.000000000000000000e-01	4.306736263620019532e-05
2.511886431509582214e+11	5.000000000000000000e-01	5.445740100017726110e-05
3.162277660168379517e+11	5.000000000000000000e-01	6.905697720995767187e-05
3.981071705534969482e+11	5.000000000000000000e-01	8.797997704555828881e-05
5.011872336272714844e+11	5.000000000000000000e-01	1.129282885419472259e-04
6.309573444801943359e+11	5.000000000000000000e-01	1.466301169146730897e-04
7.943282347242821045e+11	5.000000000000000000e-01	1.947783025633348169e-04
1.000000000000000000e+12	5.000000000000000000e-01	2.257263536145653231e-04
1.260000000000000000e+12	5.000000000000000000e-01	2.412323430002788385e-04
1.580000000000000000e+12	5.000000000000000000e-01	2.807316326542363375e-04
2.000000000000000000e+12	5.000000000000000000e-01	3.391242256962190391e-04
2.510000000000000000e+12	5.000000000000000000e-01	4.129393497904647391e-04
3.160000000000000000e+12	5.000000000000000000e-01	5.093189571844714729e-04
3.980000000000000000e+12	5.000000000000000000e-01	6.322091880546706899e-04
5.010000000000000000e+12	5.000000000000000000e-01	7.876457622916081033e-04
6.310000000000000000e+12	5.000000000000000000e-01	9.860772790201202936e-04
7.940000000000000000e+12	5.000000000000000000e-01	1.239784785982256561e-03
1.000000000000000000e+13	5.000000000000000000e-01	1.567357811111403862e-03
1.260000000000000000e+13	5.000000000000000000e-01	1.983881212183757382e-03
1.580000000000000000e+13	5.000000000000000000e-01	2.495816673029269562e-03
2.000000000000000000e+13	5.000000000000000000e-01	3.171090788058870871e-03
2.510000000000000000e+13	5.000000000000000000e-01	3.976406883322425659e-03
3.160000000000000000e+13	5.000000000000000000e-01	4.916950214488685286e-03
3.980000000000000000e+13	5.000000000000000000e-01	5.918681265640704167e-03
5.010000000000000000e+13	5.000000000000000000e-01	6.896726357127085441e-03
6.310000000000000000e+13	5.000000000000000000e-01	7.837014007076825023e-03
7.940000000000000000e+13	5.000000000000000000e-01	8.816881907187152159e-03
1.000000000000000000e+14	5.000000000000000000e-01	1.003467445786539701e-02
1.260000000000000000e+14	5.000000000000000000e-01	1.178980260606653750e-02
1.580000000000000000e+14	5.000000000000000000e-01	1.437314125477711854e-02
2.000000000000000000e+14	5.000000000000000000e-01	1.829177237038067880e-02
2.510000000000000000e+14	5.000000000000000000e-01	2.323620014644891749e-02
3.160000000000000000e+14	5.000000000000000000e-01	2.883394330518486079e-02
3.980000000000000000e+14	5.000000000000000000e-01	3.403643925370260920e-02
5.010000000000000000e+14	5.000000000000000000e-01	3.755195921679669452e-02
6.310000000000000000e+14	5.000000000000000000e-01	3.846453894320658179e-02
7.940000000000000000e+14	5.000000000000000000e-01	3.640336118428975920e-02
1.000000000000000000e+15	5.000000000000000000e-01	3.155283398462434968e-02
1.260000000000000000e+15	5.000000000000000000e-01	2.484831859866282189e-02
1.580000000000000000e+15	5.000000000000000000e-01	1.698461429096757153e-02
2.000000000000000000e+15	5.000000000000000000e-01	8.436083967270019759e-03
2.510000000000000000e+15	5.000000000000000000e-01	3.423333688217411637e-04
3.160000000000000000e+15	5.000000000000000000e-01	-7.010368770453308251e-03
3.980000000000000000e+15	5.000000000000000000e-01	-1.318229952584186286e-02
5.010000000000000000e+15	5.000000000000000000e-01	-1.800195137132980239e-02
6.310000000000000000e+15	5.000000000000000000e-01	-2.149573306846500748e-02
7.940000000000000000e+15	5.000000000000000000e-01	-2.375212340967649063e-02
1.000000000000000000e+16	5.000000000000000000e-01	-2.494647834008747317e-02
1.260000000000000000e+16	5.000000000000000000e-01	-2.524965648105577040e-02
1.580000000000000000e+16	5.000000000000000000e-01	-2.488005434903364094e-02
2.000000000000000000e+16	5.000000000000000000e-01	-2.393081928439184936e-02
2.510000000000000000e+16	5.000000000000000000e-01	-2.266906189621612638e-02
3.160000000000000000e+16	5.000000000000000000e-01	-2.114207743708618192e-02
3.980000000000000000e+16	5.000000000000000000e-01	-1.947292088906565216e-02
5.010000000000000000e+16	5.000000000000000000e-01	-1.775224920280061777e-02
6.310000000000000000e+16	5.000000000000000000e-01	-1.603274071196406081e-02
7.940000000000000000e+16	5.000000000000000000e-01	-1.437416063837765150e-02
1.000000000000000000e+17	5.000000000000000000e-01	-1.279093184989761774e-02
1.000000000000000000e+11	1.500000000000000000e+00	2.007699396330276984e-05
1.258925411794166107e+11	1.500000000000000000e+00	2.530146228978584225e-05
1.584893192461110840e+11	1.500000000000000000e+00	3.190672329955141309e-05
1.995262314968882751e+11	1.500000000000000000e+00	4.027944678092358947e-05
2.511886431509582214e+11	1.500000000000000000e+00	5.094004421410299057e-05
3.162277660168379517e+11	1.500000000000000000e+00	6.461281448215919112e-05
3.981071705534969482e+11	1.500000000000000000e+00	8.235041701859086548e-05
5.011872336272714844e+11	1.500000000000000000e+00	1.057619542525656573e-04
6.309573444801943359e+11	1.500000000000000000e+00	1.373994748990340416e-04
7.943282347242821045e+11	1.500000000000000000e+00	1.821406730395098538e-04
1.000000000000000000e+12	1.500000000000000000e+00	2.104090655259229013e-04
1.260000000000000000e+12	1.500000000000000000e+00	2.244682516152129786e-04
1.580000000000000000e+12	1.500000000000000000e+00	2.607789940800595637e-04
2.000000000000000000e+12	1.500000000000000000e+00	3.147176260072685945e-04
2.510000000000000000e+12	1.500000000000000000e+00	3.832646820569114601e-04
3.160000000000000000e+12	1.500000000000000000e+00	4.725908912381974461e-04
3.980000000000000000e+12	1.500000000000000000e+00	5.872595769431648155e-04
5.010000000000000000e+12	1.500000000000000000e+00	7.325550767822645425e-04
6.310000000000000000e+12	1.500000000000000000e+00	9.177616022134161894e-04
7.940000000000000000e+12	1.500000000000000000e+00	1.154592090458170109e-03
1.000000000000000000e+13	1.500000000000000000e+00	1.459483169942486867e-03
1.260000000000000000e+13	1.500000000000000000e+00	1.847042838467494348e-03
1.580000000000000000e+13	1.500000000000000000e+00	2.324517708774722843e-03
2.000000000000000000e+13	1.500000000000000000e+00	2.954448975210458104e-03
2.510000000000000000e+13	1.500000000000000000e+00	3.710061223325515807e-03
3.160000000000000000e+13	1.500000000000000000e+00	4.604114637078919429e-03
3.980000000000000000e+13	1.500000000000000000e+00	5.571614565070308160e-03
5.010000000000000000e+13	1.500000000000000000e+00	6.540426551551424550e-03
6.310000000000000000e+13	1.500000000000000000e+00	7.504963057518170694e-03
7.940000000000000000e+13	1.500000000000000000e+00	8.545502996905299589e-03
1.000000000000000000e+14	1.500000000000000000e+00	9.845974626364851004e-03
1.260000000000000000e+14	1.500000000000000000e+00	1.167629822301502300e-02
1.580000000000000000e+14	1.500000000000000000e+00	1.431586349549374831e-02
2.000000000000000000e+14	1.500000000000000000e+00	1.828770281859370267e-02
2.510000000000000000e+14	1.500000000000000000e+00	2.330663631733468841e-02
3.160000000000000000e+14	1.500000000000000000e+00	2.895072137175442109e-02
3.980000000000000000e+14	1.500000000000000000e+00	3.412474010890604453e-02
5.010000000000000000e+14	1.500000000000000000e+00	3.768860213428029682e-02
6.310000000000000000e+14	1.500000000000000000e+00	3.849519453290693033e-02
7.940000000000000000e+14	1.500000000000000000e+00	3.636227114675049527e-02
1.000000000000000000e+15	1.500000000000000000e+00	3.178746609803231871e-02
1.260000000000000000e+15	1.500000000000000000e+00	2.488597826966661847e-02
1.580000000000000000e+15	1.500000000000000000e+00	1.679403841297506458e-02
2.000000000000000000e+15	1.500000000000000000e+00	8.410105996299916883e-03
2.510000000000000000e+15	1.500000000000000000e+00	3.729257379035810912e-04
3.160000000000000000e+15	1.500000000000000000e+00	-6.932911560954678476e-03
3.980000000000000000e+15	1.500000000000000000e+00	-1.306715210178286714e-02
5.010000000000000000e+15	1.500000000000000000e+00	-1.785806376100338572e-02
6.310000000000000000e+15	1.500000000000000000e+00	-2.133159009989414948e-02
7.940000000000000000e+15	1.500000000000000000e+00	-2.357594408160686508e-02
1.000000000000000000e+16	1.500000000000000000e+00	-2.476426711602025890e-02
1.260000000000000000e+16	1.500000000000000000e+00	-2.506742329028823976e-02
1.580000000000000000e+16	1.500000000000000000e+00	-2.470199614518671372e-02
2.000000000000000000e+16	1.500000000000000000e+00	-2.376066284716080515e-02
2.510000000000000000e+16	1.500000000000000000e+00	-2.250864821811200678e-02
3.160000000000000000e+16	1.500000000000000000e+00	-2.099302539366606352e-02
3.980000000000000000e+16	1.500000000000000000e+00	-1.933606832658212385e-02
5.010000000000000000e+16	1.500000000000000000e+00	-1.762753308319827197e-02
6.310000000000000000e+16	1.500000000000000000e+00	-1.592053496532236032e-02
7.940000000000000000e+16	1.500000000000000000e+00	-1.427375940362479029e-02
1.000000000000000000e+17	1.500000000000000000e+00	-1.270169252432380540e-02
1.000000000000000000e+11	2.500000000000000000e+00	1.895137152975441571e-05
1.258925411794166107e+11	2.500000000000000000e+00	2.388311063481821976e-05
1.584893192461110840e+11	2.500000000000000000e+00	3.011872143327766870e-05
1.995262314968882751e+11	2.500000000000000000e+00	3.802335154404211154e-05
2.511886431509582214e+11	2.500000000000000000e+00	4.808907946913741334e-05
3.162277660168379517e+11	2.500000000000000000e+00	6.100133387662536987e-05
3.981071705534969482e+11	2.500000000000000000e+00	7.775586858029817031e-05
5.011872336272714844e+11	2.500000000000000000e+00	9.986710345851043322e-05
6.309573444801943359e+11	2.500000000000000000e+00	1.296859479567414946e-04
7.943282347242821045e+11	2.500000000000000000e+00	1.710015177427320671e-04
1.000000000000000000e+12	2.500000000000000000e+00	1.972779977890026142e-04
1.260000000000000000e+12	2.500000000000000000e+00	2.114261147099659910e-04
1.580000000000000000e+12	2.500000000000000000e+00	2.461925815781040383e-04
2.000000000000000000e+12	2.500000000000000000e+00	2.975967937255168051e-04
2.510000000000000000e+12	2.500000000000000000e+00	3.630995916324348573e-04
3.160000000000000000e+12	2.500000000000000000e+00	4.486065979077232717e-04
3.980000000000000000e+12	2.500000000000000000e+00	5.577547430111104692e-04
5.010000000000000000e+12	2.500000000000000000e+00	6.965176354754359575e-04
6.310000000000000000e+12	2.500000000000000000e+00	8.740156082497931023e-04
7.940000000000000000e+12	2.500000000000000000e+00	1.099740261149847933e-03
1.000000000000000000e+13	2.500000000000000000e+00	1.390419178122732002e-03
1.260000000000000000e+13	2.500000000000000000e+00	1.756462174508350346e-03
1.580000000000000000e+13	2.500000000000000000e+00	2.219296928216498398e-03
2.000000000000000000e+13	2.500000000000000000e+00	2.823469005095026289e-03
2.510000000000000000e+13	2.500000000000000000e+00	3.544287460893517927e-03
3.160000000000000000e+13	2.500000000000000000e+00	4.405315129720538056e-03
3.980000000000000000e+13	2.500000000000000000e+00	5.354959180966597891e-03
5.010000000000000000e+13	2.500000000000000000e+00	6.331121828354957862e-03
6.310000000000000000e+13	2.500000000000000000e+00	7.305745785945991222e-03
7.940000000000000000e+13	2.500000000000000000e+00	8.348402192415713130e-03
1.000000000000000000e+14	2.500000000000000000e+00	9.660284096971736081e-03
1.260000000000000000e+14	2.500000000000000000e+00	1.154499702134083317e-02
1.580000000000000000e+14	2.500000000000000000e+00	1.426564744428792351e-02
2.000000000000000000e+14	2.500000000000000000e+00	1.829487849122346174e-02
2.510000000000000000e+14	2.500000000000000000e+00	2.336136211345413508e-02
3.160000000000000000e+14	2.500000000000000000e+00	2.913030623658673449e-02
3.980000000000000000e+14	2.500000000000000000e+00	3.443324533436924184e-02
5.010000000000000000e+14	2.500000000000000000e+00	3.106275375413866321e-02
6.310000000000000000e+14	2.500000000000000000e+00	3.872511023269693820e-02
7.940000000000000000e+14	2.500000000000000000e+00	3.668978614916096337e-02
1.000000000000000000e+15	2.500000000000000000e+00	3.157985856508072064e-02
1.260000000000000000e+15	2.500000000000000000e+00	2.476040836359695574e-02
1.580000000000000000e+15	2.500000000000000000e+00	1.707999975242589785e-02
2.000000000000000000e+15	2.500000000000000000e+00	8.780886623310824729e-03
2.510000000000000000e+15	2.500000000000000000e+00	5.573299297058718210e-04
3.160000000000000000e+15	2.500000000000000000e+00	-6.805662047777763166e-03
3.980000000000000000e+15	2.500000000000000000e+00	-1.297293176375975687e-02
5.010000000000000000e+15	2.500000000000000000e+00	-1.778605915623523298e-02
6.310000000000000000e+15	2.500000000000000000e+00	-2.127571396147262886e-02
7.940000000000000000e+15	2.500000000000000000e+00	-2.353214509228190171e-02
1.000000000000000000e+16	2.500000000000000000e+00	-2.472978344745274323e-02
1.260000000000000000e+16	2.500000000000000000e+00	-2.504019636293503340e-02
1.580000000000000000e+16	2.500000000000000000e+00	-2.468036919413531260e-02
2.000000000000000000e+16	2.500000000000000000e+00	-2.374360082715088263e-02
2.510000000000000000e+16	2.500000000000000000e+00	-2.249506496129442465e-02
3.160000000000000000e+16	2.500000000000000000e+00	-2.098225674483716191e-02
3.980000000000000000e+16	2.500000000000000000e+00	-1.932749905441365906e-02
5.010000000000000000e+16	2.500000000000000000e+00	-1.762076176354019849e-02
6.310000000000000000e+16	2.500000000000000000e+00	-1.591514545361649019e-02
7.940000000000000000e+16	2.500000000000000000e+00	-1.426950886295969521e-02
1.000000000000000000e+17	2.500000000000000000e+00	-1.269830628169219509e-02
1.000000000000000000e+11	3.500000000000000000e+00	1.784509128384440489e-05
1.258925411794166107e+11	3.500000000000000000e+00	2.248887438325445281e-05
1.584893192461110840e+11	3.500000000000000000e+00	2.836089611093643419e-05
1.995262314968882751e+11	3.500000000000000000e+00	3.580363447766848618e-05
2.511886431509582214e+11	3.500000000000000000e+00	4.528203347270206555e-05
3.162277660168379517e+11	3.500000000000000000e+00	5.744086862383562537e-05
3.981071705534969482e+11	3.500000000000000000e+00	7.321561377602125542e-05
5.011872336272714844e+11	3.500000000000000000e+00	9.401705982409868246e-05
6.309573444801943359e+11	3.500000000000000000e+00	1.219632947023530540e-04
7.943282347242821045e+11	3.500000000000000000e+00	1.594511777223178348e-04
1.000000000000000000e+12	3.500000000000000000e+00	1.841569589685632937e-04
1.260000000000000000e+12	3.500000000000000000e+00	1.995180108604989249e-04
1.580000000000000000e+12	3.500000000000000000e+00	2.330595767719197001e-04
2.000000000000000000e+12	3.500000000000000000e+00	2.822544352493745311e-04
2.510000000000000000e+12	3.500000000000000000e+00	3.450526574811887308e-04
3.160000000000000000e+12	3.500000000000000000e+00	4.269044599175406064e-04
3.980000000000000000e+12	3.500000000000000000e+00	5.316728371636118312e-04
5.010000000000000000e+12	3.500000000000000000e+00	6.646515003254054987e-04
6.310000000000000000e+12	3.500000000000000000e+00	8.341042857711055726e-04
7.940000000000000000e+12	3.500000000000000000e+00	1.050420660875181012e-03
1.000000000000000000e+13	3.500000000000000000e+00	1.329317836212337220e-03
1.260000000000000000e+13	3.500000000000000000e+00	1.684368349729416323e-03
1.580000000000000000e+13	3.500000000000000000e+00	2.120199409425498407e-03
2.000000000000000000e+13	3.500000000000000000e+00	2.697766368599513638e-03
2.510000000000000000e+13	3.500000000000000000e+00	3.393651112255476315e-03
3.160000000000000000e+13	3.500000000000000000e+00	4.222772686615515816e-03
3.980000000000000000e+13	3.500000000000000000e+00	5.121515104610519127e-03
5.010000000000000000e+13	3.500000000000000000e+00	6.051718797194179794e-03
6.310000000000000000e+13	3.500000000000000000e+00	7.044769966076606937e-03
7.940000000000000000e+13	3.500000000000000000e+00	8.140676901369629445e-03
1.000000000000000000e+14	3.500000000000000000e+00	9.520395722912074893e-03
1.260000000000000000e+14	3.500000000000000000e+00	1.143703927588991462e-02
1.580000000000000000e+14	3.500000000000000000e+00	1.415472289275315591e-02
2.000000000000000000e+14	3.500000000000000000e+00	1.825358080501694041e-02
2.510000000000000000e+14	3.500000000000000000e+00	2.271864706750921850e-02
3.160000000000000000e+14	3.500000000000000000e+00	2.898694929567444470e-02
3.980000000000000000e+14	3.500000000000000000e+00	3.424633537019282359e-02
5.010000000000000000e+14	3.500000000000000000e+00	3.811020682099715284e-02
6.310000000000000000e+14	3.500000000000000000e+00	3.918697728571056416e-02
7.940000000000000000e+14	3.500000000000000000e+00	3.699805693607197826e-02
1.000000000000000000e+15	3.500000000000000000e+00	3.214735065107587192e-02
1.260000000000000000e+15	3.500000000000000000e+00	2.499058118811001497e-02
1.580000000000000000e+15	3.500000000000000000e+00	1.661269372071253608e-02
2.000000000000000000e+15	3.500000000000000000e+00	8.162601161495055407e-03
2.510000000000000000e+15	3.500000000000000000e+00	3.284133292858919576e-04
3.160000000000000000e+15	3.500000000000000000e+00	-6.898518661588338118e-03
3.980000000000000000e+15	3.500000000000000000e+00	-1.298055340904768692e-02
5.010000000000000000e+15	3.500000000000000000e+00	-1.773450655903031567e-02
6.310000000000000000e+15	3.500000000000000000e+00	-2.118252824206359047e-02
7.940000000000000000e+15	3.500000000000000000e+00	-2.341039197960202017e-02
1.000000000000000000e+16	3.500000000000000000e+00	-2.459063930241632209e-02
1.260000000000000000e+16	3.500000000000000000e+00	-2.489212708235489374e-02
1.580000000000000000e+16	3.500000000000000000e+00	-2.452941563332732694e-02
2.000000000000000000e+16	3.500000000000000000e+00	-2.359465321765353077e-02
2.510000000000000000e+16	3.500000000000000000e+00	-2.235164072526187387e-02
3.160000000000000000e+16	3.500000000000000000e+00	-2.084667453136668236e-02
3.980000000000000000e+16	3.500000000000000000e+00	-1.920129020765084030e-02
5.010000000000000000e+16	3.500000000000000000e+00	-1.750475841193450607e-02
6.310000000000000000e+16	3.500000000000000000e+00	-1.580968722749661118e-02
7.940000000000000000e+16	3.500000000000000000e+00	-1.417439343527677857e-02
1.000000000000000000e+17	3.500000000000000000e+00	-1.261330470308505945e-02
1.000000000000000000e+11	4.500000000000000000e+00	1.690938983312834001e-05
1.258925411794166107e+11	4.500000000000000000e+00	2.130924965438036519e-05
1.584893192461110840e+11	4.500000000000000000e+00	2.687204838552885946e-05
1.995262314968882751e+11	4.500000000000000000e+00	3.392278597128856624e-05
2.511886431509582214e+11	4.500000000000000000e+00	4.290020457068011064e-05
3.162277660168379517e+11	4.500000000000000000e+00	5.441303531594998905e-05
3.981071705534969482e+11	4.500000000000000000e+00	6.934031970307688857e-05
5.011872336272714844e+11	4.500000000000000000e+00	8.899099117010863505e-05
6.309573444801943359e+11	4.500000000000000000e+00	1.152436636468790631e-04
7.943282347242821045e+11	4.500000000000000000e+00	1.490117233254369545e-04
1.000000000000000000e+12	4.500000000000000000e+00	1.724157981545853743e-04
1.260000000000000000e+12	4.500000000000000000e+00	1.898591983425099638e-04
1.580000000000000000e+12	4.500000000000000000e+00	2.234147677655296861e-04
2.000000000000000000e+12	4.500000000000000000e+00	2.716489361901172216e-04
2.510000000000000000e+12	4.500000000000000000e+00	3.326714033316259512e-04
3.160000000000000000e+12	4.500000000000000000e+00	4.120887112658994382e-04
3.980000000000000000e+12	4.500000000000000000e+00	5.139101482028706749e-04
5.010000000000000000e+12	4.500000000000000000e+00	6.430326729316307530e-04
6.310000000000000000e+12	4.500000000000000000e+00	8.077798264690096630e-04
7.940000000000000000e+12	4.500000000000000000e+00	1.018289004819193135e-03
1.000000000000000000e+13	4.500000000000000000e+00	1.288265175707143089e-03
1.260000000000000000e+13	4.500000000000000000e+00	1.631940558759092290e-03
1.580000000000000000e+13	4.500000000000000000e+00	2.057254618536593586e-03
2.000000000000000000e+13	4.500000000000000000e+00	2.617137850940465076e-03
2.510000000000000000e+13	4.500000000000000000e+00	3.289239355587193596e-03
3.160000000000000000e+13	4.500000000000000000e+00	4.094720404491611690e-03
3.980000000000000000e+13	4.500000000000000000e+00	4.985870839505460693e-03
5.010000000000000000e+13	4.500000000000000000e+00	5.905114313942783598e-03
6.310000000000000000e+13	4.500000000000000000e+00	6.872031564279271545e-03
7.940000000000000000e+13	4.500000000000000000e+00	7.955078426606913833e-03
1.000000000000000000e+14	4.500000000000000000e+00	9.358238600393616394e-03
1.260000000000000000e+14	4.500000000000000000e+00	1.135565191914089840e-02
1.580000000000000000e+14	4.500000000000000000e+00	1.416710902901827628e-02
2.000000000000000000e+14	4.500000000000000000e+00	1.828005405326034449e-02
2.510000000000000000e+14	4.500000000000000000e+00	2.338857558092324873e-02
3.160000000000000000e+14	4.500000000000000000e+00	2.922724092508973553e-02
3.980000000000000000e+14	4.500000000000000000e+00	3.461602122501695328e-02
5.010000000000000000e+14	4.500000000000000000e+00	3.793999435024011241e-02
6.310000000000000000e+14	4.500000000000000000e+00	3.873513117265518085e-02
7.940000000000000000e+14	4.500000000000000000e+00	3.692035583918237829e-02
1.000000000000000000e+15	4.500000000000000000e+00	3.212313665981238880e-02
1.260000000000000000e+15	4.500000000000000000e+00	2.536472168699401356e-02
1.580000000000000000e+15	4.500000000000000000e+00	1.766635039786600830e-02
2.000000000000000000e+15	4.500000000000000000e+00	9.116145305067262228e-03
2.510000000000000000e+15	4.500000000000000000e+00	8.004651272711007636e-04
3.160000000000000000e+15	4.500000000000000000e+00	-6.621826206713092751e-03
3.980000000000000000e+15	4.500000000000000000e+00	-1.283095790288496171e-02
5.010000000000000000e+15	4.500000000000000000e+00	-1.767511596380520397e-02
6.310000000000000000e+15	4.500000000000000000e+00	-2.118852380166011753e-02
7.940000000000000000e+15	4.500000000000000000e+00	-2.346289984990272692e-02
1.000000000000000000e+16	4.500000000000000000e+00	-2.467531040156451666e-02
1.260000000000000000e+16	4.500000000000000000e+00	-2.499708055682263452e-02
1.580000000000000000e+16	4.500000000000000000e+00	-2.464602443924829647e-02
2.000000000000000000e+16	4.500000000000000000e+00	-2.371649783643688114e-02
2.510000000000000000e+16	4.500000000000000000e+00	-2.247349806597007116e-02
3.160000000000000000e+16	4.500000000000000000e+00	-2.096511715193044925e-02
3.980000000000000000e+16	4.500000000000000000e+00	-1.931389679048253760e-02
5.010000000000000000e+16	4.500000000000000000e+00	-1.761010719053758902e-02
6.310000000000000000e+16	4.500000000000000000e+00	-1.590660124441538315e-02
7.940000000000000000e+16	4.500000000000000000e+00	-1.426265867277941649e-02
1.000000000000000000e+17	4.500000000000000000e+00	-1.269286552754143003e-02
1.000000000000000000e+11	5.500000000000000000e+00	1.605418017910630746e-05
1.258925411794166107e+11	5.500000000000000000e+00	2.023104844220150332e-05
1.584893192461110840e+11	5.500000000000000000e+00	2.551173468656511823e-05
1.995262314968882751e+11	5.500000000000000000e+00	3.220466880526144898e-05
2.511886431509582214e+11	5.500000000000000000e+00	4.072464593150699027e-05
3.162277660168379517e+11	5.500000000000000000e+00	5.164836383774615644e-05
3.981071705534969482e+11	5.500000000000000000e+00	6.580297018356456688e-05
5.011872336272714844e+11	5.500000000000000000e+00	8.440757736791680251e-05
6.309573444801943359e+11	5.500000000000000000e+00	1.091300183129704642e-04
7.943282347242821045e+11	5.500000000000000000e+00	1.395988354300429623e-04
1.000000000000000000e+12	5.500000000000000000e+00	1.616905072772838777e-04
1.260000000000000000e+12	5.500000000000000000e+00	1.804964743008726532e-04
1.580000000000000000e+12	5.500000000000000000e+00	2.141705235088801982e-04
2.000000000000000000e+12	5.500000000000000000e+00	2.618015917681745385e-04
2.510000000000000000e+12	5.500000000000000000e+00	3.212165700007159883e-04
3.160000000000000000e+12	5.500000000000000000e+00	3.988687775317702818e-04
3.980000000000000000e+12	5.500000000000000000e+00	4.980708644835133998e-04
5.010000000000000000e+12	5.500000000000000000e+00	6.240498572281088108e-04
6.310000000000000000e+12	5.500000000000000000e+00	7.847921529714251086e-04
7.940000000000000000e+12	5.500000000000000000e+00	9.870513648760723558e-04
1.000000000000000000e+13	5.500000000000000000e+00	1.249827149938311996e-03
1.260000000000000000e+13	5.500000000000000000e+00	1.586996502497729214e-03
1.580000000000000000e+13	5.500000000000000000e+00	2.001602634269072489e-03
2.000000000000000000e+13	5.500000000000000000e+00	2.549325104830718614e-03
2.510000000000000000e+13	5.500000000000000000e+00	3.204006347832680322e-03
3.160000000000000000e+13	5.500000000000000000e+00	3.980398741342240643e-03
3.980000000000000000e+13	5.500000000000000000e+00	4.864747889176810301e-03
5.010000000000000000e+13	5.500000000000000000e+00	5.782611377375152829e-03
6.310000000000000000e+13	5.500000000000000000e+00	6.735910269227184284e-03
7.940000000000000000e+13	5.500000000000000000e+00	7.842487277223014058e-03
1.000000000000000000e+14	5.500000000000000000e+00	9.264195551712355731e-03
1.260000000000000000e+14	5.500000000000000000e+00	1.126943791446133845e-02
1.580000000000000000e+14	5.500000000000000000e+00	1.412606057291506019e-02
2.000000000000000000e+14	5.500000000000000000e+00	1.835457934039215130e-02
2.510000000000000000e+14	5.500000000000000000e+00	2.362080681899524776e-02
3.160000000000000000e+14	5.500000000000000000e+00	2.937120123814843109e-02
3.980000000000000000e+14	5.500000000000000000e+00	3.447212836969403005e-02
5.010000000000000000e+14	5.500000000000000000e+00	3.796189181205612134e-02
6.310000000000000000e+14	5.500000000000000000e+00	3.897207908765364104e-02
7.940000000000000000e+14	5.500000000000000000e+00	3.699857165941714682e-02
1.000000000000000000e+15	5.500000000000000000e+00	3.224896335018845317e-02
1.260000000000000000e+15	5.500000000000000000e+00	2.519996994112895169e-02
1.580000000000000000e+15	5.500000000000000000e+00	1.704742504487634369e-02
2.000000000000000000e+15	5.500000000000000000e+00	8.629020027489038222e-03
2.510000000000000000e+15	5.500000000000000000e+00	5.821321351152083717e-04
3.160000000000000000e+15	5.500000000000000000e+00	-6.719764994245189249e-03
3.980000000000000000e+15	5.500000000000000000e+00	-1.284685575663833609e-02
5.010000000000000000e+15	5.500000000000000000e+00	-1.763181233398583569e-02
6.310000000000000000e+15	5.500000000000000000e+00	-2.110257692716255642e-02
7.940000000000000000e+15	5.500000000000000000e+00	-2.334814421934361048e-02
1.000000000000000000e+16	5.500000000000000000e+00	-2.454149229066157969e-02
1.260000000000000000e+16	5.500000000000000000e+00	-2.485304588355201350e-02
1.580000000000000000e+16	5.500000000000000000e+00	-2.449835696879283653e-02
2.000000000000000000e+16	5.500000000000000000e+00	-2.357030776638004144e-02
2.510000000000000000e+16	5.500000000000000000e+00	-2.233214110373489547e-02
3.160000000000000000e+16	5.500000000000000000e+00	-2.083120472273072843e-02
3.980000000000000000e+16	5.500000000000000000e+00	-1.918904214464151395e-02
5.010000000000000000e+16	5.500000000000000000e+00	-1.749500410131987413e-02
6.310000000000000000e+16	5.500000000000000000e+00	-1.580189479292057331e-02
7.940000000000000000e+16	5.500000000000000000e+00	-1.416825460159103038e-02
1.000000000000000000e+17	5.500000000000000000e+00	-1.260841948801760468e-02
1.000000000000000000e+11	6.500000000000000000e+00	1.521552967025342347e-05
1.258925411794166107e+11	6.500000000000000000e+00	1.917317982331157329e-05
1.584893192461110840e+11	6.500000000000000000e+00	2.417683599886115113e-05
1.995262314968882751e+11	6.500000000000000000e+00	3.051810450505975205e-05
2.511886431509582214e+11	6.500000000000000000e+00	3.859131650196834137e-05
3.162277660168379517e+11	6.500000000000000000e+00	4.893212984287245487e-05
3.981071705534969482e+11	6.500000000000000000e+00	6.232585546676425062e-05
5.011872336272714844e+11	6.500000000000000000e+00	7.989614170296035545e-05
6.309573444801943359e+11	6.500000000000000000e+00	1.030919324414654090e-04
7.943282347242821045e+11	6.500000000000000000e+00	1.301734953618341277e-04
1.000000000000000000e+12	6.500000000000000000e+00	1.512286666508535213e-04
1.260000000000000000e+12	6.500000000000000000e+00	1.719457431099084951e-04
1.580000000000000000e+12	6.500000000000000000e+00	2.051553559006354295e-04
2.000000000000000000e+12	6.500000000000000000e+00	2.519990114386216808e-04
2.510000000000000000e+12	6.500000000000000000e+00	3.105332786549348909e-04
3.160000000000000000e+12	6.500000000000000000e+00	3.864070317357599232e-04
3.980000000000000000e+12	6.500000000000000000e+00	4.829889847916229279e-04
5.010000000000000000e+12	6.500000000000000000e+00	6.048405580218260561e-04
6.310000000000000000e+12	6.500000000000000000e+00	7.616974533916664233e-04
7.940000000000000000e+12	6.500000000000000000e+00	9.617609560852998863e-04
1.000000000000000000e+13	6.500000000000000000e+00	1.216430602395805445e-03
1.260000000000000000e+13	6.500000000000000000e+00	1.541476276517792779e-03
1.580000000000000000e+13	6.500000000000000000e+00	1.942782651700341147e-03
2.000000000000000000e+13	6.500000000000000000e+00	2.472928343805440819e-03
2.510000000000000000e+13	6.500000000000000000e+00	3.109891970340637746e-03
3.160000000000000000e+13	6.500000000000000000e+00	3.870684377416997932e-03
3.980000000000000000e+13	6.500000000000000000e+00	4.716465310179966328e-03
5.010000000000000000e+13	6.500000000000000000e+00	5.621773951427283360e-03
6.310000000000000000e+13	6.500000000000000000e+00	6.583665953266632127e-03
7.940000000000000000e+13	6.500000000000000000e+00	7.706459170441687379e-03
1.000000000000000000e+14	6.500000000000000000e+00	9.175645898556249874e-03
1.260000000000000000e+14	6.500000000000000000e+00	1.123065625543260247e-02
1.580000000000000000e+14	6.500000000000000000e+00	1.412810168280607612e-02
2.000000000000000000e+14	6.500000000000000000e+00	1.833355256595560479e-02
2.510000000000000000e+14	6.500000000000000000e+00	2.355191627911305124e-02
3.160000000000000000e+14	6.500000000000000000e+00	2.927607496817881752e-02
3.980000000000000000e+14	6.500000000000000000e+00	3.478801938872985722e-02
5.010000000000000000e+14	6.500000000000000000e+00	3.883718449243985654e-02
6.310000000000000000e+14	6.500000000000000000e+00	3.982468106344075331e-02
7.940000000000000000e+14	6.500000000000000000e+00	3.770398372661546565e-02
1.000000000000000000e+15	6.500000000000000000e+00	3.291333493018198247e-02
1.260000000000000000e+15	6.500000000000000000e+00	2.629863000641467774e-02
1.580000000000000000e+15	6.500000000000000000e+00	1.914365428783834991e-02
2.000000000000000000e+15	6.500000000000000000e+00	1.057014166785774298e-02
2.510000000000000000e+15	6.500000000000000000e+00	1.488113938858116143e-03
3.160000000000000000e+15	6.500000000000000000e+00	-6.289061835535549906e-03
3.980000000000000000e+15	6.500000000000000000e+00	-1.274733821051263725e-02
5.010000000000000000e+15	6.500000000000000000e+00	-1.777424610835869750e-02
6.310000000000000000e+15	6.500000000000000000e+00	-2.142070669668321228e-02
7.940000000000000000e+15	6.500000000000000000e+00	-2.378791223973008087e-02
1.000000000000000000e+16	6.500000000000000000e+00	-2.506004263866245044e-02
1.260000000000000000e+16	6.500000000000000000e+00	-2.541569016048061264e-02
1.580000000000000000e+16	6.500000000000000000e+00	-2.507825776863404840e-02
2.000000000000000000e+16	6.500000000000000000e+00	-2.414655784622941545e-02
2.510000000000000000e+16	6.500000000000000000e+00	-2.289072163637073665e-02
3.160000000000000000e+16	6.500000000000000000e+00	-2.136143129095288001e-02
3.980000000000000000e+16	6.500000000000000000e+00	-1.968418945196700673e-02
5.010000000000000000e+16	6.500000000000000000e+00	-1.795131561108539650e-02
6.310000000000000000e+16	6.500000000000000000e+00	-1.621709741578740080e-02
7.940000000000000000e+16	6.500000000000000000e+00	-1.454371640262422556e-02
1.000000000000000000e+17	6.500000000000000000e+00	-1.294451924029337009e-02
1.000000000000000000e+11	8.000000000000000000e+00	1.394766607640742249e-05
1.258925411794166107e+11	8.000000000000000000e+00	1.757601921280671563e-05
1.584893192461110840e+11	8.000000000000000000e+00	2.216160784651874458e-05
1.995262314968882751e+11	8.000000000000000000e+00	2.797237628138719219e-05
2.511886431509582214e+11	8.000000000000000000e+00	3.536685994300946072e-05
3.162277660168379517e+11	8.000000000000000000e+00	4.484016665607310138e-05
3.981071705534969482e+11	8.000000000000000000e+00	5.709615977763490613e-05
5.011872336272714844e+11	8.000000000000000000e+00	7.311384511386365853e-05
6.309573444801943359e+11	8.000000000000000000e+00	9.408971324659995146e-05
7.943282347242821045e+11	8.000000000000000000e+00	1.164494658692913684e-04
1.000000000000000000e+12	8.000000000000000000e+00	1.355806213563892464e-04
1.260000000000000000e+12	8.000000000000000000e+00	1.585332629463047935e-04
1.580000000000000000e+12	8.000000000000000000e+00	1.914916561064591068e-04
2.000000000000000000e+12	8.000000000000000000e+00	2.366078833880837185e-04
2.510000000000000000e+12	8.000000000000000000e+00	2.926409592515004333e-04
3.160000000000000000e+12	8.000000000000000000e+00	3.658793819196963330e-04
3.980000000000000000e+12	8.000000000000000000e+00	4.583023018371741282e-04
5.010000000000000000e+12	8.000000000000000000e+00	5.738027421963707610e-04
6.310000000000000000e+12	8.000000000000000000e+00	7.215779427854648702e-04
7.940000000000000000e+12	8.000000000000000000e+00	9.097244002511103511e-04
1.000000000000000000e+13	8.000000000000000000e+00	1.151387640658266482e-03
1.260000000000000000e+13	8.000000000000000000e+00	1.459813546872324461e-03
1.580000000000000000e+13	8.000000000000000000e+00	1.841151007398813188e-03
2.000000000000000000e+13	8.000000000000000000e+00	2.341650326306200184e-03
2.510000000000000000e+13	8.000000000000000000e+00	2.938592333225763242e-03
3.160000000000000000e+13	8.000000000000000000e+00	3.659877294731711007e-03
3.980000000000000000e+13	8.000000000000000000e+00	4.472103927326362242e-03
5.010000000000000000e+13	8.000000000000000000e+00	5.340677323229592668e-03
6.310000000000000000e+13	8.000000000000000000e+00	6.315335989308174490e-03
7.940000000000000000e+13	8.000000000000000000e+00	7.459953367207277676e-03
1.000000000000000000e+14	8.000000000000000000e+00	8.958744763735490904e-03
1.260000000000000000e+14	8.000000000000000000e+00	1.105364239388500862e-02
1.580000000000000000e+14	8.000000000000000000e+00	1.398031958482105937e-02
2.000000000000000000e+14	8.000000000000000000e+00	1.823975040729288941e-02
2.510000000000000000e+14	8.000000000000000000e+00	2.337728859840710813e-02
3.160000000000000000e+14	8.000000000000000000e+00	2.921410591209394614e-02
3.980000000000000000e+14	8.000000000000000000e+00	3.461626471020801815e-02
5.010000000000000000e+14	8.000000000000000000e+00	3.808402507810915855e-02
6.310000000000000000e+14	8.000000000000000000e+00	3.904469331731925258e-02
7.940000000000000000e+14	8.000000000000000000e+00	3.701378905156988558e-02
1.000000000000000000e+15	8.000000000000000000e+00	3.187145498896293977e-02
1.260000000000000000e+15	8.000000000000000000e+00	2.420419364289646755e-02
1.580000000000000000e+15	8.000000000000000000e+00	1.598300920110111434e-02
2.000000000000000000e+15	8.000000000000000000e+00	8.052774541265302066e-03
2.510000000000000000e+15	8.000000000000000000e+00	3.403838438722828533e-04
3.160000000000000000e+15	8.000000000000000000e+00	-6.738568988357836881e-03
3.980000000000000000e+15	8.000000000000000000e+00	-1.269516177305121674e-02
5.010000000000000000e+15	8.000000000000000000e+00	-1.735152009755609390e-02
6.310000000000000000e+15	8.000000000000000000e+00	-2.072917653697687115e-02
7.940000000000000000e+15	8.000000000000000000e+00	-2.291211310150943412e-02
1.000000000000000000e+16	8.000000000000000000e+00	-2.406919889484957983e-02
1.260000000000000000e+16	8.000000000000000000e+00	-2.436524247760086734e-02
1.580000000000000000e+16	8.000000000000000000e+00	-2.401106929215240590e-02
2.000000000000000000e+16	8.000000000000000000e+00	-2.309683119303370877e-02
2.510000000000000000e+16	8.000000000000000000e+00	-2.188034674988812572e-02
3.160000000000000000e+16	8.000000000000000000e+00	-2.040744878342707486e-02
3.980000000000000000e+16	8.000000000000000000e+00	-1.879699541514564740e-02
5.010000000000000000e+16	8.000000000000000000e+00	-1.713633195793917013e-02
6.310000000000000000e+16	8.000000000000000000e+00	-1.547650584838062074e-02
7.940000000000000000e+16	8.000000000000000000e+00	-1.387629246860967031e-02
1.000000000000000000e+17	8.000000000000000000e+00	-1.234807587046333859e-02
1.000000000000000000e+11	1.000000000000000000e+01	1.287043076371434814e-05
1.258925411794166107e+11	1.000000000000000000e+01	1.621742455687687188e-05
1.584893192461110840e+11	1.000000000000000000e+01	2.044772126741093896e-05
1.995262314968882751e+11	1.000000000000000000e+01	2.580652482547842868e-05
2.511886431509582214e+11	1.000000000000000000e+01	3.262330590211277257e-05
3.162277660168379517e+11	1.000000000000000000e+01	4.135073159977621876e-05
3.981071705534969482e+11	1.000000000000000000e+01	5.262621856552365156e-05
5.011872336272714844e+11	1.000000000000000000e+01	6.732524490944745508e-05
6.309573444801943359e+11	1.000000000000000000e+01	8.630758619977113686e-05
7.943282347242821045e+11	1.000000000000000000e+01	1.042465386644845496e-04
1.000000000000000000e+12	1.000000000000000000e+01	1.219258841689181840e-04
1.260000000000000000e+12	1.000000000000000000e+01	1.473307458480178011e-04
1.580000000000000000e+12	1.000000000000000000e+01	1.802047658172019416e-04
2.000000000000000000e+12	1.000000000000000000e+01	2.255003180007022199e-04
2.510000000000000000e+12	1.000000000000000000e+01	2.809608242967431878e-04
3.160000000000000000e+12	1.000000000000000000e+01	3.492606862560042259e-04
3.980000000000000000e+12	1.000000000000000000e+01	4.377691981515894454e-04
5.010000000000000000e+12	1.000000000000000000e+01	5.515133574624534124e-04
6.310000000000000000e+12	1.000000000000000000e+01	6.937223378106740970e-04
7.940000000000000000e+12	1.000000000000000000e+01	8.736587631849953737e-04
1.000000000000000000e+13	1.000000000000000000e+01	1.103976928603351551e-03
1.260000000000000000e+13	1.000000000000000000e+01	1.401355368970316068e-03
1.580000000000000000e+13	1.000000000000000000e+01	1.766791466316643914e-03
2.000000000000000000e+13	1.000000000000000000e+01	2.246450110393704257e-03
2.510000000000000000e+13	1.000000000000000000e+01	2.818774620446299825e-03
3.160000000000000000e+13	1.000000000000000000e+01	3.510598380125046214e-03
3.980000000000000000e+13	1.000000000000000000e+01	4.300959249804866928e-03
5.010000000000000000e+13	1.000000000000000000e+01	5.179005786016482350e-03
6.310000000000000000e+13	1.000000000000000000e+01	6.166268153035017741e-03
7.940000000000000000e+13	1.000000000000000000e+01	7.349902036544437786e-03
1.000000000000000000e+14	1.000000000000000000e+01	8.919210234043073449e-03
1.260000000000000000e+14	1.000000000000000000e+01	1.109558201272391707e-02
1.580000000000000000e+14	1.000000000000000000e+01	1.411343764020646548e-02
2.000000000000000000e+14	1.000000000000000000e+01	1.846268627037012111e-02
2.510000000000000000e+14	1.000000000000000000e+01	2.388143527179588735e-02
3.160000000000000000e+14	1.000000000000000000e+01	2.980185433002560322e-02
3.980000000000000000e+14	1.000000000000000000e+01	3.508348142131906267e-02
5.010000000000000000e+14	1.000000000000000000e+01	3.880066293680958789e-02
6.310000000000000000e+14	1.000000000000000000e+01	3.984851039835720504e-02
7.940000000000000000e+14	1.000000000000000000e+01	3.801447949118143960e-02
1.000000000000000000e+15	1.000000000000000000e+01	3.333975414241784757e-02
1.260000000000000000e+15	1.000000000000000000e+01	2.630405211592931614e-02
1.580000000000000000e+15	1.000000000000000000e+01	1.824945257839422075e-02
2.000000000000000000e+15	1.000000000000000000e+01	9.517821658144718505e-03
2.510000000000000000e+15	1.000000000000000000e+01	1.070125802790495434e-03
3.160000000000000000e+15	1.000000000000000000e+01	-6.461542094954239590e-03
3.980000000000000000e+15	1.000000000000000000e+01	-1.275809955720409034e-02
5.010000000000000000e+15	1.000000000000000000e+01	-1.767006493362659192e-02
6.310000000000000000e+15	1.000000000000000000e+01	-2.123461965173012445e-02
7.940000000000000000e+15	1.000000000000000000e+01	-2.354562097484737618e-02
1.000000000000000000e+16	1.000000000000000000e+01	-2.478319515753040977e-02
1.260000000000000000e+16	1.000000000000000000e+01	-2.512033360074262742e-02
1.580000000000000000e+16	1.000000000000000000e+01	-2.477706060360795534e-02
2.000000000000000000e+16	1.000000000000000000e+01	-2.384952880776426698e-02
2.510000000000000000e+16	1.000000000000000000e+01	-2.260432373692305291e-02
3.160000000000000000e+16	1.000000000000000000e+01	-2.109066715265393160e-02
3.980000000000000000e+16	1.000000000000000000e+01	-1.943212956244791748e-02
5.010000000000000000e+16	1.000000000000000000e+01	-1.771958855471241975e-02
6.310000000000000000e+16	1.000000000000000000e+01	-1.600700706924062383e-02
7.940000000000000000e+16	1.000000000000000000e+01	-1.435376275890984724e-02
1.000000000000000000e+17	1.000000000000000000e+01	-1.277467760391119006e-02
1.000000000000000000e+11	1.200000000000000000e+01	1.183058064084532103e-05
1.258925411794166107e+11	1.200000000000000000e+01	1.490714215747037042e-05
1.584893192461110840e+11	1.200000000000000000e+01	1.879501135844208889e-05
1.995262314968882751e+11	1.200000000000000000e+01	2.372010536453291807e-05
2.511886431509582214e+11	1.200000000000000000e+01	2.998469407867830329e-05
3.162277660168379517e+11	1.200000000000000000e+01	3.800400590522416938e-05
3.981071705534969482e+11	1.200000000000000000e+01	4.835848976679945672e-05
5.011872336272714844e+11	1.200000000000000000e+01	6.182611903324827882e-05
6.309573444801943359e+11	1.200000000000000000e+01	7.904530282319140828e-05
7.943282347242821045e+11	1.200000000000000000e+01	9.337037867633225699e-05
1.000000000000000000e+12	1.200000000000000000e+01	1.095954375596504423e-04
1.260000000000000000e+12	1.200000000000000000e+01	1.366392853940656975e-04
1.580000000000000000e+12	1.200000000000000000e+01	1.685400685390920814e-04
2.000000000000000000e+12	1.200000000000000000e+01	2.106323523992346155e-04
2.510000000000000000e+12	1.200000000000000000e+01	2.626664933131682509e-04
3.160000000000000000e+12	1.200000000000000000e+01	3.299758124076858129e-04
3.980000000000000000e+12	1.200000000000000000e+01	4.144719505606496391e-04
5.010000000000000000e+12	1.200000000000000000e+01	5.205763121029625311e-04
6.310000000000000000e+12	1.200000000000000000e+01	6.553804216599349447e-04
7.940000000000000000e+12	1.200000000000000000e+01	8.268688939144584315e-04
1.000000000000000000e+13	1.200000000000000000e+01	1.046942609007134577e-03
1.260000000000000000e+13	1.200000000000000000e+01	1.324616838182132023e-03
1.580000000000000000e+13	1.200000000000000000e+01	1.667213968354722435e-03
2.000000000000000000e+13	1.200000000000000000e+01	2.120052144648459317e-03
2.510000000000000000e+13	1.200000000000000000e+01	2.662687836815100673e-03
3.160000000000000000e+13	1.200000000000000000e+01	3.311881280849162095e-03
3.980000000000000000e+13	1.200000000000000000e+01	4.059828995948015599e-03
5.010000000000000000e+13	1.200000000000000000e+01	4.907596954266071725e-03
6.310000000000000000e+13	1.200000000000000000e+01	5.882982149530908630e-03
7.940000000000000000e+13	1.200000000000000000e+01	7.080474591332145372e-03
1.000000000000000000e+14	1.200000000000000000e+01	8.659726079131952262e-03
1.260000000000000000e+14	1.200000000000000000e+01	1.084384591371840775e-02
1.580000000000000000e+14	1.200000000000000000e+01	1.386130974854250450e-02
2.000000000000000000e+14	1.200000000000000000e+01	1.816161822533456788e-02
2.510000000000000000e+14	1.200000000000000000e+01	2.347044674036444928e-02
3.160000000000000000e+14	1.200000000000000000e+01	2.930616374370194691e-02
3.980000000000000000e+14	1.200000000000000000e+01	3.468855463385189797e-02
5.010000000000000000e+14	1.200000000000000000e+01	3.828527273665704306e-02
6.310000000000000000e+14	1.200000000000000000e+01	3.902213076936943831e-02
7.940000000000000000e+14	1.200000000000000000e+01	3.621524740293976391e-02
1.000000000000000000e+15	1.200000000000000000e+01	3.150621609689939484e-02
1.260000000000000000e+15	1.200000000000000000e+01	2.626822921423646595e-02
1.580000000000000000e+15	1.200000000000000000e+01	1.768926660369024226e-02
2.000000000000000000e+15	1.200000000000000000e+01	8.019792476619913221e-03
2.510000000000000000e+15	1.200000000000000000e+01	5.661161346370872580e-04
3.160000000000000000e+15	1.200000000000000000e+01	-6.541166290769051365e-03
3.980000000000000000e+15	1.200000000000000000e+01	-1.253511856342470754e-02
5.010000000000000000e+15	1.200000000000000000e+01	-1.722366748819459045e-02
6.310000000000000000e+15	1.200000000000000000e+01	-2.062751175270336954e-02
7.940000000000000000e+15	1.200000000000000000e+01	-2.283166055560369861e-02
1.000000000000000000e+16	1.200000000000000000e+01	-2.400503035395558718e-02
1.260000000000000000e+16	1.200000000000000000e+01	-2.431432241128161920e-02
1.580000000000000000e+16	1.200000000000000000e+01	-2.397046367035205600e-02
2.000000000000000000e+16	1.200000000000000000e+01	-2.306477032018661860e-02
2.510000000000000000e+16	1.200000000000000000e+01	-2.185480562091959497e-02
3.160000000000000000e+16	1.200000000000000000e+01	-2.038755761911181102e-02
3.980000000000000000e+16	1.200000000000000000e+01	-1.878088841230666356e-02
5.010000000000000000e+16	1.200000000000000000e+01	-1.712354078888325692e-02
6.310000000000000000e+16	1.200000000000000000e+01	-1.546691056733192314e-02
7.940000000000000000e+16	1.200000000000000000e+01	-1.386821528645825440e-02
1.000000000000000000e+17	1.200000000000000000e+01	-1.234165586719402144e-02
1.000000000000000000e+11	1.400000000000000000e+01	1.124525047462460914e-05
1.258925411794166107e+11	1.400000000000000000e+01	1.416910586823796809e-05
1.584893192461110840e+11	1.400000000000000000e+01	1.786404867084889655e-05
1.995262314968882751e+11	1.400000000000000000e+01	2.254389319763922447e-05
2.511886431509582214e+11	1.400000000000000000e+01	2.849520364988158633e-05
3.162277660168379517e+11	1.400000000000000000e+01	3.611099760115879710e-05
3.981071705534969482e+11	1.400000000000000000e+01	4.593625345106570597e-05
5.011872336272714844e+11	1.400000000000000000e+01	5.868651633282661944e-05
6.309573444801943359e+11	1.400000000000000000e+01	7.485427312248106450e-05
7.943282347242821045e+11	1.400000000000000000e+01	8.690226096766450001e-05
1.000000000000000000e+12	1.400000000000000000e+01	1.024910113830705845e-04
1.260000000000000000e+12	1.400000000000000000e+01	1.294533902705990091e-04
1.580000000000000000e+12	1.400000000000000000e+01	1.616916658926875825e-04
2.000000000000000000e+12	1.400000000000000000e+01	2.048556282146721664e-04
2.510000000000000000e+12	1.400000000000000000e+01	2.553590019407272886e-04
3.160000000000000000e+12	1.400000000000000000e+01	3.215838830252910310e-04
3.980000000000000000e+12	1.400000000000000000e+01	4.041761930385257711e-04
5.010000000000000000e+12	1.400000000000000000e+01	5.073537129152536247e-04
6.310000000000000000e+12	1.400000000000000000e+01	6.405553495792496712e-04
7.940000000000000000e+12	1.400000000000000000e+01	8.077862279147669279e-04
1.000000000000000000e+13	1.400000000000000000e+01	1.018962147180918487e-03
1.260000000000000000e+13	1.400000000000000000e+01	1.289247149972354073e-03
1.580000000000000000e+13	1.400000000000000000e+01	1.623510545853095030e-03
2.000000000000000000e+13	1.400000000000000000e+01	2.061101277676143009e-03
2.510000000000000000e+13	1.400000000000000000e+01	2.583923619607230229e-03
3.160000000000000000e+13	1.400000000000000000e+01	3.227292724038658116e-03
3.980000000000000000e+13	1.400000000000000000e+01	3.983391881844614880e-03
5.010000000000000000e+13	1.400000000000000000e+01	4.829821959704286294e-03
6.310000000000000000e+13	1.400000000000000000e+01	5.831567404585990752e-03
7.940000000000000000e+13	1.400000000000000000e+01	7.090887126064997562e-03
1.000000000000000000e+14	1.400000000000000000e+01	8.738058623456059285e-03
1.260000000000000000e+14	1.400000000000000000e+01	1.100130062541561544e-02
1.580000000000000000e+14	1.400000000000000000e+01	1.408997115691367971e-02
2.000000000000000000e+14	1.400000000000000000e+01	1.854327467621749714e-02
2.510000000000000000e+14	1.400000000000000000e+01	2.383478007376765850e-02
3.160000000000000000e+14	1.400000000000000000e+01	2.974500848840314765e-02
3.980000000000000000e+14	1.400000000000000000e+01	3.530548234753982245e-02
5.010000000000000000e+14	1.400000000000000000e+01	3.884853499986918451e-02
6.310000000000000000e+14	1.400000000000000000e+01	4.003719429273187858e-02
7.940000000000000000e+14	1.400000000000000000e+01	3.834338364882203948e-02
1.000000000000000000e+15	1.400000000000000000e+01	3.323490815259703968e-02
1.260000000000000000e+15	1.400000000000000000e+01	2.543941510268333400e-02
1.580000000000000000e+15	1.400000000000000000e+01	1.828180121170739497e-02
2.000000000000000000e+15	1.400000000000000000e+01	1.075943145752622336e-02
2.510000000000000000e+15	1.400000000000000000e+01	1.572445715021965904e-03
3.160000000000000000e+15	1.400000000000000000e+01	-6.135208079112345649e-03
3.980000000000000000e+15	1.400000000000000000e+01	-1.252349346602455761e-02
5.010000000000000000e+15	1.400000000000000000e+01	-1.749367139631836932e-02
6.310000000000000000e+15	1.400000000000000000e+01	-2.109900206113807589e-02
7.940000000000000000e+15	1.400000000000000000e+01	-2.344005589964068617e-02
1.000000000000000000e+16	1.400000000000000000e+01	-2.470023548734842991e-02
1.260000000000000000e+16	1.400000000000000000e+01	-2.505501847579913802e-02
1.580000000000000000e+16	1.400000000000000000e+01	-2.472520830516211979e-02
2.000000000000000000e+16	1.400000000000000000e+01	-2.380866456491039299e-02
2.510000000000000000e+16	1.400000000000000000e+01	-2.257182994744375698e-02
3.160000000000000000e+16	1.400000000000000000e+01	-2.106489766516277465e-02
3.980000000000000000e+16	1.400000000000000000e+01	-1.941166447446788720e-02
5.010000000000000000e+16	1.400000000000000000e+01	-1.770351236554661839e-02
6.310000000000000000e+16	1.400000000000000000e+01	-1.599409982364552799e-02
7.940000000000000000e+16	1.400000000000000000e+01	-1.434349392549143926e-02
1.000000000000000000e+17	1.400000000000000000e+01	-1.276655198313788805e-02
1.000000000000000000e+11	1.600000000000000000e+01	1.077337910550612756e-05
1.258925411794166107e+11	1.600000000000000000e+01	1.357436498143180885e-05
1.584893192461110840e+11	1.600000000000000000e+01	1.711393337994917052e-05
1.995262314968882751e+11	1.600000000000000000e+01	2.159667335683230618e-05
2.511886431509582214e+11	1.600000000000000000e+01	2.729700381790836777e-05
3.162277660168379517e+11	1.600000000000000000e+01	3.459012097243610134e-05
3.981071705534969482e+11	1.600000000000000000e+01	4.399464654359990060e-05
5.011872336272714844e+11	1.600000000000000000e+01	5.617949512337587080e-05
6.309573444801943359e+11	1.600000000000000000e+01	7.152836509499626498e-05
7.943282347242821045e+11	1.600000000000000000e+01	8.184910290854334914e-05
1.000000000000000000e+12	1.600000000000000000e+01	9.646529515731035501e-05
1.260000000000000000e+12	1.600000000000000000e+01	1.257259821977026258e-04
1.580000000000000000e+12	1.600000000000000000e+01	1.576527458059815486e-04
2.000000000000000000e+12	1.600000000000000000e+01	1.979360719714890002e-04
2.510000000000000000e+12	1.600000000000000000e+01	2.483182764324260252e-04
3.160000000000000000e+12	1.600000000000000000e+01	3.111371327883329140e-04
3.980000000000000000e+12	1.600000000000000000e+01	3.913465844018849471e-04
5.010000000000000000e+12	1.600000000000000000e+01	4.939915881127892022e-04
6.310000000000000000e+12	1.600000000000000000e+01	6.210463853693175013e-04
7.940000000000000000e+12	1.600000000000000000e+01	7.823982985989072231e-04
1.000000000000000000e+13	1.600000000000000000e+01	9.893541998273894592e-04
1.260000000000000000e+13	1.600000000000000000e+01	1.251907668982334175e-03
1.580000000000000000e+13	1.600000000000000000e+01	1.575032031344320016e-03
2.000000000000000000e+13	1.600000000000000000e+01	1.999792421369747056e-03
2.510000000000000000e+13	1.600000000000000000e+01	2.506951657558296759e-03
3.160000000000000000e+13	1.600000000000000000e+01	3.121009601595724301e-03
3.980000000000000000e+13	1.600000000000000000e+01	3.853995567611787684e-03
5.010000000000000000e+13	1.600000000000000000e+01	4.716212787065470965e-03
6.310000000000000000e+13	1.600000000000000000e+01	5.733828699422446884e-03
7.940000000000000000e+13	1.600000000000000000e+01	6.986185264752250296e-03
1.000000000000000000e+14	1.600000000000000000e+01	8.659878873324877019e-03
1.260000000000000000e+14	1.600000000000000000e+01	1.096546037995105131e-02
1.580000000000000000e+14	1.600000000000000000e+01	1.411631714652724669e-02
2.000000000000000000e+14	1.600000000000000000e+01	1.844347698008607164e-02
2.510000000000000000e+14	1.600000000000000000e+01	2.383557617205956866e-02
3.160000000000000000e+14	1.600000000000000000e+01	2.995494423114621399e-02
3.980000000000000000e+14	1.600000000000000000e+01	3.532092197240414150e-02
5.010000000000000000e+14	1.600000000000000000e+01	3.919913268180245242e-02
6.310000000000000000e+14	1.600000000000000000e+01	3.993875369750170268e-02
7.940000000000000000e+14	1.600000000000000000e+01	3.747179320685727066e-02
1.000000000000000000e+15	1.600000000000000000e+01	3.263419999790889703e-02
1.260000000000000000e+15	1.600000000000000000e+01	2.521285316138584601e-02
1.580000000000000000e+15	1.600000000000000000e+01	1.614873860937925815e-02
2.000000000000000000e+15	1.600000000000000000e+01	7.375254894986064784e-03
2.510000000000000000e+15	1.600000000000000000e+01	1.454236744524022864e-04
3.160000000000000000e+15	1.600000000000000000e+01	-6.841330418170720774e-03
3.980000000000000000e+15	1.600000000000000000e+01	-1.275935976068015912e-02
5.010000000000000000e+15	1.600000000000000000e+01	-1.739533904716549298e-02
6.310000000000000000e+15	1.600000000000000000e+01	-2.076080052499522030e-02
7.940000000000000000e+15	1.600000000000000000e+01	-2.293564564830100766e-02
1.000000000000000000e+16	1.600000000000000000e+01	-2.408727257429275903e-02
1.260000000000000000e+16	1.600000000000000000e+01	-2.437924423439967112e-02
1.580000000000000000e+16	1.600000000000000000e+01	-2.402207615998481691e-02
2.000000000000000000e+16	1.600000000000000000e+01	-2.310543869618744001e-02
2.510000000000000000e+16	1.600000000000000000e+01	-2.188716084256482619e-02
3.160000000000000000e+16	1.600000000000000000e+01	-2.041284360151025823e-02
3.980000000000000000e+16	1.600000000000000000e+01	-1.880127890458963003e-02
5.010000000000000000e+16	1.600000000000000000e+01	-1.713971555341663872e-02
6.310000000000000000e+16	1.600000000000000000e+01	-1.547979160166453733e-02
7.940000000000000000e+16	1.600000000000000000e+01	-1.387841932093291167e-02
1.000000000000000000e+17	1.600000000000000000e+01	-1.234976886385494126e-02
1.000000000000000000e+11	1.800000000000000000e+01	1.036408804865379621e-05
1.258925411794166107e+11	1.800000000000000000e+01	1.305903289159558509e-05
1.584893192461110840e+11	1.800000000000000000e+01	1.646467586909229410e-05
1.995262314968882751e+11	1.800000000000000000e+01	2.077872564125675850e-05
2.511886431509582214e+11	1.800000000000000000e+01	2.626608043758410973e-05
3.162277660168379517e+11	1.800000000000000000e+01	3.328980459100350204e-05
3.981071705534969482e+11	1.800000000000000000e+01	4.235259828241158553e-05
5.011872336272714844e+11	1.800000000000000000e+01	5.410175002080535266e-05
6.309573444801943359e+11	1.800000000000000000e+01	6.888814305568999677e-05
7.943282347242821045e+11	1.800000000000000000e+01	7.847448438517119567e-05
1.000000000000000000e+12	1.800000000000000000e+01	9.206439460157978308e-05
1.260000000000000000e+12	1.800000000000000000e+01	1.194809001135730742e-04
1.580000000000000000e+12	1.800000000000000000e+01	1.503068795267410772e-04
2.000000000000000000e+12	1.800000000000000000e+01	1.904435669285638199e-04
2.510000000000000000e+12	1.800000000000000000e+01	2.392061379553151671e-04
3.160000000000000000e+12	1.800000000000000000e+01	3.019368676261570536e-04
3.980000000000000000e+12	1.800000000000000000e+01	3.799709219124971712e-04
5.010000000000000000e+12	1.800000000000000000e+01	4.770935850153545672e-04
6.310000000000000000e+12	1.800000000000000000e+01	6.018539846209587261e-04
7.940000000000000000e+12	1.800000000000000000e+01	7.593737901571850522e-04
1.000000000000000000e+13	1.800000000000000000e+01	9.583084759831725277e-04
1.260000000000000000e+13	1.800000000000000000e+01	1.210833900485136679e-03
1.580000000000000000e+13	1.800000000000000000e+01	1.523730153944811375e-03
2.000000000000000000e+13	1.800000000000000000e+01	1.931463030339861065e-03
2.510000000000000000e+13	1.800000000000000000e+01	2.424290399569742262e-03
3.160000000000000000e+13	1.800000000000000000e+01	3.034675072486846519e-03
3.980000000000000000e+13	1.800000000000000000e+01	3.756366931619525146e-03
5.010000000000000000e+13	1.800000000000000000e+01	4.593663339646411256e-03
6.310000000000000000e+13	1.800000000000000000e+01	5.609865455822180685e-03
7.940000000000000000e+13	1.800000000000000000e+01	6.887038220200319624e-03
1.000000000000000000e+14	1.800000000000000000e+01	8.574609256624196249e-03
1.260000000000000000e+14	1.800000000000000000e+01	1.087812322492843868e-02
1.580000000000000000e+14	1.800000000000000000e+01	1.401641216063598608e-02
2.000000000000000000e+14	1.800000000000000000e+01	1.849658774797634936e-02
2.510000000000000000e+14	1.800000000000000000e+01	2.377161832876067277e-02
3.160000000000000000e+14	1.800000000000000000e+01	2.951186260774010806e-02
3.980000000000000000e+14	1.800000000000000000e+01	3.483545453598099750e-02
5.010000000000000000e+14	1.800000000000000000e+01	3.810543525628626998e-02
6.310000000000000000e+14	1.800000000000000000e+01	3.957661148770835746e-02
7.940000000000000000e+14	1.800000000000000000e+01	3.757991663857209591e-02
1.000000000000000000e+15	1.800000000000000000e+01	3.237992291758852448e-02
1.260000000000000000e+15	1.800000000000000000e+01	2.668951384699073948e-02
1.580000000000000000e+15	1.800000000000000000e+01	1.996905825723705244e-02
2.000000000000000000e+15	1.800000000000000000e+01	1.151745846436991010e-02
2.510000000000000000e+15	1.800000000000000000e+01	2.081806765843439294e-03
3.160000000000000000e+15	1.800000000000000000e+01	-5.765173567266674778e-03
3.980000000000000000e+15	1.800000000000000000e+01	-1.224421301713450247e-02
5.010000000000000000e+15	1.800000000000000000e+01	-1.727836759333550160e-02
6.310000000000000000e+15	1.800000000000000000e+01	-2.093116662383829804e-02
7.940000000000000000e+15	1.800000000000000000e+01	-2.330855831898114017e-02
1.000000000000000000e+16	1.800000000000000000e+01	-2.459627807641034600e-02
1.260000000000000000e+16	1.800000000000000000e+01	-2.497285073883771453e-02
1.580000000000000000e+16	1.800000000000000000e+01	-2.465987814016008806e-02
2.000000000000000000e+16	1.800000000000000000e+01	-2.375714723172724432e-02
2.510000000000000000e+16	1.800000000000000000e+01	-2.253081244133345318e-02
3.160000000000000000e+16	1.800000000000000000e+01	-2.103234581655846758e-02
3.980000000000000000e+16	1.800000000000000000e+01	-1.938580578279170893e-02
5.010000000000000000e+16	1.800000000000000000e+01	-1.768284655552426060e-02
6.310000000000000000e+16	1.800000000000000000e+01	-1.597781957228100111e-02
7.940000000000000000e+16	1.800000000000000000e+01	-1.433054730611506636e-02
1.000000000000000000e+17	1.800000000000000000e+01	-1.275626210897436337e-02
1.000000000000000000e+11	2.000000000000000000e+01	1.008473344713224394e-05
1.258925411794166107e+11	2.000000000000000000e+01	1.270665199369965055e-05
1.584893192461110840e+11	2.000000000000000000e+01	1.602024694103448724e-05
1.995262314968882751e+11	2.000000000000000000e+01	2.021713031015929979e-05
2.511886431509582214e+11	2.000000000000000000e+01	2.555483176203281100e-05
3.162277660168379517e+11	2.000000000000000000e+01	3.238537334863595177e-05
3.981071705534969482e+11	2.000000000000000000e+01	4.119435296251527310e-05
5.011872336272714844e+11	2.000000000000000000e+01	5.261695321025954344e-05
6.309573444801943359e+11	2.000000000000000000e+01	6.686805803226421286e-05
7.943282347242821045e+11	2.000000000000000000e+01	7.525577601353770039e-05
1.000000000000000000e+12	2.000000000000000000e+01	8.860957663902846958e-05
1.260000000000000000e+12	2.000000000000000000e+01	1.170576161109076406e-04
1.580000000000000000e+12	2.000000000000000000e+01	1.487338273197177387e-04
2.000000000000000000e+12	2.000000000000000000e+01	1.883487944757642764e-04
2.510000000000000000e+12	2.000000000000000000e+01	2.350849194457733298e-04
3.160000000000000000e+12	2.000000000000000000e+01	2.956925857402469015e-04
3.980000000000000000e+12	2.000000000000000000e+01	3.730312100065033575e-04
5.010000000000000000e+12	2.000000000000000000e+01	4.693257273533752122e-04
6.310000000000000000e+12	2.000000000000000000e+01	5.907170809715048265e-04
7.940000000000000000e+12	2.000000000000000000e+01	7.442428038815789189e-04
1.000000000000000000e+13	2.000000000000000000e+01	9.397715677944819485e-04
1.260000000000000000e+13	2.000000000000000000e+01	1.187178283637239018e-03
1.580000000000000000e+13	2.000000000000000000e+01	1.491981006016150331e-03
2.000000000000000000e+13	2.000000000000000000e+01	1.896652808329112819e-03
2.510000000000000000e+13	2.000000000000000000e+01	2.375068604288280583e-03
3.160000000000000000e+13	2.000000000000000000e+01	2.970675525668960495e-03
3.980000000000000000e+13	2.000000000000000000e+01	3.676269012467970904e-03
5.010000000000000000e+13	2.000000000000000000e+01	4.504256059326176669e-03
6.310000000000000000e+13	2.000000000000000000e+01	5.542293616158266989e-03
7.940000000000000000e+13	2.000000000000000000e+01	6.838413584987253734e-03
1.000000000000000000e+14	2.000000000000000000e+01	8.533889225235439038e-03
1.260000000000000000e+14	2.000000000000000000e+01	1.085554700950209193e-02
1.580000000000000000e+14	2.000000000000000000e+01	1.391294188792554544e-02
2.000000000000000000e+14	2.000000000000000000e+01	1.829259147209312195e-02
2.510000000000000000e+14	2.000000000000000000e+01	2.380614790630262295e-02
3.160000000000000000e+14	2.000000000000000000e+01	2.981285072517749629e-02
3.980000000000000000e+14	2.000000000000000000e+01	3.500236581092325272e-02
5.010000000000000000e+14	2.000000000000000000e+01	3.902924144848112648e-02
6.310000000000000000e+14	2.000000000000000000e+01	3.937543891861443324e-02
7.940000000000000000e+14	2.000000000000000000e+01	3.760208915649097122e-02
1.000000000000000000e+15	2.000000000000000000e+01	3.391665569315473888e-02
1.260000000000000000e+15	2.000000000000000000e+01	2.573005386736852695e-02
1.580000000000000000e+15	2.000000000000000000e+01	1.648697995808230676e-02
2.000000000000000000e+15	2.000000000000000000e+01	7.616632729730983022e-03
2.510000000000000000e+15	2.000000000000000000e+01	3.274942647505736833e-04
3.160000000000000000e+15	2.000000000000000000e+01	-6.701471327995939080e-03
3.980000000000000000e+15	2.000000000000000000e+01	-1.265043212981296211e-02
5.010000000000000000e+15	2.000000000000000000e+01	-1.730993996116561573e-02
6.310000000000000000e+15	2.000000000000000000e+01	-2.069353910232315727e-02
7.940000000000000000e+15	2.000000000000000000e+01	-2.288255956751732503e-02
1.000000000000000000e+16	2.000000000000000000e+01	-2.404513935574231417e-02
1.260000000000000000e+16	2.000000000000000000e+01	-2.434585851400113132e-02
1.580000000000000000e+16	2.000000000000000000e+01	-2.399549798552650520e-02
2.000000000000000000e+16	2.000000000000000000e+01	-2.308447632881058600e-02
2.510000000000000000e+16	2.000000000000000000e+01	-2.187047675021803333e-02
3.160000000000000000e+16	2.000000000000000000e+01	-2.039957612296820419e-02
3.980000000000000000e+16	2.000000000000000000e+01	-1.879074487437791194e-02
5.010000000000000000e+16	2.000000000000000000e+01	-1.713136813173393377e-02
6.310000000000000000e+16	2.000000000000000000e+01	-1.547314990941703501e-02
7.940000000000000000e+16	2.000000000000000000e+01	-1.387314016231024766e-02
1.000000000000000000e+17	2.000000000000000000e+01	-1.234557792387779018e-02
1.000000000000000000e+11	2.200000000000000000e+01	9.811155508796726965e-06
1.258925411794166107e+11	2.200000000000000000e+01	1.236237973918857991e-05
1.584893192461110840e+11	2.200000000000000000e+01	1.558650185833816387e-05
1.995262314968882751e+11	2.200000000000000000e+01	1.967088301563660953e-05
2.511886431509582214e+11	2.200000000000000000e+01	2.486655293613527584e-05
3.162277660168379517e+11	2.200000000000000000e+01	3.151803866455274585e-05
3.981071705534969482e+11	2.200000000000000000e+01	4.010062825055835990e-05
5.011872336272714844e+11	2.200000000000000000e+01	5.123614726178477941e-05
6.309573444801943359e+11	2.200000000000000000e+01	6.512147281898141146e-05
7.943282347242821045e+11	2.200000000000000000e+01	7.303889266218156014e-05
1.000000000000000000e+12	2.200000000000000000e+01	8.577590369056675257e-05
1.260000000000000000e+12	2.200000000000000000e+01	1.133678795437630582e-04
1.580000000000000000e+12	2.200000000000000000e+01	1.434311742957096090e-04
2.000000000000000000e+12	2.200000000000000000e+01	1.823554066445340837e-04
2.510000000000000000e+12	2.200000000000000000e+01	2.299662113269598243e-04
3.160000000000000000e+12	2.200000000000000000e+01	2.893677208034502483e-04
3.980000000000000000e+12	2.200000000000000000e+01	3.631728881105029841e-04
5.010000000000000000e+12	2.200000000000000000e+01	4.575516734620140719e-04
6.310000000000000000e+12	2.200000000000000000e+01	5.767110944640876360e-04
7.940000000000000000e+12	2.200000000000000000e+01	7.250348104442851929e-04
1.000000000000000000e+13	2.200000000000000000e+01	9.161582803738873345e-04
1.260000000000000000e+13	2.200000000000000000e+01	1.158406191350858398e-03
1.580000000000000000e+13	2.200000000000000000e+01	1.455358646306859722e-03
2.000000000000000000e+13	2.200000000000000000e+01	1.843299222484640369e-03
2.510000000000000000e+13	2.200000000000000000e+01	2.311657467098391164e-03
3.160000000000000000e+13	2.200000000000000000e+01	2.891926778355382709e-03
3.980000000000000000e+13	2.200000000000000000e+01	3.595467937841257539e-03
5.010000000000000000e+13	2.200000000000000000e+01	4.447382382361977742e-03
6.310000000000000000e+13	2.200000000000000000e+01	5.470423380361283568e-03
7.940000000000000000e+13	2.200000000000000000e+01	6.757893000529482767e-03
1.000000000000000000e+14	2.200000000000000000e+01	8.449478710672029755e-03
1.260000000000000000e+14	2.200000000000000000e+01	1.074003907888871831e-02
1.580000000000000000e+14	2.200000000000000000e+01	1.390773285822826007e-02
2.000000000000000000e+14	2.200000000000000000e+01	1.839277172608430946e-02
2.510000000000000000e+14	2.200000000000000000e+01	2.366703499188430732e-02
3.160000000000000000e+14	2.200000000000000000e+01	2.939340938451763530e-02
3.980000000000000000e+14	2.200000000000000000e+01	3.461199353971912418e-02
5.010000000000000000e+14	2.200000000000000000e+01	3.817878427093356758e-02
6.310000000000000000e+14	2.200000000000000000e+01	3.995011440232863059e-02
7.940000000000000000e+14	2.200000000000000000e+01	3.821083985255937371e-02
1.000000000000000000e+15	2.200000000000000000e+01	3.175719480455767990e-02
1.260000000000000000e+15	2.200000000000000000e+01	2.444494531104711085e-02
1.580000000000000000e+15	2.200000000000000000e+01	1.743471364381095345e-02
2.000000000000000000e+15	2.200000000000000000e+01	9.103449823590814907e-03
2.510000000000000000e+15	2.200000000000000000e+01	9.636860460965830958e-04
3.160000000000000000e+15	2.200000000000000000e+01	-6.289250750943609948e-03
3.980000000000000000e+15	2.200000000000000000e+01	-1.235577980336782788e-02
5.010000000000000000e+15	2.200000000000000000e+01	-1.708929029707670355e-02
6.310000000000000000e+15	2.200000000000000000e+01	-2.052452022710183829e-02
7.940000000000000000e+15	2.200000000000000000e+01	-2.275147593612223199e-02
1.000000000000000000e+16	2.200000000000000000e+01	-2.394216605770561543e-02
1.260000000000000000e+16	2.200000000000000000e+01	-2.426481157681285514e-02
1.580000000000000000e+16	2.200000000000000000e+01	-2.393119052594253407e-02
2.000000000000000000e+16	2.200000000000000000e+01	-2.303381596341647769e-02
2.510000000000000000e+16	2.200000000000000000e+01	-2.183018197354339232e-02
3.160000000000000000e+16	2.200000000000000000e+01	-2.036763456814563028e-02
3.980000000000000000e+16	2.200000000000000000e+01	-1.876537766095703885e-02
5.010000000000000000e+16	2.200000000000000000e+01	-1.711144324679199358e-02
6.310000000000000000e+16	2.200000000000000000e+01	-1.545717815151686179e-02
7.940000000000000000e+16	2.200000000000000000e+01	-1.386045312424415837e-02
1.000000000000000000e+17	2.200000000000000000e+01	-1.233549904733991648e-02
