1.000000000000000000e+11	5.000000000000000000e-01	1.000000000000000269e-09
1.258925411794166107e+11	5.000000000000000000e-01	3.162277660168366287e-09
1.584893192461110840e+11	5.000000000000000000e-01	9.999999999999919146e-09
1.995262314968882751e+11	5.000000000000000000e-01	3.162277660168404337e-08
2.511886431509582214e+11	5.000000000000000000e-01	1.000000000000004455e-07
3.162277660168379517e+11	5.000000000000000000e-01	3.162277660168379721e-07
3.981071705534969482e+11	5.000000000000000000e-01	9.999999999999959313e-07
5.011872336272714844e+11	5.000000000000000000e-01	3.162277660168353780e-06
6.309573444801943359e+11	5.000000000000000000e-01	1.000000000000008891e-05
7.943282347242821045e+11	5.000000000000000000e-01	3.162277660168392405e-05
1.000000000000000000e+12	5.000000000000000000e-01	1.289999999999999914e-04
1.260000000000000000e+12	5.000000000000000000e-01	1.369999999999999961e-04
1.580000000000000000e+12	5.000000000000000000e-01	1.420000000000000092e-04
2.000000000000000000e+12	5.000000000000000000e-01	1.479999999999999925e-04
2.510000000000000000e+12	5.000000000000000000e-01	1.540000000000000028e-04
3.160000000000000000e+12	5.000000000000000000e-01	1.610000000000000103e-04
3.980000000000000000e+12	5.000000000000000000e-01	1.700000000000000122e-04
5.010000000000000000e+12	5.000000000000000000e-01	1.810000000000000085e-04
6.310000000000000000e+12	5.000000000000000000e-01	1.939999999999999993e-04
7.940000000000000000e+12	5.000000000000000000e-01	2.120000000000000031e-04
1.000000000000000000e+13	5.000000000000000000e-01	2.550000000000000183e-04
1.260000000000000000e+13	5.000000000000000000e-01	3.550000000000000096e-04
1.580000000000000000e+13	5.000000000000000000e-01	5.389999999999999826e-04
2.000000000000000000e+13	5.000000000000000000e-01	8.750000000000000182e-04
2.510000000000000000e+13	5.000000000000000000e-01	1.500000000000000031e-03
3.160000000000000000e+13	5.000000000000000000e-01	2.579999999999999828e-03
3.980000000000000000e+13	5.000000000000000000e-01	4.170000000000000095e-03
5.010000000000000000e+13	5.000000000000000000e-01	6.089999999999999927e-03
6.310000000000000000e+13	5.000000000000000000e-01	7.979999999999999247e-03
7.940000000000000000e+13	5.000000000000000000e-01	9.520000000000000684e-03
1.000000000000000000e+14	5.000000000000000000e-01	1.050000000000000065e-02
1.260000000000000000e+14	5.000000000000000000e-01	1.099999999999999936e-02
1.580000000000000000e+14	5.000000000000000000e-01	1.149999999999999981e-02
2.000000000000000000e+14	5.000000000000000000e-01	1.290000000000000001e-02
2.510000000000000000e+14	5.000000000000000000e-01	1.700000000000000122e-02
3.160000000000000000e+14	5.000000000000000000e-01	2.539999999999999897e-02
3.980000000000000000e+14	5.000000000000000000e-01	3.889999999999999708e-02
5.010000000000000000e+14	5.000000000000000000e-01	5.700000000000000205e-02
6.310000000000000000e+14	5.000000000000000000e-01	7.770000000000000517e-02
7.940000000000000000e+14	5.000000000000000000e-01	9.850000000000000422e-02
1.000000000000000000e+15	5.000000000000000000e-01	1.170000000000000068e-01
1.260000000000000000e+15	5.000000000000000000e-01	1.310000000000000053e-01
1.580000000000000000e+15	5.000000000000000000e-01	1.400000000000000133e-01
2.000000000000000000e+15	5.000000000000000000e-01	1.439999999999999891e-01
2.510000000000000000e+15	5.000000000000000000e-01	1.429999999999999882e-01
3.160000000000000000e+15	5.000000000000000000e-01	1.370000000000000107e-01
3.980000000000000000e+15	5.000000000000000000e-01	1.280000000000000027e-01
5.010000000000000000e+15	5.000000000000000000e-01	1.160000000000000059e-01
6.310000000000000000e+15	5.000000000000000000e-01	1.039999999999999952e-01
7.940000000000000000e+15	5.000000000000000000e-01	9.149999999999999800e-02
1.000000000000000000e+16	5.000000000000000000e-01	7.979999999999999594e-02
1.260000000000000000e+16	5.000000000000000000e-01	6.900000000000000577e-02
1.580000000000000000e+16	5.000000000000000000e-01	5.920000000000000262e-02
2.000000000000000000e+16	5.000000000000000000e-01	5.059999999999999915e-02
2.510000000000000000e+16	5.000000000000000000e-01	4.299999999999999656e-02
3.160000000000000000e+16	5.000000000000000000e-01	3.629999999999999893e-02
3.980000000000000000e+16	5.000000000000000000e-01	3.059999999999999873e-02
5.010000000000000000e+16	5.000000000000000000e-01	2.580000000000000002e-02
6.310000000000000000e+16	5.000000000000000000e-01	2.160000000000000114e-02
7.940000000000000000e+16	5.000000000000000000e-01	1.810000000000000150e-02
1.000000000000000000e+17	5.000000000000000000e-01	1.510000000000000057e-02
1.000000000000000000e+11	1.500000000000000000e+00	1.000000000000000269e-09
1.258925411794166107e+11	1.500000000000000000e+00	3.162277660168366287e-09
1.584893192461110840e+11	1.500000000000000000e+00	9.999999999999919146e-09
1.995262314968882751e+11	1.500000000000000000e+00	3.162277660168404337e-08
2.511886431509582214e+11	1.500000000000000000e+00	1.000000000000004455e-07
3.162277660168379517e+11	1.500000000000000000e+00	3.162277660168379721e-07
3.981071705534969482e+11	1.500000000000000000e+00	9.999999999999959313e-07
5.011872336272714844e+11	1.500000000000000000e+00	3.162277660168353780e-06
6.309573444801943359e+11	1.500000000000000000e+00	1.000000000000008891e-05
7.943282347242821045e+11	1.500000000000000000e+00	3.162277660168392405e-05
1.000000000000000000e+12	1.500000000000000000e+00	1.050000000000000044e-04
1.260000000000000000e+12	1.500000000000000000e+00	1.119999999999999848e-04
1.580000000000000000e+12	1.500000000000000000e+00	1.150000000000000035e-04
2.000000000000000000e+12	1.500000000000000000e+00	1.189999999999999923e-04
2.510000000000000000e+12	1.500000000000000000e+00	1.230000000000000082e-04
3.160000000000000000e+12	1.500000000000000000e+00	1.279999999999999671e-04
3.980000000000000000e+12	1.500000000000000000e+00	1.329999999999999802e-04
5.010000000000000000e+12	1.500000000000000000e+00	1.399999999999999877e-04
6.310000000000000000e+12	1.500000000000000000e+00	1.480000000000000196e-04
7.940000000000000000e+12	1.500000000000000000e+00	1.610000000000000103e-04
1.000000000000000000e+13	1.500000000000000000e+00	1.899999999999999563e-04
1.260000000000000000e+13	1.500000000000000000e+00	2.629999999999999417e-04
1.580000000000000000e+13	1.500000000000000000e+00	3.980000000000000248e-04
2.000000000000000000e+13	1.500000000000000000e+00	6.450000000000000655e-04
2.510000000000000000e+13	1.500000000000000000e+00	1.119999999999999902e-03
3.160000000000000000e+13	1.500000000000000000e+00	1.939999999999999884e-03
3.980000000000000000e+13	1.500000000000000000e+00	3.139999999999999562e-03
5.010000000000000000e+13	1.500000000000000000e+00	4.609999999999999515e-03
6.310000000000000000e+13	1.500000000000000000e+00	6.020000000000001045e-03
7.940000000000000000e+13	1.500000000000000000e+00	7.179999999999998883e-03
1.000000000000000000e+14	1.500000000000000000e+00	7.999999999999998432e-03
1.260000000000000000e+14	1.500000000000000000e+00	8.400000000000001216e-03
1.580000000000000000e+14	1.500000000000000000e+00	8.900000000000001660e-03
2.000000000000000000e+14	1.500000000000000000e+00	1.050000000000000065e-02
2.510000000000000000e+14	1.500000000000000000e+00	1.469999999999999779e-02
3.160000000000000000e+14	1.500000000000000000e+00	2.319999999999999840e-02
3.980000000000000000e+14	1.500000000000000000e+00	3.699999999999999817e-02
5.010000000000000000e+14	1.500000000000000000e+00	5.500000000000000028e-02
6.310000000000000000e+14	1.500000000000000000e+00	7.629999999999999283e-02
7.940000000000000000e+14	1.500000000000000000e+00	9.750000000000000333e-02
1.000000000000000000e+15	1.500000000000000000e+00	1.160000000000000059e-01
1.260000000000000000e+15	1.500000000000000000e+00	1.300000000000000044e-01
1.580000000000000000e+15	1.500000000000000000e+00	1.400000000000000133e-01
2.000000000000000000e+15	1.500000000000000000e+00	1.439999999999999891e-01
2.510000000000000000e+15	1.500000000000000000e+00	1.429999999999999882e-01
3.160000000000000000e+15	1.500000000000000000e+00	1.370000000000000107e-01
3.980000000000000000e+15	1.500000000000000000e+00	1.270000000000000018e-01
5.010000000000000000e+15	1.500000000000000000e+00	1.160000000000000059e-01
6.310000000000000000e+15	1.500000000000000000e+00	1.029999999999999943e-01
7.940000000000000000e+15	1.500000000000000000e+00	9.149999999999999800e-02
1.000000000000000000e+16	1.500000000000000000e+00	7.920000000000000651e-02
1.260000000000000000e+16	1.500000000000000000e+00	6.900000000000000577e-02
1.580000000000000000e+16	1.500000000000000000e+00	5.879999999999999116e-02
2.000000000000000000e+16	1.500000000000000000e+00	5.040000000000000729e-02
2.510000000000000000e+16	1.500000000000000000e+00	4.280000000000000471e-02
3.160000000000000000e+16	1.500000000000000000e+00	3.629999999999999893e-02
3.980000000000000000e+16	1.500000000000000000e+00	3.059999999999999873e-02
5.010000000000000000e+16	1.500000000000000000e+00	2.569999999999999715e-02
6.310000000000000000e+16	1.500000000000000000e+00	2.149999999999999828e-02
7.940000000000000000e+16	1.500000000000000000e+00	1.799999999999999864e-02
1.000000000000000000e+17	1.500000000000000000e+00	1.499999999999999771e-02
1.000000000000000000e+11	2.500000000000000000e+00	1.000000000000000269e-09
1.258925411794166107e+11	2.500000000000000000e+00	3.162277660168366287e-09
1.584893192461110840e+11	2.500000000000000000e+00	9.999999999999919146e-09
1.995262314968882751e+11	2.500000000000000000e+00	3.162277660168404337e-08
2.511886431509582214e+11	2.500000000000000000e+00	1.000000000000004455e-07
3.162277660168379517e+11	2.500000000000000000e+00	3.162277660168379721e-07
3.981071705534969482e+11	2.500000000000000000e+00	9.999999999999959313e-07
5.011872336272714844e+11	2.500000000000000000e+00	3.162277660168353780e-06
6.309573444801943359e+11	2.500000000000000000e+00	1.000000000000008891e-05
7.943282347242821045e+11	2.500000000000000000e+00	3.162277660168392405e-05
1.000000000000000000e+12	2.500000000000000000e+00	8.500000000000000611e-05
1.260000000000000000e+12	2.500000000000000000e+00	9.000000000000001922e-05
1.580000000000000000e+12	2.500000000000000000e+00	9.400000000000000803e-05
2.000000000000000000e+12	2.500000000000000000e+00	9.700000000000002674e-05
2.510000000000000000e+12	2.500000000000000000e+00	9.899999999999996693e-05
3.160000000000000000e+12	2.500000000000000000e+00	1.020000000000000399e-04
3.980000000000000000e+12	2.500000000000000000e+00	1.060000000000000287e-04
5.010000000000000000e+12	2.500000000000000000e+00	1.109999999999999876e-04
6.310000000000000000e+12	2.500000000000000000e+00	1.169999999999999708e-04
7.940000000000000000e+12	2.500000000000000000e+00	1.249999999999999484e-04
1.000000000000000000e+13	2.500000000000000000e+00	1.480000000000000196e-04
1.260000000000000000e+13	2.500000000000000000e+00	2.060000000000000199e-04
1.580000000000000000e+13	2.500000000000000000e+00	3.130000000000000187e-04
2.000000000000000000e+13	2.500000000000000000e+00	5.200000000000000629e-04
2.510000000000000000e+13	2.500000000000000000e+00	9.000000000000001922e-04
3.160000000000000000e+13	2.500000000000000000e+00	1.560000000000000622e-03
3.980000000000000000e+13	2.500000000000000000e+00	2.539999999999999723e-03
5.010000000000000000e+13	2.500000000000000000e+00	3.700000000000000164e-03
6.310000000000000000e+13	2.500000000000000000e+00	4.899999999999999842e-03
7.940000000000000000e+13	2.500000000000000000e+00	5.899999999999998995e-03
1.000000000000000000e+14	2.500000000000000000e+00	6.399999999999999439e-03
1.260000000000000000e+14	2.500000000000000000e+00	6.800000000000000488e-03
1.580000000000000000e+14	2.500000000000000000e+00	7.299999999999997463e-03
2.000000000000000000e+14	2.500000000000000000e+00	8.900000000000001660e-03
2.510000000000000000e+14	2.500000000000000000e+00	1.329999999999999932e-02
3.160000000000000000e+14	2.500000000000000000e+00	2.199999999999999872e-02
3.980000000000000000e+14	2.500000000000000000e+00	3.610000000000000708e-02
5.010000000000000000e+14	2.500000000000000000e+00	5.500000000000000722e-02
6.310000000000000000e+14	2.500000000000000000e+00	7.500000000000001110e-02
7.940000000000000000e+14	2.500000000000000000e+00	9.599999999999997424e-02
1.000000000000000000e+15	2.500000000000000000e+00	1.149999999999999634e-01
1.260000000000000000e+15	2.500000000000000000e+00	1.300000000000000044e-01
1.580000000000000000e+15	2.500000000000000000e+00	1.389999999999999569e-01
2.000000000000000000e+15	2.500000000000000000e+00	1.440000000000000169e-01
2.510000000000000000e+15	2.500000000000000000e+00	1.420000000000000151e-01
3.160000000000000000e+15	2.500000000000000000e+00	1.359999999999999543e-01
3.980000000000000000e+15	2.500000000000000000e+00	1.260000000000000009e-01
5.010000000000000000e+15	2.500000000000000000e+00	1.149999999999999634e-01
6.310000000000000000e+15	2.500000000000000000e+00	1.030000000000000082e-01
7.940000000000000000e+15	2.500000000000000000e+00	9.100000000000002531e-02
1.000000000000000000e+16	2.500000000000000000e+00	7.999999999999998779e-02
1.260000000000000000e+16	2.500000000000000000e+00	6.899999999999997802e-02
1.580000000000000000e+16	2.500000000000000000e+00	5.899999999999999689e-02
2.000000000000000000e+16	2.500000000000000000e+00	4.999999999999998890e-02
2.510000000000000000e+16	2.500000000000000000e+00	4.320000000000000229e-02
3.160000000000000000e+16	2.500000000000000000e+00	3.640000000000000180e-02
3.980000000000000000e+16	2.500000000000000000e+00	3.060000000000000914e-02
5.010000000000000000e+16	2.500000000000000000e+00	2.560000000000000470e-02
6.310000000000000000e+16	2.500000000000000000e+00	2.150000000000000522e-02
7.940000000000000000e+16	2.500000000000000000e+00	1.800000000000000211e-02
1.000000000000000000e+17	2.500000000000000000e+00	1.500000000000000291e-02
1.000000000000000000e+11	4.000000000000000000e+00	1.000000000000000269e-09
1.258925411794166107e+11	4.000000000000000000e+00	3.162277660168366287e-09
1.584893192461110840e+11	4.000000000000000000e+00	9.999999999999919146e-09
1.995262314968882751e+11	4.000000000000000000e+00	3.162277660168404337e-08
2.511886431509582214e+11	4.000000000000000000e+00	1.000000000000004455e-07
3.162277660168379517e+11	4.000000000000000000e+00	3.162277660168379721e-07
3.981071705534969482e+11	4.000000000000000000e+00	9.999999999999959313e-07
5.011872336272714844e+11	4.000000000000000000e+00	3.162277660168353780e-06
6.309573444801943359e+11	4.000000000000000000e+00	1.000000000000008891e-05
7.943282347242821045e+11	4.000000000000000000e+00	3.162277660168392405e-05
1.000000000000000000e+12	4.000000000000000000e+00	6.050000000000000690e-05
1.260000000000000000e+12	4.000000000000000000e+00	6.449999999999999570e-05
1.580000000000000000e+12	4.000000000000000000e+00	6.649999999999999011e-05
2.000000000000000000e+12	4.000000000000000000e+00	6.799999999999999946e-05
2.510000000000000000e+12	4.000000000000000000e+00	7.050000000000000602e-05
3.160000000000000000e+12	4.000000000000000000e+00	7.300000000000001258e-05
3.980000000000000000e+12	4.000000000000000000e+00	7.549999999999996493e-05
5.010000000000000000e+12	4.000000000000000000e+00	7.850000000000001074e-05
6.310000000000000000e+12	4.000000000000000000e+00	8.300000000000001170e-05
7.940000000000000000e+12	4.000000000000000000e+00	9.000000000000001922e-05
1.000000000000000000e+13	4.000000000000000000e+00	1.080000000000000231e-04
1.260000000000000000e+13	4.000000000000000000e+00	1.529999999999999785e-04
1.580000000000000000e+13	4.000000000000000000e+00	2.449999999999999921e-04
2.000000000000000000e+13	4.000000000000000000e+00	4.099999999999999912e-04
2.510000000000000000e+13	4.000000000000000000e+00	7.199999999999999369e-04
3.160000000000000000e+13	4.000000000000000000e+00	1.255000000000000039e-03
3.980000000000000000e+13	4.000000000000000000e+00	2.075000000000000455e-03
5.010000000000000000e+13	4.000000000000000000e+00	3.000000000000000930e-03
6.310000000000000000e+13	4.000000000000000000e+00	3.950000000000000386e-03
7.940000000000000000e+13	4.000000000000000000e+00	4.649999999999999620e-03
1.000000000000000000e+14	4.000000000000000000e+00	5.150000000000001799e-03
1.260000000000000000e+14	4.000000000000000000e+00	5.399999999999998551e-03
1.580000000000000000e+14	4.000000000000000000e+00	5.849999999999999298e-03
2.000000000000000000e+14	4.000000000000000000e+00	7.549999999999997685e-03
2.510000000000000000e+14	4.000000000000000000e+00	1.195000000000000229e-02
3.160000000000000000e+14	4.000000000000000000e+00	2.070000000000000312e-02
3.980000000000000000e+14	4.000000000000000000e+00	3.449999999999999595e-02
5.010000000000000000e+14	4.000000000000000000e+00	5.300000000000000544e-02
6.310000000000000000e+14	4.000000000000000000e+00	7.449999999999999678e-02
7.940000000000000000e+14	4.000000000000000000e+00	9.600000000000000200e-02
1.000000000000000000e+15	4.000000000000000000e+00	1.144999999999999907e-01
1.260000000000000000e+15	4.000000000000000000e+00	1.295000000000000040e-01
1.580000000000000000e+15	4.000000000000000000e+00	1.389999999999999847e-01
2.000000000000000000e+15	4.000000000000000000e+00	1.424999999999999878e-01
2.510000000000000000e+15	4.000000000000000000e+00	1.419999999999999873e-01
3.160000000000000000e+15	4.000000000000000000e+00	1.360000000000000375e-01
3.980000000000000000e+15	4.000000000000000000e+00	1.270000000000000018e-01
5.010000000000000000e+15	4.000000000000000000e+00	1.154999999999999916e-01
6.310000000000000000e+15	4.000000000000000000e+00	1.035000000000000087e-01
7.940000000000000000e+15	4.000000000000000000e+00	9.099999999999999756e-02
1.000000000000000000e+16	4.000000000000000000e+00	7.950000000000001510e-02
1.260000000000000000e+16	4.000000000000000000e+00	6.849999999999999145e-02
1.580000000000000000e+16	4.000000000000000000e+00	5.899999999999999689e-02
2.000000000000000000e+16	4.000000000000000000e+00	5.050000000000000322e-02
2.510000000000000000e+16	4.000000000000000000e+00	4.249999999999999611e-02
3.160000000000000000e+16	4.000000000000000000e+00	3.599999999999999728e-02
3.980000000000000000e+16	4.000000000000000000e+00	3.059999999999999526e-02
5.010000000000000000e+16	4.000000000000000000e+00	2.545000000000000040e-02
6.310000000000000000e+16	4.000000000000000000e+00	2.169999999999999707e-02
7.940000000000000000e+16	4.000000000000000000e+00	1.794999999999999721e-02
1.000000000000000000e+17	4.000000000000000000e+00	1.499999999999999944e-02
1.000000000000000000e+11	6.000000000000000000e+00	1.000000000000000269e-09
1.258925411794166107e+11	6.000000000000000000e+00	3.162277660168366287e-09
1.584893192461110840e+11	6.000000000000000000e+00	9.999999999999919146e-09
1.995262314968882751e+11	6.000000000000000000e+00	3.162277660168404337e-08
2.511886431509582214e+11	6.000000000000000000e+00	1.000000000000004455e-07
3.162277660168379517e+11	6.000000000000000000e+00	3.162277660168379721e-07
3.981071705534969482e+11	6.000000000000000000e+00	9.999999999999959313e-07
5.011872336272714844e+11	6.000000000000000000e+00	3.162277660168353780e-06
6.309573444801943359e+11	6.000000000000000000e+00	1.000000000000008891e-05
7.943282347242821045e+11	6.000000000000000000e+00	3.162277660168392405e-05
1.000000000000000000e+12	6.000000000000000000e+00	3.899999999999999929e-05
1.260000000000000000e+12	6.000000000000000000e+00	4.100000000000002080e-05
1.580000000000000000e+12	6.000000000000000000e+00	4.249999999999997595e-05
2.000000000000000000e+12	6.000000000000000000e+00	4.449999999999999746e-05
2.510000000000000000e+12	6.000000000000000000e+00	4.599999999999997971e-05
3.160000000000000000e+12	6.000000000000000000e+00	4.749999999999996196e-05
3.980000000000000000e+12	6.000000000000000000e+00	4.950000000000001057e-05
5.010000000000000000e+12	6.000000000000000000e+00	5.249999999999997507e-05
6.310000000000000000e+12	6.000000000000000000e+00	5.600000000000000594e-05
7.940000000000000000e+12	6.000000000000000000e+00	6.100000000000001905e-05
1.000000000000000000e+13	6.000000000000000000e+00	7.499999999999997988e-05
1.260000000000000000e+13	6.000000000000000000e+00	1.100000000000000717e-04
1.580000000000000000e+13	6.000000000000000000e+00	1.749999999999999169e-04
2.000000000000000000e+13	6.000000000000000000e+00	2.999999999999999195e-04
2.510000000000000000e+13	6.000000000000000000e+00	5.300000000000000891e-04
3.160000000000000000e+13	6.000000000000000000e+00	9.049999999999995548e-04
3.980000000000000000e+13	6.000000000000000000e+00	1.500000000000000465e-03
5.010000000000000000e+13	6.000000000000000000e+00	2.249999999999998529e-03
6.310000000000000000e+13	6.000000000000000000e+00	2.899999999999998065e-03
7.940000000000000000e+13	6.000000000000000000e+00	3.450000000000001676e-03
1.000000000000000000e+14	6.000000000000000000e+00	3.799999999999997824e-03
1.260000000000000000e+14	6.000000000000000000e+00	4.050000000000001515e-03
1.580000000000000000e+14	6.000000000000000000e+00	4.599999999999999922e-03
2.000000000000000000e+14	6.000000000000000000e+00	6.300000000000000044e-03
2.510000000000000000e+14	6.000000000000000000e+00	1.084999999999999853e-02
3.160000000000000000e+14	6.000000000000000000e+00	1.999999999999999695e-02
3.980000000000000000e+14	6.000000000000000000e+00	3.400000000000000244e-02
5.010000000000000000e+14	6.000000000000000000e+00	5.249999999999999112e-02
6.310000000000000000e+14	6.000000000000000000e+00	7.400000000000001021e-02
7.940000000000000000e+14	6.000000000000000000e+00	9.500000000000002887e-02
1.000000000000000000e+15	6.000000000000000000e+00	1.140000000000000457e-01
1.260000000000000000e+15	6.000000000000000000e+00	1.285000000000000031e-01
1.580000000000000000e+15	6.000000000000000000e+00	1.380000000000000115e-01
2.000000000000000000e+15	6.000000000000000000e+00	1.415000000000000147e-01
2.510000000000000000e+15	6.000000000000000000e+00	1.415000000000000147e-01
3.160000000000000000e+15	6.000000000000000000e+00	1.354999999999999538e-01
3.980000000000000000e+15	6.000000000000000000e+00	1.265000000000000013e-01
5.010000000000000000e+15	6.000000000000000000e+00	1.150000000000000466e-01
6.310000000000000000e+15	6.000000000000000000e+00	1.029999999999999805e-01
7.940000000000000000e+15	6.000000000000000000e+00	9.049999999999999711e-02
1.000000000000000000e+16	6.000000000000000000e+00	7.900000000000001465e-02
1.260000000000000000e+16	6.000000000000000000e+00	6.850000000000000533e-02
1.580000000000000000e+16	6.000000000000000000e+00	5.899999999999999689e-02
2.000000000000000000e+16	6.000000000000000000e+00	5.049999999999998934e-02
2.510000000000000000e+16	6.000000000000000000e+00	4.299999999999999656e-02
3.160000000000000000e+16	6.000000000000000000e+00	3.600000000000000422e-02
3.980000000000000000e+16	6.000000000000000000e+00	3.049999999999999933e-02
5.010000000000000000e+16	6.000000000000000000e+00	2.599999999999999534e-02
6.310000000000000000e+16	6.000000000000000000e+00	2.149999999999999828e-02
7.940000000000000000e+16	6.000000000000000000e+00	1.800000000000000211e-02
1.000000000000000000e+17	6.000000000000000000e+00	1.494999999999999801e-02
1.000000000000000000e+11	8.000000000000000000e+00	1.000000000000000269e-09
1.258925411794166107e+11	8.000000000000000000e+00	3.162277660168366287e-09
1.584893192461110840e+11	8.000000000000000000e+00	9.999999999999919146e-09
1.995262314968882751e+11	8.000000000000000000e+00	3.162277660168404337e-08
2.511886431509582214e+11	8.000000000000000000e+00	1.000000000000004455e-07
3.162277660168379517e+11	8.000000000000000000e+00	3.162277660168379721e-07
3.981071705534969482e+11	8.000000000000000000e+00	9.999999999999959313e-07
5.011872336272714844e+11	8.000000000000000000e+00	3.162277660168353780e-06
6.309573444801943359e+11	8.000000000000000000e+00	1.000000000000008891e-05
7.943282347242821045e+11	8.000000000000000000e+00	3.162277660168392405e-05
1.000000000000000000e+12	8.000000000000000000e+00	2.449999999999999921e-05
1.260000000000000000e+12	8.000000000000000000e+00	2.649999999999999361e-05
1.580000000000000000e+12	8.000000000000000000e+00	2.750000000000001792e-05
2.000000000000000000e+12	8.000000000000000000e+00	2.849999999999998802e-05
2.510000000000000000e+12	8.000000000000000000e+00	3.000000000000002448e-05
3.160000000000000000e+12	8.000000000000000000e+00	3.150000000000000673e-05
3.980000000000000000e+12	8.000000000000000000e+00	3.350000000000000113e-05
5.010000000000000000e+12	8.000000000000000000e+00	3.600000000000000769e-05
6.310000000000000000e+12	8.000000000000000000e+00	3.899999999999997219e-05
7.940000000000000000e+12	8.000000000000000000e+00	4.299999999999996100e-05
1.000000000000000000e+13	8.000000000000000000e+00	5.549999999999999378e-05
1.260000000000000000e+13	8.000000000000000000e+00	8.500000000000000611e-05
1.580000000000000000e+13	8.000000000000000000e+00	1.350000000000001373e-04
2.000000000000000000e+13	8.000000000000000000e+00	2.450000000000002089e-04
2.510000000000000000e+13	8.000000000000000000e+00	4.399999999999998530e-04
3.160000000000000000e+13	8.000000000000000000e+00	8.000000000000003636e-04
3.980000000000000000e+13	8.000000000000000000e+00	1.249999999999999375e-03
5.010000000000000000e+13	8.000000000000000000e+00	1.800000000000001252e-03
6.310000000000000000e+13	8.000000000000000000e+00	2.350000000000001393e-03
7.940000000000000000e+13	8.000000000000000000e+00	2.800000000000000405e-03
1.000000000000000000e+14	8.000000000000000000e+00	3.050000000000000627e-03
1.260000000000000000e+14	8.000000000000000000e+00	3.249999999999999417e-03
1.580000000000000000e+14	8.000000000000000000e+00	3.800000000000001293e-03
2.000000000000000000e+14	8.000000000000000000e+00	5.600000000000000810e-03
2.510000000000000000e+14	8.000000000000000000e+00	1.020000000000000073e-02
3.160000000000000000e+14	8.000000000000000000e+00	1.900000000000000300e-02
3.980000000000000000e+14	8.000000000000000000e+00	3.350000000000000200e-02
5.010000000000000000e+14	8.000000000000000000e+00	5.249999999999999112e-02
6.310000000000000000e+14	8.000000000000000000e+00	7.350000000000000977e-02
7.940000000000000000e+14	8.000000000000000000e+00	9.449999999999997291e-02
1.000000000000000000e+15	8.000000000000000000e+00	1.124999999999999889e-01
1.260000000000000000e+15	8.000000000000000000e+00	1.264999999999999458e-01
1.580000000000000000e+15	8.000000000000000000e+00	1.385000000000000120e-01
2.000000000000000000e+15	8.000000000000000000e+00	1.450000000000000178e-01
2.510000000000000000e+15	8.000000000000000000e+00	1.425000000000000155e-01
3.160000000000000000e+15	8.000000000000000000e+00	1.335000000000000075e-01
3.980000000000000000e+15	8.000000000000000000e+00	1.259999999999999454e-01
5.010000000000000000e+15	8.000000000000000000e+00	1.159999999999999920e-01
6.310000000000000000e+15	8.000000000000000000e+00	1.030000000000000360e-01
7.940000000000000000e+15	8.000000000000000000e+00	9.099999999999996980e-02
1.000000000000000000e+16	8.000000000000000000e+00	7.949999999999995959e-02
1.260000000000000000e+16	8.000000000000000000e+00	6.850000000000000533e-02
1.580000000000000000e+16	8.000000000000000000e+00	5.900000000000002465e-02
2.000000000000000000e+16	8.000000000000000000e+00	5.000000000000001665e-02
2.510000000000000000e+16	8.000000000000000000e+00	4.250000000000000999e-02
3.160000000000000000e+16	8.000000000000000000e+00	3.650000000000000466e-02
3.980000000000000000e+16	8.000000000000000000e+00	3.050000000000001321e-02
5.010000000000000000e+16	8.000000000000000000e+00	2.550000000000000877e-02
6.310000000000000000e+16	8.000000000000000000e+00	2.150000000000000522e-02
7.940000000000000000e+16	8.000000000000000000e+00	1.800000000000000211e-02
1.000000000000000000e+17	8.000000000000000000e+00	1.500000000000000638e-02
1.000000000000000000e+11	1.000000000000000000e+01	1.000000000000000269e-09
1.258925411794166107e+11	1.000000000000000000e+01	3.162277660168366287e-09
1.584893192461110840e+11	1.000000000000000000e+01	9.999999999999919146e-09
1.995262314968882751e+11	1.000000000000000000e+01	3.162277660168404337e-08
2.511886431509582214e+11	1.000000000000000000e+01	1.000000000000004455e-07
3.162277660168379517e+11	1.000000000000000000e+01	3.162277660168379721e-07
3.981071705534969482e+11	1.000000000000000000e+01	9.999999999999959313e-07
5.011872336272714844e+11	1.000000000000000000e+01	3.162277660168353780e-06
6.309573444801943359e+11	1.000000000000000000e+01	1.000000000000008891e-05
7.943282347242821045e+11	1.000000000000000000e+01	3.162277660168392405e-05
1.000000000000000000e+12	1.000000000000000000e+01	1.600000000000000944e-05
1.260000000000000000e+12	1.000000000000000000e+01	1.699999999999997954e-05
1.580000000000000000e+12	1.000000000000000000e+01	1.800000000000000384e-05
2.000000000000000000e+12	1.000000000000000000e+01	1.900000000000002815e-05
2.510000000000000000e+12	1.000000000000000000e+01	1.999999999999999825e-05
3.160000000000000000e+12	1.000000000000000000e+01	2.150000000000003471e-05
3.980000000000000000e+12	1.000000000000000000e+01	2.300000000000001696e-05
5.010000000000000000e+12	1.000000000000000000e+01	2.500000000000001136e-05
6.310000000000000000e+12	1.000000000000000000e+01	2.800000000000003007e-05
7.940000000000000000e+12	1.000000000000000000e+01	3.200000000000001888e-05
1.000000000000000000e+13	1.000000000000000000e+01	3.999999999999999650e-05
1.260000000000000000e+13	1.000000000000000000e+01	6.499999999999995365e-05
1.580000000000000000e+13	1.000000000000000000e+01	1.099999999999998548e-04
2.000000000000000000e+13	1.000000000000000000e+01	1.949999999999998609e-04
2.510000000000000000e+13	1.000000000000000000e+01	3.500000000000000507e-04
3.160000000000000000e+13	1.000000000000000000e+01	5.999999999999998390e-04
3.980000000000000000e+13	1.000000000000000000e+01	9.999999999999991535e-04
5.010000000000000000e+13	1.000000000000000000e+01	1.449999999999998165e-03
6.310000000000000000e+13	1.000000000000000000e+01	1.899999999999998912e-03
7.940000000000000000e+13	1.000000000000000000e+01	2.200000000000000566e-03
1.000000000000000000e+14	1.000000000000000000e+01	2.450000000000000788e-03
1.260000000000000000e+14	1.000000000000000000e+01	2.700000000000001010e-03
1.580000000000000000e+14	1.000000000000000000e+01	3.200000000000001454e-03
2.000000000000000000e+14	1.000000000000000000e+01	4.999999999999997502e-03
2.510000000000000000e+14	1.000000000000000000e+01	9.500000000000001499e-03
3.160000000000000000e+14	1.000000000000000000e+01	1.900000000000000300e-02
3.980000000000000000e+14	1.000000000000000000e+01	3.300000000000000155e-02
5.010000000000000000e+14	1.000000000000000000e+01	5.149999999999999023e-02
6.310000000000000000e+14	1.000000000000000000e+01	7.299999999999995381e-02
7.940000000000000000e+14	1.000000000000000000e+01	9.350000000000002753e-02
1.000000000000000000e+15	1.000000000000000000e+01	1.149999999999999911e-01
1.260000000000000000e+15	1.000000000000000000e+01	1.300000000000000044e-01
1.580000000000000000e+15	1.000000000000000000e+01	1.400000000000000133e-01
2.000000000000000000e+15	1.000000000000000000e+01	1.400000000000000133e-01
2.510000000000000000e+15	1.000000000000000000e+01	1.400000000000000133e-01
3.160000000000000000e+15	1.000000000000000000e+01	1.400000000000000133e-01
3.980000000000000000e+15	1.000000000000000000e+01	1.250000000000000000e-01
5.010000000000000000e+15	1.000000000000000000e+01	1.149999999999999911e-01
6.310000000000000000e+15	1.000000000000000000e+01	1.004999999999999227e-01
7.940000000000000000e+15	1.000000000000000000e+01	9.050000000000002487e-02
1.000000000000000000e+16	1.000000000000000000e+01	7.900000000000001465e-02
1.260000000000000000e+16	1.000000000000000000e+01	6.850000000000000533e-02
1.580000000000000000e+16	1.000000000000000000e+01	5.849999999999999645e-02
2.000000000000000000e+16	1.000000000000000000e+01	5.050000000000001710e-02
2.510000000000000000e+16	1.000000000000000000e+01	4.249999999999998224e-02
3.160000000000000000e+16	1.000000000000000000e+01	3.600000000000000422e-02
3.980000000000000000e+16	1.000000000000000000e+01	2.999999999999999889e-02
5.010000000000000000e+16	1.000000000000000000e+01	2.549999999999998102e-02
6.310000000000000000e+16	1.000000000000000000e+01	2.099999999999999090e-02
7.940000000000000000e+16	1.000000000000000000e+01	1.800000000000000211e-02
1.000000000000000000e+17	1.000000000000000000e+01	1.499999999999999944e-02
1.000000000000000000e+11	1.200000000000000000e+01	1.000000000000000269e-09
1.258925411794166107e+11	1.200000000000000000e+01	3.162277660168366287e-09
1.584893192461110840e+11	1.200000000000000000e+01	9.999999999999919146e-09
1.995262314968882751e+11	1.200000000000000000e+01	3.162277660168404337e-08
2.511886431509582214e+11	1.200000000000000000e+01	1.000000000000004455e-07
3.162277660168379517e+11	1.200000000000000000e+01	3.162277660168379721e-07
3.981071705534969482e+11	1.200000000000000000e+01	9.999999999999959313e-07
5.011872336272714844e+11	1.200000000000000000e+01	3.162277660168353780e-06
6.309573444801943359e+11	1.200000000000000000e+01	1.000000000000008891e-05
7.943282347242821045e+11	1.200000000000000000e+01	3.162277660168392405e-05
1.000000000000000000e+12	1.200000000000000000e+01	1.049999999999998417e-05
1.260000000000000000e+12	1.200000000000000000e+01	1.150000000000000848e-05
1.580000000000000000e+12	1.200000000000000000e+01	1.200000000000002063e-05
2.000000000000000000e+12	1.200000000000000000e+01	1.299999999999999073e-05
2.510000000000000000e+12	1.200000000000000000e+01	1.400000000000001504e-05
3.160000000000000000e+12	1.200000000000000000e+01	1.499999999999998513e-05
3.980000000000000000e+12	1.200000000000000000e+01	1.699999999999997954e-05
5.010000000000000000e+12	1.200000000000000000e+01	1.900000000000002815e-05
6.310000000000000000e+12	1.200000000000000000e+01	2.099999999999996834e-05
7.940000000000000000e+12	1.200000000000000000e+01	2.500000000000001136e-05
1.000000000000000000e+13	1.200000000000000000e+01	3.499999999999998338e-05
1.260000000000000000e+13	1.200000000000000000e+01	5.500000000000003584e-05
1.580000000000000000e+13	1.200000000000000000e+01	9.500000000000003234e-05
2.000000000000000000e+13	1.200000000000000000e+01	1.599999999999999860e-04
2.510000000000000000e+13	1.200000000000000000e+01	3.000000000000003532e-04
3.160000000000000000e+13	1.200000000000000000e+01	5.500000000000001416e-04
3.980000000000000000e+13	1.200000000000000000e+01	8.500000000000000611e-04
5.010000000000000000e+13	1.200000000000000000e+01	1.250000000000001110e-03
6.310000000000000000e+13	1.200000000000000000e+01	1.600000000000000727e-03
7.940000000000000000e+13	1.200000000000000000e+01	1.899999999999998912e-03
1.000000000000000000e+14	1.200000000000000000e+01	2.100000000000001171e-03
1.260000000000000000e+14	1.200000000000000000e+01	2.249999999999998529e-03
1.580000000000000000e+14	1.200000000000000000e+01	2.799999999999996936e-03
2.000000000000000000e+14	1.200000000000000000e+01	4.650000000000001354e-03
2.510000000000000000e+14	1.200000000000000000e+01	9.499999999999994560e-03
3.160000000000000000e+14	1.200000000000000000e+01	1.800000000000000211e-02
3.980000000000000000e+14	1.200000000000000000e+01	3.250000000000000111e-02
5.010000000000000000e+14	1.200000000000000000e+01	5.149999999999999023e-02
6.310000000000000000e+14	1.200000000000000000e+01	7.300000000000000933e-02
7.940000000000000000e+14	1.200000000000000000e+01	9.499999999999997335e-02
1.000000000000000000e+15	1.200000000000000000e+01	1.149999999999999911e-01
1.260000000000000000e+15	1.200000000000000000e+01	1.300000000000000044e-01
1.580000000000000000e+15	1.200000000000000000e+01	1.350000000000000089e-01
2.000000000000000000e+15	1.200000000000000000e+01	1.450000000000000178e-01
2.510000000000000000e+15	1.200000000000000000e+01	1.400000000000000133e-01
3.160000000000000000e+15	1.200000000000000000e+01	1.350000000000000089e-01
3.980000000000000000e+15	1.200000000000000000e+01	1.300000000000000044e-01
5.010000000000000000e+15	1.200000000000000000e+01	1.149999999999999911e-01
6.310000000000000000e+15	1.200000000000000000e+01	1.050000000000000933e-01
7.940000000000000000e+15	1.200000000000000000e+01	8.999999999999996891e-02
1.000000000000000000e+16	1.200000000000000000e+01	7.850000000000001421e-02
1.260000000000000000e+16	1.200000000000000000e+01	6.850000000000000533e-02
1.580000000000000000e+16	1.200000000000000000e+01	5.899999999999999689e-02
2.000000000000000000e+16	1.200000000000000000e+01	4.999999999999998890e-02
2.510000000000000000e+16	1.200000000000000000e+01	4.300000000000003819e-02
3.160000000000000000e+16	1.200000000000000000e+01	3.599999999999997646e-02
3.980000000000000000e+16	1.200000000000000000e+01	3.049999999999999933e-02
5.010000000000000000e+16	1.200000000000000000e+01	2.550000000000002265e-02
6.310000000000000000e+16	1.200000000000000000e+01	2.150000000000001910e-02
7.940000000000000000e+16	1.200000000000000000e+01	1.800000000000000211e-02
1.000000000000000000e+17	1.200000000000000000e+01	1.499999999999999944e-02
1.000000000000000000e+11	1.400000000000000000e+01	1.000000000000000269e-09
1.258925411794166107e+11	1.400000000000000000e+01	3.162277660168366287e-09
1.584893192461110840e+11	1.400000000000000000e+01	9.999999999999919146e-09
1.995262314968882751e+11	1.400000000000000000e+01	3.162277660168404337e-08
2.511886431509582214e+11	1.400000000000000000e+01	1.000000000000004455e-07
3.162277660168379517e+11	1.400000000000000000e+01	3.162277660168379721e-07
3.981071705534969482e+11	1.400000000000000000e+01	9.999999999999959313e-07
5.011872336272714844e+11	1.400000000000000000e+01	3.162277660168353780e-06
6.309573444801943359e+11	1.400000000000000000e+01	1.000000000000008891e-05
7.943282347242821045e+11	1.400000000000000000e+01	3.162277660168392405e-05
1.000000000000000000e+12	1.400000000000000000e+01	7.500000000000019672e-06
1.260000000000000000e+12	1.400000000000000000e+01	7.999999999999977615e-06
1.580000000000000000e+12	1.400000000000000000e+01	9.000000000000001922e-06
2.000000000000000000e+12	1.400000000000000000e+01	9.500000000000014076e-06
2.510000000000000000e+12	1.400000000000000000e+01	1.049999999999998417e-05
3.160000000000000000e+12	1.400000000000000000e+01	1.150000000000000848e-05
3.980000000000000000e+12	1.400000000000000000e+01	1.299999999999999073e-05
5.010000000000000000e+12	1.400000000000000000e+01	1.449999999999997298e-05
6.310000000000000000e+12	1.400000000000000000e+01	1.700000000000003375e-05
7.940000000000000000e+12	1.400000000000000000e+01	1.999999999999994404e-05
1.000000000000000000e+13	1.400000000000000000e+01	3.000000000000007869e-05
1.260000000000000000e+13	1.400000000000000000e+01	3.999999999999999650e-05
1.580000000000000000e+13	1.400000000000000000e+01	7.499999999999997988e-05
2.000000000000000000e+13	1.400000000000000000e+01	1.399999999999999335e-04
2.510000000000000000e+13	1.400000000000000000e+01	2.499999999999993547e-04
3.160000000000000000e+13	1.400000000000000000e+01	4.499999999999998793e-04
3.980000000000000000e+13	1.400000000000000000e+01	7.000000000000009687e-04
5.010000000000000000e+13	1.400000000000000000e+01	1.049999999999998851e-03
6.310000000000000000e+13	1.400000000000000000e+01	1.350000000000000505e-03
7.940000000000000000e+13	1.400000000000000000e+01	1.600000000000000727e-03
1.000000000000000000e+14	1.400000000000000000e+01	1.749999999999998085e-03
1.260000000000000000e+14	1.400000000000000000e+01	1.899999999999998912e-03
1.580000000000000000e+14	1.400000000000000000e+01	2.500000000000002220e-03
2.000000000000000000e+14	1.400000000000000000e+01	4.349999999999999700e-03
2.510000000000000000e+14	1.400000000000000000e+01	9.000000000000007994e-03
3.160000000000000000e+14	1.400000000000000000e+01	1.849999999999998868e-02
3.980000000000000000e+14	1.400000000000000000e+01	3.250000000000000111e-02
5.010000000000000000e+14	1.400000000000000000e+01	5.150000000000004574e-02
6.310000000000000000e+14	1.400000000000000000e+01	7.250000000000006439e-02
7.940000000000000000e+14	1.400000000000000000e+01	9.499999999999997335e-02
1.000000000000000000e+15	1.400000000000000000e+01	1.099999999999999867e-01
1.260000000000000000e+15	1.400000000000000000e+01	1.250000000000000000e-01
1.580000000000000000e+15	1.400000000000000000e+01	1.400000000000000133e-01
2.000000000000000000e+15	1.400000000000000000e+01	1.400000000000000133e-01
2.510000000000000000e+15	1.400000000000000000e+01	1.449999999999999067e-01
3.160000000000000000e+15	1.400000000000000000e+01	1.350000000000000089e-01
3.980000000000000000e+15	1.400000000000000000e+01	1.250000000000000000e-01
5.010000000000000000e+15	1.400000000000000000e+01	1.149999999999999911e-01
6.310000000000000000e+15	1.400000000000000000e+01	1.049999999999999822e-01
7.940000000000000000e+15	1.400000000000000000e+01	9.000000000000007994e-02
1.000000000000000000e+16	1.400000000000000000e+01	7.999999999999996003e-02
1.260000000000000000e+16	1.400000000000000000e+01	6.900000000000000577e-02
1.580000000000000000e+16	1.400000000000000000e+01	5.899999999999999689e-02
2.000000000000000000e+16	1.400000000000000000e+01	4.999999999999998890e-02
2.510000000000000000e+16	1.400000000000000000e+01	4.249999999999998224e-02
3.160000000000000000e+16	1.400000000000000000e+01	3.600000000000003197e-02
3.980000000000000000e+16	1.400000000000000000e+01	3.049999999999999933e-02
5.010000000000000000e+16	1.400000000000000000e+01	2.549999999999999489e-02
6.310000000000000000e+16	1.400000000000000000e+01	2.149999999999999134e-02
7.940000000000000000e+16	1.400000000000000000e+01	1.750000000000000167e-02
1.000000000000000000e+17	1.400000000000000000e+01	1.499999999999999944e-02
1.000000000000000000e+11	1.600000000000000000e+01	1.000000000000000269e-09
1.258925411794166107e+11	1.600000000000000000e+01	3.162277660168366287e-09
1.584893192461110840e+11	1.600000000000000000e+01	9.999999999999919146e-09
1.995262314968882751e+11	1.600000000000000000e+01	3.162277660168404337e-08
2.511886431509582214e+11	1.600000000000000000e+01	1.000000000000004455e-07
3.162277660168379517e+11	1.600000000000000000e+01	3.162277660168379721e-07
3.981071705534969482e+11	1.600000000000000000e+01	9.999999999999959313e-07
5.011872336272714844e+11	1.600000000000000000e+01	3.162277660168353780e-06
6.309573444801943359e+11	1.600000000000000000e+01	1.000000000000008891e-05
7.943282347242821045e+11	1.600000000000000000e+01	3.162277660168392405e-05
1.000000000000000000e+12	1.600000000000000000e+01	5.499999999999971058e-06
1.260000000000000000e+12	1.600000000000000000e+01	6.500000000000049575e-06
1.580000000000000000e+12	1.600000000000000000e+01	6.499999999999995365e-06
2.000000000000000000e+12	1.600000000000000000e+01	7.499999999999965462e-06
2.510000000000000000e+12	1.600000000000000000e+01	7.999999999999977615e-06
3.160000000000000000e+12	1.600000000000000000e+01	9.499999999999959865e-06
3.980000000000000000e+12	1.600000000000000000e+01	1.050000000000003838e-05
5.010000000000000000e+12	1.600000000000000000e+01	1.200000000000002063e-05
6.310000000000000000e+12	1.600000000000000000e+01	1.399999999999996083e-05
7.940000000000000000e+12	1.600000000000000000e+01	1.500000000000003934e-05
1.000000000000000000e+13	1.600000000000000000e+01	1.999999999999994404e-05
1.260000000000000000e+13	1.600000000000000000e+01	3.999999999999999650e-05
1.580000000000000000e+13	1.600000000000000000e+01	6.500000000000017049e-05
2.000000000000000000e+13	1.600000000000000000e+01	1.199999999999998811e-04
2.510000000000000000e+13	1.600000000000000000e+01	2.200000000000005770e-04
3.160000000000000000e+13	1.600000000000000000e+01	3.500000000000004843e-04
3.980000000000000000e+13	1.600000000000000000e+01	6.499999999999995365e-04
5.010000000000000000e+13	1.600000000000000000e+01	9.000000000000014932e-04
6.310000000000000000e+13	1.600000000000000000e+01	1.149999999999998246e-03
7.940000000000000000e+13	1.600000000000000000e+01	1.350000000000000505e-03
1.000000000000000000e+14	1.600000000000000000e+01	1.500000000000001332e-03
1.260000000000000000e+14	1.600000000000000000e+01	1.750000000000001554e-03
1.580000000000000000e+14	1.600000000000000000e+01	2.299999999999996492e-03
2.000000000000000000e+14	1.600000000000000000e+01	4.400000000000001132e-03
2.510000000000000000e+14	1.600000000000000000e+01	8.999999999999994116e-03
3.160000000000000000e+14	1.600000000000000000e+01	1.800000000000001599e-02
3.980000000000000000e+14	1.600000000000000000e+01	3.249999999999997335e-02
5.010000000000000000e+14	1.600000000000000000e+01	5.099999999999998979e-02
6.310000000000000000e+14	1.600000000000000000e+01	7.499999999999995559e-02
7.940000000000000000e+14	1.600000000000000000e+01	9.500000000000008438e-02
1.000000000000000000e+15	1.600000000000000000e+01	1.149999999999999911e-01
1.260000000000000000e+15	1.600000000000000000e+01	1.300000000000000044e-01
1.580000000000000000e+15	1.600000000000000000e+01	1.350000000000000089e-01
2.000000000000000000e+15	1.600000000000000000e+01	1.450000000000000178e-01
2.510000000000000000e+15	1.600000000000000000e+01	1.400000000000001243e-01
3.160000000000000000e+15	1.600000000000000000e+01	1.350000000000000089e-01
3.980000000000000000e+15	1.600000000000000000e+01	1.250000000000000000e-01
5.010000000000000000e+15	1.600000000000000000e+01	1.149999999999999911e-01
6.310000000000000000e+15	1.600000000000000000e+01	9.999999999999997780e-02
7.940000000000000000e+15	1.600000000000000000e+01	8.999999999999996891e-02
1.000000000000000000e+16	1.600000000000000000e+01	8.000000000000007105e-02
1.260000000000000000e+16	1.600000000000000000e+01	6.999999999999995115e-02
1.580000000000000000e+16	1.600000000000000000e+01	5.799999999999999600e-02
2.000000000000000000e+16	1.600000000000000000e+01	5.049999999999998934e-02
2.510000000000000000e+16	1.600000000000000000e+01	4.249999999999998224e-02
3.160000000000000000e+16	1.600000000000000000e+01	3.599999999999997646e-02
3.980000000000000000e+16	1.600000000000000000e+01	3.049999999999999933e-02
5.010000000000000000e+16	1.600000000000000000e+01	2.549999999999999489e-02
6.310000000000000000e+16	1.600000000000000000e+01	2.149999999999999134e-02
7.940000000000000000e+16	1.600000000000000000e+01	1.799999999999998823e-02
1.000000000000000000e+17	1.600000000000000000e+01	1.499999999999999944e-02
1.000000000000000000e+11	1.800000000000000000e+01	1.000000000000000269e-09
1.258925411794166107e+11	1.800000000000000000e+01	3.162277660168366287e-09
1.584893192461110840e+11	1.800000000000000000e+01	9.999999999999919146e-09
1.995262314968882751e+11	1.800000000000000000e+01	3.162277660168404337e-08
2.511886431509582214e+11	1.800000000000000000e+01	1.000000000000004455e-07
3.162277660168379517e+11	1.800000000000000000e+01	3.162277660168379721e-07
3.981071705534969482e+11	1.800000000000000000e+01	9.999999999999959313e-07
5.011872336272714844e+11	1.800000000000000000e+01	3.162277660168353780e-06
6.309573444801943359e+11	1.800000000000000000e+01	1.000000000000008891e-05
7.943282347242821045e+11	1.800000000000000000e+01	3.162277660168392405e-05
1.000000000000000000e+12	1.800000000000000000e+01	4.500000000000000961e-06
1.260000000000000000e+12	1.800000000000000000e+01	4.999999999999958904e-06
1.580000000000000000e+12	1.800000000000000000e+01	5.499999999999971058e-06
2.000000000000000000e+12	1.800000000000000000e+01	6.000000000000037421e-06
2.510000000000000000e+12	1.800000000000000000e+01	7.000000000000007518e-06
3.160000000000000000e+12	1.800000000000000000e+01	7.500000000000019672e-06
3.980000000000000000e+12	1.800000000000000000e+01	9.000000000000001922e-06
5.010000000000000000e+12	1.800000000000000000e+01	1.049999999999998417e-05
6.310000000000000000e+12	1.800000000000000000e+01	1.200000000000007484e-05
7.940000000000000000e+12	1.800000000000000000e+01	1.500000000000003934e-05
1.000000000000000000e+13	1.800000000000000000e+01	2.499999999999995715e-05
1.260000000000000000e+13	1.800000000000000000e+01	3.499999999999998338e-05
1.580000000000000000e+13	1.800000000000000000e+01	5.999999999999994053e-05
2.000000000000000000e+13	1.800000000000000000e+01	1.050000000000000586e-04
2.510000000000000000e+13	1.800000000000000000e+01	1.949999999999998609e-04
3.160000000000000000e+13	1.800000000000000000e+01	3.499999999999996170e-04
3.980000000000000000e+13	1.800000000000000000e+01	5.500000000000001416e-04
5.010000000000000000e+13	1.800000000000000000e+01	7.999999999999986289e-04
6.310000000000000000e+13	1.800000000000000000e+01	1.050000000000002320e-03
7.940000000000000000e+13	1.800000000000000000e+01	1.249999999999997641e-03
1.000000000000000000e+14	1.800000000000000000e+01	1.399999999999998468e-03
1.260000000000000000e+14	1.800000000000000000e+01	1.550000000000002764e-03
1.580000000000000000e+14	1.800000000000000000e+01	2.100000000000004641e-03
2.000000000000000000e+14	1.800000000000000000e+01	4.000000000000003553e-03
2.510000000000000000e+14	1.800000000000000000e+01	8.500000000000007550e-03
3.160000000000000000e+14	1.800000000000000000e+01	1.799999999999998823e-02
3.980000000000000000e+14	1.800000000000000000e+01	3.200000000000002842e-02
5.010000000000000000e+14	1.800000000000000000e+01	5.099999999999998979e-02
6.310000000000000000e+14	1.800000000000000000e+01	6.999999999999995115e-02
7.940000000000000000e+14	1.800000000000000000e+01	9.499999999999997335e-02
1.000000000000000000e+15	1.800000000000000000e+01	1.149999999999999911e-01
1.260000000000000000e+15	1.800000000000000000e+01	1.250000000000000000e-01
1.580000000000000000e+15	1.800000000000000000e+01	1.399999999999999023e-01
2.000000000000000000e+15	1.800000000000000000e+01	1.399999999999999023e-01
2.510000000000000000e+15	1.800000000000000000e+01	1.399999999999999023e-01
3.160000000000000000e+15	1.800000000000000000e+01	1.350000000000000089e-01
3.980000000000000000e+15	1.800000000000000000e+01	1.250000000000000000e-01
5.010000000000000000e+15	1.800000000000000000e+01	1.149999999999999911e-01
6.310000000000000000e+15	1.800000000000000000e+01	1.049999999999999822e-01
7.940000000000000000e+15	1.800000000000000000e+01	9.499999999999997335e-02
1.000000000000000000e+16	1.800000000000000000e+01	7.999999999999996003e-02
1.260000000000000000e+16	1.800000000000000000e+01	6.500000000000005773e-02
1.580000000000000000e+16	1.800000000000000000e+01	6.000000000000005329e-02
2.000000000000000000e+16	1.800000000000000000e+01	4.999999999999998890e-02
2.510000000000000000e+16	1.800000000000000000e+01	4.250000000000003775e-02
3.160000000000000000e+16	1.800000000000000000e+01	3.650000000000003242e-02
3.980000000000000000e+16	1.800000000000000000e+01	3.049999999999997158e-02
5.010000000000000000e+16	1.800000000000000000e+01	2.599999999999999534e-02
6.310000000000000000e+16	1.800000000000000000e+01	2.149999999999999134e-02
7.940000000000000000e+16	1.800000000000000000e+01	1.800000000000001599e-02
1.000000000000000000e+17	1.800000000000000000e+01	1.499999999999998557e-02
1.000000000000000000e+11	2.000000000000000000e+01	1.000000000000000269e-09
1.258925411794166107e+11	2.000000000000000000e+01	3.162277660168366287e-09
1.584893192461110840e+11	2.000000000000000000e+01	9.999999999999919146e-09
1.995262314968882751e+11	2.000000000000000000e+01	3.162277660168404337e-08
2.511886431509582214e+11	2.000000000000000000e+01	1.000000000000004455e-07
3.162277660168379517e+11	2.000000000000000000e+01	3.162277660168379721e-07
3.981071705534969482e+11	2.000000000000000000e+01	9.999999999999959313e-07
5.011872336272714844e+11	2.000000000000000000e+01	3.162277660168353780e-06
6.309573444801943359e+11	2.000000000000000000e+01	1.000000000000008891e-05
7.943282347242821045e+11	2.000000000000000000e+01	3.162277660168392405e-05
1.000000000000000000e+12	2.000000000000000000e+01	3.999999999999988808e-06
1.260000000000000000e+12	2.000000000000000000e+01	3.999999999999988808e-06
1.580000000000000000e+12	2.000000000000000000e+01	4.500000000000000961e-06
2.000000000000000000e+12	2.000000000000000000e+01	4.999999999999958904e-06
2.510000000000000000e+12	2.000000000000000000e+01	6.000000000000037421e-06
3.160000000000000000e+12	2.000000000000000000e+01	6.499999999999995365e-06
3.980000000000000000e+12	2.000000000000000000e+01	7.499999999999965462e-06
5.010000000000000000e+12	2.000000000000000000e+01	9.000000000000001922e-06
6.310000000000000000e+12	2.000000000000000000e+01	1.049999999999998417e-05
7.940000000000000000e+12	2.000000000000000000e+01	1.499999999999993092e-05
1.000000000000000000e+13	2.000000000000000000e+01	1.500000000000003934e-05
1.260000000000000000e+13	2.000000000000000000e+01	3.000000000000007869e-05
1.580000000000000000e+13	2.000000000000000000e+01	5.499999999999992742e-05
2.000000000000000000e+13	2.000000000000000000e+01	9.500000000000003234e-05
2.510000000000000000e+13	2.000000000000000000e+01	1.700000000000000122e-04
3.160000000000000000e+13	2.000000000000000000e+01	2.999999999999999195e-04
3.980000000000000000e+13	2.000000000000000000e+01	4.500000000000007466e-04
5.010000000000000000e+13	2.000000000000000000e+01	7.000000000000027034e-04
6.310000000000000000e+13	2.000000000000000000e+01	8.999999999999980238e-04
7.940000000000000000e+13	2.000000000000000000e+01	1.050000000000002320e-03
1.000000000000000000e+14	2.000000000000000000e+01	1.199999999999999678e-03
1.260000000000000000e+14	2.000000000000000000e+01	1.399999999999998468e-03
1.580000000000000000e+14	2.000000000000000000e+01	1.999999999999994837e-03
2.000000000000000000e+14	2.000000000000000000e+01	3.499999999999996170e-03
2.510000000000000000e+14	2.000000000000000000e+01	8.999999999999994116e-03
3.160000000000000000e+14	2.000000000000000000e+01	1.749999999999998779e-02
3.980000000000000000e+14	2.000000000000000000e+01	3.199999999999997291e-02
5.010000000000000000e+14	2.000000000000000000e+01	5.200000000000004619e-02
6.310000000000000000e+14	2.000000000000000000e+01	7.500000000000006661e-02
7.940000000000000000e+14	2.000000000000000000e+01	8.999999999999996891e-02
1.000000000000000000e+15	2.000000000000000000e+01	1.100000000000000977e-01
1.260000000000000000e+15	2.000000000000000000e+01	1.300000000000001155e-01
1.580000000000000000e+15	2.000000000000000000e+01	1.350000000000000089e-01
2.000000000000000000e+15	2.000000000000000000e+01	1.400000000000001243e-01
2.510000000000000000e+15	2.000000000000000000e+01	1.400000000000001243e-01
3.160000000000000000e+15	2.000000000000000000e+01	1.350000000000000089e-01
3.980000000000000000e+15	2.000000000000000000e+01	1.250000000000000000e-01
5.010000000000000000e+15	2.000000000000000000e+01	1.149999999999999911e-01
6.310000000000000000e+15	2.000000000000000000e+01	1.000000000000000888e-01
7.940000000000000000e+15	2.000000000000000000e+01	8.999999999999996891e-02
1.000000000000000000e+16	2.000000000000000000e+01	7.499999999999995559e-02
1.260000000000000000e+16	2.000000000000000000e+01	6.999999999999995115e-02
1.580000000000000000e+16	2.000000000000000000e+01	5.999999999999994227e-02
2.000000000000000000e+16	2.000000000000000000e+01	5.250000000000004663e-02
2.510000000000000000e+16	2.000000000000000000e+01	4.299999999999998268e-02
3.160000000000000000e+16	2.000000000000000000e+01	3.599999999999997646e-02
3.980000000000000000e+16	2.000000000000000000e+01	3.050000000000002709e-02
5.010000000000000000e+16	2.000000000000000000e+01	2.550000000000002265e-02
6.310000000000000000e+16	2.000000000000000000e+01	2.150000000000001910e-02
7.940000000000000000e+16	2.000000000000000000e+01	1.799999999999998823e-02
1.000000000000000000e+17	2.000000000000000000e+01	1.500000000000001332e-02
1.000000000000000000e+11	2.200000000000000000e+01	1.000000000000000269e-09
1.258925411794166107e+11	2.200000000000000000e+01	3.162277660168366287e-09
1.584893192461110840e+11	2.200000000000000000e+01	9.999999999999919146e-09
1.995262314968882751e+11	2.200000000000000000e+01	3.162277660168404337e-08
2.511886431509582214e+11	2.200000000000000000e+01	1.000000000000004455e-07
3.162277660168379517e+11	2.200000000000000000e+01	3.162277660168379721e-07
3.981071705534969482e+11	2.200000000000000000e+01	9.999999999999959313e-07
5.011872336272714844e+11	2.200000000000000000e+01	3.162277660168353780e-06
6.309573444801943359e+11	2.200000000000000000e+01	1.000000000000008891e-05
7.943282347242821045e+11	2.200000000000000000e+01	3.162277660168392405e-05
1.000000000000000000e+12	2.200000000000000000e+01	3.000000000000018711e-06
1.260000000000000000e+12	2.200000000000000000e+01	4.000000000000043018e-06
1.580000000000000000e+12	2.200000000000000000e+01	3.999999999999988808e-06
2.000000000000000000e+12	2.200000000000000000e+01	5.000000000000013115e-06
2.510000000000000000e+12	2.200000000000000000e+01	4.999999999999958904e-06
3.160000000000000000e+12	2.200000000000000000e+01	5.999999999999983211e-06
3.980000000000000000e+12	2.200000000000000000e+01	7.000000000000007518e-06
5.010000000000000000e+12	2.200000000000000000e+01	8.499999999999989769e-06
6.310000000000000000e+12	2.200000000000000000e+01	9.999999999999917809e-06
7.940000000000000000e+12	2.200000000000000000e+01	1.500000000000003934e-05
1.000000000000000000e+13	2.200000000000000000e+01	2.000000000000005246e-05
1.260000000000000000e+13	2.200000000000000000e+01	2.999999999999986185e-05
1.580000000000000000e+13	2.200000000000000000e+01	4.500000000000011803e-05
2.000000000000000000e+13	2.200000000000000000e+01	8.500000000000000611e-05
2.510000000000000000e+13	2.200000000000000000e+01	1.650000000000002159e-04
3.160000000000000000e+13	2.200000000000000000e+01	2.500000000000002220e-04
3.980000000000000000e+13	2.200000000000000000e+01	4.499999999999990119e-04
5.010000000000000000e+13	2.200000000000000000e+01	6.499999999999978018e-04
6.310000000000000000e+13	2.200000000000000000e+01	8.500000000000000611e-04
7.940000000000000000e+13	2.200000000000000000e+01	1.000000000000000888e-03
1.000000000000000000e+14	2.200000000000000000e+01	1.149999999999998246e-03
1.260000000000000000e+14	2.200000000000000000e+01	1.299999999999995604e-03
1.580000000000000000e+14	2.200000000000000000e+01	1.900000000000005851e-03
2.000000000000000000e+14	2.200000000000000000e+01	4.000000000000003553e-03
2.510000000000000000e+14	2.200000000000000000e+01	8.499999999999993672e-03
3.160000000000000000e+14	2.200000000000000000e+01	1.800000000000001599e-02
3.980000000000000000e+14	2.200000000000000000e+01	3.250000000000002887e-02
5.010000000000000000e+14	2.200000000000000000e+01	4.999999999999993339e-02
6.310000000000000000e+14	2.200000000000000000e+01	6.999999999999995115e-02
7.940000000000000000e+14	2.200000000000000000e+01	9.500000000000008438e-02
1.000000000000000000e+15	2.200000000000000000e+01	1.149999999999999911e-01
1.260000000000000000e+15	2.200000000000000000e+01	1.299999999999998934e-01
1.580000000000000000e+15	2.200000000000000000e+01	1.400000000000001243e-01
2.000000000000000000e+15	2.200000000000000000e+01	1.449999999999997957e-01
2.510000000000000000e+15	2.200000000000000000e+01	1.449999999999997957e-01
3.160000000000000000e+15	2.200000000000000000e+01	1.350000000000000089e-01
3.980000000000000000e+15	2.200000000000000000e+01	1.300000000000001155e-01
5.010000000000000000e+15	2.200000000000000000e+01	1.149999999999999911e-01
6.310000000000000000e+15	2.200000000000000000e+01	1.049999999999999822e-01
7.940000000000000000e+15	2.200000000000000000e+01	8.999999999999996891e-02
1.000000000000000000e+16	2.200000000000000000e+01	8.000000000000007105e-02
1.260000000000000000e+16	2.200000000000000000e+01	7.000000000000006217e-02
1.580000000000000000e+16	2.200000000000000000e+01	5.500000000000004885e-02
2.000000000000000000e+16	2.200000000000000000e+01	4.999999999999993339e-02
2.510000000000000000e+16	2.200000000000000000e+01	4.249999999999998224e-02
3.160000000000000000e+16	2.200000000000000000e+01	3.599999999999997646e-02
3.980000000000000000e+16	2.200000000000000000e+01	3.049999999999997158e-02
5.010000000000000000e+16	2.200000000000000000e+01	2.549999999999996714e-02
6.310000000000000000e+16	2.200000000000000000e+01	2.149999999999999134e-02
7.940000000000000000e+16	2.200000000000000000e+01	1.799999999999998823e-02
1.000000000000000000e+17	2.200000000000000000e+01	1.499999999999998557e-02
