1.000000000000000000e+11	5.000000000000000000e-01	1.000000000000000269e-09
1.258925411794166107e+11	5.000000000000000000e-01	3.162277660168366287e-09
1.584893192461110840e+11	5.000000000000000000e-01	9.999999999999919146e-09
1.995262314968882751e+11	5.000000000000000000e-01	3.162277660168404337e-08
2.511886431509582214e+11	5.000000000000000000e-01	1.000000000000004455e-07
3.162277660168379517e+11	5.000000000000000000e-01	3.162277660168379721e-07
3.981071705534969482e+11	5.000000000000000000e-01	9.999999999999959313e-07
5.011872336272714844e+11	5.000000000000000000e-01	3.162277660168353780e-06
6.309573444801943359e+11	5.000000000000000000e-01	1.000000000000008891e-05
7.943282347242821045e+11	5.000000000000000000e-01	3.162277660168392405e-05
1.000000000000000000e+12	5.000000000000000000e-01	1.479999999999999925e-04
1.260000000000000000e+12	5.000000000000000000e-01	1.579999999999999916e-04
1.580000000000000000e+12	5.000000000000000000e-01	1.630000000000000047e-04
2.000000000000000000e+12	5.000000000000000000e-01	1.700000000000000122e-04
2.510000000000000000e+12	5.000000000000000000e-01	1.779999999999999898e-04
3.160000000000000000e+12	5.000000000000000000e-01	1.879999999999999890e-04
3.980000000000000000e+12	5.000000000000000000e-01	1.990000000000000124e-04
5.010000000000000000e+12	5.000000000000000000e-01	2.120000000000000031e-04
6.310000000000000000e+12	5.000000000000000000e-01	2.280000000000000126e-04
7.940000000000000000e+12	5.000000000000000000e-01	2.509999999999999753e-04
1.000000000000000000e+13	5.000000000000000000e-01	2.970000000000000092e-04
1.260000000000000000e+13	5.000000000000000000e-01	3.939999999999999817e-04
1.580000000000000000e+13	5.000000000000000000e-01	5.540000000000000219e-04
2.000000000000000000e+13	5.000000000000000000e-01	8.329999999999999731e-04
2.510000000000000000e+13	5.000000000000000000e-01	1.350000000000000071e-03
3.160000000000000000e+13	5.000000000000000000e-01	2.230000000000000211e-03
3.980000000000000000e+13	5.000000000000000000e-01	3.550000000000000204e-03
5.010000000000000000e+13	5.000000000000000000e-01	5.199999999999999761e-03
6.310000000000000000e+13	5.000000000000000000e-01	6.910000000000000343e-03
7.940000000000000000e+13	5.000000000000000000e-01	8.420000000000000401e-03
1.000000000000000000e+14	5.000000000000000000e-01	9.539999999999999869e-03
1.260000000000000000e+14	5.000000000000000000e-01	1.030000000000000013e-02
1.580000000000000000e+14	5.000000000000000000e-01	1.099999999999999936e-02
2.000000000000000000e+14	5.000000000000000000e-01	1.269999999999999948e-02
2.510000000000000000e+14	5.000000000000000000e-01	1.700000000000000122e-02
3.160000000000000000e+14	5.000000000000000000e-01	2.549999999999999836e-02
3.980000000000000000e+14	5.000000000000000000e-01	3.910000000000000281e-02
5.010000000000000000e+14	5.000000000000000000e-01	5.729999999999999677e-02
6.310000000000000000e+14	5.000000000000000000e-01	7.799999999999999989e-02
7.940000000000000000e+14	5.000000000000000000e-01	9.879999999999999893e-02
1.000000000000000000e+15	5.000000000000000000e-01	1.170000000000000068e-01
1.260000000000000000e+15	5.000000000000000000e-01	1.320000000000000062e-01
1.580000000000000000e+15	5.000000000000000000e-01	1.409999999999999865e-01
2.000000000000000000e+15	5.000000000000000000e-01	1.449999999999999900e-01
2.510000000000000000e+15	5.000000000000000000e-01	1.429999999999999882e-01
3.160000000000000000e+15	5.000000000000000000e-01	1.370000000000000107e-01
3.980000000000000000e+15	5.000000000000000000e-01	1.280000000000000027e-01
5.010000000000000000e+15	5.000000000000000000e-01	1.160000000000000059e-01
6.310000000000000000e+15	5.000000000000000000e-01	1.039999999999999952e-01
7.940000000000000000e+15	5.000000000000000000e-01	9.160000000000000087e-02
1.000000000000000000e+16	5.000000000000000000e-01	7.989999999999999880e-02
1.260000000000000000e+16	5.000000000000000000e-01	6.909999999999999476e-02
1.580000000000000000e+16	5.000000000000000000e-01	5.929999999999999855e-02
2.000000000000000000e+16	5.000000000000000000e-01	5.059999999999999915e-02
2.510000000000000000e+16	5.000000000000000000e-01	4.299999999999999656e-02
3.160000000000000000e+16	5.000000000000000000e-01	3.640000000000000180e-02
3.980000000000000000e+16	5.000000000000000000e-01	3.070000000000000159e-02
5.010000000000000000e+16	5.000000000000000000e-01	2.580000000000000002e-02
6.310000000000000000e+16	5.000000000000000000e-01	2.160000000000000114e-02
7.940000000000000000e+16	5.000000000000000000e-01	1.810000000000000150e-02
1.000000000000000000e+17	5.000000000000000000e-01	1.510000000000000057e-02
1.000000000000000000e+11	1.500000000000000000e+00	1.000000000000000269e-09
1.258925411794166107e+11	1.500000000000000000e+00	3.162277660168366287e-09
1.584893192461110840e+11	1.500000000000000000e+00	9.999999999999919146e-09
1.995262314968882751e+11	1.500000000000000000e+00	3.162277660168404337e-08
2.511886431509582214e+11	1.500000000000000000e+00	1.000000000000004455e-07
3.162277660168379517e+11	1.500000000000000000e+00	3.162277660168379721e-07
3.981071705534969482e+11	1.500000000000000000e+00	9.999999999999959313e-07
5.011872336272714844e+11	1.500000000000000000e+00	3.162277660168353780e-06
6.309573444801943359e+11	1.500000000000000000e+00	1.000000000000008891e-05
7.943282347242821045e+11	1.500000000000000000e+00	3.162277660168392405e-05
1.000000000000000000e+12	1.500000000000000000e+00	1.510000000000000112e-04
1.260000000000000000e+12	1.500000000000000000e+00	1.599999999999999860e-04
1.580000000000000000e+12	1.500000000000000000e+00	1.659999999999999692e-04
2.000000000000000000e+12	1.500000000000000000e+00	1.729999999999999767e-04
2.510000000000000000e+12	1.500000000000000000e+00	1.799999999999999842e-04
3.160000000000000000e+12	1.500000000000000000e+00	1.890000000000000133e-04
3.980000000000000000e+12	1.500000000000000000e+00	1.990000000000000124e-04
5.010000000000000000e+12	1.500000000000000000e+00	2.129999999999999732e-04
6.310000000000000000e+12	1.500000000000000000e+00	2.289999999999999826e-04
7.940000000000000000e+12	1.500000000000000000e+00	2.490000000000000351e-04
1.000000000000000000e+13	1.500000000000000000e+00	2.949999999999999606e-04
1.260000000000000000e+13	1.500000000000000000e+00	3.920000000000000416e-04
1.580000000000000000e+13	1.500000000000000000e+00	5.560000000000000706e-04
2.000000000000000000e+13	1.500000000000000000e+00	8.470000000000000966e-04
2.510000000000000000e+13	1.500000000000000000e+00	1.370000000000000124e-03
3.160000000000000000e+13	1.500000000000000000e+00	2.299999999999999961e-03
3.980000000000000000e+13	1.500000000000000000e+00	3.669999999999999651e-03
5.010000000000000000e+13	1.500000000000000000e+00	5.400000000000000286e-03
6.310000000000000000e+13	1.500000000000000000e+00	7.189999999999999343e-03
7.940000000000000000e+13	1.500000000000000000e+00	8.680000000000000215e-03
1.000000000000000000e+14	1.500000000000000000e+00	9.860000000000000708e-03
1.260000000000000000e+14	1.500000000000000000e+00	1.049999999999999892e-02
1.580000000000000000e+14	1.500000000000000000e+00	1.130000000000000102e-02
2.000000000000000000e+14	1.500000000000000000e+00	1.290000000000000174e-02
2.510000000000000000e+14	1.500000000000000000e+00	1.709999999999999715e-02
3.160000000000000000e+14	1.500000000000000000e+00	2.570000000000000409e-02
3.980000000000000000e+14	1.500000000000000000e+00	3.929999999999999466e-02
5.010000000000000000e+14	1.500000000000000000e+00	5.770000000000000823e-02
6.310000000000000000e+14	1.500000000000000000e+00	7.799999999999999989e-02
7.940000000000000000e+14	1.500000000000000000e+00	9.920000000000001039e-02
1.000000000000000000e+15	1.500000000000000000e+00	1.170000000000000068e-01
1.260000000000000000e+15	1.500000000000000000e+00	1.310000000000000053e-01
1.580000000000000000e+15	1.500000000000000000e+00	1.400000000000000411e-01
2.000000000000000000e+15	1.500000000000000000e+00	1.439999999999999891e-01
2.510000000000000000e+15	1.500000000000000000e+00	1.439999999999999891e-01
3.160000000000000000e+15	1.500000000000000000e+00	1.370000000000000107e-01
3.980000000000000000e+15	1.500000000000000000e+00	1.270000000000000018e-01
5.010000000000000000e+15	1.500000000000000000e+00	1.160000000000000059e-01
6.310000000000000000e+15	1.500000000000000000e+00	1.039999999999999952e-01
7.940000000000000000e+15	1.500000000000000000e+00	9.139999999999999514e-02
1.000000000000000000e+16	1.500000000000000000e+00	8.010000000000000453e-02
1.260000000000000000e+16	1.500000000000000000e+00	6.890000000000001679e-02
1.580000000000000000e+16	1.500000000000000000e+00	5.969999999999999613e-02
2.000000000000000000e+16	1.500000000000000000e+00	5.040000000000000729e-02
2.510000000000000000e+16	1.500000000000000000e+00	4.299999999999999656e-02
3.160000000000000000e+16	1.500000000000000000e+00	3.640000000000000180e-02
3.980000000000000000e+16	1.500000000000000000e+00	3.059999999999999873e-02
5.010000000000000000e+16	1.500000000000000000e+00	2.580000000000000002e-02
6.310000000000000000e+16	1.500000000000000000e+00	2.160000000000000114e-02
7.940000000000000000e+16	1.500000000000000000e+00	1.799999999999999864e-02
1.000000000000000000e+17	1.500000000000000000e+00	1.510000000000000057e-02
1.000000000000000000e+11	2.500000000000000000e+00	1.000000000000000269e-09
1.258925411794166107e+11	2.500000000000000000e+00	3.162277660168366287e-09
1.584893192461110840e+11	2.500000000000000000e+00	9.999999999999919146e-09
1.995262314968882751e+11	2.500000000000000000e+00	3.162277660168404337e-08
2.511886431509582214e+11	2.500000000000000000e+00	1.000000000000004455e-07
3.162277660168379517e+11	2.500000000000000000e+00	3.162277660168379721e-07
3.981071705534969482e+11	2.500000000000000000e+00	9.999999999999959313e-07
5.011872336272714844e+11	2.500000000000000000e+00	3.162277660168353780e-06
6.309573444801943359e+11	2.500000000000000000e+00	1.000000000000008891e-05
7.943282347242821045e+11	2.500000000000000000e+00	3.162277660168392405e-05
1.000000000000000000e+12	2.500000000000000000e+00	1.450000000000000009e-04
1.260000000000000000e+12	2.500000000000000000e+00	1.540000000000000028e-04
1.580000000000000000e+12	2.500000000000000000e+00	1.599999999999999860e-04
2.000000000000000000e+12	2.500000000000000000e+00	1.660000000000000234e-04
2.510000000000000000e+12	2.500000000000000000e+00	1.730000000000000309e-04
3.160000000000000000e+12	2.500000000000000000e+00	1.810000000000000085e-04
3.980000000000000000e+12	2.500000000000000000e+00	1.920000000000000049e-04
5.010000000000000000e+12	2.500000000000000000e+00	2.040000000000000255e-04
6.310000000000000000e+12	2.500000000000000000e+00	2.180000000000000405e-04
7.940000000000000000e+12	2.500000000000000000e+00	2.389999999999999547e-04
1.000000000000000000e+13	2.500000000000000000e+00	2.820000000000000241e-04
1.260000000000000000e+13	2.500000000000000000e+00	3.739999999999999835e-04
1.580000000000000000e+13	2.500000000000000000e+00	5.399999999999998985e-04
2.000000000000000000e+13	2.500000000000000000e+00	8.300000000000000086e-04
2.510000000000000000e+13	2.500000000000000000e+00	1.369999999999999690e-03
3.160000000000000000e+13	2.500000000000000000e+00	2.299999999999999961e-03
3.980000000000000000e+13	2.500000000000000000e+00	3.680000000000000111e-03
5.010000000000000000e+13	2.500000000000000000e+00	5.400000000000000286e-03
6.310000000000000000e+13	2.500000000000000000e+00	7.199999999999999803e-03
7.940000000000000000e+13	2.500000000000000000e+00	8.799999999999998795e-03
1.000000000000000000e+14	2.500000000000000000e+00	9.799999999999999684e-03
1.260000000000000000e+14	2.500000000000000000e+00	1.059999999999999831e-02
1.580000000000000000e+14	2.500000000000000000e+00	1.120000000000000162e-02
2.000000000000000000e+14	2.500000000000000000e+00	1.289999999999999827e-02
2.510000000000000000e+14	2.500000000000000000e+00	1.710000000000000409e-02
3.160000000000000000e+14	2.500000000000000000e+00	2.550000000000000183e-02
3.980000000000000000e+14	2.500000000000000000e+00	3.860000000000000930e-02
5.010000000000000000e+14	2.500000000000000000e+00	5.699999999999998124e-02
6.310000000000000000e+14	2.500000000000000000e+00	7.800000000000001377e-02
7.940000000000000000e+14	2.500000000000000000e+00	9.799999999999997602e-02
1.000000000000000000e+15	2.500000000000000000e+00	1.179999999999999660e-01
1.260000000000000000e+15	2.500000000000000000e+00	1.310000000000000053e-01
1.580000000000000000e+15	2.500000000000000000e+00	1.409999999999999587e-01
2.000000000000000000e+15	2.500000000000000000e+00	1.450000000000000178e-01
2.510000000000000000e+15	2.500000000000000000e+00	1.430000000000000160e-01
3.160000000000000000e+15	2.500000000000000000e+00	1.379999999999999560e-01
3.980000000000000000e+15	2.500000000000000000e+00	1.280000000000000027e-01
5.010000000000000000e+15	2.500000000000000000e+00	1.159999999999999643e-01
6.310000000000000000e+15	2.500000000000000000e+00	1.040000000000000091e-01
7.940000000000000000e+15	2.500000000000000000e+00	9.200000000000002620e-02
1.000000000000000000e+16	2.500000000000000000e+00	7.999999999999998779e-02
1.260000000000000000e+16	2.500000000000000000e+00	6.899999999999997802e-02
1.580000000000000000e+16	2.500000000000000000e+00	5.899999999999999689e-02
2.000000000000000000e+16	2.500000000000000000e+00	5.099999999999998979e-02
2.510000000000000000e+16	2.500000000000000000e+00	4.300000000000001044e-02
3.160000000000000000e+16	2.500000000000000000e+00	3.619999999999999607e-02
3.980000000000000000e+16	2.500000000000000000e+00	3.069999999999999812e-02
5.010000000000000000e+16	2.500000000000000000e+00	2.569999999999999368e-02
6.310000000000000000e+16	2.500000000000000000e+00	2.159999999999999420e-02
7.940000000000000000e+16	2.500000000000000000e+00	1.809999999999999803e-02
1.000000000000000000e+17	2.500000000000000000e+00	1.499999999999999598e-02
1.000000000000000000e+11	3.500000000000000000e+00	1.000000000000000269e-09
1.258925411794166107e+11	3.500000000000000000e+00	3.162277660168366287e-09
1.584893192461110840e+11	3.500000000000000000e+00	9.999999999999919146e-09
1.995262314968882751e+11	3.500000000000000000e+00	3.162277660168404337e-08
2.511886431509582214e+11	3.500000000000000000e+00	1.000000000000004455e-07
3.162277660168379517e+11	3.500000000000000000e+00	3.162277660168379721e-07
3.981071705534969482e+11	3.500000000000000000e+00	9.999999999999959313e-07
5.011872336272714844e+11	3.500000000000000000e+00	3.162277660168353780e-06
6.309573444801943359e+11	3.500000000000000000e+00	1.000000000000008891e-05
7.943282347242821045e+11	3.500000000000000000e+00	3.162277660168392405e-05
1.000000000000000000e+12	3.500000000000000000e+00	1.359999999999999989e-04
1.260000000000000000e+12	3.500000000000000000e+00	1.440000000000000308e-04
1.580000000000000000e+12	3.500000000000000000e+00	1.490000000000000439e-04
2.000000000000000000e+12	3.500000000000000000e+00	1.559999999999999972e-04
2.510000000000000000e+12	3.500000000000000000e+00	1.629999999999999505e-04
3.160000000000000000e+12	3.500000000000000000e+00	1.700000000000000122e-04
3.980000000000000000e+12	3.500000000000000000e+00	1.790000000000000141e-04
5.010000000000000000e+12	3.500000000000000000e+00	1.899999999999999563e-04
6.310000000000000000e+12	3.500000000000000000e+00	2.039999999999999713e-04
7.940000000000000000e+12	3.500000000000000000e+00	2.229999999999999994e-04
1.000000000000000000e+13	3.500000000000000000e+00	2.659999999999999604e-04
1.260000000000000000e+13	3.500000000000000000e+00	3.600000000000000769e-04
1.580000000000000000e+13	3.500000000000000000e+00	5.100000000000000366e-04
2.000000000000000000e+13	3.500000000000000000e+00	7.999999999999999299e-04
2.510000000000000000e+13	3.500000000000000000e+00	1.330000000000000453e-03
3.160000000000000000e+13	3.500000000000000000e+00	2.249999999999999396e-03
3.980000000000000000e+13	3.500000000000000000e+00	3.600000000000000769e-03
5.010000000000000000e+13	3.500000000000000000e+00	5.299999999999999156e-03
6.310000000000000000e+13	3.500000000000000000e+00	6.999999999999999278e-03
7.940000000000000000e+13	3.500000000000000000e+00	8.500000000000000611e-03
1.000000000000000000e+14	3.500000000000000000e+00	9.699999999999996819e-03
1.260000000000000000e+14	3.500000000000000000e+00	1.030000000000000360e-02
1.580000000000000000e+14	3.500000000000000000e+00	1.089999999999999997e-02
2.000000000000000000e+14	3.500000000000000000e+00	1.249999999999999722e-02
2.510000000000000000e+14	3.500000000000000000e+00	1.669999999999999957e-02
3.160000000000000000e+14	3.500000000000000000e+00	2.529999999999998916e-02
3.980000000000000000e+14	3.500000000000000000e+00	3.899999999999999301e-02
5.010000000000000000e+14	3.500000000000000000e+00	5.700000000000002287e-02
6.310000000000000000e+14	3.500000000000000000e+00	7.799999999999998601e-02
7.940000000000000000e+14	3.500000000000000000e+00	9.900000000000003242e-02
1.000000000000000000e+15	3.500000000000000000e+00	1.169999999999999929e-01
1.260000000000000000e+15	3.500000000000000000e+00	1.320000000000000062e-01
1.580000000000000000e+15	3.500000000000000000e+00	1.400000000000000688e-01
2.000000000000000000e+15	3.500000000000000000e+00	1.439999999999999614e-01
2.510000000000000000e+15	3.500000000000000000e+00	1.429999999999999605e-01
3.160000000000000000e+15	3.500000000000000000e+00	1.370000000000000662e-01
3.980000000000000000e+15	3.500000000000000000e+00	1.270000000000000018e-01
5.010000000000000000e+15	3.500000000000000000e+00	1.160000000000000475e-01
6.310000000000000000e+15	3.500000000000000000e+00	1.029999999999999805e-01
7.940000000000000000e+15	3.500000000000000000e+00	9.099999999999996980e-02
1.000000000000000000e+16	3.500000000000000000e+00	7.900000000000001465e-02
1.260000000000000000e+16	3.500000000000000000e+00	6.900000000000003353e-02
1.580000000000000000e+16	3.500000000000000000e+00	5.899999999999999689e-02
2.000000000000000000e+16	3.500000000000000000e+00	5.000000000000001665e-02
2.510000000000000000e+16	3.500000000000000000e+00	4.299999999999998268e-02
3.160000000000000000e+16	3.500000000000000000e+00	3.599999999999999034e-02
3.980000000000000000e+16	3.500000000000000000e+00	3.099999999999999978e-02
5.010000000000000000e+16	3.500000000000000000e+00	2.570000000000000062e-02
6.310000000000000000e+16	3.500000000000000000e+00	2.160000000000000808e-02
7.940000000000000000e+16	3.500000000000000000e+00	1.810000000000000497e-02
1.000000000000000000e+17	3.500000000000000000e+00	1.510000000000000231e-02
1.000000000000000000e+11	4.500000000000000000e+00	1.000000000000000269e-09
1.258925411794166107e+11	4.500000000000000000e+00	3.162277660168366287e-09
1.584893192461110840e+11	4.500000000000000000e+00	9.999999999999919146e-09
1.995262314968882751e+11	4.500000000000000000e+00	3.162277660168404337e-08
2.511886431509582214e+11	4.500000000000000000e+00	1.000000000000004455e-07
3.162277660168379517e+11	4.500000000000000000e+00	3.162277660168379721e-07
3.981071705534969482e+11	4.500000000000000000e+00	9.999999999999959313e-07
5.011872336272714844e+11	4.500000000000000000e+00	3.162277660168353780e-06
6.309573444801943359e+11	4.500000000000000000e+00	1.000000000000008891e-05
7.943282347242821045e+11	4.500000000000000000e+00	3.162277660168392405e-05
1.000000000000000000e+12	4.500000000000000000e+00	1.260000000000000269e-04
1.260000000000000000e+12	4.500000000000000000e+00	1.340000000000000045e-04
1.580000000000000000e+12	4.500000000000000000e+00	1.379999999999999933e-04
2.000000000000000000e+12	4.500000000000000000e+00	1.430000000000000064e-04
2.510000000000000000e+12	4.500000000000000000e+00	1.490000000000000439e-04
3.160000000000000000e+12	4.500000000000000000e+00	1.559999999999999972e-04
3.980000000000000000e+12	4.500000000000000000e+00	1.639999999999999748e-04
5.010000000000000000e+12	4.500000000000000000e+00	1.740000000000000010e-04
6.310000000000000000e+12	4.500000000000000000e+00	1.909999999999999806e-04
7.940000000000000000e+12	4.500000000000000000e+00	2.080000000000000685e-04
1.000000000000000000e+13	4.500000000000000000e+00	2.399999999999999790e-04
1.260000000000000000e+13	4.500000000000000000e+00	3.299999999999999982e-04
1.580000000000000000e+13	4.500000000000000000e+00	4.799999999999999580e-04
2.000000000000000000e+13	4.500000000000000000e+00	7.599999999999998250e-04
2.510000000000000000e+13	4.500000000000000000e+00	1.279999999999999888e-03
3.160000000000000000e+13	4.500000000000000000e+00	2.219999999999999751e-03
3.980000000000000000e+13	4.500000000000000000e+00	3.600000000000000769e-03
5.010000000000000000e+13	4.500000000000000000e+00	5.199999999999999761e-03
6.310000000000000000e+13	4.500000000000000000e+00	6.900000000000003353e-03
7.940000000000000000e+13	4.500000000000000000e+00	8.300000000000001821e-03
1.000000000000000000e+14	4.500000000000000000e+00	9.199999999999999845e-03
1.260000000000000000e+14	4.500000000000000000e+00	9.799999999999996214e-03
1.580000000000000000e+14	4.500000000000000000e+00	1.039999999999999952e-02
2.000000000000000000e+14	4.500000000000000000e+00	1.200000000000000372e-02
2.510000000000000000e+14	4.500000000000000000e+00	1.619999999999999218e-02
3.160000000000000000e+14	4.500000000000000000e+00	2.500000000000000833e-02
3.980000000000000000e+14	4.500000000000000000e+00	3.900000000000000688e-02
5.010000000000000000e+14	4.500000000000000000e+00	5.599999999999996647e-02
6.310000000000000000e+14	4.500000000000000000e+00	7.700000000000001288e-02
7.940000000000000000e+14	4.500000000000000000e+00	9.799999999999997602e-02
1.000000000000000000e+15	4.500000000000000000e+00	1.159999999999999920e-01
1.260000000000000000e+15	4.500000000000000000e+00	1.310000000000000053e-01
1.580000000000000000e+15	4.500000000000000000e+00	1.409999999999999032e-01
2.000000000000000000e+15	4.500000000000000000e+00	1.450000000000000178e-01
2.510000000000000000e+15	4.500000000000000000e+00	1.430000000000000160e-01
3.160000000000000000e+15	4.500000000000000000e+00	1.360000000000000098e-01
3.980000000000000000e+15	4.500000000000000000e+00	1.280000000000000027e-01
5.010000000000000000e+15	4.500000000000000000e+00	1.159999999999999365e-01
6.310000000000000000e+15	4.500000000000000000e+00	1.040000000000000369e-01
7.940000000000000000e+15	4.500000000000000000e+00	9.200000000000002620e-02
1.000000000000000000e+16	4.500000000000000000e+00	8.000000000000001554e-02
1.260000000000000000e+16	4.500000000000000000e+00	6.899999999999995026e-02
1.580000000000000000e+16	4.500000000000000000e+00	5.899999999999999689e-02
2.000000000000000000e+16	4.500000000000000000e+00	5.099999999999998979e-02
2.510000000000000000e+16	4.500000000000000000e+00	4.300000000000001044e-02
3.160000000000000000e+16	4.500000000000000000e+00	3.700000000000000511e-02
3.980000000000000000e+16	4.500000000000000000e+00	2.999999999999999889e-02
5.010000000000000000e+16	4.500000000000000000e+00	2.600000000000000921e-02
6.310000000000000000e+16	4.500000000000000000e+00	2.159999999999999420e-02
7.940000000000000000e+16	4.500000000000000000e+00	1.800000000000000211e-02
1.000000000000000000e+17	4.500000000000000000e+00	1.500000000000000638e-02
1.000000000000000000e+11	5.500000000000000000e+00	1.000000000000000269e-09
1.258925411794166107e+11	5.500000000000000000e+00	3.162277660168366287e-09
1.584893192461110840e+11	5.500000000000000000e+00	9.999999999999919146e-09
1.995262314968882751e+11	5.500000000000000000e+00	3.162277660168404337e-08
2.511886431509582214e+11	5.500000000000000000e+00	1.000000000000004455e-07
3.162277660168379517e+11	5.500000000000000000e+00	3.162277660168379721e-07
3.981071705534969482e+11	5.500000000000000000e+00	9.999999999999959313e-07
5.011872336272714844e+11	5.500000000000000000e+00	3.162277660168353780e-06
6.309573444801943359e+11	5.500000000000000000e+00	1.000000000000008891e-05
7.943282347242821045e+11	5.500000000000000000e+00	3.162277660168392405e-05
1.000000000000000000e+12	5.500000000000000000e+00	1.129999999999999278e-04
1.260000000000000000e+12	5.500000000000000000e+00	1.199999999999999895e-04
1.580000000000000000e+12	5.500000000000000000e+00	1.250000000000000026e-04
2.000000000000000000e+12	5.500000000000000000e+00	1.289999999999999914e-04
2.510000000000000000e+12	5.500000000000000000e+00	1.340000000000000045e-04
3.160000000000000000e+12	5.500000000000000000e+00	1.360000000000000531e-04
3.980000000000000000e+12	5.500000000000000000e+00	1.469999999999999953e-04
5.010000000000000000e+12	5.500000000000000000e+00	1.570000000000000215e-04
6.310000000000000000e+12	5.500000000000000000e+00	1.599999999999999860e-04
7.940000000000000000e+12	5.500000000000000000e+00	1.800000000000000384e-04
1.000000000000000000e+13	5.500000000000000000e+00	2.100000000000001171e-04
1.260000000000000000e+13	5.500000000000000000e+00	2.899999999999998933e-04
1.580000000000000000e+13	5.500000000000000000e+00	4.499999999999998793e-04
2.000000000000000000e+13	5.500000000000000000e+00	7.000000000000001013e-04
2.510000000000000000e+13	5.500000000000000000e+00	1.200000000000000545e-03
3.160000000000000000e+13	5.500000000000000000e+00	2.000000000000000042e-03
3.980000000000000000e+13	5.500000000000000000e+00	3.299999999999997380e-03
5.010000000000000000e+13	5.500000000000000000e+00	4.899999999999998107e-03
6.310000000000000000e+13	5.500000000000000000e+00	6.499999999999998834e-03
7.940000000000000000e+13	5.500000000000000000e+00	7.800000000000001377e-03
1.000000000000000000e+14	5.500000000000000000e+00	8.800000000000002265e-03
1.260000000000000000e+14	5.500000000000000000e+00	9.300000000000002709e-03
1.580000000000000000e+14	5.500000000000000000e+00	9.800000000000003153e-03
2.000000000000000000e+14	5.500000000000000000e+00	1.130000000000000449e-02
2.510000000000000000e+14	5.500000000000000000e+00	1.549999999999999989e-02
3.160000000000000000e+14	5.500000000000000000e+00	2.399999999999999356e-02
3.980000000000000000e+14	5.500000000000000000e+00	3.700000000000000511e-02
5.010000000000000000e+14	5.500000000000000000e+00	5.600000000000004974e-02
6.310000000000000000e+14	5.500000000000000000e+00	7.700000000000001288e-02
7.940000000000000000e+14	5.500000000000000000e+00	9.799999999999997602e-02
1.000000000000000000e+15	5.500000000000000000e+00	1.159999999999999920e-01
1.260000000000000000e+15	5.500000000000000000e+00	1.300000000000000044e-01
1.580000000000000000e+15	5.500000000000000000e+00	1.400000000000000133e-01
2.000000000000000000e+15	5.500000000000000000e+00	1.440000000000000169e-01
2.510000000000000000e+15	5.500000000000000000e+00	1.430000000000000160e-01
3.160000000000000000e+15	5.500000000000000000e+00	1.369999999999998996e-01
3.980000000000000000e+15	5.500000000000000000e+00	1.270000000000000018e-01
5.010000000000000000e+15	5.500000000000000000e+00	1.159999999999999920e-01
6.310000000000000000e+15	5.500000000000000000e+00	1.039999999999999813e-01
7.940000000000000000e+15	5.500000000000000000e+00	9.100000000000002531e-02
1.000000000000000000e+16	5.500000000000000000e+00	7.999999999999996003e-02
1.260000000000000000e+16	5.500000000000000000e+00	6.900000000000000577e-02
1.580000000000000000e+16	5.500000000000000000e+00	5.899999999999999689e-02
2.000000000000000000e+16	5.500000000000000000e+00	4.999999999999998890e-02
2.510000000000000000e+16	5.500000000000000000e+00	4.300000000000001044e-02
3.160000000000000000e+16	5.500000000000000000e+00	3.600000000000000422e-02
3.980000000000000000e+16	5.500000000000000000e+00	3.099999999999999978e-02
5.010000000000000000e+16	5.500000000000000000e+00	2.599999999999999534e-02
6.310000000000000000e+16	5.500000000000000000e+00	2.200000000000000566e-02
7.940000000000000000e+16	5.500000000000000000e+00	1.769999999999999352e-02
1.000000000000000000e+17	5.500000000000000000e+00	1.509999999999998843e-02
1.000000000000000000e+11	6.500000000000000000e+00	1.000000000000000269e-09
1.258925411794166107e+11	6.500000000000000000e+00	3.162277660168366287e-09
1.584893192461110840e+11	6.500000000000000000e+00	9.999999999999919146e-09
1.995262314968882751e+11	6.500000000000000000e+00	3.162277660168404337e-08
2.511886431509582214e+11	6.500000000000000000e+00	1.000000000000004455e-07
3.162277660168379517e+11	6.500000000000000000e+00	3.162277660168379721e-07
3.981071705534969482e+11	6.500000000000000000e+00	9.999999999999959313e-07
5.011872336272714844e+11	6.500000000000000000e+00	3.162277660168353780e-06
6.309573444801943359e+11	6.500000000000000000e+00	1.000000000000008891e-05
7.943282347242821045e+11	6.500000000000000000e+00	3.162277660168392405e-05
1.000000000000000000e+12	6.500000000000000000e+00	1.000000000000000454e-04
1.260000000000000000e+12	6.500000000000000000e+00	1.059999999999999745e-04
1.580000000000000000e+12	6.500000000000000000e+00	1.090000000000000474e-04
2.000000000000000000e+12	6.500000000000000000e+00	1.129999999999999278e-04
2.510000000000000000e+12	6.500000000000000000e+00	1.230000000000000624e-04
3.160000000000000000e+12	6.500000000000000000e+00	1.299999999999999073e-04
3.980000000000000000e+12	6.500000000000000000e+00	1.299999999999999073e-04
5.010000000000000000e+12	6.500000000000000000e+00	1.399999999999999335e-04
6.310000000000000000e+12	6.500000000000000000e+00	1.499999999999999598e-04
7.940000000000000000e+12	6.500000000000000000e+00	1.499999999999999598e-04
1.000000000000000000e+13	6.500000000000000000e+00	1.899999999999998478e-04
1.260000000000000000e+13	6.500000000000000000e+00	2.599999999999998146e-04
1.580000000000000000e+13	6.500000000000000000e+00	3.900000000000001556e-04
2.000000000000000000e+13	6.500000000000000000e+00	6.399999999999999439e-04
2.510000000000000000e+13	6.500000000000000000e+00	1.089999999999998956e-03
3.160000000000000000e+13	6.500000000000000000e+00	1.900000000000000647e-03
3.980000000000000000e+13	6.500000000000000000e+00	3.100000000000002059e-03
5.010000000000000000e+13	6.500000000000000000e+00	4.500000000000003997e-03
6.310000000000000000e+13	6.500000000000000000e+00	5.999999999999998390e-03
7.940000000000000000e+13	6.500000000000000000e+00	7.199999999999998068e-03
1.000000000000000000e+14	6.500000000000000000e+00	7.899999999999997302e-03
1.260000000000000000e+14	6.500000000000000000e+00	8.399999999999997746e-03
1.580000000000000000e+14	6.500000000000000000e+00	8.899999999999991251e-03
2.000000000000000000e+14	6.500000000000000000e+00	1.049999999999999545e-02
2.510000000000000000e+14	6.500000000000000000e+00	1.440000000000001001e-02
3.160000000000000000e+14	6.500000000000000000e+00	2.299999999999999267e-02
3.980000000000000000e+14	6.500000000000000000e+00	3.700000000000000511e-02
5.010000000000000000e+14	6.500000000000000000e+00	5.599999999999999423e-02
6.310000000000000000e+14	6.500000000000000000e+00	7.600000000000001199e-02
7.940000000000000000e+14	6.500000000000000000e+00	9.699999999999997513e-02
1.000000000000000000e+15	6.500000000000000000e+00	1.159999999999999920e-01
1.260000000000000000e+15	6.500000000000000000e+00	1.310000000000000053e-01
1.580000000000000000e+15	6.500000000000000000e+00	1.390000000000000124e-01
2.000000000000000000e+15	6.500000000000000000e+00	1.430000000000000160e-01
2.510000000000000000e+15	6.500000000000000000e+00	1.410000000000000142e-01
3.160000000000000000e+15	6.500000000000000000e+00	1.370000000000000107e-01
3.980000000000000000e+15	6.500000000000000000e+00	1.270000000000000018e-01
5.010000000000000000e+15	6.500000000000000000e+00	1.160000000000001030e-01
6.310000000000000000e+15	6.500000000000000000e+00	1.029999999999999805e-01
7.940000000000000000e+15	6.500000000000000000e+00	9.099999999999996980e-02
1.000000000000000000e+16	6.500000000000000000e+00	7.900000000000007017e-02
1.260000000000000000e+16	6.500000000000000000e+00	6.900000000000000577e-02
1.580000000000000000e+16	6.500000000000000000e+00	5.999999999999999778e-02
2.000000000000000000e+16	6.500000000000000000e+00	5.099999999999998979e-02
2.510000000000000000e+16	6.500000000000000000e+00	4.299999999999998268e-02
3.160000000000000000e+16	6.500000000000000000e+00	3.600000000000000422e-02
3.980000000000000000e+16	6.500000000000000000e+00	2.999999999999999889e-02
5.010000000000000000e+16	6.500000000000000000e+00	2.499999999999999445e-02
6.310000000000000000e+16	6.500000000000000000e+00	2.099999999999999090e-02
7.940000000000000000e+16	6.500000000000000000e+00	1.800000000000000211e-02
1.000000000000000000e+17	6.500000000000000000e+00	1.460000000000000187e-02
1.000000000000000000e+11	7.500000000000000000e+00	1.000000000000000269e-09
1.258925411794166107e+11	7.500000000000000000e+00	3.162277660168366287e-09
1.584893192461110840e+11	7.500000000000000000e+00	9.999999999999919146e-09
1.995262314968882751e+11	7.500000000000000000e+00	3.162277660168404337e-08
2.511886431509582214e+11	7.500000000000000000e+00	1.000000000000004455e-07
3.162277660168379517e+11	7.500000000000000000e+00	3.162277660168379721e-07
3.981071705534969482e+11	7.500000000000000000e+00	9.999999999999959313e-07
5.011872336272714844e+11	7.500000000000000000e+00	3.162277660168353780e-06
6.309573444801943359e+11	7.500000000000000000e+00	1.000000000000008891e-05
7.943282347242821045e+11	7.500000000000000000e+00	3.162277660168392405e-05
1.000000000000000000e+12	7.500000000000000000e+00	8.100000000000001730e-05
1.260000000000000000e+12	7.500000000000000000e+00	9.400000000000000803e-05
1.580000000000000000e+12	7.500000000000000000e+00	1.000000000000000454e-04
2.000000000000000000e+12	7.500000000000000000e+00	1.000000000000000454e-04
2.510000000000000000e+12	7.500000000000000000e+00	9.999999999999982861e-05
3.160000000000000000e+12	7.500000000000000000e+00	1.000000000000000454e-04
3.980000000000000000e+12	7.500000000000000000e+00	1.100000000000000717e-04
5.010000000000000000e+12	7.500000000000000000e+00	1.100000000000000717e-04
6.310000000000000000e+12	7.500000000000000000e+00	1.200000000000000979e-04
7.940000000000000000e+12	7.500000000000000000e+00	1.399999999999999335e-04
1.000000000000000000e+13	7.500000000000000000e+00	1.700000000000000122e-04
1.260000000000000000e+13	7.500000000000000000e+00	2.400000000000001958e-04
1.580000000000000000e+13	7.500000000000000000e+00	3.600000000000000769e-04
2.000000000000000000e+13	7.500000000000000000e+00	5.799999999999997866e-04
2.510000000000000000e+13	7.500000000000000000e+00	1.000000000000000888e-03
3.160000000000000000e+13	7.500000000000000000e+00	1.699999999999998387e-03
3.980000000000000000e+13	7.500000000000000000e+00	2.800000000000000405e-03
5.010000000000000000e+13	7.500000000000000000e+00	4.099999999999999478e-03
6.310000000000000000e+13	7.500000000000000000e+00	5.400000000000002021e-03
7.940000000000000000e+13	7.500000000000000000e+00	6.499999999999991895e-03
1.000000000000000000e+14	7.500000000000000000e+00	7.199999999999998068e-03
1.260000000000000000e+14	7.500000000000000000e+00	7.599999999999995648e-03
1.580000000000000000e+14	7.500000000000000000e+00	8.199999999999998956e-03
2.000000000000000000e+14	7.500000000000000000e+00	9.700000000000000289e-03
2.510000000000000000e+14	7.500000000000000000e+00	1.399999999999999856e-02
3.160000000000000000e+14	7.500000000000000000e+00	2.300000000000002043e-02
3.980000000000000000e+14	7.500000000000000000e+00	3.699999999999997735e-02
5.010000000000000000e+14	7.500000000000000000e+00	5.399999999999999245e-02
6.310000000000000000e+14	7.500000000000000000e+00	7.599999999999995648e-02
7.940000000000000000e+14	7.500000000000000000e+00	9.700000000000008615e-02
1.000000000000000000e+15	7.500000000000000000e+00	1.160000000000001030e-01
1.260000000000000000e+15	7.500000000000000000e+00	1.320000000000000062e-01
1.580000000000000000e+15	7.500000000000000000e+00	1.380000000000001226e-01
2.000000000000000000e+15	7.500000000000000000e+00	1.399999999999999023e-01
2.510000000000000000e+15	7.500000000000000000e+00	1.399999999999999023e-01
3.160000000000000000e+15	7.500000000000000000e+00	1.410000000000001252e-01
3.980000000000000000e+15	7.500000000000000000e+00	1.280000000000000027e-01
5.010000000000000000e+15	7.500000000000000000e+00	1.159999999999999920e-01
6.310000000000000000e+15	7.500000000000000000e+00	1.029999999999999805e-01
7.940000000000000000e+15	7.500000000000000000e+00	9.099999999999996980e-02
1.000000000000000000e+16	7.500000000000000000e+00	7.999999999999996003e-02
1.260000000000000000e+16	7.500000000000000000e+00	6.900000000000006128e-02
1.580000000000000000e+16	7.500000000000000000e+00	5.899999999999999689e-02
2.000000000000000000e+16	7.500000000000000000e+00	5.000000000000004441e-02
2.510000000000000000e+16	7.500000000000000000e+00	4.200000000000003730e-02
3.160000000000000000e+16	7.500000000000000000e+00	3.699999999999997735e-02
3.980000000000000000e+16	7.500000000000000000e+00	3.099999999999999978e-02
5.010000000000000000e+16	7.500000000000000000e+00	2.599999999999999534e-02
6.310000000000000000e+16	7.500000000000000000e+00	2.199999999999999178e-02
7.940000000000000000e+16	7.500000000000000000e+00	1.799999999999998823e-02
1.000000000000000000e+17	7.500000000000000000e+00	1.499999999999999944e-02
1.000000000000000000e+11	9.000000000000000000e+00	1.000000000000000269e-09
1.258925411794166107e+11	9.000000000000000000e+00	3.162277660168366287e-09
1.584893192461110840e+11	9.000000000000000000e+00	9.999999999999919146e-09
1.995262314968882751e+11	9.000000000000000000e+00	3.162277660168404337e-08
2.511886431509582214e+11	9.000000000000000000e+00	1.000000000000004455e-07
3.162277660168379517e+11	9.000000000000000000e+00	3.162277660168379721e-07
3.981071705534969482e+11	9.000000000000000000e+00	9.999999999999959313e-07
5.011872336272714844e+11	9.000000000000000000e+00	3.162277660168353780e-06
6.309573444801943359e+11	9.000000000000000000e+00	1.000000000000008891e-05
7.943282347242821045e+11	9.000000000000000000e+00	3.162277660168392405e-05
1.000000000000000000e+12	9.000000000000000000e+00	6.999999999999996676e-05
1.260000000000000000e+12	9.000000000000000000e+00	6.999999999999996676e-05
1.580000000000000000e+12	9.000000000000000000e+00	6.999999999999996676e-05
2.000000000000000000e+12	9.000000000000000000e+00	7.499999999999997988e-05
2.510000000000000000e+12	9.000000000000000000e+00	8.000000000000010141e-05
3.160000000000000000e+12	9.000000000000000000e+00	8.500000000000000611e-05
3.980000000000000000e+12	9.000000000000000000e+00	9.000000000000001922e-05
5.010000000000000000e+12	9.000000000000000000e+00	9.500000000000003234e-05
6.310000000000000000e+12	9.000000000000000000e+00	9.999999999999993703e-05
7.940000000000000000e+12	9.000000000000000000e+00	1.100000000000000717e-04
1.000000000000000000e+13	9.000000000000000000e+00	1.300000000000001241e-04
1.260000000000000000e+13	9.000000000000000000e+00	1.850000000000000516e-04
1.580000000000000000e+13	9.000000000000000000e+00	2.949999999999999064e-04
2.000000000000000000e+13	9.000000000000000000e+00	4.899999999999999842e-04
2.510000000000000000e+13	9.000000000000000000e+00	8.549999999999998573e-04
3.160000000000000000e+13	9.000000000000000000e+00	1.500000000000001332e-03
3.980000000000000000e+13	9.000000000000000000e+00	2.399999999999997621e-03
5.010000000000000000e+13	9.000000000000000000e+00	3.550000000000001071e-03
6.310000000000000000e+13	9.000000000000000000e+00	4.599999999999999922e-03
7.940000000000000000e+13	9.000000000000000000e+00	5.500000000000004885e-03
1.000000000000000000e+14	9.000000000000000000e+00	6.100000000000001255e-03
1.260000000000000000e+14	9.000000000000000000e+00	6.450000000000004341e-03
1.580000000000000000e+14	9.000000000000000000e+00	6.950000000000004785e-03
2.000000000000000000e+14	9.000000000000000000e+00	8.750000000000000833e-03
2.510000000000000000e+14	9.000000000000000000e+00	1.299999999999999767e-02
3.160000000000000000e+14	9.000000000000000000e+00	2.149999999999999134e-02
3.980000000000000000e+14	9.000000000000000000e+00	3.550000000000000377e-02
5.010000000000000000e+14	9.000000000000000000e+00	5.450000000000002065e-02
6.310000000000000000e+14	9.000000000000000000e+00	7.500000000000001110e-02
7.940000000000000000e+14	9.000000000000000000e+00	9.599999999999997424e-02
1.000000000000000000e+15	9.000000000000000000e+00	1.134999999999999343e-01
1.260000000000000000e+15	9.000000000000000000e+00	1.300000000000000044e-01
1.580000000000000000e+15	9.000000000000000000e+00	1.399999999999999023e-01
2.000000000000000000e+15	9.000000000000000000e+00	1.450000000000000178e-01
2.510000000000000000e+15	9.000000000000000000e+00	1.450000000000000178e-01
3.160000000000000000e+15	9.000000000000000000e+00	1.350000000000000089e-01
3.980000000000000000e+15	9.000000000000000000e+00	1.250000000000000000e-01
5.010000000000000000e+15	9.000000000000000000e+00	1.159999999999999365e-01
6.310000000000000000e+15	9.000000000000000000e+00	1.055000000000000382e-01
7.940000000000000000e+15	9.000000000000000000e+00	9.150000000000002576e-02
1.000000000000000000e+16	9.000000000000000000e+00	7.950000000000001510e-02
1.260000000000000000e+16	9.000000000000000000e+00	6.849999999999994982e-02
1.580000000000000000e+16	9.000000000000000000e+00	5.899999999999999689e-02
2.000000000000000000e+16	9.000000000000000000e+00	5.049999999999998934e-02
2.510000000000000000e+16	9.000000000000000000e+00	4.299999999999998268e-02
3.160000000000000000e+16	9.000000000000000000e+00	3.600000000000000422e-02
3.980000000000000000e+16	9.000000000000000000e+00	3.049999999999999933e-02
5.010000000000000000e+16	9.000000000000000000e+00	2.550000000000000877e-02
6.310000000000000000e+16	9.000000000000000000e+00	2.150000000000000522e-02
7.940000000000000000e+16	9.000000000000000000e+00	1.800000000000000211e-02
1.000000000000000000e+17	9.000000000000000000e+00	1.499999999999999944e-02
1.000000000000000000e+11	1.100000000000000000e+01	1.000000000000000269e-09
1.258925411794166107e+11	1.100000000000000000e+01	3.162277660168366287e-09
1.584893192461110840e+11	1.100000000000000000e+01	9.999999999999919146e-09
1.995262314968882751e+11	1.100000000000000000e+01	3.162277660168404337e-08
2.511886431509582214e+11	1.100000000000000000e+01	1.000000000000004455e-07
3.162277660168379517e+11	1.100000000000000000e+01	3.162277660168379721e-07
3.981071705534969482e+11	1.100000000000000000e+01	9.999999999999959313e-07
5.011872336272714844e+11	1.100000000000000000e+01	3.162277660168353780e-06
6.309573444801943359e+11	1.100000000000000000e+01	1.000000000000008891e-05
7.943282347242821045e+11	1.100000000000000000e+01	3.162277660168392405e-05
1.000000000000000000e+12	1.100000000000000000e+01	5.000000000000002272e-05
1.260000000000000000e+12	1.100000000000000000e+01	5.000000000000002272e-05
1.580000000000000000e+12	1.100000000000000000e+01	5.500000000000003584e-05
2.000000000000000000e+12	1.100000000000000000e+01	5.500000000000003584e-05
2.510000000000000000e+12	1.100000000000000000e+01	5.499999999999992742e-05
3.160000000000000000e+12	1.100000000000000000e+01	5.999999999999994053e-05
3.980000000000000000e+12	1.100000000000000000e+01	5.999999999999994053e-05
5.010000000000000000e+12	1.100000000000000000e+01	6.499999999999995365e-05
6.310000000000000000e+12	1.100000000000000000e+01	7.000000000000007518e-05
7.940000000000000000e+12	1.100000000000000000e+01	7.999999999999999299e-05
1.000000000000000000e+13	1.100000000000000000e+01	9.999999999999982861e-05
1.260000000000000000e+13	1.100000000000000000e+01	1.449999999999999466e-04
1.580000000000000000e+13	1.100000000000000000e+01	2.300000000000001696e-04
2.000000000000000000e+13	1.100000000000000000e+01	3.950000000000003855e-04
2.510000000000000000e+13	1.100000000000000000e+01	7.000000000000001013e-04
3.160000000000000000e+13	1.100000000000000000e+01	1.199999999999999678e-03
3.980000000000000000e+13	1.100000000000000000e+01	1.950000000000000344e-03
5.010000000000000000e+13	1.100000000000000000e+01	2.849999999999998368e-03
6.310000000000000000e+13	1.100000000000000000e+01	3.749999999999999861e-03
7.940000000000000000e+13	1.100000000000000000e+01	4.449999999999995626e-03
1.000000000000000000e+14	1.100000000000000000e+01	4.900000000000001577e-03
1.260000000000000000e+14	1.100000000000000000e+01	5.150000000000001799e-03
1.580000000000000000e+14	1.100000000000000000e+01	5.699999999999996736e-03
2.000000000000000000e+14	1.100000000000000000e+01	6.999999999999999278e-03
2.510000000000000000e+14	1.100000000000000000e+01	1.199999999999999678e-02
3.160000000000000000e+14	1.100000000000000000e+01	2.050000000000001821e-02
3.980000000000000000e+14	1.100000000000000000e+01	3.500000000000000333e-02
5.010000000000000000e+14	1.100000000000000000e+01	5.299999999999999156e-02
6.310000000000000000e+14	1.100000000000000000e+01	7.450000000000001066e-02
7.940000000000000000e+14	1.100000000000000000e+01	9.649999999999997469e-02
1.000000000000000000e+15	1.100000000000000000e+01	1.149999999999999911e-01
1.260000000000000000e+15	1.100000000000000000e+01	1.250000000000000000e-01
1.580000000000000000e+15	1.100000000000000000e+01	1.400000000000000133e-01
2.000000000000000000e+15	1.100000000000000000e+01	1.450000000000000178e-01
2.510000000000000000e+15	1.100000000000000000e+01	1.400000000000000133e-01
3.160000000000000000e+15	1.100000000000000000e+01	1.349999999999998979e-01
3.980000000000000000e+15	1.100000000000000000e+01	1.300000000000000044e-01
5.010000000000000000e+15	1.100000000000000000e+01	1.149999999999999911e-01
6.310000000000000000e+15	1.100000000000000000e+01	9.999999999999997780e-02
7.940000000000000000e+15	1.100000000000000000e+01	9.300000000000002709e-02
1.000000000000000000e+16	1.100000000000000000e+01	7.949999999999995959e-02
1.260000000000000000e+16	1.100000000000000000e+01	6.850000000000000533e-02
1.580000000000000000e+16	1.100000000000000000e+01	5.899999999999999689e-02
2.000000000000000000e+16	1.100000000000000000e+01	5.049999999999998934e-02
2.510000000000000000e+16	1.100000000000000000e+01	4.300000000000001044e-02
3.160000000000000000e+16	1.100000000000000000e+01	3.600000000000000422e-02
3.980000000000000000e+16	1.100000000000000000e+01	3.049999999999999933e-02
5.010000000000000000e+16	1.100000000000000000e+01	2.599999999999999534e-02
6.310000000000000000e+16	1.100000000000000000e+01	2.150000000000000522e-02
7.940000000000000000e+16	1.100000000000000000e+01	1.800000000000000211e-02
1.000000000000000000e+17	1.100000000000000000e+01	1.499999999999999944e-02
1.000000000000000000e+11	1.300000000000000000e+01	1.000000000000000269e-09
1.258925411794166107e+11	1.300000000000000000e+01	3.162277660168366287e-09
1.584893192461110840e+11	1.300000000000000000e+01	9.999999999999919146e-09
1.995262314968882751e+11	1.300000000000000000e+01	3.162277660168404337e-08
2.511886431509582214e+11	1.300000000000000000e+01	1.000000000000004455e-07
3.162277660168379517e+11	1.300000000000000000e+01	3.162277660168379721e-07
3.981071705534969482e+11	1.300000000000000000e+01	9.999999999999959313e-07
5.011872336272714844e+11	1.300000000000000000e+01	3.162277660168353780e-06
6.309573444801943359e+11	1.300000000000000000e+01	1.000000000000008891e-05
7.943282347242821045e+11	1.300000000000000000e+01	3.162277660168392405e-05
1.000000000000000000e+12	1.300000000000000000e+01	2.999999999999997027e-05
1.260000000000000000e+12	1.300000000000000000e+01	3.499999999999998338e-05
1.580000000000000000e+12	1.300000000000000000e+01	3.499999999999998338e-05
2.000000000000000000e+12	1.300000000000000000e+01	3.999999999999999650e-05
2.510000000000000000e+12	1.300000000000000000e+01	3.999999999999999650e-05
3.160000000000000000e+12	1.300000000000000000e+01	3.999999999999999650e-05
3.980000000000000000e+12	1.300000000000000000e+01	4.500000000000000961e-05
5.010000000000000000e+12	1.300000000000000000e+01	5.000000000000002272e-05
6.310000000000000000e+12	1.300000000000000000e+01	5.499999999999992742e-05
7.940000000000000000e+12	1.300000000000000000e+01	5.499999999999992742e-05
1.000000000000000000e+13	1.300000000000000000e+01	7.000000000000018360e-05
1.260000000000000000e+13	1.300000000000000000e+01	1.100000000000000717e-04
1.580000000000000000e+13	1.300000000000000000e+01	1.800000000000000384e-04
2.000000000000000000e+13	1.300000000000000000e+01	3.149999999999997420e-04
2.510000000000000000e+13	1.300000000000000000e+01	5.500000000000001416e-04
3.160000000000000000e+13	1.300000000000000000e+01	9.499999999999994560e-04
3.980000000000000000e+13	1.300000000000000000e+01	1.600000000000000727e-03
5.010000000000000000e+13	1.300000000000000000e+01	2.299999999999999961e-03
6.310000000000000000e+13	1.300000000000000000e+01	3.000000000000002665e-03
7.940000000000000000e+13	1.300000000000000000e+01	3.550000000000004541e-03
1.000000000000000000e+14	1.300000000000000000e+01	3.999999999999996614e-03
1.260000000000000000e+14	1.300000000000000000e+01	3.999999999999996614e-03
1.580000000000000000e+14	1.300000000000000000e+01	4.500000000000003997e-03
2.000000000000000000e+14	1.300000000000000000e+01	6.500000000000005773e-03
2.510000000000000000e+14	1.300000000000000000e+01	1.100000000000000977e-02
3.160000000000000000e+14	1.300000000000000000e+01	1.999999999999999001e-02
3.980000000000000000e+14	1.300000000000000000e+01	3.350000000000000200e-02
5.010000000000000000e+14	1.300000000000000000e+01	5.249999999999999112e-02
6.310000000000000000e+14	1.300000000000000000e+01	7.150000000000000799e-02
7.940000000000000000e+14	1.300000000000000000e+01	9.500000000000008438e-02
1.000000000000000000e+15	1.300000000000000000e+01	1.150000000000001021e-01
1.260000000000000000e+15	1.300000000000000000e+01	1.300000000000000044e-01
1.580000000000000000e+15	1.300000000000000000e+01	1.350000000000000089e-01
2.000000000000000000e+15	1.300000000000000000e+01	1.399999999999999023e-01
2.510000000000000000e+15	1.300000000000000000e+01	1.450000000000000178e-01
3.160000000000000000e+15	1.300000000000000000e+01	1.350000000000000089e-01
3.980000000000000000e+15	1.300000000000000000e+01	1.250000000000000000e-01
5.010000000000000000e+15	1.300000000000000000e+01	1.150000000000001021e-01
6.310000000000000000e+15	1.300000000000000000e+01	1.049999999999999822e-01
7.940000000000000000e+15	1.300000000000000000e+01	8.999999999999996891e-02
1.000000000000000000e+16	1.300000000000000000e+01	7.700000000000006839e-02
1.260000000000000000e+16	1.300000000000000000e+01	6.900000000000000577e-02
1.580000000000000000e+16	1.300000000000000000e+01	5.849999999999999645e-02
2.000000000000000000e+16	1.300000000000000000e+01	4.999999999999998890e-02
2.510000000000000000e+16	1.300000000000000000e+01	4.249999999999998224e-02
3.160000000000000000e+16	1.300000000000000000e+01	3.650000000000000466e-02
3.980000000000000000e+16	1.300000000000000000e+01	3.049999999999999933e-02
5.010000000000000000e+16	1.300000000000000000e+01	2.549999999999999489e-02
6.310000000000000000e+16	1.300000000000000000e+01	2.149999999999999134e-02
7.940000000000000000e+16	1.300000000000000000e+01	1.800000000000000211e-02
1.000000000000000000e+17	1.300000000000000000e+01	1.499999999999999944e-02
1.000000000000000000e+11	1.500000000000000000e+01	1.000000000000000269e-09
1.258925411794166107e+11	1.500000000000000000e+01	3.162277660168366287e-09
1.584893192461110840e+11	1.500000000000000000e+01	9.999999999999919146e-09
1.995262314968882751e+11	1.500000000000000000e+01	3.162277660168404337e-08
2.511886431509582214e+11	1.500000000000000000e+01	1.000000000000004455e-07
3.162277660168379517e+11	1.500000000000000000e+01	3.162277660168379721e-07
3.981071705534969482e+11	1.500000000000000000e+01	9.999999999999959313e-07
5.011872336272714844e+11	1.500000000000000000e+01	3.162277660168353780e-06
6.309573444801943359e+11	1.500000000000000000e+01	1.000000000000008891e-05
7.943282347242821045e+11	1.500000000000000000e+01	3.162277660168392405e-05
1.000000000000000000e+12	1.500000000000000000e+01	2.500000000000006557e-05
1.260000000000000000e+12	1.500000000000000000e+01	2.500000000000006557e-05
1.580000000000000000e+12	1.500000000000000000e+01	2.499999999999995715e-05
2.000000000000000000e+12	1.500000000000000000e+01	2.499999999999995715e-05
2.510000000000000000e+12	1.500000000000000000e+01	3.000000000000007869e-05
3.160000000000000000e+12	1.500000000000000000e+01	3.000000000000007869e-05
3.980000000000000000e+12	1.500000000000000000e+01	3.000000000000007869e-05
5.010000000000000000e+12	1.500000000000000000e+01	2.999999999999997027e-05
6.310000000000000000e+12	1.500000000000000000e+01	3.500000000000009180e-05
7.940000000000000000e+12	1.500000000000000000e+01	4.000000000000010492e-05
1.000000000000000000e+13	1.500000000000000000e+01	5.499999999999992742e-05
1.260000000000000000e+13	1.500000000000000000e+01	8.500000000000000611e-05
1.580000000000000000e+13	1.500000000000000000e+01	1.449999999999997298e-04
2.000000000000000000e+13	1.500000000000000000e+01	2.550000000000000183e-04
2.510000000000000000e+13	1.500000000000000000e+01	4.499999999999998793e-04
3.160000000000000000e+13	1.500000000000000000e+01	8.000000000000003636e-04
3.980000000000000000e+13	1.500000000000000000e+01	1.299999999999999073e-03
5.010000000000000000e+13	1.500000000000000000e+01	1.899999999999998912e-03
6.310000000000000000e+13	1.500000000000000000e+01	2.449999999999993849e-03
7.940000000000000000e+13	1.500000000000000000e+01	2.849999999999998368e-03
1.000000000000000000e+14	1.500000000000000000e+01	3.000000000000002665e-03
1.260000000000000000e+14	1.500000000000000000e+01	3.500000000000003109e-03
1.580000000000000000e+14	1.500000000000000000e+01	3.999999999999996614e-03
2.000000000000000000e+14	1.500000000000000000e+01	5.499999999999991007e-03
2.510000000000000000e+14	1.500000000000000000e+01	9.999999999999995004e-03
3.160000000000000000e+14	1.500000000000000000e+01	1.899999999999998912e-02
3.980000000000000000e+14	1.500000000000000000e+01	3.349999999999997424e-02
5.010000000000000000e+14	1.500000000000000000e+01	5.199999999999999067e-02
6.310000000000000000e+14	1.500000000000000000e+01	7.499999999999995559e-02
7.940000000000000000e+14	1.500000000000000000e+01	9.499999999999997335e-02
1.000000000000000000e+15	1.500000000000000000e+01	1.149999999999999911e-01
1.260000000000000000e+15	1.500000000000000000e+01	1.300000000000000044e-01
1.580000000000000000e+15	1.500000000000000000e+01	1.400000000000000133e-01
2.000000000000000000e+15	1.500000000000000000e+01	1.450000000000000178e-01
2.510000000000000000e+15	1.500000000000000000e+01	1.399999999999999023e-01
3.160000000000000000e+15	1.500000000000000000e+01	1.350000000000001199e-01
3.980000000000000000e+15	1.500000000000000000e+01	1.249999999999998890e-01
5.010000000000000000e+15	1.500000000000000000e+01	1.149999999999999911e-01
6.310000000000000000e+15	1.500000000000000000e+01	9.999999999999997780e-02
7.940000000000000000e+15	1.500000000000000000e+01	8.999999999999996891e-02
1.000000000000000000e+16	1.500000000000000000e+01	7.999999999999996003e-02
1.260000000000000000e+16	1.500000000000000000e+01	6.800000000000006040e-02
1.580000000000000000e+16	1.500000000000000000e+01	5.899999999999999689e-02
2.000000000000000000e+16	1.500000000000000000e+01	5.050000000000004485e-02
2.510000000000000000e+16	1.500000000000000000e+01	4.250000000000003775e-02
3.160000000000000000e+16	1.500000000000000000e+01	3.599999999999997646e-02
3.980000000000000000e+16	1.500000000000000000e+01	3.049999999999999933e-02
5.010000000000000000e+16	1.500000000000000000e+01	2.549999999999999489e-02
6.310000000000000000e+16	1.500000000000000000e+01	2.099999999999999090e-02
7.940000000000000000e+16	1.500000000000000000e+01	1.799999999999998823e-02
1.000000000000000000e+17	1.500000000000000000e+01	1.499999999999999944e-02
1.000000000000000000e+11	1.700000000000000000e+01	1.000000000000000269e-09
1.258925411794166107e+11	1.700000000000000000e+01	3.162277660168366287e-09
1.584893192461110840e+11	1.700000000000000000e+01	9.999999999999919146e-09
1.995262314968882751e+11	1.700000000000000000e+01	3.162277660168404337e-08
2.511886431509582214e+11	1.700000000000000000e+01	1.000000000000004455e-07
3.162277660168379517e+11	1.700000000000000000e+01	3.162277660168379721e-07
3.981071705534969482e+11	1.700000000000000000e+01	9.999999999999959313e-07
5.011872336272714844e+11	1.700000000000000000e+01	3.162277660168353780e-06
6.309573444801943359e+11	1.700000000000000000e+01	1.000000000000008891e-05
7.943282347242821045e+11	1.700000000000000000e+01	3.162277660168392405e-05
1.000000000000000000e+12	1.700000000000000000e+01	1.499999999999993092e-05
1.260000000000000000e+12	1.700000000000000000e+01	1.499999999999993092e-05
1.580000000000000000e+12	1.700000000000000000e+01	2.000000000000005246e-05
2.000000000000000000e+12	1.700000000000000000e+01	2.000000000000005246e-05
2.510000000000000000e+12	1.700000000000000000e+01	1.499999999999993092e-05
3.160000000000000000e+12	1.700000000000000000e+01	1.999999999999994404e-05
3.980000000000000000e+12	1.700000000000000000e+01	2.499999999999995715e-05
5.010000000000000000e+12	1.700000000000000000e+01	2.500000000000006557e-05
6.310000000000000000e+12	1.700000000000000000e+01	2.499999999999984873e-05
7.940000000000000000e+12	1.700000000000000000e+01	2.999999999999986185e-05
1.000000000000000000e+13	1.700000000000000000e+01	3.999999999999988808e-05
1.260000000000000000e+13	1.700000000000000000e+01	6.999999999999996676e-05
1.580000000000000000e+13	1.700000000000000000e+01	1.200000000000003147e-04
2.000000000000000000e+13	1.700000000000000000e+01	2.050000000000003209e-04
2.510000000000000000e+13	1.700000000000000000e+01	4.000000000000001818e-04
3.160000000000000000e+13	1.700000000000000000e+01	6.499999999999995365e-04
3.980000000000000000e+13	1.700000000000000000e+01	1.000000000000000888e-03
5.010000000000000000e+13	1.700000000000000000e+01	1.499999999999997863e-03
6.310000000000000000e+13	1.700000000000000000e+01	1.950000000000000344e-03
7.940000000000000000e+13	1.700000000000000000e+01	2.050000000000003209e-03
1.000000000000000000e+14	1.700000000000000000e+01	2.500000000000002220e-03
1.260000000000000000e+14	1.700000000000000000e+01	2.499999999999995282e-03
1.580000000000000000e+14	1.700000000000000000e+01	3.000000000000002665e-03
2.000000000000000000e+14	1.700000000000000000e+01	5.000000000000004441e-03
2.510000000000000000e+14	1.700000000000000000e+01	9.499999999999994560e-03
3.160000000000000000e+14	1.700000000000000000e+01	1.900000000000001688e-02
3.980000000000000000e+14	1.700000000000000000e+01	3.300000000000002931e-02
5.010000000000000000e+14	1.700000000000000000e+01	5.199999999999999067e-02
6.310000000000000000e+14	1.700000000000000000e+01	7.500000000000006661e-02
7.940000000000000000e+14	1.700000000000000000e+01	9.499999999999997335e-02
1.000000000000000000e+15	1.700000000000000000e+01	1.099999999999998757e-01
1.260000000000000000e+15	1.700000000000000000e+01	1.299999999999998934e-01
1.580000000000000000e+15	1.700000000000000000e+01	1.399999999999999023e-01
2.000000000000000000e+15	1.700000000000000000e+01	1.400000000000001243e-01
2.510000000000000000e+15	1.700000000000000000e+01	1.400000000000001243e-01
3.160000000000000000e+15	1.700000000000000000e+01	1.350000000000000089e-01
3.980000000000000000e+15	1.700000000000000000e+01	1.250000000000000000e-01
5.010000000000000000e+15	1.700000000000000000e+01	1.149999999999999911e-01
6.310000000000000000e+15	1.700000000000000000e+01	1.050000000000000933e-01
7.940000000000000000e+15	1.700000000000000000e+01	8.999999999999996891e-02
1.000000000000000000e+16	1.700000000000000000e+01	7.999999999999996003e-02
1.260000000000000000e+16	1.700000000000000000e+01	6.999999999999995115e-02
1.580000000000000000e+16	1.700000000000000000e+01	5.750000000000005107e-02
2.000000000000000000e+16	1.700000000000000000e+01	4.999999999999998890e-02
2.510000000000000000e+16	1.700000000000000000e+01	4.299999999999998268e-02
3.160000000000000000e+16	1.700000000000000000e+01	3.600000000000003197e-02
3.980000000000000000e+16	1.700000000000000000e+01	3.050000000000002709e-02
5.010000000000000000e+16	1.700000000000000000e+01	2.550000000000002265e-02
6.310000000000000000e+16	1.700000000000000000e+01	2.150000000000001910e-02
7.940000000000000000e+16	1.700000000000000000e+01	1.800000000000001599e-02
1.000000000000000000e+17	1.700000000000000000e+01	1.500000000000001332e-02
1.000000000000000000e+11	1.900000000000000000e+01	1.000000000000000269e-09
1.258925411794166107e+11	1.900000000000000000e+01	3.162277660168366287e-09
1.584893192461110840e+11	1.900000000000000000e+01	9.999999999999919146e-09
1.995262314968882751e+11	1.900000000000000000e+01	3.162277660168404337e-08
2.511886431509582214e+11	1.900000000000000000e+01	1.000000000000004455e-07
3.162277660168379517e+11	1.900000000000000000e+01	3.162277660168379721e-07
3.981071705534969482e+11	1.900000000000000000e+01	9.999999999999959313e-07
5.011872336272714844e+11	1.900000000000000000e+01	3.162277660168353780e-06
6.309573444801943359e+11	1.900000000000000000e+01	1.000000000000008891e-05
7.943282347242821045e+11	1.900000000000000000e+01	3.162277660168392405e-05
1.000000000000000000e+12	1.900000000000000000e+01	1.000000000000002623e-05
1.260000000000000000e+12	1.900000000000000000e+01	1.500000000000003934e-05
1.580000000000000000e+12	1.900000000000000000e+01	9.999999999999917809e-06
2.000000000000000000e+12	1.900000000000000000e+01	1.000000000000002623e-05
2.510000000000000000e+12	1.900000000000000000e+01	1.500000000000003934e-05
3.160000000000000000e+12	1.900000000000000000e+01	1.500000000000003934e-05
3.980000000000000000e+12	1.900000000000000000e+01	1.500000000000003934e-05
5.010000000000000000e+12	1.900000000000000000e+01	1.999999999999994404e-05
6.310000000000000000e+12	1.900000000000000000e+01	2.500000000000006557e-05
7.940000000000000000e+12	1.900000000000000000e+01	2.500000000000006557e-05
1.000000000000000000e+13	1.900000000000000000e+01	3.500000000000009180e-05
1.260000000000000000e+13	1.900000000000000000e+01	5.499999999999992742e-05
1.580000000000000000e+13	1.900000000000000000e+01	8.999999999999980238e-05
2.000000000000000000e+13	1.900000000000000000e+01	1.700000000000000122e-04
2.510000000000000000e+13	1.900000000000000000e+01	2.999999999999999195e-04
3.160000000000000000e+13	1.900000000000000000e+01	5.500000000000001416e-04
3.980000000000000000e+13	1.900000000000000000e+01	9.000000000000014932e-04
5.010000000000000000e+13	1.900000000000000000e+01	1.250000000000001110e-03
6.310000000000000000e+13	1.900000000000000000e+01	1.600000000000004197e-03
7.940000000000000000e+13	1.900000000000000000e+01	1.999999999999994837e-03
1.000000000000000000e+14	1.900000000000000000e+01	2.000000000000001776e-03
1.260000000000000000e+14	1.900000000000000000e+01	2.500000000000002220e-03
1.580000000000000000e+14	1.900000000000000000e+01	3.000000000000002665e-03
2.000000000000000000e+14	1.900000000000000000e+01	5.000000000000004441e-03
2.510000000000000000e+14	1.900000000000000000e+01	9.500000000000008438e-03
3.160000000000000000e+14	1.900000000000000000e+01	1.849999999999998868e-02
3.980000000000000000e+14	1.900000000000000000e+01	3.249999999999997335e-02
5.010000000000000000e+14	1.900000000000000000e+01	5.050000000000004485e-02
6.310000000000000000e+14	1.900000000000000000e+01	6.999999999999995115e-02
7.940000000000000000e+14	1.900000000000000000e+01	9.499999999999997335e-02
1.000000000000000000e+15	1.900000000000000000e+01	1.149999999999999911e-01
1.260000000000000000e+15	1.900000000000000000e+01	1.250000000000000000e-01
1.580000000000000000e+15	1.900000000000000000e+01	1.350000000000000089e-01
2.000000000000000000e+15	1.900000000000000000e+01	1.450000000000000178e-01
2.510000000000000000e+15	1.900000000000000000e+01	1.399999999999999023e-01
3.160000000000000000e+15	1.900000000000000000e+01	1.350000000000000089e-01
3.980000000000000000e+15	1.900000000000000000e+01	1.300000000000001155e-01
5.010000000000000000e+15	1.900000000000000000e+01	1.149999999999999911e-01
6.310000000000000000e+15	1.900000000000000000e+01	1.049999999999998712e-01
7.940000000000000000e+15	1.900000000000000000e+01	9.000000000000007994e-02
1.000000000000000000e+16	1.900000000000000000e+01	8.000000000000007105e-02
1.260000000000000000e+16	1.900000000000000000e+01	6.500000000000005773e-02
1.580000000000000000e+16	1.900000000000000000e+01	5.999999999999994227e-02
2.000000000000000000e+16	1.900000000000000000e+01	5.149999999999999023e-02
2.510000000000000000e+16	1.900000000000000000e+01	4.249999999999998224e-02
3.160000000000000000e+16	1.900000000000000000e+01	3.599999999999997646e-02
3.980000000000000000e+16	1.900000000000000000e+01	3.049999999999997158e-02
5.010000000000000000e+16	1.900000000000000000e+01	2.549999999999999489e-02
6.310000000000000000e+16	1.900000000000000000e+01	2.149999999999999134e-02
7.940000000000000000e+16	1.900000000000000000e+01	1.799999999999998823e-02
1.000000000000000000e+17	1.900000000000000000e+01	1.499999999999998557e-02
1.000000000000000000e+11	2.100000000000000000e+01	1.000000000000000269e-09
1.258925411794166107e+11	2.100000000000000000e+01	3.162277660168366287e-09
1.584893192461110840e+11	2.100000000000000000e+01	9.999999999999919146e-09
1.995262314968882751e+11	2.100000000000000000e+01	3.162277660168404337e-08
2.511886431509582214e+11	2.100000000000000000e+01	1.000000000000004455e-07
3.162277660168379517e+11	2.100000000000000000e+01	3.162277660168379721e-07
3.981071705534969482e+11	2.100000000000000000e+01	9.999999999999959313e-07
5.011872336272714844e+11	2.100000000000000000e+01	3.162277660168353780e-06
6.309573444801943359e+11	2.100000000000000000e+01	1.000000000000008891e-05
7.943282347242821045e+11	2.100000000000000000e+01	3.162277660168392405e-05
1.000000000000000000e+12	2.100000000000000000e+01	5.000000000000013115e-06
1.260000000000000000e+12	2.100000000000000000e+01	5.000000000000013115e-06
1.580000000000000000e+12	2.100000000000000000e+01	1.000000000000002623e-05
2.000000000000000000e+12	2.100000000000000000e+01	9.999999999999917809e-06
2.510000000000000000e+12	2.100000000000000000e+01	1.000000000000002623e-05
3.160000000000000000e+12	2.100000000000000000e+01	1.499999999999993092e-05
3.980000000000000000e+12	2.100000000000000000e+01	1.499999999999993092e-05
5.010000000000000000e+12	2.100000000000000000e+01	1.500000000000003934e-05
6.310000000000000000e+12	2.100000000000000000e+01	1.500000000000003934e-05
7.940000000000000000e+12	2.100000000000000000e+01	2.000000000000005246e-05
1.000000000000000000e+13	2.100000000000000000e+01	3.000000000000007869e-05
1.260000000000000000e+13	2.100000000000000000e+01	4.499999999999990119e-05
1.580000000000000000e+13	2.100000000000000000e+01	7.999999999999977615e-05
2.000000000000000000e+13	2.100000000000000000e+01	1.449999999999992961e-04
2.510000000000000000e+13	2.100000000000000000e+01	2.500000000000002220e-04
3.160000000000000000e+13	2.100000000000000000e+01	4.500000000000007466e-04
3.980000000000000000e+13	2.100000000000000000e+01	6.999999999999992339e-04
5.010000000000000000e+13	2.100000000000000000e+01	1.050000000000002320e-03
6.310000000000000000e+13	2.100000000000000000e+01	1.299999999999995604e-03
7.940000000000000000e+13	2.100000000000000000e+01	1.500000000000001332e-03
1.000000000000000000e+14	2.100000000000000000e+01	1.999999999999994837e-03
1.260000000000000000e+14	2.100000000000000000e+01	1.500000000000001332e-03
1.580000000000000000e+14	2.100000000000000000e+01	2.499999999999988343e-03
2.000000000000000000e+14	2.100000000000000000e+01	3.999999999999989675e-03
2.510000000000000000e+14	2.100000000000000000e+01	9.000000000000007994e-03
3.160000000000000000e+14	2.100000000000000000e+01	1.799999999999998823e-02
3.980000000000000000e+14	2.100000000000000000e+01	3.250000000000002887e-02
5.010000000000000000e+14	2.100000000000000000e+01	4.999999999999993339e-02
6.310000000000000000e+14	2.100000000000000000e+01	7.499999999999995559e-02
7.940000000000000000e+14	2.100000000000000000e+01	8.999999999999996891e-02
1.000000000000000000e+15	2.100000000000000000e+01	1.149999999999999911e-01
1.260000000000000000e+15	2.100000000000000000e+01	1.300000000000001155e-01
1.580000000000000000e+15	2.100000000000000000e+01	1.400000000000001243e-01
2.000000000000000000e+15	2.100000000000000000e+01	1.399999999999999023e-01
2.510000000000000000e+15	2.100000000000000000e+01	1.450000000000000178e-01
3.160000000000000000e+15	2.100000000000000000e+01	1.399999999999999023e-01
3.980000000000000000e+15	2.100000000000000000e+01	1.250000000000000000e-01
5.010000000000000000e+15	2.100000000000000000e+01	1.149999999999999911e-01
6.310000000000000000e+15	2.100000000000000000e+01	1.000000000000000888e-01
7.940000000000000000e+15	2.100000000000000000e+01	8.999999999999996891e-02
1.000000000000000000e+16	2.100000000000000000e+01	7.999999999999996003e-02
1.260000000000000000e+16	2.100000000000000000e+01	6.999999999999995115e-02
1.580000000000000000e+16	2.100000000000000000e+01	6.000000000000005329e-02
2.000000000000000000e+16	2.100000000000000000e+01	5.000000000000004441e-02
2.510000000000000000e+16	2.100000000000000000e+01	4.249999999999998224e-02
3.160000000000000000e+16	2.100000000000000000e+01	3.600000000000003197e-02
3.980000000000000000e+16	2.100000000000000000e+01	3.050000000000002709e-02
5.010000000000000000e+16	2.100000000000000000e+01	2.549999999999996714e-02
6.310000000000000000e+16	2.100000000000000000e+01	2.149999999999999134e-02
7.940000000000000000e+16	2.100000000000000000e+01	1.800000000000001599e-02
1.000000000000000000e+17	2.100000000000000000e+01	1.500000000000001332e-02
1.000000000000000000e+11	2.300000000000000000e+01	1.000000000000000269e-09
1.258925411794166107e+11	2.300000000000000000e+01	3.162277660168366287e-09
1.584893192461110840e+11	2.300000000000000000e+01	9.999999999999919146e-09
1.995262314968882751e+11	2.300000000000000000e+01	3.162277660168404337e-08
2.511886431509582214e+11	2.300000000000000000e+01	1.000000000000004455e-07
3.162277660168379517e+11	2.300000000000000000e+01	3.162277660168379721e-07
3.981071705534969482e+11	2.300000000000000000e+01	9.999999999999959313e-07
5.011872336272714844e+11	2.300000000000000000e+01	3.162277660168353780e-06
6.309573444801943359e+11	2.300000000000000000e+01	1.000000000000008891e-05
7.943282347242821045e+11	2.300000000000000000e+01	3.162277660168392405e-05
1.000000000000000000e+12	2.300000000000000000e+01	1.000000000000002623e-05
1.260000000000000000e+12	2.300000000000000000e+01	1.000000000000002623e-05
1.580000000000000000e+12	2.300000000000000000e+01	5.000000000000013115e-06
2.000000000000000000e+12	2.300000000000000000e+01	1.000000000000002623e-05
2.510000000000000000e+12	2.300000000000000000e+01	9.999999999999917809e-06
3.160000000000000000e+12	2.300000000000000000e+01	1.000000000000002623e-05
3.980000000000000000e+12	2.300000000000000000e+01	1.000000000000002623e-05
5.010000000000000000e+12	2.300000000000000000e+01	1.000000000000002623e-05
6.310000000000000000e+12	2.300000000000000000e+01	1.500000000000003934e-05
7.940000000000000000e+12	2.300000000000000000e+01	1.500000000000003934e-05
1.000000000000000000e+13	2.300000000000000000e+01	2.499999999999984873e-05
1.260000000000000000e+13	2.300000000000000000e+01	4.000000000000010492e-05
1.580000000000000000e+13	2.300000000000000000e+01	7.000000000000018360e-05
2.000000000000000000e+13	2.300000000000000000e+01	1.300000000000007747e-04
2.510000000000000000e+13	2.300000000000000000e+01	1.999999999999987899e-04
3.160000000000000000e+13	2.300000000000000000e+01	3.999999999999993144e-04
3.980000000000000000e+13	2.300000000000000000e+01	6.500000000000012712e-04
5.010000000000000000e+13	2.300000000000000000e+01	8.999999999999980238e-04
6.310000000000000000e+13	2.300000000000000000e+01	1.199999999999999678e-03
7.940000000000000000e+13	2.300000000000000000e+01	1.500000000000001332e-03
1.000000000000000000e+14	2.300000000000000000e+01	1.500000000000001332e-03
1.260000000000000000e+14	2.300000000000000000e+01	2.000000000000001776e-03
1.580000000000000000e+14	2.300000000000000000e+01	2.000000000000001776e-03
2.000000000000000000e+14	2.300000000000000000e+01	4.500000000000003997e-03
2.510000000000000000e+14	2.300000000000000000e+01	8.999999999999980238e-03
3.160000000000000000e+14	2.300000000000000000e+01	1.800000000000001599e-02
3.980000000000000000e+14	2.300000000000000000e+01	3.249999999999997335e-02
5.010000000000000000e+14	2.300000000000000000e+01	5.500000000000004885e-02
6.310000000000000000e+14	2.300000000000000000e+01	7.000000000000006217e-02
7.940000000000000000e+14	2.300000000000000000e+01	9.499999999999997335e-02
1.000000000000000000e+15	2.300000000000000000e+01	1.100000000000000977e-01
1.260000000000000000e+15	2.300000000000000000e+01	1.250000000000000000e-01
1.580000000000000000e+15	2.300000000000000000e+01	1.350000000000000089e-01
2.000000000000000000e+15	2.300000000000000000e+01	1.400000000000001243e-01
2.510000000000000000e+15	2.300000000000000000e+01	1.400000000000001243e-01
3.160000000000000000e+15	2.300000000000000000e+01	1.350000000000000089e-01
3.980000000000000000e+15	2.300000000000000000e+01	1.250000000000000000e-01
5.010000000000000000e+15	2.300000000000000000e+01	1.149999999999999911e-01
6.310000000000000000e+15	2.300000000000000000e+01	1.049999999999999822e-01
7.940000000000000000e+15	2.300000000000000000e+01	9.000000000000007994e-02
1.000000000000000000e+16	2.300000000000000000e+01	7.999999999999996003e-02
1.260000000000000000e+16	2.300000000000000000e+01	6.999999999999995115e-02
1.580000000000000000e+16	2.300000000000000000e+01	5.999999999999994227e-02
2.000000000000000000e+16	2.300000000000000000e+01	4.999999999999993339e-02
2.510000000000000000e+16	2.300000000000000000e+01	4.450000000000003952e-02
3.160000000000000000e+16	2.300000000000000000e+01	3.649999999999997691e-02
3.980000000000000000e+16	2.300000000000000000e+01	2.999999999999997113e-02
5.010000000000000000e+16	2.300000000000000000e+01	2.600000000000002309e-02
6.310000000000000000e+16	2.300000000000000000e+01	2.150000000000001910e-02
7.940000000000000000e+16	2.300000000000000000e+01	1.799999999999998823e-02
1.000000000000000000e+17	2.300000000000000000e+01	1.499999999999998557e-02
1.000000000000000000e+11	2.500000000000000000e+01	1.000000000000000269e-09
1.258925411794166107e+11	2.500000000000000000e+01	3.162277660168366287e-09
1.584893192461110840e+11	2.500000000000000000e+01	9.999999999999919146e-09
1.995262314968882751e+11	2.500000000000000000e+01	3.162277660168404337e-08
2.511886431509582214e+11	2.500000000000000000e+01	1.000000000000004455e-07
3.162277660168379517e+11	2.500000000000000000e+01	3.162277660168379721e-07
3.981071705534969482e+11	2.500000000000000000e+01	9.999999999999959313e-07
5.011872336272714844e+11	2.500000000000000000e+01	3.162277660168353780e-06
6.309573444801943359e+11	2.500000000000000000e+01	1.000000000000008891e-05
7.943282347242821045e+11	2.500000000000000000e+01	3.162277660168392405e-05
1.000000000000000000e+12	2.500000000000000000e+01	0.000000000000000000e+00
1.260000000000000000e+12	2.500000000000000000e+01	4.999999999999904694e-06
1.580000000000000000e+12	2.500000000000000000e+01	5.000000000000013115e-06
2.000000000000000000e+12	2.500000000000000000e+01	5.000000000000013115e-06
2.510000000000000000e+12	2.500000000000000000e+01	5.000000000000013115e-06
3.160000000000000000e+12	2.500000000000000000e+01	5.000000000000013115e-06
3.980000000000000000e+12	2.500000000000000000e+01	1.000000000000002623e-05
5.010000000000000000e+12	2.500000000000000000e+01	1.000000000000002623e-05
6.310000000000000000e+12	2.500000000000000000e+01	1.000000000000002623e-05
7.940000000000000000e+12	2.500000000000000000e+01	1.499999999999982250e-05
1.000000000000000000e+13	2.500000000000000000e+01	2.000000000000005246e-05
1.260000000000000000e+13	2.500000000000000000e+01	3.499999999999987496e-05
1.580000000000000000e+13	2.500000000000000000e+01	6.000000000000015737e-05
2.000000000000000000e+13	2.500000000000000000e+01	9.999999999999939493e-05
2.510000000000000000e+13	2.500000000000000000e+01	2.000000000000005246e-04
3.160000000000000000e+13	2.500000000000000000e+01	3.499999999999996170e-04
3.980000000000000000e+13	2.500000000000000000e+01	5.499999999999984068e-04
5.010000000000000000e+13	2.500000000000000000e+01	8.000000000000020983e-04
6.310000000000000000e+13	2.500000000000000000e+01	1.000000000000000888e-03
7.940000000000000000e+13	2.500000000000000000e+01	1.000000000000000888e-03
1.000000000000000000e+14	2.500000000000000000e+01	1.000000000000000888e-03
1.260000000000000000e+14	2.500000000000000000e+01	1.500000000000001332e-03
1.580000000000000000e+14	2.500000000000000000e+01	2.000000000000001776e-03
2.000000000000000000e+14	2.500000000000000000e+01	4.000000000000003553e-03
2.510000000000000000e+14	2.500000000000000000e+01	8.500000000000007550e-03
3.160000000000000000e+14	2.500000000000000000e+01	1.800000000000001599e-02
3.980000000000000000e+14	2.500000000000000000e+01	3.200000000000002842e-02
5.010000000000000000e+14	2.500000000000000000e+01	4.999999999999993339e-02
6.310000000000000000e+14	2.500000000000000000e+01	7.499999999999995559e-02
7.940000000000000000e+14	2.500000000000000000e+01	9.500000000000019540e-02
1.000000000000000000e+15	2.500000000000000000e+01	1.149999999999999911e-01
1.260000000000000000e+15	2.500000000000000000e+01	1.299999999999998934e-01
1.580000000000000000e+15	2.500000000000000000e+01	1.399999999999999023e-01
2.000000000000000000e+15	2.500000000000000000e+01	1.450000000000000178e-01
2.510000000000000000e+15	2.500000000000000000e+01	1.399999999999999023e-01
3.160000000000000000e+15	2.500000000000000000e+01	1.350000000000000089e-01
3.980000000000000000e+15	2.500000000000000000e+01	1.250000000000000000e-01
5.010000000000000000e+15	2.500000000000000000e+01	1.149999999999999911e-01
6.310000000000000000e+15	2.500000000000000000e+01	1.000000000000000888e-01
7.940000000000000000e+15	2.500000000000000000e+01	9.499999999999997335e-02
1.000000000000000000e+16	2.500000000000000000e+01	7.500000000000006661e-02
1.260000000000000000e+16	2.500000000000000000e+01	7.000000000000006217e-02
1.580000000000000000e+16	2.500000000000000000e+01	5.500000000000004885e-02
2.000000000000000000e+16	2.500000000000000000e+01	5.000000000000004441e-02
2.510000000000000000e+16	2.500000000000000000e+01	4.000000000000003553e-02
3.160000000000000000e+16	2.500000000000000000e+01	3.599999999999997646e-02
3.980000000000000000e+16	2.500000000000000000e+01	3.050000000000002709e-02
5.010000000000000000e+16	2.500000000000000000e+01	2.550000000000002265e-02
6.310000000000000000e+16	2.500000000000000000e+01	2.150000000000001910e-02
7.940000000000000000e+16	2.500000000000000000e+01	1.750000000000001554e-02
1.000000000000000000e+17	2.500000000000000000e+01	1.500000000000001332e-02
1.000000000000000000e+11	2.700000000000000000e+01	1.000000000000000269e-09
1.258925411794166107e+11	2.700000000000000000e+01	3.162277660168366287e-09
1.584893192461110840e+11	2.700000000000000000e+01	9.999999999999919146e-09
1.995262314968882751e+11	2.700000000000000000e+01	3.162277660168404337e-08
2.511886431509582214e+11	2.700000000000000000e+01	1.000000000000004455e-07
3.162277660168379517e+11	2.700000000000000000e+01	3.162277660168379721e-07
3.981071705534969482e+11	2.700000000000000000e+01	9.999999999999959313e-07
5.011872336272714844e+11	2.700000000000000000e+01	3.162277660168353780e-06
6.309573444801943359e+11	2.700000000000000000e+01	1.000000000000008891e-05
7.943282347242821045e+11	2.700000000000000000e+01	3.162277660168392405e-05
1.000000000000000000e+12	2.700000000000000000e+01	5.000000000000013115e-06
1.260000000000000000e+12	2.700000000000000000e+01	5.000000000000013115e-06
1.580000000000000000e+12	2.700000000000000000e+01	5.000000000000013115e-06
2.000000000000000000e+12	2.700000000000000000e+01	5.000000000000013115e-06
2.510000000000000000e+12	2.700000000000000000e+01	1.000000000000002623e-05
3.160000000000000000e+12	2.700000000000000000e+01	5.000000000000013115e-06
3.980000000000000000e+12	2.700000000000000000e+01	5.000000000000013115e-06
5.010000000000000000e+12	2.700000000000000000e+01	1.000000000000002623e-05
6.310000000000000000e+12	2.700000000000000000e+01	1.000000000000002623e-05
7.940000000000000000e+12	2.700000000000000000e+01	1.500000000000003934e-05
1.000000000000000000e+13	2.700000000000000000e+01	2.000000000000005246e-05
1.260000000000000000e+13	2.700000000000000000e+01	3.500000000000030864e-05
1.580000000000000000e+13	2.700000000000000000e+01	5.999999999999972369e-05
2.000000000000000000e+13	2.700000000000000000e+01	1.000000000000002623e-04
2.510000000000000000e+13	2.700000000000000000e+01	2.000000000000005246e-04
3.160000000000000000e+13	2.700000000000000000e+01	3.500000000000013517e-04
3.980000000000000000e+13	2.700000000000000000e+01	5.000000000000004441e-04
5.010000000000000000e+13	2.700000000000000000e+01	6.999999999999992339e-04
6.310000000000000000e+13	2.700000000000000000e+01	9.499999999999994560e-04
7.940000000000000000e+13	2.700000000000000000e+01	1.500000000000001332e-03
1.000000000000000000e+14	2.700000000000000000e+01	1.500000000000001332e-03
1.260000000000000000e+14	2.700000000000000000e+01	1.500000000000001332e-03
1.580000000000000000e+14	2.700000000000000000e+01	2.000000000000001776e-03
2.000000000000000000e+14	2.700000000000000000e+01	3.500000000000003109e-03
2.510000000000000000e+14	2.700000000000000000e+01	8.500000000000007550e-03
3.160000000000000000e+14	2.700000000000000000e+01	1.749999999999996003e-02
3.980000000000000000e+14	2.700000000000000000e+01	3.249999999999997335e-02
5.010000000000000000e+14	2.700000000000000000e+01	5.000000000000004441e-02
6.310000000000000000e+14	2.700000000000000000e+01	7.000000000000006217e-02
7.940000000000000000e+14	2.700000000000000000e+01	9.499999999999997335e-02
1.000000000000000000e+15	2.700000000000000000e+01	1.149999999999999911e-01
1.260000000000000000e+15	2.700000000000000000e+01	1.300000000000001155e-01
1.580000000000000000e+15	2.700000000000000000e+01	1.350000000000000089e-01
2.000000000000000000e+15	2.700000000000000000e+01	1.399999999999999023e-01
2.510000000000000000e+15	2.700000000000000000e+01	1.400000000000001243e-01
3.160000000000000000e+15	2.700000000000000000e+01	1.350000000000000089e-01
3.980000000000000000e+15	2.700000000000000000e+01	1.299999999999998934e-01
5.010000000000000000e+15	2.700000000000000000e+01	1.149999999999999911e-01
6.310000000000000000e+15	2.700000000000000000e+01	1.049999999999999822e-01
7.940000000000000000e+15	2.700000000000000000e+01	8.999999999999985789e-02
1.000000000000000000e+16	2.700000000000000000e+01	8.000000000000007105e-02
1.260000000000000000e+16	2.700000000000000000e+01	6.499999999999994671e-02
1.580000000000000000e+16	2.700000000000000000e+01	5.999999999999994227e-02
2.000000000000000000e+16	2.700000000000000000e+01	4.999999999999993339e-02
2.510000000000000000e+16	2.700000000000000000e+01	4.499999999999992895e-02
3.160000000000000000e+16	2.700000000000000000e+01	3.450000000000003064e-02
3.980000000000000000e+16	2.700000000000000000e+01	3.049999999999997158e-02
5.010000000000000000e+16	2.700000000000000000e+01	2.549999999999996714e-02
6.310000000000000000e+16	2.700000000000000000e+01	2.149999999999996358e-02
7.940000000000000000e+16	2.700000000000000000e+01	1.799999999999998823e-02
1.000000000000000000e+17	2.700000000000000000e+01	1.499999999999998557e-02
1.000000000000000000e+11	2.900000000000000000e+01	1.000000000000000269e-09
1.258925411794166107e+11	2.900000000000000000e+01	3.162277660168366287e-09
1.584893192461110840e+11	2.900000000000000000e+01	9.999999999999919146e-09
1.995262314968882751e+11	2.900000000000000000e+01	3.162277660168404337e-08
2.511886431509582214e+11	2.900000000000000000e+01	1.000000000000004455e-07
3.162277660168379517e+11	2.900000000000000000e+01	3.162277660168379721e-07
3.981071705534969482e+11	2.900000000000000000e+01	9.999999999999959313e-07
5.011872336272714844e+11	2.900000000000000000e+01	3.162277660168353780e-06
6.309573444801943359e+11	2.900000000000000000e+01	1.000000000000008891e-05
7.943282347242821045e+11	2.900000000000000000e+01	3.162277660168392405e-05
1.000000000000000000e+12	2.900000000000000000e+01	4.999999999999904694e-06
1.260000000000000000e+12	2.900000000000000000e+01	0.000000000000000000e+00
1.580000000000000000e+12	2.900000000000000000e+01	5.000000000000013115e-06
2.000000000000000000e+12	2.900000000000000000e+01	5.000000000000013115e-06
2.510000000000000000e+12	2.900000000000000000e+01	5.000000000000013115e-06
3.160000000000000000e+12	2.900000000000000000e+01	1.000000000000002623e-05
3.980000000000000000e+12	2.900000000000000000e+01	5.000000000000013115e-06
5.010000000000000000e+12	2.900000000000000000e+01	9.999999999999809389e-06
6.310000000000000000e+12	2.900000000000000000e+01	9.999999999999809389e-06
7.940000000000000000e+12	2.900000000000000000e+01	1.000000000000002623e-05
1.000000000000000000e+13	2.900000000000000000e+01	1.500000000000003934e-05
1.260000000000000000e+13	2.900000000000000000e+01	2.999999999999964501e-05
1.580000000000000000e+13	2.900000000000000000e+01	5.000000000000013115e-05
2.000000000000000000e+13	2.900000000000000000e+01	1.000000000000002623e-04
2.510000000000000000e+13	2.900000000000000000e+01	1.499999999999990924e-04
3.160000000000000000e+13	2.900000000000000000e+01	2.500000000000002220e-04
3.980000000000000000e+13	2.900000000000000000e+01	4.499999999999990119e-04
5.010000000000000000e+13	2.900000000000000000e+01	6.999999999999992339e-04
6.310000000000000000e+13	2.900000000000000000e+01	8.500000000000035305e-04
7.940000000000000000e+13	2.900000000000000000e+01	9.999999999999939493e-04
1.000000000000000000e+14	2.900000000000000000e+01	1.000000000000000888e-03
1.260000000000000000e+14	2.900000000000000000e+01	1.000000000000000888e-03
1.580000000000000000e+14	2.900000000000000000e+01	2.000000000000001776e-03
2.000000000000000000e+14	2.900000000000000000e+01	3.999999999999989675e-03
2.510000000000000000e+14	2.900000000000000000e+01	8.999999999999980238e-03
3.160000000000000000e+14	2.900000000000000000e+01	1.800000000000001599e-02
3.980000000000000000e+14	2.900000000000000000e+01	2.950000000000002620e-02
5.010000000000000000e+14	2.900000000000000000e+01	5.000000000000004441e-02
6.310000000000000000e+14	2.900000000000000000e+01	7.499999999999995559e-02
7.940000000000000000e+14	2.900000000000000000e+01	9.499999999999997335e-02
1.000000000000000000e+15	2.900000000000000000e+01	1.100000000000000977e-01
1.260000000000000000e+15	2.900000000000000000e+01	1.250000000000000000e-01
1.580000000000000000e+15	2.900000000000000000e+01	1.400000000000001243e-01
2.000000000000000000e+15	2.900000000000000000e+01	1.450000000000000178e-01
2.510000000000000000e+15	2.900000000000000000e+01	1.449999999999997957e-01
3.160000000000000000e+15	2.900000000000000000e+01	1.350000000000000089e-01
3.980000000000000000e+15	2.900000000000000000e+01	1.250000000000000000e-01
5.010000000000000000e+15	2.900000000000000000e+01	1.149999999999999911e-01
6.310000000000000000e+15	2.900000000000000000e+01	9.999999999999986677e-02
7.940000000000000000e+15	2.900000000000000000e+01	9.000000000000007994e-02
1.000000000000000000e+16	2.900000000000000000e+01	7.999999999999984901e-02
1.260000000000000000e+16	2.900000000000000000e+01	7.000000000000006217e-02
1.580000000000000000e+16	2.900000000000000000e+01	6.000000000000005329e-02
2.000000000000000000e+16	2.900000000000000000e+01	5.000000000000004441e-02
2.510000000000000000e+16	2.900000000000000000e+01	4.000000000000003553e-02
3.160000000000000000e+16	2.900000000000000000e+01	4.000000000000003553e-02
3.980000000000000000e+16	2.900000000000000000e+01	3.050000000000002709e-02
5.010000000000000000e+16	2.900000000000000000e+01	2.550000000000002265e-02
6.310000000000000000e+16	2.900000000000000000e+01	2.150000000000001910e-02
7.940000000000000000e+16	2.900000000000000000e+01	1.800000000000001599e-02
1.000000000000000000e+17	2.900000000000000000e+01	1.500000000000001332e-02
