1.000000000000000000e+11	5.000000000000000000e-01	1.000000000000000269e-09
1.258925411794166107e+11	5.000000000000000000e-01	3.162277660168366287e-09
1.584893192461110840e+11	5.000000000000000000e-01	9.999999999999919146e-09
1.995262314968882751e+11	5.000000000000000000e-01	3.162277660168404337e-08
2.511886431509582214e+11	5.000000000000000000e-01	1.000000000000004455e-07
3.162277660168379517e+11	5.000000000000000000e-01	3.162277660168379721e-07
3.981071705534969482e+11	5.000000000000000000e-01	9.999999999999959313e-07
5.011872336272714844e+11	5.000000000000000000e-01	3.162277660168353780e-06
6.309573444801943359e+11	5.000000000000000000e-01	1.000000000000008891e-05
7.943282347242821045e+11	5.000000000000000000e-01	3.162277660168392405e-05
1.000000000000000000e+12	5.000000000000000000e-01	1.479999999999999925e-04
1.260000000000000000e+12	5.000000000000000000e-01	1.569999999999999944e-04
1.580000000000000000e+12	5.000000000000000000e-01	1.630000000000000047e-04
2.000000000000000000e+12	5.000000000000000000e-01	1.700000000000000122e-04
2.510000000000000000e+12	5.000000000000000000e-01	1.779999999999999898e-04
3.160000000000000000e+12	5.000000000000000000e-01	1.869999999999999917e-04
3.980000000000000000e+12	5.000000000000000000e-01	1.979999999999999881e-04
5.010000000000000000e+12	5.000000000000000000e-01	2.110000000000000059e-04
6.310000000000000000e+12	5.000000000000000000e-01	2.269999999999999882e-04
7.940000000000000000e+12	5.000000000000000000e-01	2.489999999999999809e-04
1.000000000000000000e+13	5.000000000000000000e-01	2.950000000000000148e-04
1.260000000000000000e+13	5.000000000000000000e-01	3.910000000000000172e-04
1.580000000000000000e+13	5.000000000000000000e-01	5.490000000000000088e-04
2.000000000000000000e+13	5.000000000000000000e-01	8.249999999999999955e-04
2.510000000000000000e+13	5.000000000000000000e-01	1.330000000000000019e-03
3.160000000000000000e+13	5.000000000000000000e-01	2.210000000000000159e-03
3.980000000000000000e+13	5.000000000000000000e-01	3.520000000000000125e-03
5.010000000000000000e+13	5.000000000000000000e-01	5.150000000000000064e-03
6.310000000000000000e+13	5.000000000000000000e-01	6.850000000000000186e-03
7.940000000000000000e+13	5.000000000000000000e-01	8.340000000000000191e-03
1.000000000000000000e+14	5.000000000000000000e-01	9.459999999999999659e-03
1.260000000000000000e+14	5.000000000000000000e-01	1.020000000000000073e-02
1.580000000000000000e+14	5.000000000000000000e-01	1.089999999999999997e-02
2.000000000000000000e+14	5.000000000000000000e-01	1.260000000000000009e-02
2.510000000000000000e+14	5.000000000000000000e-01	1.689999999999999836e-02
3.160000000000000000e+14	5.000000000000000000e-01	2.549999999999999836e-02
3.980000000000000000e+14	5.000000000000000000e-01	3.910000000000000281e-02
5.010000000000000000e+14	5.000000000000000000e-01	5.720000000000000084e-02
6.310000000000000000e+14	5.000000000000000000e-01	7.799999999999999989e-02
7.940000000000000000e+14	5.000000000000000000e-01	9.879999999999999893e-02
1.000000000000000000e+15	5.000000000000000000e-01	1.170000000000000068e-01
1.260000000000000000e+15	5.000000000000000000e-01	1.310000000000000053e-01
1.580000000000000000e+15	5.000000000000000000e-01	1.409999999999999865e-01
2.000000000000000000e+15	5.000000000000000000e-01	1.449999999999999900e-01
2.510000000000000000e+15	5.000000000000000000e-01	1.429999999999999882e-01
3.160000000000000000e+15	5.000000000000000000e-01	1.370000000000000107e-01
3.980000000000000000e+15	5.000000000000000000e-01	1.280000000000000027e-01
5.010000000000000000e+15	5.000000000000000000e-01	1.160000000000000059e-01
6.310000000000000000e+15	5.000000000000000000e-01	1.039999999999999952e-01
7.940000000000000000e+15	5.000000000000000000e-01	9.160000000000000087e-02
1.000000000000000000e+16	5.000000000000000000e-01	7.989999999999999880e-02
1.260000000000000000e+16	5.000000000000000000e-01	6.909999999999999476e-02
1.580000000000000000e+16	5.000000000000000000e-01	5.929999999999999855e-02
2.000000000000000000e+16	5.000000000000000000e-01	5.059999999999999915e-02
2.510000000000000000e+16	5.000000000000000000e-01	4.299999999999999656e-02
3.160000000000000000e+16	5.000000000000000000e-01	3.640000000000000180e-02
3.980000000000000000e+16	5.000000000000000000e-01	3.070000000000000159e-02
5.010000000000000000e+16	5.000000000000000000e-01	2.580000000000000002e-02
6.310000000000000000e+16	5.000000000000000000e-01	2.160000000000000114e-02
7.940000000000000000e+16	5.000000000000000000e-01	1.810000000000000150e-02
1.000000000000000000e+17	5.000000000000000000e-01	1.510000000000000057e-02
1.000000000000000000e+11	1.500000000000000000e+00	1.000000000000000269e-09
1.258925411794166107e+11	1.500000000000000000e+00	3.162277660168366287e-09
1.584893192461110840e+11	1.500000000000000000e+00	9.999999999999919146e-09
1.995262314968882751e+11	1.500000000000000000e+00	3.162277660168404337e-08
2.511886431509582214e+11	1.500000000000000000e+00	1.000000000000004455e-07
3.162277660168379517e+11	1.500000000000000000e+00	3.162277660168379721e-07
3.981071705534969482e+11	1.500000000000000000e+00	9.999999999999959313e-07
5.011872336272714844e+11	1.500000000000000000e+00	3.162277660168353780e-06
6.309573444801943359e+11	1.500000000000000000e+00	1.000000000000008891e-05
7.943282347242821045e+11	1.500000000000000000e+00	3.162277660168392405e-05
1.000000000000000000e+12	1.500000000000000000e+00	1.499999999999999869e-04
1.260000000000000000e+12	1.500000000000000000e+00	1.600000000000000131e-04
1.580000000000000000e+12	1.500000000000000000e+00	1.649999999999999991e-04
2.000000000000000000e+12	1.500000000000000000e+00	1.709999999999999823e-04
2.510000000000000000e+12	1.500000000000000000e+00	1.779999999999999898e-04
3.160000000000000000e+12	1.500000000000000000e+00	1.869999999999999917e-04
3.980000000000000000e+12	1.500000000000000000e+00	1.970000000000000180e-04
5.010000000000000000e+12	1.500000000000000000e+00	2.099999999999999816e-04
6.310000000000000000e+12	1.500000000000000000e+00	2.249999999999999938e-04
7.940000000000000000e+12	1.500000000000000000e+00	2.460000000000000164e-04
1.000000000000000000e+13	1.500000000000000000e+00	2.900000000000000017e-04
1.260000000000000000e+13	1.500000000000000000e+00	3.839999999999999555e-04
1.580000000000000000e+13	1.500000000000000000e+00	5.410000000000000312e-04
2.000000000000000000e+13	1.500000000000000000e+00	8.249999999999999955e-04
2.510000000000000000e+13	1.500000000000000000e+00	1.340000000000000045e-03
3.160000000000000000e+13	1.500000000000000000e+00	2.230000000000000211e-03
3.980000000000000000e+13	1.500000000000000000e+00	3.560000000000000230e-03
5.010000000000000000e+13	1.500000000000000000e+00	5.249999999999999459e-03
6.310000000000000000e+13	1.500000000000000000e+00	6.949999999999999581e-03
7.940000000000000000e+13	1.500000000000000000e+00	8.459999999999998771e-03
1.000000000000000000e+14	1.500000000000000000e+00	9.639999999999999264e-03
1.260000000000000000e+14	1.500000000000000000e+00	1.030000000000000013e-02
1.580000000000000000e+14	1.500000000000000000e+00	1.109999999999999876e-02
2.000000000000000000e+14	1.500000000000000000e+00	1.269999999999999948e-02
2.510000000000000000e+14	1.500000000000000000e+00	1.700000000000000122e-02
3.160000000000000000e+14	1.500000000000000000e+00	2.540000000000000244e-02
3.980000000000000000e+14	1.500000000000000000e+00	3.910000000000000281e-02
5.010000000000000000e+14	1.500000000000000000e+00	5.680000000000000326e-02
6.310000000000000000e+14	1.500000000000000000e+00	7.799999999999999989e-02
7.940000000000000000e+14	1.500000000000000000e+00	9.820000000000000950e-02
1.000000000000000000e+15	1.500000000000000000e+00	1.170000000000000068e-01
1.260000000000000000e+15	1.500000000000000000e+00	1.320000000000000062e-01
1.580000000000000000e+15	1.500000000000000000e+00	1.400000000000000411e-01
2.000000000000000000e+15	1.500000000000000000e+00	1.439999999999999891e-01
2.510000000000000000e+15	1.500000000000000000e+00	1.439999999999999891e-01
3.160000000000000000e+15	1.500000000000000000e+00	1.370000000000000107e-01
3.980000000000000000e+15	1.500000000000000000e+00	1.270000000000000018e-01
5.010000000000000000e+15	1.500000000000000000e+00	1.160000000000000059e-01
6.310000000000000000e+15	1.500000000000000000e+00	1.039999999999999952e-01
7.940000000000000000e+15	1.500000000000000000e+00	9.139999999999999514e-02
1.000000000000000000e+16	1.500000000000000000e+00	8.010000000000000453e-02
1.260000000000000000e+16	1.500000000000000000e+00	6.890000000000001679e-02
1.580000000000000000e+16	1.500000000000000000e+00	5.969999999999999613e-02
2.000000000000000000e+16	1.500000000000000000e+00	5.040000000000000729e-02
2.510000000000000000e+16	1.500000000000000000e+00	4.299999999999999656e-02
3.160000000000000000e+16	1.500000000000000000e+00	3.629999999999999893e-02
3.980000000000000000e+16	1.500000000000000000e+00	3.059999999999999873e-02
5.010000000000000000e+16	1.500000000000000000e+00	2.569999999999999715e-02
6.310000000000000000e+16	1.500000000000000000e+00	2.160000000000000114e-02
7.940000000000000000e+16	1.500000000000000000e+00	1.799999999999999864e-02
1.000000000000000000e+17	1.500000000000000000e+00	1.499999999999999771e-02
1.000000000000000000e+11	2.500000000000000000e+00	1.000000000000000269e-09
1.258925411794166107e+11	2.500000000000000000e+00	3.162277660168366287e-09
1.584893192461110840e+11	2.500000000000000000e+00	9.999999999999919146e-09
1.995262314968882751e+11	2.500000000000000000e+00	3.162277660168404337e-08
2.511886431509582214e+11	2.500000000000000000e+00	1.000000000000004455e-07
3.162277660168379517e+11	2.500000000000000000e+00	3.162277660168379721e-07
3.981071705534969482e+11	2.500000000000000000e+00	9.999999999999959313e-07
5.011872336272714844e+11	2.500000000000000000e+00	3.162277660168353780e-06
6.309573444801943359e+11	2.500000000000000000e+00	1.000000000000008891e-05
7.943282347242821045e+11	2.500000000000000000e+00	3.162277660168392405e-05
1.000000000000000000e+12	2.500000000000000000e+00	1.440000000000000308e-04
1.260000000000000000e+12	2.500000000000000000e+00	1.520000000000000084e-04
1.580000000000000000e+12	2.500000000000000000e+00	1.579999999999999916e-04
2.000000000000000000e+12	2.500000000000000000e+00	1.650000000000000533e-04
2.510000000000000000e+12	2.500000000000000000e+00	1.710000000000000365e-04
3.160000000000000000e+12	2.500000000000000000e+00	1.790000000000000141e-04
3.980000000000000000e+12	2.500000000000000000e+00	1.889999999999999862e-04
5.010000000000000000e+12	2.500000000000000000e+00	2.000000000000000367e-04
6.310000000000000000e+12	2.500000000000000000e+00	2.140000000000000517e-04
7.940000000000000000e+12	2.500000000000000000e+00	2.330000000000000257e-04
1.000000000000000000e+13	2.500000000000000000e+00	2.739999999999999380e-04
1.260000000000000000e+13	2.500000000000000000e+00	3.649999999999999816e-04
1.580000000000000000e+13	2.500000000000000000e+00	5.200000000000000629e-04
2.000000000000000000e+13	2.500000000000000000e+00	7.899999999999999037e-04
2.510000000000000000e+13	2.500000000000000000e+00	1.299999999999999507e-03
3.160000000000000000e+13	2.500000000000000000e+00	2.189999999999999239e-03
3.980000000000000000e+13	2.500000000000000000e+00	3.519999999999999692e-03
5.010000000000000000e+13	2.500000000000000000e+00	5.199999999999999761e-03
6.310000000000000000e+13	2.500000000000000000e+00	6.899999999999999883e-03
7.940000000000000000e+13	2.500000000000000000e+00	8.400000000000001216e-03
1.000000000000000000e+14	2.500000000000000000e+00	9.500000000000001499e-03
1.260000000000000000e+14	2.500000000000000000e+00	1.020000000000000073e-02
1.580000000000000000e+14	2.500000000000000000e+00	1.080000000000000404e-02
2.000000000000000000e+14	2.500000000000000000e+00	1.250000000000000069e-02
2.510000000000000000e+14	2.500000000000000000e+00	1.669999999999999957e-02
3.160000000000000000e+14	2.500000000000000000e+00	2.520000000000000018e-02
3.980000000000000000e+14	2.500000000000000000e+00	3.880000000000000115e-02
5.010000000000000000e+14	2.500000000000000000e+00	5.700000000000000899e-02
6.310000000000000000e+14	2.500000000000000000e+00	7.800000000000001377e-02
7.940000000000000000e+14	2.500000000000000000e+00	9.899999999999997691e-02
1.000000000000000000e+15	2.500000000000000000e+00	1.169999999999999651e-01
1.260000000000000000e+15	2.500000000000000000e+00	1.310000000000000053e-01
1.580000000000000000e+15	2.500000000000000000e+00	1.409999999999999587e-01
2.000000000000000000e+15	2.500000000000000000e+00	1.450000000000000178e-01
2.510000000000000000e+15	2.500000000000000000e+00	1.430000000000000160e-01
3.160000000000000000e+15	2.500000000000000000e+00	1.369999999999999551e-01
3.980000000000000000e+15	2.500000000000000000e+00	1.280000000000000027e-01
5.010000000000000000e+15	2.500000000000000000e+00	1.159999999999999643e-01
6.310000000000000000e+15	2.500000000000000000e+00	1.030000000000000082e-01
7.940000000000000000e+15	2.500000000000000000e+00	9.200000000000002620e-02
1.000000000000000000e+16	2.500000000000000000e+00	7.999999999999998779e-02
1.260000000000000000e+16	2.500000000000000000e+00	6.899999999999997802e-02
1.580000000000000000e+16	2.500000000000000000e+00	5.899999999999999689e-02
2.000000000000000000e+16	2.500000000000000000e+00	5.099999999999998979e-02
2.510000000000000000e+16	2.500000000000000000e+00	4.300000000000001044e-02
3.160000000000000000e+16	2.500000000000000000e+00	3.629999999999999893e-02
3.980000000000000000e+16	2.500000000000000000e+00	3.069999999999999812e-02
5.010000000000000000e+16	2.500000000000000000e+00	2.579999999999999655e-02
6.310000000000000000e+16	2.500000000000000000e+00	2.159999999999999420e-02
7.940000000000000000e+16	2.500000000000000000e+00	1.809999999999999803e-02
1.000000000000000000e+17	2.500000000000000000e+00	1.509999999999999884e-02
1.000000000000000000e+11	3.500000000000000000e+00	1.000000000000000269e-09
1.258925411794166107e+11	3.500000000000000000e+00	3.162277660168366287e-09
1.584893192461110840e+11	3.500000000000000000e+00	9.999999999999919146e-09
1.995262314968882751e+11	3.500000000000000000e+00	3.162277660168404337e-08
2.511886431509582214e+11	3.500000000000000000e+00	1.000000000000004455e-07
3.162277660168379517e+11	3.500000000000000000e+00	3.162277660168379721e-07
3.981071705534969482e+11	3.500000000000000000e+00	9.999999999999959313e-07
5.011872336272714844e+11	3.500000000000000000e+00	3.162277660168353780e-06
6.309573444801943359e+11	3.500000000000000000e+00	1.000000000000008891e-05
7.943282347242821045e+11	3.500000000000000000e+00	3.162277660168392405e-05
1.000000000000000000e+12	3.500000000000000000e+00	1.350000000000000288e-04
1.260000000000000000e+12	3.500000000000000000e+00	1.430000000000000064e-04
1.580000000000000000e+12	3.500000000000000000e+00	1.480000000000000196e-04
2.000000000000000000e+12	3.500000000000000000e+00	1.539999999999999486e-04
2.510000000000000000e+12	3.500000000000000000e+00	1.599999999999999860e-04
3.160000000000000000e+12	3.500000000000000000e+00	1.670000000000000477e-04
3.980000000000000000e+12	3.500000000000000000e+00	1.750000000000000253e-04
5.010000000000000000e+12	3.500000000000000000e+00	1.849999999999999431e-04
6.310000000000000000e+12	3.500000000000000000e+00	1.979999999999999339e-04
7.940000000000000000e+12	3.500000000000000000e+00	2.159999999999999377e-04
1.000000000000000000e+13	3.500000000000000000e+00	2.510000000000001379e-04
1.260000000000000000e+13	3.500000000000000000e+00	3.400000000000000244e-04
1.580000000000000000e+13	3.500000000000000000e+00	4.899999999999997673e-04
2.000000000000000000e+13	3.500000000000000000e+00	7.600000000000002587e-04
2.510000000000000000e+13	3.500000000000000000e+00	1.260000000000000703e-03
3.160000000000000000e+13	3.500000000000000000e+00	2.130000000000000816e-03
3.980000000000000000e+13	3.500000000000000000e+00	3.400000000000000244e-03
5.010000000000000000e+13	3.500000000000000000e+00	5.000000000000000971e-03
6.310000000000000000e+13	3.500000000000000000e+00	6.700000000000001094e-03
7.940000000000000000e+13	3.500000000000000000e+00	8.199999999999998956e-03
1.000000000000000000e+14	3.500000000000000000e+00	9.199999999999999845e-03
1.260000000000000000e+14	3.500000000000000000e+00	9.899999999999995609e-03
1.580000000000000000e+14	3.500000000000000000e+00	1.049999999999999545e-02
2.000000000000000000e+14	3.500000000000000000e+00	1.209999999999999964e-02
2.510000000000000000e+14	3.500000000000000000e+00	1.630000000000000199e-02
3.160000000000000000e+14	3.500000000000000000e+00	2.490000000000000546e-02
3.980000000000000000e+14	3.500000000000000000e+00	3.799999999999999212e-02
5.010000000000000000e+14	3.500000000000000000e+00	5.699999999999999512e-02
6.310000000000000000e+14	3.500000000000000000e+00	7.699999999999998512e-02
7.940000000000000000e+14	3.500000000000000000e+00	9.800000000000003153e-02
1.000000000000000000e+15	3.500000000000000000e+00	1.170000000000000484e-01
1.260000000000000000e+15	3.500000000000000000e+00	1.310000000000000053e-01
1.580000000000000000e+15	3.500000000000000000e+00	1.400000000000000688e-01
2.000000000000000000e+15	3.500000000000000000e+00	1.439999999999999614e-01
2.510000000000000000e+15	3.500000000000000000e+00	1.429999999999999605e-01
3.160000000000000000e+15	3.500000000000000000e+00	1.370000000000000662e-01
3.980000000000000000e+15	3.500000000000000000e+00	1.270000000000000018e-01
5.010000000000000000e+15	3.500000000000000000e+00	1.160000000000000475e-01
6.310000000000000000e+15	3.500000000000000000e+00	1.039999999999999813e-01
7.940000000000000000e+15	3.500000000000000000e+00	9.099999999999996980e-02
1.000000000000000000e+16	3.500000000000000000e+00	7.900000000000001465e-02
1.260000000000000000e+16	3.500000000000000000e+00	6.900000000000003353e-02
1.580000000000000000e+16	3.500000000000000000e+00	5.899999999999999689e-02
2.000000000000000000e+16	3.500000000000000000e+00	5.000000000000001665e-02
2.510000000000000000e+16	3.500000000000000000e+00	4.299999999999998268e-02
3.160000000000000000e+16	3.500000000000000000e+00	3.599999999999999034e-02
3.980000000000000000e+16	3.500000000000000000e+00	3.099999999999999978e-02
5.010000000000000000e+16	3.500000000000000000e+00	2.570000000000000062e-02
6.310000000000000000e+16	3.500000000000000000e+00	2.160000000000000808e-02
7.940000000000000000e+16	3.500000000000000000e+00	1.800000000000000211e-02
1.000000000000000000e+17	3.500000000000000000e+00	1.510000000000000231e-02
1.000000000000000000e+11	4.500000000000000000e+00	1.000000000000000269e-09
1.258925411794166107e+11	4.500000000000000000e+00	3.162277660168366287e-09
1.584893192461110840e+11	4.500000000000000000e+00	9.999999999999919146e-09
1.995262314968882751e+11	4.500000000000000000e+00	3.162277660168404337e-08
2.511886431509582214e+11	4.500000000000000000e+00	1.000000000000004455e-07
3.162277660168379517e+11	4.500000000000000000e+00	3.162277660168379721e-07
3.981071705534969482e+11	4.500000000000000000e+00	9.999999999999959313e-07
5.011872336272714844e+11	4.500000000000000000e+00	3.162277660168353780e-06
6.309573444801943359e+11	4.500000000000000000e+00	1.000000000000008891e-05
7.943282347242821045e+11	4.500000000000000000e+00	3.162277660168392405e-05
1.000000000000000000e+12	4.500000000000000000e+00	1.239999999999999783e-04
1.260000000000000000e+12	4.500000000000000000e+00	1.319999999999999559e-04
1.580000000000000000e+12	4.500000000000000000e+00	1.359999999999999447e-04
2.000000000000000000e+12	4.500000000000000000e+00	1.409999999999999578e-04
2.510000000000000000e+12	4.500000000000000000e+00	1.469999999999999953e-04
3.160000000000000000e+12	4.500000000000000000e+00	1.520000000000000084e-04
3.980000000000000000e+12	4.500000000000000000e+00	1.599999999999999860e-04
5.010000000000000000e+12	4.500000000000000000e+00	1.689999999999999879e-04
6.310000000000000000e+12	4.500000000000000000e+00	1.759999999999999412e-04
7.940000000000000000e+12	4.500000000000000000e+00	1.959999999999999937e-04
1.000000000000000000e+13	4.500000000000000000e+00	2.299999999999999527e-04
1.260000000000000000e+13	4.500000000000000000e+00	3.099999999999999457e-04
1.580000000000000000e+13	4.500000000000000000e+00	4.500000000000003129e-04
2.000000000000000000e+13	4.500000000000000000e+00	7.100000000000001275e-04
2.510000000000000000e+13	4.500000000000000000e+00	1.190000000000000085e-03
3.160000000000000000e+13	4.500000000000000000e+00	2.040000000000000147e-03
3.980000000000000000e+13	4.500000000000000000e+00	3.299999999999999115e-03
5.010000000000000000e+13	4.500000000000000000e+00	4.899999999999998107e-03
6.310000000000000000e+13	4.500000000000000000e+00	6.499999999999998834e-03
7.940000000000000000e+13	4.500000000000000000e+00	7.800000000000001377e-03
1.000000000000000000e+14	4.500000000000000000e+00	8.699999999999999400e-03
1.260000000000000000e+14	4.500000000000000000e+00	9.300000000000002709e-03
1.580000000000000000e+14	4.500000000000000000e+00	9.899999999999999079e-03
2.000000000000000000e+14	4.500000000000000000e+00	1.150000000000000328e-02
2.510000000000000000e+14	4.500000000000000000e+00	1.579999999999999460e-02
3.160000000000000000e+14	4.500000000000000000e+00	2.399999999999999356e-02
3.980000000000000000e+14	4.500000000000000000e+00	3.800000000000000600e-02
5.010000000000000000e+14	4.500000000000000000e+00	5.599999999999996647e-02
6.310000000000000000e+14	4.500000000000000000e+00	7.700000000000001288e-02
7.940000000000000000e+14	4.500000000000000000e+00	9.799999999999997602e-02
1.000000000000000000e+15	4.500000000000000000e+00	1.159999999999999365e-01
1.260000000000000000e+15	4.500000000000000000e+00	1.310000000000000053e-01
1.580000000000000000e+15	4.500000000000000000e+00	1.399999999999999023e-01
2.000000000000000000e+15	4.500000000000000000e+00	1.440000000000000169e-01
2.510000000000000000e+15	4.500000000000000000e+00	1.430000000000000160e-01
3.160000000000000000e+15	4.500000000000000000e+00	1.370000000000000107e-01
3.980000000000000000e+15	4.500000000000000000e+00	1.280000000000000027e-01
5.010000000000000000e+15	4.500000000000000000e+00	1.159999999999999365e-01
6.310000000000000000e+15	4.500000000000000000e+00	1.040000000000000369e-01
7.940000000000000000e+15	4.500000000000000000e+00	9.100000000000002531e-02
1.000000000000000000e+16	4.500000000000000000e+00	8.000000000000001554e-02
1.260000000000000000e+16	4.500000000000000000e+00	6.899999999999995026e-02
1.580000000000000000e+16	4.500000000000000000e+00	5.899999999999999689e-02
2.000000000000000000e+16	4.500000000000000000e+00	5.099999999999998979e-02
2.510000000000000000e+16	4.500000000000000000e+00	4.300000000000001044e-02
3.160000000000000000e+16	4.500000000000000000e+00	3.700000000000000511e-02
3.980000000000000000e+16	4.500000000000000000e+00	2.999999999999999889e-02
5.010000000000000000e+16	4.500000000000000000e+00	2.600000000000000921e-02
6.310000000000000000e+16	4.500000000000000000e+00	2.159999999999999420e-02
7.940000000000000000e+16	4.500000000000000000e+00	1.810000000000000497e-02
1.000000000000000000e+17	4.500000000000000000e+00	1.500000000000000638e-02
1.000000000000000000e+11	5.500000000000000000e+00	1.000000000000000269e-09
1.258925411794166107e+11	5.500000000000000000e+00	3.162277660168366287e-09
1.584893192461110840e+11	5.500000000000000000e+00	9.999999999999919146e-09
1.995262314968882751e+11	5.500000000000000000e+00	3.162277660168404337e-08
2.511886431509582214e+11	5.500000000000000000e+00	1.000000000000004455e-07
3.162277660168379517e+11	5.500000000000000000e+00	3.162277660168379721e-07
3.981071705534969482e+11	5.500000000000000000e+00	9.999999999999959313e-07
5.011872336272714844e+11	5.500000000000000000e+00	3.162277660168353780e-06
6.309573444801943359e+11	5.500000000000000000e+00	1.000000000000008891e-05
7.943282347242821045e+11	5.500000000000000000e+00	3.162277660168392405e-05
1.000000000000000000e+12	5.500000000000000000e+00	1.109999999999999876e-04
1.260000000000000000e+12	5.500000000000000000e+00	1.180000000000000493e-04
1.580000000000000000e+12	5.500000000000000000e+00	1.230000000000000624e-04
2.000000000000000000e+12	5.500000000000000000e+00	1.270000000000000512e-04
2.510000000000000000e+12	5.500000000000000000e+00	1.310000000000000400e-04
3.160000000000000000e+12	5.500000000000000000e+00	1.379999999999999933e-04
3.980000000000000000e+12	5.500000000000000000e+00	1.409999999999999578e-04
5.010000000000000000e+12	5.500000000000000000e+00	1.549999999999999729e-04
6.310000000000000000e+12	5.500000000000000000e+00	1.599999999999999860e-04
7.940000000000000000e+12	5.500000000000000000e+00	1.700000000000000122e-04
1.000000000000000000e+13	5.500000000000000000e+00	2.099999999999999003e-04
1.260000000000000000e+13	5.500000000000000000e+00	2.799999999999998671e-04
1.580000000000000000e+13	5.500000000000000000e+00	4.099999999999997743e-04
2.000000000000000000e+13	5.500000000000000000e+00	6.499999999999995365e-04
2.510000000000000000e+13	5.500000000000000000e+00	1.119999999999999468e-03
3.160000000000000000e+13	5.500000000000000000e+00	1.899999999999998912e-03
3.980000000000000000e+13	5.500000000000000000e+00	3.100000000000002059e-03
5.010000000000000000e+13	5.500000000000000000e+00	4.500000000000000527e-03
6.310000000000000000e+13	5.500000000000000000e+00	5.999999999999998390e-03
7.940000000000000000e+13	5.500000000000000000e+00	7.300000000000000933e-03
1.000000000000000000e+14	5.500000000000000000e+00	8.199999999999998956e-03
1.260000000000000000e+14	5.500000000000000000e+00	8.600000000000003475e-03
1.580000000000000000e+14	5.500000000000000000e+00	9.199999999999999845e-03
2.000000000000000000e+14	5.500000000000000000e+00	1.079999999999999710e-02
2.510000000000000000e+14	5.500000000000000000e+00	1.499999999999999944e-02
3.160000000000000000e+14	5.500000000000000000e+00	2.399999999999999356e-02
3.980000000000000000e+14	5.500000000000000000e+00	3.800000000000000600e-02
5.010000000000000000e+14	5.500000000000000000e+00	5.600000000000004974e-02
6.310000000000000000e+14	5.500000000000000000e+00	7.700000000000001288e-02
7.940000000000000000e+14	5.500000000000000000e+00	9.799999999999997602e-02
1.000000000000000000e+15	5.500000000000000000e+00	1.169999999999999929e-01
1.260000000000000000e+15	5.500000000000000000e+00	1.300000000000000044e-01
1.580000000000000000e+15	5.500000000000000000e+00	1.400000000000000133e-01
2.000000000000000000e+15	5.500000000000000000e+00	1.440000000000000169e-01
2.510000000000000000e+15	5.500000000000000000e+00	1.420000000000000151e-01
3.160000000000000000e+15	5.500000000000000000e+00	1.369999999999998996e-01
3.980000000000000000e+15	5.500000000000000000e+00	1.270000000000000018e-01
5.010000000000000000e+15	5.500000000000000000e+00	1.159999999999999920e-01
6.310000000000000000e+15	5.500000000000000000e+00	1.029999999999999805e-01
7.940000000000000000e+15	5.500000000000000000e+00	9.200000000000002620e-02
1.000000000000000000e+16	5.500000000000000000e+00	7.999999999999996003e-02
1.260000000000000000e+16	5.500000000000000000e+00	6.900000000000000577e-02
1.580000000000000000e+16	5.500000000000000000e+00	5.899999999999999689e-02
2.000000000000000000e+16	5.500000000000000000e+00	4.999999999999998890e-02
2.510000000000000000e+16	5.500000000000000000e+00	4.300000000000001044e-02
3.160000000000000000e+16	5.500000000000000000e+00	3.600000000000000422e-02
3.980000000000000000e+16	5.500000000000000000e+00	3.099999999999999978e-02
5.010000000000000000e+16	5.500000000000000000e+00	2.499999999999999445e-02
6.310000000000000000e+16	5.500000000000000000e+00	2.200000000000000566e-02
7.940000000000000000e+16	5.500000000000000000e+00	1.769999999999999352e-02
1.000000000000000000e+17	5.500000000000000000e+00	1.509999999999998843e-02
1.000000000000000000e+11	6.500000000000000000e+00	1.000000000000000269e-09
1.258925411794166107e+11	6.500000000000000000e+00	3.162277660168366287e-09
1.584893192461110840e+11	6.500000000000000000e+00	9.999999999999919146e-09
1.995262314968882751e+11	6.500000000000000000e+00	3.162277660168404337e-08
2.511886431509582214e+11	6.500000000000000000e+00	1.000000000000004455e-07
3.162277660168379517e+11	6.500000000000000000e+00	3.162277660168379721e-07
3.981071705534969482e+11	6.500000000000000000e+00	9.999999999999959313e-07
5.011872336272714844e+11	6.500000000000000000e+00	3.162277660168353780e-06
6.309573444801943359e+11	6.500000000000000000e+00	1.000000000000008891e-05
7.943282347242821045e+11	6.500000000000000000e+00	3.162277660168392405e-05
1.000000000000000000e+12	6.500000000000000000e+00	9.799999999999999684e-05
1.260000000000000000e+12	6.500000000000000000e+00	1.049999999999999501e-04
1.580000000000000000e+12	6.500000000000000000e+00	1.069999999999999988e-04
2.000000000000000000e+12	6.500000000000000000e+00	1.119999999999999035e-04
2.510000000000000000e+12	6.500000000000000000e+00	1.149999999999999764e-04
3.160000000000000000e+12	6.500000000000000000e+00	1.199999999999998811e-04
3.980000000000000000e+12	6.500000000000000000e+00	1.300000000000001241e-04
5.010000000000000000e+12	6.500000000000000000e+00	1.300000000000001241e-04
6.310000000000000000e+12	6.500000000000000000e+00	1.400000000000001504e-04
7.940000000000000000e+12	6.500000000000000000e+00	1.499999999999999598e-04
1.000000000000000000e+13	6.500000000000000000e+00	1.800000000000000384e-04
1.260000000000000000e+13	6.500000000000000000e+00	2.400000000000001958e-04
1.580000000000000000e+13	6.500000000000000000e+00	3.700000000000001031e-04
2.000000000000000000e+13	6.500000000000000000e+00	5.999999999999998390e-04
2.510000000000000000e+13	6.500000000000000000e+00	1.010000000000000481e-03
3.160000000000000000e+13	6.500000000000000000e+00	1.700000000000000122e-03
3.980000000000000000e+13	6.500000000000000000e+00	2.899999999999999800e-03
5.010000000000000000e+13	6.500000000000000000e+00	4.200000000000002343e-03
6.310000000000000000e+13	6.500000000000000000e+00	5.600000000000000810e-03
7.940000000000000000e+13	6.500000000000000000e+00	6.699999999999997624e-03
1.000000000000000000e+14	6.500000000000000000e+00	7.400000000000003797e-03
1.260000000000000000e+14	6.500000000000000000e+00	7.899999999999997302e-03
1.580000000000000000e+14	6.500000000000000000e+00	8.400000000000004685e-03
2.000000000000000000e+14	6.500000000000000000e+00	9.999999999999995004e-03
2.510000000000000000e+14	6.500000000000000000e+00	1.430000000000000715e-02
3.160000000000000000e+14	6.500000000000000000e+00	2.299999999999999267e-02
3.980000000000000000e+14	6.500000000000000000e+00	3.700000000000000511e-02
5.010000000000000000e+14	6.500000000000000000e+00	5.499999999999999334e-02
6.310000000000000000e+14	6.500000000000000000e+00	7.600000000000001199e-02
7.940000000000000000e+14	6.500000000000000000e+00	9.700000000000008615e-02
1.000000000000000000e+15	6.500000000000000000e+00	1.149999999999999911e-01
1.260000000000000000e+15	6.500000000000000000e+00	1.310000000000000053e-01
1.580000000000000000e+15	6.500000000000000000e+00	1.390000000000000124e-01
2.000000000000000000e+15	6.500000000000000000e+00	1.440000000000000169e-01
2.510000000000000000e+15	6.500000000000000000e+00	1.420000000000000151e-01
3.160000000000000000e+15	6.500000000000000000e+00	1.360000000000000098e-01
3.980000000000000000e+15	6.500000000000000000e+00	1.270000000000000018e-01
5.010000000000000000e+15	6.500000000000000000e+00	1.160000000000001030e-01
6.310000000000000000e+15	6.500000000000000000e+00	1.039999999999999813e-01
7.940000000000000000e+15	6.500000000000000000e+00	9.099999999999996980e-02
1.000000000000000000e+16	6.500000000000000000e+00	7.900000000000007017e-02
1.260000000000000000e+16	6.500000000000000000e+00	6.900000000000000577e-02
1.580000000000000000e+16	6.500000000000000000e+00	5.899999999999999689e-02
2.000000000000000000e+16	6.500000000000000000e+00	5.099999999999998979e-02
2.510000000000000000e+16	6.500000000000000000e+00	4.299999999999998268e-02
3.160000000000000000e+16	6.500000000000000000e+00	3.600000000000000422e-02
3.980000000000000000e+16	6.500000000000000000e+00	2.999999999999999889e-02
5.010000000000000000e+16	6.500000000000000000e+00	2.599999999999999534e-02
6.310000000000000000e+16	6.500000000000000000e+00	2.099999999999999090e-02
7.940000000000000000e+16	6.500000000000000000e+00	1.800000000000000211e-02
1.000000000000000000e+17	6.500000000000000000e+00	1.460000000000000187e-02
1.000000000000000000e+11	7.500000000000000000e+00	1.000000000000000269e-09
1.258925411794166107e+11	7.500000000000000000e+00	3.162277660168366287e-09
1.584893192461110840e+11	7.500000000000000000e+00	9.999999999999919146e-09
1.995262314968882751e+11	7.500000000000000000e+00	3.162277660168404337e-08
2.511886431509582214e+11	7.500000000000000000e+00	1.000000000000004455e-07
3.162277660168379517e+11	7.500000000000000000e+00	3.162277660168379721e-07
3.981071705534969482e+11	7.500000000000000000e+00	9.999999999999959313e-07
5.011872336272714844e+11	7.500000000000000000e+00	3.162277660168353780e-06
6.309573444801943359e+11	7.500000000000000000e+00	1.000000000000008891e-05
7.943282347242821045e+11	7.500000000000000000e+00	3.162277660168392405e-05
1.000000000000000000e+12	7.500000000000000000e+00	8.500000000000000611e-05
1.260000000000000000e+12	7.500000000000000000e+00	9.299999999999998372e-05
1.580000000000000000e+12	7.500000000000000000e+00	9.000000000000001922e-05
2.000000000000000000e+12	7.500000000000000000e+00	1.000000000000000454e-04
2.510000000000000000e+12	7.500000000000000000e+00	1.000000000000000454e-04
3.160000000000000000e+12	7.500000000000000000e+00	1.000000000000000454e-04
3.980000000000000000e+12	7.500000000000000000e+00	9.999999999999982861e-05
5.010000000000000000e+12	7.500000000000000000e+00	1.099999999999998548e-04
6.310000000000000000e+12	7.500000000000000000e+00	1.199999999999998811e-04
7.940000000000000000e+12	7.500000000000000000e+00	1.300000000000001241e-04
1.000000000000000000e+13	7.500000000000000000e+00	1.499999999999999598e-04
1.260000000000000000e+13	7.500000000000000000e+00	2.200000000000001434e-04
1.580000000000000000e+13	7.500000000000000000e+00	3.299999999999999982e-04
2.000000000000000000e+13	7.500000000000000000e+00	5.400000000000005490e-04
2.510000000000000000e+13	7.500000000000000000e+00	9.300000000000002709e-04
3.160000000000000000e+13	7.500000000000000000e+00	1.700000000000000122e-03
3.980000000000000000e+13	7.500000000000000000e+00	2.599999999999998146e-03
5.010000000000000000e+13	7.500000000000000000e+00	3.900000000000000688e-03
6.310000000000000000e+13	7.500000000000000000e+00	5.100000000000000366e-03
7.940000000000000000e+13	7.500000000000000000e+00	5.999999999999998390e-03
1.000000000000000000e+14	7.500000000000000000e+00	6.699999999999997624e-03
1.260000000000000000e+14	7.500000000000000000e+00	7.099999999999995204e-03
1.580000000000000000e+14	7.500000000000000000e+00	7.699999999999998512e-03
2.000000000000000000e+14	7.500000000000000000e+00	9.300000000000002709e-03
2.510000000000000000e+14	7.500000000000000000e+00	1.399999999999999856e-02
3.160000000000000000e+14	7.500000000000000000e+00	2.200000000000001954e-02
3.980000000000000000e+14	7.500000000000000000e+00	3.599999999999997646e-02
5.010000000000000000e+14	7.500000000000000000e+00	5.399999999999999245e-02
6.310000000000000000e+14	7.500000000000000000e+00	7.499999999999995559e-02
7.940000000000000000e+14	7.500000000000000000e+00	9.599999999999997424e-02
1.000000000000000000e+15	7.500000000000000000e+00	1.160000000000001030e-01
1.260000000000000000e+15	7.500000000000000000e+00	1.330000000000000071e-01
1.580000000000000000e+15	7.500000000000000000e+00	1.390000000000001235e-01
2.000000000000000000e+15	7.500000000000000000e+00	1.399999999999999023e-01
2.510000000000000000e+15	7.500000000000000000e+00	1.399999999999999023e-01
3.160000000000000000e+15	7.500000000000000000e+00	1.320000000000001172e-01
3.980000000000000000e+15	7.500000000000000000e+00	1.280000000000000027e-01
5.010000000000000000e+15	7.500000000000000000e+00	1.149999999999999911e-01
6.310000000000000000e+15	7.500000000000000000e+00	1.029999999999999805e-01
7.940000000000000000e+15	7.500000000000000000e+00	9.099999999999996980e-02
1.000000000000000000e+16	7.500000000000000000e+00	7.999999999999996003e-02
1.260000000000000000e+16	7.500000000000000000e+00	6.800000000000006040e-02
1.580000000000000000e+16	7.500000000000000000e+00	5.999999999999999778e-02
2.000000000000000000e+16	7.500000000000000000e+00	5.000000000000004441e-02
2.510000000000000000e+16	7.500000000000000000e+00	4.200000000000003730e-02
3.160000000000000000e+16	7.500000000000000000e+00	3.699999999999997735e-02
3.980000000000000000e+16	7.500000000000000000e+00	3.099999999999999978e-02
5.010000000000000000e+16	7.500000000000000000e+00	2.599999999999999534e-02
6.310000000000000000e+16	7.500000000000000000e+00	2.199999999999999178e-02
7.940000000000000000e+16	7.500000000000000000e+00	1.799999999999998823e-02
1.000000000000000000e+17	7.500000000000000000e+00	1.499999999999999944e-02
1.000000000000000000e+11	9.000000000000000000e+00	1.000000000000000269e-09
1.258925411794166107e+11	9.000000000000000000e+00	3.162277660168366287e-09
1.584893192461110840e+11	9.000000000000000000e+00	9.999999999999919146e-09
1.995262314968882751e+11	9.000000000000000000e+00	3.162277660168404337e-08
2.511886431509582214e+11	9.000000000000000000e+00	1.000000000000004455e-07
3.162277660168379517e+11	9.000000000000000000e+00	3.162277660168379721e-07
3.981071705534969482e+11	9.000000000000000000e+00	9.999999999999959313e-07
5.011872336272714844e+11	9.000000000000000000e+00	3.162277660168353780e-06
6.309573444801943359e+11	9.000000000000000000e+00	1.000000000000008891e-05
7.943282347242821045e+11	9.000000000000000000e+00	3.162277660168392405e-05
1.000000000000000000e+12	9.000000000000000000e+00	6.749999999999996021e-05
1.260000000000000000e+12	9.000000000000000000e+00	6.999999999999996676e-05
1.580000000000000000e+12	9.000000000000000000e+00	7.499999999999997988e-05
2.000000000000000000e+12	9.000000000000000000e+00	7.499999999999997988e-05
2.510000000000000000e+12	9.000000000000000000e+00	7.999999999999999299e-05
3.160000000000000000e+12	9.000000000000000000e+00	7.999999999999999299e-05
3.980000000000000000e+12	9.000000000000000000e+00	8.500000000000000611e-05
5.010000000000000000e+12	9.000000000000000000e+00	9.000000000000001922e-05
6.310000000000000000e+12	9.000000000000000000e+00	9.500000000000003234e-05
7.940000000000000000e+12	9.000000000000000000e+00	1.049999999999999501e-04
1.000000000000000000e+13	9.000000000000000000e+00	1.250000000000000026e-04
1.260000000000000000e+13	9.000000000000000000e+00	1.750000000000000253e-04
1.580000000000000000e+13	9.000000000000000000e+00	2.750000000000000708e-04
2.000000000000000000e+13	9.000000000000000000e+00	4.599999999999999055e-04
2.510000000000000000e+13	9.000000000000000000e+00	8.099999999999999561e-04
3.160000000000000000e+13	9.000000000000000000e+00	1.400000000000000203e-03
3.980000000000000000e+13	9.000000000000000000e+00	2.250000000000000264e-03
5.010000000000000000e+13	9.000000000000000000e+00	3.349999999999998812e-03
6.310000000000000000e+13	9.000000000000000000e+00	4.349999999999999700e-03
7.940000000000000000e+13	9.000000000000000000e+00	5.250000000000001193e-03
1.000000000000000000e+14	9.000000000000000000e+00	5.799999999999999600e-03
1.260000000000000000e+14	9.000000000000000000e+00	6.100000000000001255e-03
1.580000000000000000e+14	9.000000000000000000e+00	6.600000000000001699e-03
2.000000000000000000e+14	9.000000000000000000e+00	8.250000000000000389e-03
2.510000000000000000e+14	9.000000000000000000e+00	1.249999999999999722e-02
3.160000000000000000e+14	9.000000000000000000e+00	2.149999999999999134e-02
3.980000000000000000e+14	9.000000000000000000e+00	3.500000000000000333e-02
5.010000000000000000e+14	9.000000000000000000e+00	5.400000000000002021e-02
6.310000000000000000e+14	9.000000000000000000e+00	7.500000000000001110e-02
7.940000000000000000e+14	9.000000000000000000e+00	9.649999999999997469e-02
1.000000000000000000e+15	9.000000000000000000e+00	1.139999999999999347e-01
1.260000000000000000e+15	9.000000000000000000e+00	1.300000000000000044e-01
1.580000000000000000e+15	9.000000000000000000e+00	1.399999999999999023e-01
2.000000000000000000e+15	9.000000000000000000e+00	1.450000000000000178e-01
2.510000000000000000e+15	9.000000000000000000e+00	1.450000000000000178e-01
3.160000000000000000e+15	9.000000000000000000e+00	1.400000000000000133e-01
3.980000000000000000e+15	9.000000000000000000e+00	1.250000000000000000e-01
5.010000000000000000e+15	9.000000000000000000e+00	1.164999999999999369e-01
6.310000000000000000e+15	9.000000000000000000e+00	1.055000000000000382e-01
7.940000000000000000e+15	9.000000000000000000e+00	9.100000000000002531e-02
1.000000000000000000e+16	9.000000000000000000e+00	7.950000000000001510e-02
1.260000000000000000e+16	9.000000000000000000e+00	6.899999999999995026e-02
1.580000000000000000e+16	9.000000000000000000e+00	5.849999999999999645e-02
2.000000000000000000e+16	9.000000000000000000e+00	5.049999999999998934e-02
2.510000000000000000e+16	9.000000000000000000e+00	4.299999999999998268e-02
3.160000000000000000e+16	9.000000000000000000e+00	3.600000000000000422e-02
3.980000000000000000e+16	9.000000000000000000e+00	3.049999999999999933e-02
5.010000000000000000e+16	9.000000000000000000e+00	2.550000000000000877e-02
6.310000000000000000e+16	9.000000000000000000e+00	2.150000000000000522e-02
7.940000000000000000e+16	9.000000000000000000e+00	1.800000000000000211e-02
1.000000000000000000e+17	9.000000000000000000e+00	1.499999999999999944e-02
1.000000000000000000e+11	1.100000000000000000e+01	1.000000000000000269e-09
1.258925411794166107e+11	1.100000000000000000e+01	3.162277660168366287e-09
1.584893192461110840e+11	1.100000000000000000e+01	9.999999999999919146e-09
1.995262314968882751e+11	1.100000000000000000e+01	3.162277660168404337e-08
2.511886431509582214e+11	1.100000000000000000e+01	1.000000000000004455e-07
3.162277660168379517e+11	1.100000000000000000e+01	3.162277660168379721e-07
3.981071705534969482e+11	1.100000000000000000e+01	9.999999999999959313e-07
5.011872336272714844e+11	1.100000000000000000e+01	3.162277660168353780e-06
6.309573444801943359e+11	1.100000000000000000e+01	1.000000000000008891e-05
7.943282347242821045e+11	1.100000000000000000e+01	3.162277660168392405e-05
1.000000000000000000e+12	1.100000000000000000e+01	4.500000000000000961e-05
1.260000000000000000e+12	1.100000000000000000e+01	5.000000000000002272e-05
1.580000000000000000e+12	1.100000000000000000e+01	5.000000000000002272e-05
2.000000000000000000e+12	1.100000000000000000e+01	5.000000000000002272e-05
2.510000000000000000e+12	1.100000000000000000e+01	5.499999999999992742e-05
3.160000000000000000e+12	1.100000000000000000e+01	6.000000000000004895e-05
3.980000000000000000e+12	1.100000000000000000e+01	6.000000000000004895e-05
5.010000000000000000e+12	1.100000000000000000e+01	6.000000000000004895e-05
6.310000000000000000e+12	1.100000000000000000e+01	6.999999999999996676e-05
7.940000000000000000e+12	1.100000000000000000e+01	7.499999999999997988e-05
1.000000000000000000e+13	1.100000000000000000e+01	9.000000000000001922e-05
1.260000000000000000e+13	1.100000000000000000e+01	1.349999999999999204e-04
1.580000000000000000e+13	1.100000000000000000e+01	2.199999999999997097e-04
2.000000000000000000e+13	1.100000000000000000e+01	3.700000000000001031e-04
2.510000000000000000e+13	1.100000000000000000e+01	6.499999999999995365e-04
3.160000000000000000e+13	1.100000000000000000e+01	1.100000000000000283e-03
3.980000000000000000e+13	1.100000000000000000e+01	1.900000000000000647e-03
5.010000000000000000e+13	1.100000000000000000e+01	2.700000000000001010e-03
6.310000000000000000e+13	1.100000000000000000e+01	3.550000000000001071e-03
7.940000000000000000e+13	1.100000000000000000e+01	4.200000000000002343e-03
1.000000000000000000e+14	1.100000000000000000e+01	4.599999999999999922e-03
1.260000000000000000e+14	1.100000000000000000e+01	4.900000000000001577e-03
1.580000000000000000e+14	1.100000000000000000e+01	5.149999999999994860e-03
2.000000000000000000e+14	1.100000000000000000e+01	6.999999999999999278e-03
2.510000000000000000e+14	1.100000000000000000e+01	1.149999999999999634e-02
3.160000000000000000e+14	1.100000000000000000e+01	2.050000000000001821e-02
3.980000000000000000e+14	1.100000000000000000e+01	3.450000000000000289e-02
5.010000000000000000e+14	1.100000000000000000e+01	5.299999999999999156e-02
6.310000000000000000e+14	1.100000000000000000e+01	7.450000000000001066e-02
7.940000000000000000e+14	1.100000000000000000e+01	9.699999999999997513e-02
1.000000000000000000e+15	1.100000000000000000e+01	1.149999999999999911e-01
1.260000000000000000e+15	1.100000000000000000e+01	1.250000000000000000e-01
1.580000000000000000e+15	1.100000000000000000e+01	1.400000000000000133e-01
2.000000000000000000e+15	1.100000000000000000e+01	1.450000000000000178e-01
2.510000000000000000e+15	1.100000000000000000e+01	1.400000000000000133e-01
3.160000000000000000e+15	1.100000000000000000e+01	1.349999999999998979e-01
3.980000000000000000e+15	1.100000000000000000e+01	1.300000000000000044e-01
5.010000000000000000e+15	1.100000000000000000e+01	1.149999999999999911e-01
6.310000000000000000e+15	1.100000000000000000e+01	9.999999999999997780e-02
7.940000000000000000e+15	1.100000000000000000e+01	9.350000000000002753e-02
1.000000000000000000e+16	1.100000000000000000e+01	7.899999999999995914e-02
1.260000000000000000e+16	1.100000000000000000e+01	6.850000000000000533e-02
1.580000000000000000e+16	1.100000000000000000e+01	5.899999999999999689e-02
2.000000000000000000e+16	1.100000000000000000e+01	5.049999999999998934e-02
2.510000000000000000e+16	1.100000000000000000e+01	4.250000000000000999e-02
3.160000000000000000e+16	1.100000000000000000e+01	3.600000000000000422e-02
3.980000000000000000e+16	1.100000000000000000e+01	3.049999999999999933e-02
5.010000000000000000e+16	1.100000000000000000e+01	2.549999999999999489e-02
6.310000000000000000e+16	1.100000000000000000e+01	2.150000000000000522e-02
7.940000000000000000e+16	1.100000000000000000e+01	1.800000000000000211e-02
1.000000000000000000e+17	1.100000000000000000e+01	1.499999999999999944e-02
1.000000000000000000e+11	1.300000000000000000e+01	1.000000000000000269e-09
1.258925411794166107e+11	1.300000000000000000e+01	3.162277660168366287e-09
1.584893192461110840e+11	1.300000000000000000e+01	9.999999999999919146e-09
1.995262314968882751e+11	1.300000000000000000e+01	3.162277660168404337e-08
2.511886431509582214e+11	1.300000000000000000e+01	1.000000000000004455e-07
3.162277660168379517e+11	1.300000000000000000e+01	3.162277660168379721e-07
3.981071705534969482e+11	1.300000000000000000e+01	9.999999999999959313e-07
5.011872336272714844e+11	1.300000000000000000e+01	3.162277660168353780e-06
6.309573444801943359e+11	1.300000000000000000e+01	1.000000000000008891e-05
7.943282347242821045e+11	1.300000000000000000e+01	3.162277660168392405e-05
1.000000000000000000e+12	1.300000000000000000e+01	3.000000000000007869e-05
1.260000000000000000e+12	1.300000000000000000e+01	3.000000000000007869e-05
1.580000000000000000e+12	1.300000000000000000e+01	3.499999999999998338e-05
2.000000000000000000e+12	1.300000000000000000e+01	3.999999999999999650e-05
2.510000000000000000e+12	1.300000000000000000e+01	3.500000000000009180e-05
3.160000000000000000e+12	1.300000000000000000e+01	3.999999999999999650e-05
3.980000000000000000e+12	1.300000000000000000e+01	4.500000000000000961e-05
5.010000000000000000e+12	1.300000000000000000e+01	4.500000000000000961e-05
6.310000000000000000e+12	1.300000000000000000e+01	4.500000000000000961e-05
7.940000000000000000e+12	1.300000000000000000e+01	5.000000000000013115e-05
1.000000000000000000e+13	1.300000000000000000e+01	6.999999999999996676e-05
1.260000000000000000e+13	1.300000000000000000e+01	1.050000000000000586e-04
1.580000000000000000e+13	1.300000000000000000e+01	1.700000000000000122e-04
2.000000000000000000e+13	1.300000000000000000e+01	2.950000000000001232e-04
2.510000000000000000e+13	1.300000000000000000e+01	5.500000000000001416e-04
3.160000000000000000e+13	1.300000000000000000e+01	9.499999999999994560e-04
3.980000000000000000e+13	1.300000000000000000e+01	1.449999999999999900e-03
5.010000000000000000e+13	1.300000000000000000e+01	2.149999999999999134e-03
6.310000000000000000e+13	1.300000000000000000e+01	2.849999999999998368e-03
7.940000000000000000e+13	1.300000000000000000e+01	3.349999999999998812e-03
1.000000000000000000e+14	1.300000000000000000e+01	3.650000000000000466e-03
1.260000000000000000e+14	1.300000000000000000e+01	3.749999999999996392e-03
1.580000000000000000e+14	1.300000000000000000e+01	4.500000000000003997e-03
2.000000000000000000e+14	1.300000000000000000e+01	6.000000000000005329e-03
2.510000000000000000e+14	1.300000000000000000e+01	1.050000000000000933e-02
3.160000000000000000e+14	1.300000000000000000e+01	1.949999999999998956e-02
3.980000000000000000e+14	1.300000000000000000e+01	3.400000000000000244e-02
5.010000000000000000e+14	1.300000000000000000e+01	5.249999999999999112e-02
6.310000000000000000e+14	1.300000000000000000e+01	7.250000000000000888e-02
7.940000000000000000e+14	1.300000000000000000e+01	9.500000000000008438e-02
1.000000000000000000e+15	1.300000000000000000e+01	1.150000000000001021e-01
1.260000000000000000e+15	1.300000000000000000e+01	1.300000000000000044e-01
1.580000000000000000e+15	1.300000000000000000e+01	1.350000000000000089e-01
2.000000000000000000e+15	1.300000000000000000e+01	1.399999999999999023e-01
2.510000000000000000e+15	1.300000000000000000e+01	1.400000000000000133e-01
3.160000000000000000e+15	1.300000000000000000e+01	1.350000000000000089e-01
3.980000000000000000e+15	1.300000000000000000e+01	1.250000000000000000e-01
5.010000000000000000e+15	1.300000000000000000e+01	1.150000000000001021e-01
6.310000000000000000e+15	1.300000000000000000e+01	1.049999999999999822e-01
7.940000000000000000e+15	1.300000000000000000e+01	8.999999999999996891e-02
1.000000000000000000e+16	1.300000000000000000e+01	7.750000000000006883e-02
1.260000000000000000e+16	1.300000000000000000e+01	6.850000000000000533e-02
1.580000000000000000e+16	1.300000000000000000e+01	5.899999999999999689e-02
2.000000000000000000e+16	1.300000000000000000e+01	4.999999999999998890e-02
2.510000000000000000e+16	1.300000000000000000e+01	4.299999999999998268e-02
3.160000000000000000e+16	1.300000000000000000e+01	3.650000000000000466e-02
3.980000000000000000e+16	1.300000000000000000e+01	3.049999999999999933e-02
5.010000000000000000e+16	1.300000000000000000e+01	2.599999999999999534e-02
6.310000000000000000e+16	1.300000000000000000e+01	2.099999999999999090e-02
7.940000000000000000e+16	1.300000000000000000e+01	1.800000000000000211e-02
1.000000000000000000e+17	1.300000000000000000e+01	1.499999999999999944e-02
1.000000000000000000e+11	1.500000000000000000e+01	1.000000000000000269e-09
1.258925411794166107e+11	1.500000000000000000e+01	3.162277660168366287e-09
1.584893192461110840e+11	1.500000000000000000e+01	9.999999999999919146e-09
1.995262314968882751e+11	1.500000000000000000e+01	3.162277660168404337e-08
2.511886431509582214e+11	1.500000000000000000e+01	1.000000000000004455e-07
3.162277660168379517e+11	1.500000000000000000e+01	3.162277660168379721e-07
3.981071705534969482e+11	1.500000000000000000e+01	9.999999999999959313e-07
5.011872336272714844e+11	1.500000000000000000e+01	3.162277660168353780e-06
6.309573444801943359e+11	1.500000000000000000e+01	1.000000000000008891e-05
7.943282347242821045e+11	1.500000000000000000e+01	3.162277660168392405e-05
1.000000000000000000e+12	1.500000000000000000e+01	2.499999999999995715e-05
1.260000000000000000e+12	1.500000000000000000e+01	2.499999999999995715e-05
1.580000000000000000e+12	1.500000000000000000e+01	2.499999999999995715e-05
2.000000000000000000e+12	1.500000000000000000e+01	2.500000000000006557e-05
2.510000000000000000e+12	1.500000000000000000e+01	2.999999999999997027e-05
3.160000000000000000e+12	1.500000000000000000e+01	2.499999999999995715e-05
3.980000000000000000e+12	1.500000000000000000e+01	2.999999999999997027e-05
5.010000000000000000e+12	1.500000000000000000e+01	3.499999999999998338e-05
6.310000000000000000e+12	1.500000000000000000e+01	3.499999999999998338e-05
7.940000000000000000e+12	1.500000000000000000e+01	3.999999999999988808e-05
1.000000000000000000e+13	1.500000000000000000e+01	5.000000000000013115e-05
1.260000000000000000e+13	1.500000000000000000e+01	7.999999999999999299e-05
1.580000000000000000e+13	1.500000000000000000e+01	1.400000000000003672e-04
2.000000000000000000e+13	1.500000000000000000e+01	2.449999999999995584e-04
2.510000000000000000e+13	1.500000000000000000e+01	4.000000000000001818e-04
3.160000000000000000e+13	1.500000000000000000e+01	7.500000000000006661e-04
3.980000000000000000e+13	1.500000000000000000e+01	1.250000000000001110e-03
5.010000000000000000e+13	1.500000000000000000e+01	1.799999999999999517e-03
6.310000000000000000e+13	1.500000000000000000e+01	2.300000000000003431e-03
7.940000000000000000e+13	1.500000000000000000e+01	2.700000000000001010e-03
1.000000000000000000e+14	1.500000000000000000e+01	3.049999999999997158e-03
1.260000000000000000e+14	1.500000000000000000e+01	3.500000000000003109e-03
1.580000000000000000e+14	1.500000000000000000e+01	3.999999999999996614e-03
2.000000000000000000e+14	1.500000000000000000e+01	5.499999999999991007e-03
2.510000000000000000e+14	1.500000000000000000e+01	1.049999999999999545e-02
3.160000000000000000e+14	1.500000000000000000e+01	1.899999999999998912e-02
3.980000000000000000e+14	1.500000000000000000e+01	3.299999999999997380e-02
5.010000000000000000e+14	1.500000000000000000e+01	5.199999999999999067e-02
6.310000000000000000e+14	1.500000000000000000e+01	7.499999999999995559e-02
7.940000000000000000e+14	1.500000000000000000e+01	9.499999999999997335e-02
1.000000000000000000e+15	1.500000000000000000e+01	1.149999999999999911e-01
1.260000000000000000e+15	1.500000000000000000e+01	1.300000000000000044e-01
1.580000000000000000e+15	1.500000000000000000e+01	1.400000000000000133e-01
2.000000000000000000e+15	1.500000000000000000e+01	1.450000000000000178e-01
2.510000000000000000e+15	1.500000000000000000e+01	1.449999999999999067e-01
3.160000000000000000e+15	1.500000000000000000e+01	1.350000000000001199e-01
3.980000000000000000e+15	1.500000000000000000e+01	1.249999999999998890e-01
5.010000000000000000e+15	1.500000000000000000e+01	1.149999999999999911e-01
6.310000000000000000e+15	1.500000000000000000e+01	9.999999999999997780e-02
7.940000000000000000e+15	1.500000000000000000e+01	8.999999999999996891e-02
1.000000000000000000e+16	1.500000000000000000e+01	7.999999999999996003e-02
1.260000000000000000e+16	1.500000000000000000e+01	6.850000000000006084e-02
1.580000000000000000e+16	1.500000000000000000e+01	5.899999999999999689e-02
2.000000000000000000e+16	1.500000000000000000e+01	5.050000000000004485e-02
2.510000000000000000e+16	1.500000000000000000e+01	4.250000000000003775e-02
3.160000000000000000e+16	1.500000000000000000e+01	3.599999999999997646e-02
3.980000000000000000e+16	1.500000000000000000e+01	3.049999999999999933e-02
5.010000000000000000e+16	1.500000000000000000e+01	2.549999999999999489e-02
6.310000000000000000e+16	1.500000000000000000e+01	2.149999999999999134e-02
7.940000000000000000e+16	1.500000000000000000e+01	1.799999999999998823e-02
1.000000000000000000e+17	1.500000000000000000e+01	1.499999999999999944e-02
1.000000000000000000e+11	1.700000000000000000e+01	1.000000000000000269e-09
1.258925411794166107e+11	1.700000000000000000e+01	3.162277660168366287e-09
1.584893192461110840e+11	1.700000000000000000e+01	9.999999999999919146e-09
1.995262314968882751e+11	1.700000000000000000e+01	3.162277660168404337e-08
2.511886431509582214e+11	1.700000000000000000e+01	1.000000000000004455e-07
3.162277660168379517e+11	1.700000000000000000e+01	3.162277660168379721e-07
3.981071705534969482e+11	1.700000000000000000e+01	9.999999999999959313e-07
5.011872336272714844e+11	1.700000000000000000e+01	3.162277660168353780e-06
6.309573444801943359e+11	1.700000000000000000e+01	1.000000000000008891e-05
7.943282347242821045e+11	1.700000000000000000e+01	3.162277660168392405e-05
1.000000000000000000e+12	1.700000000000000000e+01	1.500000000000003934e-05
1.260000000000000000e+12	1.700000000000000000e+01	1.500000000000003934e-05
1.580000000000000000e+12	1.700000000000000000e+01	1.500000000000003934e-05
2.000000000000000000e+12	1.700000000000000000e+01	1.499999999999993092e-05
2.510000000000000000e+12	1.700000000000000000e+01	1.500000000000003934e-05
3.160000000000000000e+12	1.700000000000000000e+01	2.000000000000005246e-05
3.980000000000000000e+12	1.700000000000000000e+01	2.000000000000005246e-05
5.010000000000000000e+12	1.700000000000000000e+01	2.499999999999995715e-05
6.310000000000000000e+12	1.700000000000000000e+01	3.000000000000007869e-05
7.940000000000000000e+12	1.700000000000000000e+01	3.000000000000007869e-05
1.000000000000000000e+13	1.700000000000000000e+01	4.499999999999990119e-05
1.260000000000000000e+13	1.700000000000000000e+01	6.999999999999996676e-05
1.580000000000000000e+13	1.700000000000000000e+01	1.099999999999998548e-04
2.000000000000000000e+13	1.700000000000000000e+01	2.000000000000005246e-04
2.510000000000000000e+13	1.700000000000000000e+01	4.000000000000001818e-04
3.160000000000000000e+13	1.700000000000000000e+01	6.499999999999995365e-04
3.980000000000000000e+13	1.700000000000000000e+01	9.999999999999974187e-04
5.010000000000000000e+13	1.700000000000000000e+01	1.449999999999999900e-03
6.310000000000000000e+13	1.700000000000000000e+01	1.899999999999998912e-03
7.940000000000000000e+13	1.700000000000000000e+01	2.200000000000000566e-03
1.000000000000000000e+14	1.700000000000000000e+01	2.500000000000002220e-03
1.260000000000000000e+14	1.700000000000000000e+01	2.500000000000002220e-03
1.580000000000000000e+14	1.700000000000000000e+01	3.000000000000002665e-03
2.000000000000000000e+14	1.700000000000000000e+01	5.000000000000004441e-03
2.510000000000000000e+14	1.700000000000000000e+01	9.499999999999994560e-03
3.160000000000000000e+14	1.700000000000000000e+01	1.900000000000001688e-02
3.980000000000000000e+14	1.700000000000000000e+01	3.300000000000002931e-02
5.010000000000000000e+14	1.700000000000000000e+01	5.199999999999999067e-02
6.310000000000000000e+14	1.700000000000000000e+01	7.000000000000006217e-02
7.940000000000000000e+14	1.700000000000000000e+01	9.499999999999997335e-02
1.000000000000000000e+15	1.700000000000000000e+01	1.099999999999998757e-01
1.260000000000000000e+15	1.700000000000000000e+01	1.250000000000000000e-01
1.580000000000000000e+15	1.700000000000000000e+01	1.350000000000000089e-01
2.000000000000000000e+15	1.700000000000000000e+01	1.400000000000001243e-01
2.510000000000000000e+15	1.700000000000000000e+01	1.400000000000001243e-01
3.160000000000000000e+15	1.700000000000000000e+01	1.350000000000000089e-01
3.980000000000000000e+15	1.700000000000000000e+01	1.250000000000000000e-01
5.010000000000000000e+15	1.700000000000000000e+01	1.149999999999999911e-01
6.310000000000000000e+15	1.700000000000000000e+01	1.050000000000000933e-01
7.940000000000000000e+15	1.700000000000000000e+01	8.999999999999996891e-02
1.000000000000000000e+16	1.700000000000000000e+01	7.999999999999996003e-02
1.260000000000000000e+16	1.700000000000000000e+01	6.999999999999995115e-02
1.580000000000000000e+16	1.700000000000000000e+01	5.750000000000005107e-02
2.000000000000000000e+16	1.700000000000000000e+01	4.999999999999998890e-02
2.510000000000000000e+16	1.700000000000000000e+01	4.299999999999998268e-02
3.160000000000000000e+16	1.700000000000000000e+01	3.600000000000003197e-02
3.980000000000000000e+16	1.700000000000000000e+01	3.050000000000002709e-02
5.010000000000000000e+16	1.700000000000000000e+01	2.550000000000002265e-02
6.310000000000000000e+16	1.700000000000000000e+01	2.150000000000001910e-02
7.940000000000000000e+16	1.700000000000000000e+01	1.800000000000001599e-02
1.000000000000000000e+17	1.700000000000000000e+01	1.500000000000001332e-02
1.000000000000000000e+11	1.900000000000000000e+01	1.000000000000000269e-09
1.258925411794166107e+11	1.900000000000000000e+01	3.162277660168366287e-09
1.584893192461110840e+11	1.900000000000000000e+01	9.999999999999919146e-09
1.995262314968882751e+11	1.900000000000000000e+01	3.162277660168404337e-08
2.511886431509582214e+11	1.900000000000000000e+01	1.000000000000004455e-07
3.162277660168379517e+11	1.900000000000000000e+01	3.162277660168379721e-07
3.981071705534969482e+11	1.900000000000000000e+01	9.999999999999959313e-07
5.011872336272714844e+11	1.900000000000000000e+01	3.162277660168353780e-06
6.309573444801943359e+11	1.900000000000000000e+01	1.000000000000008891e-05
7.943282347242821045e+11	1.900000000000000000e+01	3.162277660168392405e-05
1.000000000000000000e+12	1.900000000000000000e+01	9.999999999999917809e-06
1.260000000000000000e+12	1.900000000000000000e+01	9.999999999999917809e-06
1.580000000000000000e+12	1.900000000000000000e+01	1.500000000000003934e-05
2.000000000000000000e+12	1.900000000000000000e+01	1.500000000000003934e-05
2.510000000000000000e+12	1.900000000000000000e+01	1.499999999999993092e-05
3.160000000000000000e+12	1.900000000000000000e+01	1.499999999999993092e-05
3.980000000000000000e+12	1.900000000000000000e+01	1.499999999999993092e-05
5.010000000000000000e+12	1.900000000000000000e+01	1.500000000000003934e-05
6.310000000000000000e+12	1.900000000000000000e+01	2.000000000000005246e-05
7.940000000000000000e+12	1.900000000000000000e+01	2.499999999999984873e-05
1.000000000000000000e+13	1.900000000000000000e+01	3.000000000000007869e-05
1.260000000000000000e+13	1.900000000000000000e+01	5.499999999999992742e-05
1.580000000000000000e+13	1.900000000000000000e+01	9.500000000000003234e-05
2.000000000000000000e+13	1.900000000000000000e+01	1.700000000000000122e-04
2.510000000000000000e+13	1.900000000000000000e+01	2.999999999999990521e-04
3.160000000000000000e+13	1.900000000000000000e+01	5.500000000000001416e-04
3.980000000000000000e+13	1.900000000000000000e+01	9.000000000000014932e-04
5.010000000000000000e+13	1.900000000000000000e+01	1.250000000000001110e-03
6.310000000000000000e+13	1.900000000000000000e+01	1.599999999999997258e-03
7.940000000000000000e+13	1.900000000000000000e+01	1.700000000000000122e-03
1.000000000000000000e+14	1.900000000000000000e+01	2.000000000000001776e-03
1.260000000000000000e+14	1.900000000000000000e+01	1.999999999999994837e-03
1.580000000000000000e+14	1.900000000000000000e+01	2.500000000000002220e-03
2.000000000000000000e+14	1.900000000000000000e+01	5.000000000000004441e-03
2.510000000000000000e+14	1.900000000000000000e+01	9.000000000000007994e-03
3.160000000000000000e+14	1.900000000000000000e+01	1.799999999999998823e-02
3.980000000000000000e+14	1.900000000000000000e+01	3.299999999999997380e-02
5.010000000000000000e+14	1.900000000000000000e+01	5.200000000000004619e-02
6.310000000000000000e+14	1.900000000000000000e+01	7.499999999999995559e-02
7.940000000000000000e+14	1.900000000000000000e+01	8.999999999999996891e-02
1.000000000000000000e+15	1.900000000000000000e+01	1.149999999999999911e-01
1.260000000000000000e+15	1.900000000000000000e+01	1.299999999999998934e-01
1.580000000000000000e+15	1.900000000000000000e+01	1.399999999999999023e-01
2.000000000000000000e+15	1.900000000000000000e+01	1.399999999999999023e-01
2.510000000000000000e+15	1.900000000000000000e+01	1.399999999999999023e-01
3.160000000000000000e+15	1.900000000000000000e+01	1.350000000000000089e-01
3.980000000000000000e+15	1.900000000000000000e+01	1.300000000000001155e-01
5.010000000000000000e+15	1.900000000000000000e+01	1.149999999999999911e-01
6.310000000000000000e+15	1.900000000000000000e+01	9.999999999999997780e-02
7.940000000000000000e+15	1.900000000000000000e+01	9.000000000000007994e-02
1.000000000000000000e+16	1.900000000000000000e+01	8.000000000000007105e-02
1.260000000000000000e+16	1.900000000000000000e+01	6.500000000000005773e-02
1.580000000000000000e+16	1.900000000000000000e+01	5.999999999999994227e-02
2.000000000000000000e+16	1.900000000000000000e+01	5.149999999999999023e-02
2.510000000000000000e+16	1.900000000000000000e+01	4.249999999999998224e-02
3.160000000000000000e+16	1.900000000000000000e+01	3.599999999999997646e-02
3.980000000000000000e+16	1.900000000000000000e+01	3.049999999999997158e-02
5.010000000000000000e+16	1.900000000000000000e+01	2.549999999999999489e-02
6.310000000000000000e+16	1.900000000000000000e+01	2.149999999999999134e-02
7.940000000000000000e+16	1.900000000000000000e+01	1.799999999999998823e-02
1.000000000000000000e+17	1.900000000000000000e+01	1.499999999999998557e-02
1.000000000000000000e+11	2.100000000000000000e+01	1.000000000000000269e-09
1.258925411794166107e+11	2.100000000000000000e+01	3.162277660168366287e-09
1.584893192461110840e+11	2.100000000000000000e+01	9.999999999999919146e-09
1.995262314968882751e+11	2.100000000000000000e+01	3.162277660168404337e-08
2.511886431509582214e+11	2.100000000000000000e+01	1.000000000000004455e-07
3.162277660168379517e+11	2.100000000000000000e+01	3.162277660168379721e-07
3.981071705534969482e+11	2.100000000000000000e+01	9.999999999999959313e-07
5.011872336272714844e+11	2.100000000000000000e+01	3.162277660168353780e-06
6.309573444801943359e+11	2.100000000000000000e+01	1.000000000000008891e-05
7.943282347242821045e+11	2.100000000000000000e+01	3.162277660168392405e-05
1.000000000000000000e+12	2.100000000000000000e+01	5.000000000000013115e-06
1.260000000000000000e+12	2.100000000000000000e+01	1.000000000000002623e-05
1.580000000000000000e+12	2.100000000000000000e+01	4.999999999999904694e-06
2.000000000000000000e+12	2.100000000000000000e+01	1.000000000000002623e-05
2.510000000000000000e+12	2.100000000000000000e+01	1.000000000000002623e-05
3.160000000000000000e+12	2.100000000000000000e+01	1.500000000000003934e-05
3.980000000000000000e+12	2.100000000000000000e+01	1.500000000000003934e-05
5.010000000000000000e+12	2.100000000000000000e+01	1.500000000000003934e-05
6.310000000000000000e+12	2.100000000000000000e+01	1.499999999999982250e-05
7.940000000000000000e+12	2.100000000000000000e+01	2.000000000000005246e-05
1.000000000000000000e+13	2.100000000000000000e+01	2.999999999999986185e-05
1.260000000000000000e+13	2.100000000000000000e+01	4.500000000000011803e-05
1.580000000000000000e+13	2.100000000000000000e+01	7.999999999999977615e-05
2.000000000000000000e+13	2.100000000000000000e+01	1.449999999999992961e-04
2.510000000000000000e+13	2.100000000000000000e+01	2.500000000000002220e-04
3.160000000000000000e+13	2.100000000000000000e+01	4.499999999999990119e-04
3.980000000000000000e+13	2.100000000000000000e+01	7.500000000000006661e-04
5.010000000000000000e+13	2.100000000000000000e+01	1.050000000000002320e-03
6.310000000000000000e+13	2.100000000000000000e+01	1.350000000000003975e-03
7.940000000000000000e+13	2.100000000000000000e+01	1.499999999999994393e-03
1.000000000000000000e+14	2.100000000000000000e+01	1.500000000000001332e-03
1.260000000000000000e+14	2.100000000000000000e+01	2.000000000000001776e-03
1.580000000000000000e+14	2.100000000000000000e+01	2.500000000000002220e-03
2.000000000000000000e+14	2.100000000000000000e+01	3.999999999999989675e-03
2.510000000000000000e+14	2.100000000000000000e+01	9.000000000000007994e-03
3.160000000000000000e+14	2.100000000000000000e+01	1.850000000000001643e-02
3.980000000000000000e+14	2.100000000000000000e+01	3.200000000000002842e-02
5.010000000000000000e+14	2.100000000000000000e+01	4.999999999999993339e-02
6.310000000000000000e+14	2.100000000000000000e+01	7.499999999999995559e-02
7.940000000000000000e+14	2.100000000000000000e+01	9.499999999999997335e-02
1.000000000000000000e+15	2.100000000000000000e+01	1.149999999999999911e-01
1.260000000000000000e+15	2.100000000000000000e+01	1.300000000000001155e-01
1.580000000000000000e+15	2.100000000000000000e+01	1.400000000000001243e-01
2.000000000000000000e+15	2.100000000000000000e+01	1.450000000000000178e-01
2.510000000000000000e+15	2.100000000000000000e+01	1.400000000000001243e-01
3.160000000000000000e+15	2.100000000000000000e+01	1.350000000000000089e-01
3.980000000000000000e+15	2.100000000000000000e+01	1.250000000000000000e-01
5.010000000000000000e+15	2.100000000000000000e+01	1.149999999999999911e-01
6.310000000000000000e+15	2.100000000000000000e+01	1.049999999999999822e-01
7.940000000000000000e+15	2.100000000000000000e+01	8.999999999999996891e-02
1.000000000000000000e+16	2.100000000000000000e+01	7.999999999999996003e-02
1.260000000000000000e+16	2.100000000000000000e+01	6.999999999999995115e-02
1.580000000000000000e+16	2.100000000000000000e+01	6.000000000000005329e-02
2.000000000000000000e+16	2.100000000000000000e+01	5.000000000000004441e-02
2.510000000000000000e+16	2.100000000000000000e+01	4.249999999999998224e-02
3.160000000000000000e+16	2.100000000000000000e+01	3.600000000000003197e-02
3.980000000000000000e+16	2.100000000000000000e+01	3.000000000000002665e-02
5.010000000000000000e+16	2.100000000000000000e+01	2.549999999999996714e-02
6.310000000000000000e+16	2.100000000000000000e+01	2.149999999999999134e-02
7.940000000000000000e+16	2.100000000000000000e+01	1.800000000000001599e-02
1.000000000000000000e+17	2.100000000000000000e+01	1.500000000000001332e-02
1.000000000000000000e+11	2.300000000000000000e+01	1.000000000000000269e-09
1.258925411794166107e+11	2.300000000000000000e+01	3.162277660168366287e-09
1.584893192461110840e+11	2.300000000000000000e+01	9.999999999999919146e-09
1.995262314968882751e+11	2.300000000000000000e+01	3.162277660168404337e-08
2.511886431509582214e+11	2.300000000000000000e+01	1.000000000000004455e-07
3.162277660168379517e+11	2.300000000000000000e+01	3.162277660168379721e-07
3.981071705534969482e+11	2.300000000000000000e+01	9.999999999999959313e-07
5.011872336272714844e+11	2.300000000000000000e+01	3.162277660168353780e-06
6.309573444801943359e+11	2.300000000000000000e+01	1.000000000000008891e-05
7.943282347242821045e+11	2.300000000000000000e+01	3.162277660168392405e-05
1.000000000000000000e+12	2.300000000000000000e+01	5.000000000000013115e-06
1.260000000000000000e+12	2.300000000000000000e+01	5.000000000000013115e-06
1.580000000000000000e+12	2.300000000000000000e+01	1.000000000000002623e-05
2.000000000000000000e+12	2.300000000000000000e+01	5.000000000000013115e-06
2.510000000000000000e+12	2.300000000000000000e+01	1.000000000000002623e-05
3.160000000000000000e+12	2.300000000000000000e+01	5.000000000000013115e-06
3.980000000000000000e+12	2.300000000000000000e+01	1.000000000000002623e-05
5.010000000000000000e+12	2.300000000000000000e+01	1.499999999999993092e-05
6.310000000000000000e+12	2.300000000000000000e+01	1.500000000000003934e-05
7.940000000000000000e+12	2.300000000000000000e+01	1.500000000000003934e-05
1.000000000000000000e+13	2.300000000000000000e+01	2.500000000000006557e-05
1.260000000000000000e+13	2.300000000000000000e+01	3.999999999999988808e-05
1.580000000000000000e+13	2.300000000000000000e+01	7.000000000000018360e-05
2.000000000000000000e+13	2.300000000000000000e+01	1.250000000000001110e-04
2.510000000000000000e+13	2.300000000000000000e+01	2.000000000000005246e-04
3.160000000000000000e+13	2.300000000000000000e+01	4.000000000000010492e-04
3.980000000000000000e+13	2.300000000000000000e+01	5.999999999999998390e-04
5.010000000000000000e+13	2.300000000000000000e+01	9.499999999999994560e-04
6.310000000000000000e+13	2.300000000000000000e+01	1.149999999999998246e-03
7.940000000000000000e+13	2.300000000000000000e+01	1.500000000000001332e-03
1.000000000000000000e+14	2.300000000000000000e+01	1.499999999999994393e-03
1.260000000000000000e+14	2.300000000000000000e+01	1.500000000000001332e-03
1.580000000000000000e+14	2.300000000000000000e+01	2.500000000000002220e-03
2.000000000000000000e+14	2.300000000000000000e+01	4.500000000000003997e-03
2.510000000000000000e+14	2.300000000000000000e+01	8.999999999999980238e-03
3.160000000000000000e+14	2.300000000000000000e+01	1.799999999999998823e-02
3.980000000000000000e+14	2.300000000000000000e+01	3.249999999999997335e-02
5.010000000000000000e+14	2.300000000000000000e+01	5.000000000000004441e-02
6.310000000000000000e+14	2.300000000000000000e+01	7.000000000000006217e-02
7.940000000000000000e+14	2.300000000000000000e+01	9.499999999999997335e-02
1.000000000000000000e+15	2.300000000000000000e+01	1.100000000000000977e-01
1.260000000000000000e+15	2.300000000000000000e+01	1.250000000000000000e-01
1.580000000000000000e+15	2.300000000000000000e+01	1.350000000000000089e-01
2.000000000000000000e+15	2.300000000000000000e+01	1.400000000000001243e-01
2.510000000000000000e+15	2.300000000000000000e+01	1.450000000000000178e-01
3.160000000000000000e+15	2.300000000000000000e+01	1.349999999999997868e-01
3.980000000000000000e+15	2.300000000000000000e+01	1.250000000000000000e-01
5.010000000000000000e+15	2.300000000000000000e+01	1.149999999999999911e-01
6.310000000000000000e+15	2.300000000000000000e+01	1.049999999999999822e-01
7.940000000000000000e+15	2.300000000000000000e+01	9.000000000000007994e-02
1.000000000000000000e+16	2.300000000000000000e+01	7.999999999999996003e-02
1.260000000000000000e+16	2.300000000000000000e+01	6.999999999999995115e-02
1.580000000000000000e+16	2.300000000000000000e+01	5.999999999999994227e-02
2.000000000000000000e+16	2.300000000000000000e+01	4.999999999999993339e-02
2.510000000000000000e+16	2.300000000000000000e+01	4.450000000000003952e-02
3.160000000000000000e+16	2.300000000000000000e+01	3.599999999999997646e-02
3.980000000000000000e+16	2.300000000000000000e+01	3.049999999999997158e-02
5.010000000000000000e+16	2.300000000000000000e+01	2.600000000000002309e-02
6.310000000000000000e+16	2.300000000000000000e+01	2.150000000000001910e-02
7.940000000000000000e+16	2.300000000000000000e+01	1.799999999999998823e-02
1.000000000000000000e+17	2.300000000000000000e+01	1.499999999999998557e-02
1.000000000000000000e+11	2.500000000000000000e+01	1.000000000000000269e-09
1.258925411794166107e+11	2.500000000000000000e+01	3.162277660168366287e-09
1.584893192461110840e+11	2.500000000000000000e+01	9.999999999999919146e-09
1.995262314968882751e+11	2.500000000000000000e+01	3.162277660168404337e-08
2.511886431509582214e+11	2.500000000000000000e+01	1.000000000000004455e-07
3.162277660168379517e+11	2.500000000000000000e+01	3.162277660168379721e-07
3.981071705534969482e+11	2.500000000000000000e+01	9.999999999999959313e-07
5.011872336272714844e+11	2.500000000000000000e+01	3.162277660168353780e-06
6.309573444801943359e+11	2.500000000000000000e+01	1.000000000000008891e-05
7.943282347242821045e+11	2.500000000000000000e+01	3.162277660168392405e-05
1.000000000000000000e+12	2.500000000000000000e+01	5.000000000000013115e-06
1.260000000000000000e+12	2.500000000000000000e+01	5.000000000000013115e-06
1.580000000000000000e+12	2.500000000000000000e+01	5.000000000000013115e-06
2.000000000000000000e+12	2.500000000000000000e+01	4.999999999999904694e-06
2.510000000000000000e+12	2.500000000000000000e+01	5.000000000000013115e-06
3.160000000000000000e+12	2.500000000000000000e+01	1.000000000000002623e-05
3.980000000000000000e+12	2.500000000000000000e+01	9.999999999999917809e-06
5.010000000000000000e+12	2.500000000000000000e+01	1.000000000000002623e-05
6.310000000000000000e+12	2.500000000000000000e+01	1.000000000000002623e-05
7.940000000000000000e+12	2.500000000000000000e+01	1.500000000000003934e-05
1.000000000000000000e+13	2.500000000000000000e+01	2.000000000000005246e-05
1.260000000000000000e+13	2.500000000000000000e+01	3.499999999999987496e-05
1.580000000000000000e+13	2.500000000000000000e+01	6.000000000000015737e-05
2.000000000000000000e+13	2.500000000000000000e+01	1.050000000000000586e-04
2.510000000000000000e+13	2.500000000000000000e+01	2.000000000000005246e-04
3.160000000000000000e+13	2.500000000000000000e+01	2.999999999999999195e-04
3.980000000000000000e+13	2.500000000000000000e+01	5.499999999999984068e-04
5.010000000000000000e+13	2.500000000000000000e+01	7.500000000000006661e-04
6.310000000000000000e+13	2.500000000000000000e+01	1.000000000000000888e-03
7.940000000000000000e+13	2.500000000000000000e+01	1.500000000000001332e-03
1.000000000000000000e+14	2.500000000000000000e+01	1.500000000000001332e-03
1.260000000000000000e+14	2.500000000000000000e+01	1.500000000000001332e-03
1.580000000000000000e+14	2.500000000000000000e+01	1.999999999999987899e-03
2.000000000000000000e+14	2.500000000000000000e+01	3.500000000000003109e-03
2.510000000000000000e+14	2.500000000000000000e+01	8.500000000000007550e-03
3.160000000000000000e+14	2.500000000000000000e+01	1.750000000000001554e-02
3.980000000000000000e+14	2.500000000000000000e+01	3.200000000000002842e-02
5.010000000000000000e+14	2.500000000000000000e+01	5.499999999999993783e-02
6.310000000000000000e+14	2.500000000000000000e+01	7.499999999999995559e-02
7.940000000000000000e+14	2.500000000000000000e+01	9.500000000000019540e-02
1.000000000000000000e+15	2.500000000000000000e+01	1.149999999999999911e-01
1.260000000000000000e+15	2.500000000000000000e+01	1.299999999999998934e-01
1.580000000000000000e+15	2.500000000000000000e+01	1.399999999999999023e-01
2.000000000000000000e+15	2.500000000000000000e+01	1.450000000000000178e-01
2.510000000000000000e+15	2.500000000000000000e+01	1.399999999999999023e-01
3.160000000000000000e+15	2.500000000000000000e+01	1.400000000000001243e-01
3.980000000000000000e+15	2.500000000000000000e+01	1.250000000000000000e-01
5.010000000000000000e+15	2.500000000000000000e+01	1.149999999999999911e-01
6.310000000000000000e+15	2.500000000000000000e+01	1.000000000000000888e-01
7.940000000000000000e+15	2.500000000000000000e+01	9.499999999999997335e-02
1.000000000000000000e+16	2.500000000000000000e+01	7.500000000000006661e-02
1.260000000000000000e+16	2.500000000000000000e+01	6.500000000000005773e-02
1.580000000000000000e+16	2.500000000000000000e+01	5.500000000000004885e-02
2.000000000000000000e+16	2.500000000000000000e+01	5.000000000000004441e-02
2.510000000000000000e+16	2.500000000000000000e+01	4.000000000000003553e-02
3.160000000000000000e+16	2.500000000000000000e+01	3.649999999999997691e-02
3.980000000000000000e+16	2.500000000000000000e+01	3.050000000000002709e-02
5.010000000000000000e+16	2.500000000000000000e+01	2.550000000000002265e-02
6.310000000000000000e+16	2.500000000000000000e+01	2.150000000000001910e-02
7.940000000000000000e+16	2.500000000000000000e+01	1.750000000000001554e-02
1.000000000000000000e+17	2.500000000000000000e+01	1.500000000000001332e-02
1.000000000000000000e+11	2.700000000000000000e+01	1.000000000000000269e-09
1.258925411794166107e+11	2.700000000000000000e+01	3.162277660168366287e-09
1.584893192461110840e+11	2.700000000000000000e+01	9.999999999999919146e-09
1.995262314968882751e+11	2.700000000000000000e+01	3.162277660168404337e-08
2.511886431509582214e+11	2.700000000000000000e+01	1.000000000000004455e-07
3.162277660168379517e+11	2.700000000000000000e+01	3.162277660168379721e-07
3.981071705534969482e+11	2.700000000000000000e+01	9.999999999999959313e-07
5.011872336272714844e+11	2.700000000000000000e+01	3.162277660168353780e-06
6.309573444801943359e+11	2.700000000000000000e+01	1.000000000000008891e-05
7.943282347242821045e+11	2.700000000000000000e+01	3.162277660168392405e-05
1.000000000000000000e+12	2.700000000000000000e+01	5.000000000000013115e-06
1.260000000000000000e+12	2.700000000000000000e+01	5.000000000000013115e-06
1.580000000000000000e+12	2.700000000000000000e+01	5.000000000000013115e-06
2.000000000000000000e+12	2.700000000000000000e+01	5.000000000000013115e-06
2.510000000000000000e+12	2.700000000000000000e+01	4.999999999999904694e-06
3.160000000000000000e+12	2.700000000000000000e+01	4.999999999999904694e-06
3.980000000000000000e+12	2.700000000000000000e+01	5.000000000000013115e-06
5.010000000000000000e+12	2.700000000000000000e+01	5.000000000000013115e-06
6.310000000000000000e+12	2.700000000000000000e+01	1.000000000000002623e-05
7.940000000000000000e+12	2.700000000000000000e+01	1.500000000000003934e-05
1.000000000000000000e+13	2.700000000000000000e+01	2.000000000000005246e-05
1.260000000000000000e+13	2.700000000000000000e+01	3.000000000000007869e-05
1.580000000000000000e+13	2.700000000000000000e+01	5.499999999999992742e-05
2.000000000000000000e+13	2.700000000000000000e+01	8.500000000000000611e-05
2.510000000000000000e+13	2.700000000000000000e+01	1.999999999999987899e-04
3.160000000000000000e+13	2.700000000000000000e+01	3.499999999999996170e-04
3.980000000000000000e+13	2.700000000000000000e+01	5.000000000000004441e-04
5.010000000000000000e+13	2.700000000000000000e+01	7.499999999999937272e-04
6.310000000000000000e+13	2.700000000000000000e+01	9.499999999999994560e-04
7.940000000000000000e+13	2.700000000000000000e+01	1.000000000000000888e-03
1.000000000000000000e+14	2.700000000000000000e+01	1.000000000000000888e-03
1.260000000000000000e+14	2.700000000000000000e+01	1.500000000000001332e-03
1.580000000000000000e+14	2.700000000000000000e+01	2.000000000000001776e-03
2.000000000000000000e+14	2.700000000000000000e+01	4.000000000000003553e-03
2.510000000000000000e+14	2.700000000000000000e+01	9.000000000000007994e-03
3.160000000000000000e+14	2.700000000000000000e+01	1.799999999999996048e-02
3.980000000000000000e+14	2.700000000000000000e+01	3.249999999999997335e-02
5.010000000000000000e+14	2.700000000000000000e+01	5.000000000000004441e-02
6.310000000000000000e+14	2.700000000000000000e+01	7.000000000000006217e-02
7.940000000000000000e+14	2.700000000000000000e+01	9.499999999999997335e-02
1.000000000000000000e+15	2.700000000000000000e+01	1.100000000000000977e-01
1.260000000000000000e+15	2.700000000000000000e+01	1.250000000000000000e-01
1.580000000000000000e+15	2.700000000000000000e+01	1.350000000000000089e-01
2.000000000000000000e+15	2.700000000000000000e+01	1.399999999999999023e-01
2.510000000000000000e+15	2.700000000000000000e+01	1.400000000000001243e-01
3.160000000000000000e+15	2.700000000000000000e+01	1.350000000000000089e-01
3.980000000000000000e+15	2.700000000000000000e+01	1.250000000000000000e-01
5.010000000000000000e+15	2.700000000000000000e+01	1.149999999999999911e-01
6.310000000000000000e+15	2.700000000000000000e+01	1.049999999999999822e-01
7.940000000000000000e+15	2.700000000000000000e+01	8.999999999999985789e-02
1.000000000000000000e+16	2.700000000000000000e+01	8.000000000000007105e-02
1.260000000000000000e+16	2.700000000000000000e+01	6.999999999999995115e-02
1.580000000000000000e+16	2.700000000000000000e+01	5.999999999999994227e-02
2.000000000000000000e+16	2.700000000000000000e+01	4.999999999999993339e-02
2.510000000000000000e+16	2.700000000000000000e+01	4.499999999999992895e-02
3.160000000000000000e+16	2.700000000000000000e+01	3.450000000000003064e-02
3.980000000000000000e+16	2.700000000000000000e+01	3.049999999999997158e-02
5.010000000000000000e+16	2.700000000000000000e+01	2.549999999999996714e-02
6.310000000000000000e+16	2.700000000000000000e+01	2.149999999999996358e-02
7.940000000000000000e+16	2.700000000000000000e+01	1.799999999999998823e-02
1.000000000000000000e+17	2.700000000000000000e+01	1.499999999999998557e-02
1.000000000000000000e+11	2.900000000000000000e+01	1.000000000000000269e-09
1.258925411794166107e+11	2.900000000000000000e+01	3.162277660168366287e-09
1.584893192461110840e+11	2.900000000000000000e+01	9.999999999999919146e-09
1.995262314968882751e+11	2.900000000000000000e+01	3.162277660168404337e-08
2.511886431509582214e+11	2.900000000000000000e+01	1.000000000000004455e-07
3.162277660168379517e+11	2.900000000000000000e+01	3.162277660168379721e-07
3.981071705534969482e+11	2.900000000000000000e+01	9.999999999999959313e-07
5.011872336272714844e+11	2.900000000000000000e+01	3.162277660168353780e-06
6.309573444801943359e+11	2.900000000000000000e+01	1.000000000000008891e-05
7.943282347242821045e+11	2.900000000000000000e+01	3.162277660168392405e-05
1.000000000000000000e+12	2.900000000000000000e+01	5.000000000000013115e-06
1.260000000000000000e+12	2.900000000000000000e+01	5.000000000000013115e-06
1.580000000000000000e+12	2.900000000000000000e+01	5.000000000000013115e-06
2.000000000000000000e+12	2.900000000000000000e+01	5.000000000000013115e-06
2.510000000000000000e+12	2.900000000000000000e+01	5.000000000000013115e-06
3.160000000000000000e+12	2.900000000000000000e+01	1.000000000000002623e-05
3.980000000000000000e+12	2.900000000000000000e+01	1.000000000000002623e-05
5.010000000000000000e+12	2.900000000000000000e+01	1.000000000000002623e-05
6.310000000000000000e+12	2.900000000000000000e+01	1.000000000000002623e-05
7.940000000000000000e+12	2.900000000000000000e+01	1.000000000000002623e-05
1.000000000000000000e+13	2.900000000000000000e+01	1.499999999999982250e-05
1.260000000000000000e+13	2.900000000000000000e+01	3.000000000000007869e-05
1.580000000000000000e+13	2.900000000000000000e+01	4.999999999999969746e-05
2.000000000000000000e+13	2.900000000000000000e+01	1.000000000000002623e-04
2.510000000000000000e+13	2.900000000000000000e+01	1.500000000000008271e-04
3.160000000000000000e+13	2.900000000000000000e+01	2.500000000000002220e-04
3.980000000000000000e+13	2.900000000000000000e+01	4.499999999999990119e-04
5.010000000000000000e+13	2.900000000000000000e+01	6.500000000000047407e-04
6.310000000000000000e+13	2.900000000000000000e+01	8.000000000000020983e-04
7.940000000000000000e+13	2.900000000000000000e+01	1.000000000000000888e-03
1.000000000000000000e+14	2.900000000000000000e+01	1.500000000000001332e-03
1.260000000000000000e+14	2.900000000000000000e+01	1.500000000000001332e-03
1.580000000000000000e+14	2.900000000000000000e+01	2.000000000000001776e-03
2.000000000000000000e+14	2.900000000000000000e+01	3.999999999999989675e-03
2.510000000000000000e+14	2.900000000000000000e+01	8.500000000000007550e-03
3.160000000000000000e+14	2.900000000000000000e+01	1.750000000000001554e-02
3.980000000000000000e+14	2.900000000000000000e+01	3.150000000000002798e-02
5.010000000000000000e+14	2.900000000000000000e+01	5.000000000000004441e-02
6.310000000000000000e+14	2.900000000000000000e+01	7.499999999999995559e-02
7.940000000000000000e+14	2.900000000000000000e+01	8.999999999999985789e-02
1.000000000000000000e+15	2.900000000000000000e+01	1.149999999999999911e-01
1.260000000000000000e+15	2.900000000000000000e+01	1.300000000000001155e-01
1.580000000000000000e+15	2.900000000000000000e+01	1.400000000000001243e-01
2.000000000000000000e+15	2.900000000000000000e+01	1.450000000000000178e-01
2.510000000000000000e+15	2.900000000000000000e+01	1.399999999999999023e-01
3.160000000000000000e+15	2.900000000000000000e+01	1.350000000000000089e-01
3.980000000000000000e+15	2.900000000000000000e+01	1.299999999999998934e-01
5.010000000000000000e+15	2.900000000000000000e+01	1.149999999999999911e-01
6.310000000000000000e+15	2.900000000000000000e+01	9.999999999999986677e-02
7.940000000000000000e+15	2.900000000000000000e+01	9.000000000000007994e-02
1.000000000000000000e+16	2.900000000000000000e+01	7.999999999999984901e-02
1.260000000000000000e+16	2.900000000000000000e+01	7.000000000000006217e-02
1.580000000000000000e+16	2.900000000000000000e+01	6.000000000000005329e-02
2.000000000000000000e+16	2.900000000000000000e+01	5.000000000000004441e-02
2.510000000000000000e+16	2.900000000000000000e+01	4.000000000000003553e-02
3.160000000000000000e+16	2.900000000000000000e+01	3.500000000000003109e-02
3.980000000000000000e+16	2.900000000000000000e+01	3.050000000000002709e-02
5.010000000000000000e+16	2.900000000000000000e+01	2.550000000000002265e-02
6.310000000000000000e+16	2.900000000000000000e+01	2.150000000000001910e-02
7.940000000000000000e+16	2.900000000000000000e+01	1.800000000000001599e-02
1.000000000000000000e+17	2.900000000000000000e+01	1.500000000000001332e-02
