1.000000000000000000e+11	5.000000000000000000e-01	1.000000000000000269e-09
1.258925411794166107e+11	5.000000000000000000e-01	3.162277660168366287e-09
1.584893192461110840e+11	5.000000000000000000e-01	9.999999999999919146e-09
1.995262314968882751e+11	5.000000000000000000e-01	3.162277660168404337e-08
2.511886431509582214e+11	5.000000000000000000e-01	1.000000000000004455e-07
3.162277660168379517e+11	5.000000000000000000e-01	3.162277660168379721e-07
3.981071705534969482e+11	5.000000000000000000e-01	9.999999999999959313e-07
5.011872336272714844e+11	5.000000000000000000e-01	3.162277660168353780e-06
6.309573444801943359e+11	5.000000000000000000e-01	1.000000000000008891e-05
7.943282347242821045e+11	5.000000000000000000e-01	3.162277660168392405e-05
1.000000000000000000e+12	5.000000000000000000e-01	1.410000000000000120e-04
1.260000000000000000e+12	5.000000000000000000e-01	1.499999999999999869e-04
1.580000000000000000e+12	5.000000000000000000e-01	1.550000000000000000e-04
2.000000000000000000e+12	5.000000000000000000e-01	1.620000000000000075e-04
2.510000000000000000e+12	5.000000000000000000e-01	1.689999999999999879e-04
3.160000000000000000e+12	5.000000000000000000e-01	1.779999999999999898e-04
3.980000000000000000e+12	5.000000000000000000e-01	1.879999999999999890e-04
5.010000000000000000e+12	5.000000000000000000e-01	2.010000000000000068e-04
6.310000000000000000e+12	5.000000000000000000e-01	2.159999999999999919e-04
7.940000000000000000e+12	5.000000000000000000e-01	2.359999999999999902e-04
1.000000000000000000e+13	5.000000000000000000e-01	2.799999999999999755e-04
1.260000000000000000e+13	5.000000000000000000e-01	3.719999999999999891e-04
1.580000000000000000e+13	5.000000000000000000e-01	5.270000000000000162e-04
2.000000000000000000e+13	5.000000000000000000e-01	8.000000000000000383e-04
2.510000000000000000e+13	5.000000000000000000e-01	1.299999999999999940e-03
3.160000000000000000e+13	5.000000000000000000e-01	2.180000000000000080e-03
3.980000000000000000e+13	5.000000000000000000e-01	3.500000000000000073e-03
5.010000000000000000e+13	5.000000000000000000e-01	5.150000000000000064e-03
6.310000000000000000e+13	5.000000000000000000e-01	6.870000000000000238e-03
7.940000000000000000e+13	5.000000000000000000e-01	8.380000000000000296e-03
1.000000000000000000e+14	5.000000000000000000e-01	9.490000000000000172e-03
1.260000000000000000e+14	5.000000000000000000e-01	1.020000000000000073e-02
1.580000000000000000e+14	5.000000000000000000e-01	1.089999999999999997e-02
2.000000000000000000e+14	5.000000000000000000e-01	1.260000000000000009e-02
2.510000000000000000e+14	5.000000000000000000e-01	1.679999999999999896e-02
3.160000000000000000e+14	5.000000000000000000e-01	2.529999999999999957e-02
3.980000000000000000e+14	5.000000000000000000e-01	3.899999999999999994e-02
5.010000000000000000e+14	5.000000000000000000e-01	5.709999999999999798e-02
6.310000000000000000e+14	5.000000000000000000e-01	7.779999999999999416e-02
7.940000000000000000e+14	5.000000000000000000e-01	9.859999999999999321e-02
1.000000000000000000e+15	5.000000000000000000e-01	1.170000000000000068e-01
1.260000000000000000e+15	5.000000000000000000e-01	1.310000000000000053e-01
1.580000000000000000e+15	5.000000000000000000e-01	1.409999999999999865e-01
2.000000000000000000e+15	5.000000000000000000e-01	1.449999999999999900e-01
2.510000000000000000e+15	5.000000000000000000e-01	1.429999999999999882e-01
3.160000000000000000e+15	5.000000000000000000e-01	1.370000000000000107e-01
3.980000000000000000e+15	5.000000000000000000e-01	1.280000000000000027e-01
5.010000000000000000e+15	5.000000000000000000e-01	1.160000000000000059e-01
6.310000000000000000e+15	5.000000000000000000e-01	1.039999999999999952e-01
7.940000000000000000e+15	5.000000000000000000e-01	9.149999999999999800e-02
1.000000000000000000e+16	5.000000000000000000e-01	7.979999999999999594e-02
1.260000000000000000e+16	5.000000000000000000e-01	6.900000000000000577e-02
1.580000000000000000e+16	5.000000000000000000e-01	5.929999999999999855e-02
2.000000000000000000e+16	5.000000000000000000e-01	5.059999999999999915e-02
2.510000000000000000e+16	5.000000000000000000e-01	4.299999999999999656e-02
3.160000000000000000e+16	5.000000000000000000e-01	3.640000000000000180e-02
3.980000000000000000e+16	5.000000000000000000e-01	3.070000000000000159e-02
5.010000000000000000e+16	5.000000000000000000e-01	2.580000000000000002e-02
6.310000000000000000e+16	5.000000000000000000e-01	2.160000000000000114e-02
7.940000000000000000e+16	5.000000000000000000e-01	1.810000000000000150e-02
1.000000000000000000e+17	5.000000000000000000e-01	1.510000000000000057e-02
1.000000000000000000e+11	1.500000000000000000e+00	1.000000000000000269e-09
1.258925411794166107e+11	1.500000000000000000e+00	3.162277660168366287e-09
1.584893192461110840e+11	1.500000000000000000e+00	9.999999999999919146e-09
1.995262314968882751e+11	1.500000000000000000e+00	3.162277660168404337e-08
2.511886431509582214e+11	1.500000000000000000e+00	1.000000000000004455e-07
3.162277660168379517e+11	1.500000000000000000e+00	3.162277660168379721e-07
3.981071705534969482e+11	1.500000000000000000e+00	9.999999999999959313e-07
5.011872336272714844e+11	1.500000000000000000e+00	3.162277660168353780e-06
6.309573444801943359e+11	1.500000000000000000e+00	1.000000000000008891e-05
7.943282347242821045e+11	1.500000000000000000e+00	3.162277660168392405e-05
1.000000000000000000e+12	1.500000000000000000e+00	1.340000000000000045e-04
1.260000000000000000e+12	1.500000000000000000e+00	1.420000000000000092e-04
1.580000000000000000e+12	1.500000000000000000e+00	1.470000000000000224e-04
2.000000000000000000e+12	1.500000000000000000e+00	1.530000000000000056e-04
2.510000000000000000e+12	1.500000000000000000e+00	1.590000000000000159e-04
3.160000000000000000e+12	1.500000000000000000e+00	1.649999999999999991e-04
3.980000000000000000e+12	1.500000000000000000e+00	1.740000000000000281e-04
5.010000000000000000e+12	1.500000000000000000e+00	1.830000000000000029e-04
6.310000000000000000e+12	1.500000000000000000e+00	1.959999999999999937e-04
7.940000000000000000e+12	1.500000000000000000e+00	2.130000000000000274e-04
1.000000000000000000e+13	1.500000000000000000e+00	2.489999999999999809e-04
1.260000000000000000e+13	1.500000000000000000e+00	3.280000000000000038e-04
1.580000000000000000e+13	1.500000000000000000e+00	4.620000000000000625e-04
2.000000000000000000e+13	1.500000000000000000e+00	6.999999999999999929e-04
2.510000000000000000e+13	1.500000000000000000e+00	1.160000000000000007e-03
3.160000000000000000e+13	1.500000000000000000e+00	1.940000000000000318e-03
3.980000000000000000e+13	1.500000000000000000e+00	3.129999999999999536e-03
5.010000000000000000e+13	1.500000000000000000e+00	4.630000000000000435e-03
6.310000000000000000e+13	1.500000000000000000e+00	6.230000000000000294e-03
7.940000000000000000e+13	1.500000000000000000e+00	7.620000000000000037e-03
1.000000000000000000e+14	1.500000000000000000e+00	8.610000000000001333e-03
1.260000000000000000e+14	1.500000000000000000e+00	9.299999999999999239e-03
1.580000000000000000e+14	1.500000000000000000e+00	9.999999999999998473e-03
2.000000000000000000e+14	1.500000000000000000e+00	1.159999999999999920e-02
2.510000000000000000e+14	1.500000000000000000e+00	1.600000000000000380e-02
3.160000000000000000e+14	1.500000000000000000e+00	2.460000000000000034e-02
3.980000000000000000e+14	1.500000000000000000e+00	3.820000000000000479e-02
5.010000000000000000e+14	1.500000000000000000e+00	5.590000000000000524e-02
6.310000000000000000e+14	1.500000000000000000e+00	7.720000000000000473e-02
7.940000000000000000e+14	1.500000000000000000e+00	9.840000000000001523e-02
1.000000000000000000e+15	1.500000000000000000e+00	1.170000000000000068e-01
1.260000000000000000e+15	1.500000000000000000e+00	1.310000000000000053e-01
1.580000000000000000e+15	1.500000000000000000e+00	1.400000000000000411e-01
2.000000000000000000e+15	1.500000000000000000e+00	1.439999999999999891e-01
2.510000000000000000e+15	1.500000000000000000e+00	1.429999999999999882e-01
3.160000000000000000e+15	1.500000000000000000e+00	1.370000000000000107e-01
3.980000000000000000e+15	1.500000000000000000e+00	1.270000000000000018e-01
5.010000000000000000e+15	1.500000000000000000e+00	1.160000000000000059e-01
6.310000000000000000e+15	1.500000000000000000e+00	1.029999999999999943e-01
7.940000000000000000e+15	1.500000000000000000e+00	9.149999999999999800e-02
1.000000000000000000e+16	1.500000000000000000e+00	8.020000000000000739e-02
1.260000000000000000e+16	1.500000000000000000e+00	6.900000000000000577e-02
1.580000000000000000e+16	1.500000000000000000e+00	5.869999999999999524e-02
2.000000000000000000e+16	1.500000000000000000e+00	5.040000000000000729e-02
2.510000000000000000e+16	1.500000000000000000e+00	4.290000000000000757e-02
3.160000000000000000e+16	1.500000000000000000e+00	3.629999999999999893e-02
3.980000000000000000e+16	1.500000000000000000e+00	3.059999999999999873e-02
5.010000000000000000e+16	1.500000000000000000e+00	2.569999999999999715e-02
6.310000000000000000e+16	1.500000000000000000e+00	2.160000000000000114e-02
7.940000000000000000e+16	1.500000000000000000e+00	1.799999999999999864e-02
1.000000000000000000e+17	1.500000000000000000e+00	1.499999999999999771e-02
1.000000000000000000e+11	2.500000000000000000e+00	1.000000000000000269e-09
1.258925411794166107e+11	2.500000000000000000e+00	3.162277660168366287e-09
1.584893192461110840e+11	2.500000000000000000e+00	9.999999999999919146e-09
1.995262314968882751e+11	2.500000000000000000e+00	3.162277660168404337e-08
2.511886431509582214e+11	2.500000000000000000e+00	1.000000000000004455e-07
3.162277660168379517e+11	2.500000000000000000e+00	3.162277660168379721e-07
3.981071705534969482e+11	2.500000000000000000e+00	9.999999999999959313e-07
5.011872336272714844e+11	2.500000000000000000e+00	3.162277660168353780e-06
6.309573444801943359e+11	2.500000000000000000e+00	1.000000000000008891e-05
7.943282347242821045e+11	2.500000000000000000e+00	3.162277660168392405e-05
1.000000000000000000e+12	2.500000000000000000e+00	1.239999999999999783e-04
1.260000000000000000e+12	2.500000000000000000e+00	1.320000000000000101e-04
1.580000000000000000e+12	2.500000000000000000e+00	1.369999999999999690e-04
2.000000000000000000e+12	2.500000000000000000e+00	1.399999999999999877e-04
2.510000000000000000e+12	2.500000000000000000e+00	1.450000000000000009e-04
3.160000000000000000e+12	2.500000000000000000e+00	1.509999999999999841e-04
3.980000000000000000e+12	2.500000000000000000e+00	1.559999999999999972e-04
5.010000000000000000e+12	2.500000000000000000e+00	1.649999999999999991e-04
6.310000000000000000e+12	2.500000000000000000e+00	1.740000000000000552e-04
7.940000000000000000e+12	2.500000000000000000e+00	1.889999999999999862e-04
1.000000000000000000e+13	2.500000000000000000e+00	2.190000000000000106e-04
1.260000000000000000e+13	2.500000000000000000e+00	2.870000000000000372e-04
1.580000000000000000e+13	2.500000000000000000e+00	4.109999999999999071e-04
2.000000000000000000e+13	2.500000000000000000e+00	6.299999999999999177e-04
2.510000000000000000e+13	2.500000000000000000e+00	1.020000000000000073e-03
3.160000000000000000e+13	2.500000000000000000e+00	1.739999999999999360e-03
3.980000000000000000e+13	2.500000000000000000e+00	2.810000000000000865e-03
5.010000000000000000e+13	2.500000000000000000e+00	4.219999999999999793e-03
6.310000000000000000e+13	2.500000000000000000e+00	5.600000000000000810e-03
7.940000000000000000e+13	2.500000000000000000e+00	6.899999999999999883e-03
1.000000000000000000e+14	2.500000000000000000e+00	7.799999999999997907e-03
1.260000000000000000e+14	2.500000000000000000e+00	8.400000000000001216e-03
1.580000000000000000e+14	2.500000000000000000e+00	9.000000000000001055e-03
2.000000000000000000e+14	2.500000000000000000e+00	1.070000000000000118e-02
2.510000000000000000e+14	2.500000000000000000e+00	1.499999999999999944e-02
3.160000000000000000e+14	2.500000000000000000e+00	2.359999999999999598e-02
3.980000000000000000e+14	2.500000000000000000e+00	3.780000000000000027e-02
5.010000000000000000e+14	2.500000000000000000e+00	5.600000000000000810e-02
6.310000000000000000e+14	2.500000000000000000e+00	7.700000000000001288e-02
7.940000000000000000e+14	2.500000000000000000e+00	9.699999999999997513e-02
1.000000000000000000e+15	2.500000000000000000e+00	1.159999999999999643e-01
1.260000000000000000e+15	2.500000000000000000e+00	1.310000000000000053e-01
1.580000000000000000e+15	2.500000000000000000e+00	1.399999999999999578e-01
2.000000000000000000e+15	2.500000000000000000e+00	1.440000000000000169e-01
2.510000000000000000e+15	2.500000000000000000e+00	1.430000000000000160e-01
3.160000000000000000e+15	2.500000000000000000e+00	1.369999999999999551e-01
3.980000000000000000e+15	2.500000000000000000e+00	1.270000000000000018e-01
5.010000000000000000e+15	2.500000000000000000e+00	1.159999999999999643e-01
6.310000000000000000e+15	2.500000000000000000e+00	1.040000000000000091e-01
7.940000000000000000e+15	2.500000000000000000e+00	9.100000000000002531e-02
1.000000000000000000e+16	2.500000000000000000e+00	7.899999999999998690e-02
1.260000000000000000e+16	2.500000000000000000e+00	6.899999999999997802e-02
1.580000000000000000e+16	2.500000000000000000e+00	5.999999999999999778e-02
2.000000000000000000e+16	2.500000000000000000e+00	5.099999999999998979e-02
2.510000000000000000e+16	2.500000000000000000e+00	4.309999999999999942e-02
3.160000000000000000e+16	2.500000000000000000e+00	3.629999999999999893e-02
3.980000000000000000e+16	2.500000000000000000e+00	3.059999999999999526e-02
5.010000000000000000e+16	2.500000000000000000e+00	2.570000000000000756e-02
6.310000000000000000e+16	2.500000000000000000e+00	2.149999999999999134e-02
7.940000000000000000e+16	2.500000000000000000e+00	1.800000000000000211e-02
1.000000000000000000e+17	2.500000000000000000e+00	1.509999999999999884e-02
1.000000000000000000e+11	3.500000000000000000e+00	1.000000000000000269e-09
1.258925411794166107e+11	3.500000000000000000e+00	3.162277660168366287e-09
1.584893192461110840e+11	3.500000000000000000e+00	9.999999999999919146e-09
1.995262314968882751e+11	3.500000000000000000e+00	3.162277660168404337e-08
2.511886431509582214e+11	3.500000000000000000e+00	1.000000000000004455e-07
3.162277660168379517e+11	3.500000000000000000e+00	3.162277660168379721e-07
3.981071705534969482e+11	3.500000000000000000e+00	9.999999999999959313e-07
5.011872336272714844e+11	3.500000000000000000e+00	3.162277660168353780e-06
6.309573444801943359e+11	3.500000000000000000e+00	1.000000000000008891e-05
7.943282347242821045e+11	3.500000000000000000e+00	3.162277660168392405e-05
1.000000000000000000e+12	3.500000000000000000e+00	1.119999999999999577e-04
1.260000000000000000e+12	3.500000000000000000e+00	1.189999999999999652e-04
1.580000000000000000e+12	3.500000000000000000e+00	1.219999999999999839e-04
2.000000000000000000e+12	3.500000000000000000e+00	1.270000000000000512e-04
2.510000000000000000e+12	3.500000000000000000e+00	1.300000000000000157e-04
3.160000000000000000e+12	3.500000000000000000e+00	1.340000000000000045e-04
3.980000000000000000e+12	3.500000000000000000e+00	1.390000000000000176e-04
5.010000000000000000e+12	3.500000000000000000e+00	1.449999999999999466e-04
6.310000000000000000e+12	3.500000000000000000e+00	1.520000000000000084e-04
7.940000000000000000e+12	3.500000000000000000e+00	1.639999999999999748e-04
1.000000000000000000e+13	3.500000000000000000e+00	1.900000000000000647e-04
1.260000000000000000e+13	3.500000000000000000e+00	2.529999999999999697e-04
1.580000000000000000e+13	3.500000000000000000e+00	3.500000000000000507e-04
2.000000000000000000e+13	3.500000000000000000e+00	5.500000000000001416e-04
2.510000000000000000e+13	3.500000000000000000e+00	9.299999999999998372e-04
3.160000000000000000e+13	3.500000000000000000e+00	1.570000000000000215e-03
3.980000000000000000e+13	3.500000000000000000e+00	2.559999999999999776e-03
5.010000000000000000e+13	3.500000000000000000e+00	3.799999999999999559e-03
6.310000000000000000e+13	3.500000000000000000e+00	5.100000000000000366e-03
7.940000000000000000e+13	3.500000000000000000e+00	6.200000000000000649e-03
1.000000000000000000e+14	3.500000000000000000e+00	7.100000000000002143e-03
1.260000000000000000e+14	3.500000000000000000e+00	7.599999999999995648e-03
1.580000000000000000e+14	3.500000000000000000e+00	8.200000000000002426e-03
2.000000000000000000e+14	3.500000000000000000e+00	9.899999999999999079e-03
2.510000000000000000e+14	3.500000000000000000e+00	1.419999999999999735e-02
3.160000000000000000e+14	3.500000000000000000e+00	2.290000000000000369e-02
3.980000000000000000e+14	3.500000000000000000e+00	3.599999999999999034e-02
5.010000000000000000e+14	3.500000000000000000e+00	5.499999999999999334e-02
6.310000000000000000e+14	3.500000000000000000e+00	7.599999999999998423e-02
7.940000000000000000e+14	3.500000000000000000e+00	9.700000000000003064e-02
1.000000000000000000e+15	3.500000000000000000e+00	1.160000000000000475e-01
1.260000000000000000e+15	3.500000000000000000e+00	1.300000000000000044e-01
1.580000000000000000e+15	3.500000000000000000e+00	1.390000000000000679e-01
2.000000000000000000e+15	3.500000000000000000e+00	1.439999999999999614e-01
2.510000000000000000e+15	3.500000000000000000e+00	1.429999999999999605e-01
3.160000000000000000e+15	3.500000000000000000e+00	1.360000000000000653e-01
3.980000000000000000e+15	3.500000000000000000e+00	1.270000000000000018e-01
5.010000000000000000e+15	3.500000000000000000e+00	1.160000000000000475e-01
6.310000000000000000e+15	3.500000000000000000e+00	1.029999999999999805e-01
7.940000000000000000e+15	3.500000000000000000e+00	9.199999999999997069e-02
1.000000000000000000e+16	3.500000000000000000e+00	8.000000000000001554e-02
1.260000000000000000e+16	3.500000000000000000e+00	6.900000000000003353e-02
1.580000000000000000e+16	3.500000000000000000e+00	5.899999999999999689e-02
2.000000000000000000e+16	3.500000000000000000e+00	5.000000000000001665e-02
2.510000000000000000e+16	3.500000000000000000e+00	4.299999999999998268e-02
3.160000000000000000e+16	3.500000000000000000e+00	3.599999999999999034e-02
3.980000000000000000e+16	3.500000000000000000e+00	3.010000000000000175e-02
5.010000000000000000e+16	3.500000000000000000e+00	2.579999999999998961e-02
6.310000000000000000e+16	3.500000000000000000e+00	2.160000000000000808e-02
7.940000000000000000e+16	3.500000000000000000e+00	1.799999999999999517e-02
1.000000000000000000e+17	3.500000000000000000e+00	1.499999999999999944e-02
1.000000000000000000e+11	4.500000000000000000e+00	1.000000000000000269e-09
1.258925411794166107e+11	4.500000000000000000e+00	3.162277660168366287e-09
1.584893192461110840e+11	4.500000000000000000e+00	9.999999999999919146e-09
1.995262314968882751e+11	4.500000000000000000e+00	3.162277660168404337e-08
2.511886431509582214e+11	4.500000000000000000e+00	1.000000000000004455e-07
3.162277660168379517e+11	4.500000000000000000e+00	3.162277660168379721e-07
3.981071705534969482e+11	4.500000000000000000e+00	9.999999999999959313e-07
5.011872336272714844e+11	4.500000000000000000e+00	3.162277660168353780e-06
6.309573444801943359e+11	4.500000000000000000e+00	1.000000000000008891e-05
7.943282347242821045e+11	4.500000000000000000e+00	3.162277660168392405e-05
1.000000000000000000e+12	4.500000000000000000e+00	9.900000000000002114e-05
1.260000000000000000e+12	4.500000000000000000e+00	1.050000000000000586e-04
1.580000000000000000e+12	4.500000000000000000e+00	1.080000000000000231e-04
2.000000000000000000e+12	4.500000000000000000e+00	1.109999999999999876e-04
2.510000000000000000e+12	4.500000000000000000e+00	1.149999999999999764e-04
3.160000000000000000e+12	4.500000000000000000e+00	1.180000000000000493e-04
3.980000000000000000e+12	4.500000000000000000e+00	1.219999999999999297e-04
5.010000000000000000e+12	4.500000000000000000e+00	1.270000000000000512e-04
6.310000000000000000e+12	4.500000000000000000e+00	1.340000000000000045e-04
7.940000000000000000e+12	4.500000000000000000e+00	1.430000000000000064e-04
1.000000000000000000e+13	4.500000000000000000e+00	1.620000000000000346e-04
1.260000000000000000e+13	4.500000000000000000e+00	2.199999999999999265e-04
1.580000000000000000e+13	4.500000000000000000e+00	3.199999999999997551e-04
2.000000000000000000e+13	4.500000000000000000e+00	5.000000000000000104e-04
2.510000000000000000e+13	4.500000000000000000e+00	8.400000000000004685e-04
3.160000000000000000e+13	4.500000000000000000e+00	1.450000000000000767e-03
3.980000000000000000e+13	4.500000000000000000e+00	2.399999999999999356e-03
5.010000000000000000e+13	4.500000000000000000e+00	3.499999999999999639e-03
6.310000000000000000e+13	4.500000000000000000e+00	4.799999999999998712e-03
7.940000000000000000e+13	4.500000000000000000e+00	5.799999999999999600e-03
1.000000000000000000e+14	4.500000000000000000e+00	6.499999999999998834e-03
1.260000000000000000e+14	4.500000000000000000e+00	6.900000000000003353e-03
1.580000000000000000e+14	4.500000000000000000e+00	7.499999999999999722e-03
2.000000000000000000e+14	4.500000000000000000e+00	9.199999999999999845e-03
2.510000000000000000e+14	4.500000000000000000e+00	1.360000000000000098e-02
3.160000000000000000e+14	4.500000000000000000e+00	2.259999999999999509e-02
3.980000000000000000e+14	4.500000000000000000e+00	3.600000000000000422e-02
5.010000000000000000e+14	4.500000000000000000e+00	5.500000000000002109e-02
6.310000000000000000e+14	4.500000000000000000e+00	7.500000000000001110e-02
7.940000000000000000e+14	4.500000000000000000e+00	9.699999999999997513e-02
1.000000000000000000e+15	4.500000000000000000e+00	1.149999999999999356e-01
1.260000000000000000e+15	4.500000000000000000e+00	1.300000000000000044e-01
1.580000000000000000e+15	4.500000000000000000e+00	1.389999999999999014e-01
2.000000000000000000e+15	4.500000000000000000e+00	1.430000000000000160e-01
2.510000000000000000e+15	4.500000000000000000e+00	1.420000000000000151e-01
3.160000000000000000e+15	4.500000000000000000e+00	1.370000000000000107e-01
3.980000000000000000e+15	4.500000000000000000e+00	1.270000000000000018e-01
5.010000000000000000e+15	4.500000000000000000e+00	1.149999999999999356e-01
6.310000000000000000e+15	4.500000000000000000e+00	1.040000000000000369e-01
7.940000000000000000e+15	4.500000000000000000e+00	9.100000000000002531e-02
1.000000000000000000e+16	4.500000000000000000e+00	7.900000000000001465e-02
1.260000000000000000e+16	4.500000000000000000e+00	6.799999999999994937e-02
1.580000000000000000e+16	4.500000000000000000e+00	5.899999999999999689e-02
2.000000000000000000e+16	4.500000000000000000e+00	4.999999999999998890e-02
2.510000000000000000e+16	4.500000000000000000e+00	4.200000000000000955e-02
3.160000000000000000e+16	4.500000000000000000e+00	3.600000000000000422e-02
3.980000000000000000e+16	4.500000000000000000e+00	3.099999999999999978e-02
5.010000000000000000e+16	4.500000000000000000e+00	2.600000000000000921e-02
6.310000000000000000e+16	4.500000000000000000e+00	2.169999999999999707e-02
7.940000000000000000e+16	4.500000000000000000e+00	1.800000000000000211e-02
1.000000000000000000e+17	4.500000000000000000e+00	1.500000000000000638e-02
1.000000000000000000e+11	5.500000000000000000e+00	1.000000000000000269e-09
1.258925411794166107e+11	5.500000000000000000e+00	3.162277660168366287e-09
1.584893192461110840e+11	5.500000000000000000e+00	9.999999999999919146e-09
1.995262314968882751e+11	5.500000000000000000e+00	3.162277660168404337e-08
2.511886431509582214e+11	5.500000000000000000e+00	1.000000000000004455e-07
3.162277660168379517e+11	5.500000000000000000e+00	3.162277660168379721e-07
3.981071705534969482e+11	5.500000000000000000e+00	9.999999999999959313e-07
5.011872336272714844e+11	5.500000000000000000e+00	3.162277660168353780e-06
6.309573444801943359e+11	5.500000000000000000e+00	1.000000000000008891e-05
7.943282347242821045e+11	5.500000000000000000e+00	3.162277660168392405e-05
1.000000000000000000e+12	5.500000000000000000e+00	8.600000000000003041e-05
1.260000000000000000e+12	5.500000000000000000e+00	9.099999999999993511e-05
1.580000000000000000e+12	5.500000000000000000e+00	9.400000000000000803e-05
2.000000000000000000e+12	5.500000000000000000e+00	9.699999999999997253e-05
2.510000000000000000e+12	5.500000000000000000e+00	9.900000000000002114e-05
3.160000000000000000e+12	5.500000000000000000e+00	1.019999999999999856e-04
3.980000000000000000e+12	5.500000000000000000e+00	1.050000000000000586e-04
5.010000000000000000e+12	5.500000000000000000e+00	1.090000000000000474e-04
6.310000000000000000e+12	5.500000000000000000e+00	1.149999999999999764e-04
7.940000000000000000e+12	5.500000000000000000e+00	1.250000000000000026e-04
1.000000000000000000e+13	5.500000000000000000e+00	1.499999999999999598e-04
1.260000000000000000e+13	5.500000000000000000e+00	1.900000000000000647e-04
1.580000000000000000e+13	5.500000000000000000e+00	2.900000000000003270e-04
2.000000000000000000e+13	5.500000000000000000e+00	4.599999999999999055e-04
2.510000000000000000e+13	5.500000000000000000e+00	7.799999999999994438e-04
3.160000000000000000e+13	5.500000000000000000e+00	1.319999999999999993e-03
3.980000000000000000e+13	5.500000000000000000e+00	2.200000000000000566e-03
5.010000000000000000e+13	5.500000000000000000e+00	3.300000000000000849e-03
6.310000000000000000e+13	5.500000000000000000e+00	4.299999999999998268e-03
7.940000000000000000e+13	5.500000000000000000e+00	5.199999999999996292e-03
1.000000000000000000e+14	5.500000000000000000e+00	5.799999999999999600e-03
1.260000000000000000e+14	5.500000000000000000e+00	6.300000000000000044e-03
1.580000000000000000e+14	5.500000000000000000e+00	6.899999999999996414e-03
2.000000000000000000e+14	5.500000000000000000e+00	8.500000000000000611e-03
2.510000000000000000e+14	5.500000000000000000e+00	1.289999999999999480e-02
3.160000000000000000e+14	5.500000000000000000e+00	2.100000000000001865e-02
3.980000000000000000e+14	5.500000000000000000e+00	3.600000000000000422e-02
5.010000000000000000e+14	5.500000000000000000e+00	5.399999999999999245e-02
6.310000000000000000e+14	5.500000000000000000e+00	7.500000000000001110e-02
7.940000000000000000e+14	5.500000000000000000e+00	9.599999999999997424e-02
1.000000000000000000e+15	5.500000000000000000e+00	1.149999999999999911e-01
1.260000000000000000e+15	5.500000000000000000e+00	1.290000000000000036e-01
1.580000000000000000e+15	5.500000000000000000e+00	1.400000000000000133e-01
2.000000000000000000e+15	5.500000000000000000e+00	1.430000000000000160e-01
2.510000000000000000e+15	5.500000000000000000e+00	1.420000000000000151e-01
3.160000000000000000e+15	5.500000000000000000e+00	1.359999999999998987e-01
3.980000000000000000e+15	5.500000000000000000e+00	1.270000000000000018e-01
5.010000000000000000e+15	5.500000000000000000e+00	1.149999999999999911e-01
6.310000000000000000e+15	5.500000000000000000e+00	1.029999999999999805e-01
7.940000000000000000e+15	5.500000000000000000e+00	9.100000000000002531e-02
1.000000000000000000e+16	5.500000000000000000e+00	7.999999999999996003e-02
1.260000000000000000e+16	5.500000000000000000e+00	6.900000000000000577e-02
1.580000000000000000e+16	5.500000000000000000e+00	5.899999999999999689e-02
2.000000000000000000e+16	5.500000000000000000e+00	5.099999999999998979e-02
2.510000000000000000e+16	5.500000000000000000e+00	4.300000000000001044e-02
3.160000000000000000e+16	5.500000000000000000e+00	3.700000000000000511e-02
3.980000000000000000e+16	5.500000000000000000e+00	3.099999999999999978e-02
5.010000000000000000e+16	5.500000000000000000e+00	2.499999999999999445e-02
6.310000000000000000e+16	5.500000000000000000e+00	2.100000000000000477e-02
7.940000000000000000e+16	5.500000000000000000e+00	1.789999999999999925e-02
1.000000000000000000e+17	5.500000000000000000e+00	1.499999999999999944e-02
1.000000000000000000e+11	6.500000000000000000e+00	1.000000000000000269e-09
1.258925411794166107e+11	6.500000000000000000e+00	3.162277660168366287e-09
1.584893192461110840e+11	6.500000000000000000e+00	9.999999999999919146e-09
1.995262314968882751e+11	6.500000000000000000e+00	3.162277660168404337e-08
2.511886431509582214e+11	6.500000000000000000e+00	1.000000000000004455e-07
3.162277660168379517e+11	6.500000000000000000e+00	3.162277660168379721e-07
3.981071705534969482e+11	6.500000000000000000e+00	9.999999999999959313e-07
5.011872336272714844e+11	6.500000000000000000e+00	3.162277660168353780e-06
6.309573444801943359e+11	6.500000000000000000e+00	1.000000000000008891e-05
7.943282347242821045e+11	6.500000000000000000e+00	3.162277660168392405e-05
1.000000000000000000e+12	6.500000000000000000e+00	7.300000000000003968e-05
1.260000000000000000e+12	6.500000000000000000e+00	7.700000000000002849e-05
1.580000000000000000e+12	6.500000000000000000e+00	7.999999999999999299e-05
2.000000000000000000e+12	6.500000000000000000e+00	8.299999999999995749e-05
2.510000000000000000e+12	6.500000000000000000e+00	8.500000000000000611e-05
3.160000000000000000e+12	6.500000000000000000e+00	8.699999999999994630e-05
3.980000000000000000e+12	6.500000000000000000e+00	9.000000000000001922e-05
5.010000000000000000e+12	6.500000000000000000e+00	9.000000000000001922e-05
6.310000000000000000e+12	6.500000000000000000e+00	1.030000000000000100e-04
7.940000000000000000e+12	6.500000000000000000e+00	1.000000000000000454e-04
1.000000000000000000e+13	6.500000000000000000e+00	1.199999999999998811e-04
1.260000000000000000e+13	6.500000000000000000e+00	1.700000000000000122e-04
1.580000000000000000e+13	6.500000000000000000e+00	2.499999999999997884e-04
2.000000000000000000e+13	6.500000000000000000e+00	4.099999999999997743e-04
2.510000000000000000e+13	6.500000000000000000e+00	7.200000000000001538e-04
3.160000000000000000e+13	6.500000000000000000e+00	1.299999999999999073e-03
3.980000000000000000e+13	6.500000000000000000e+00	1.999999999999998307e-03
5.010000000000000000e+13	6.500000000000000000e+00	2.999999999999999195e-03
6.310000000000000000e+13	6.500000000000000000e+00	4.000000000000003553e-03
7.940000000000000000e+13	6.500000000000000000e+00	4.900000000000001577e-03
1.000000000000000000e+14	6.500000000000000000e+00	5.400000000000002021e-03
1.260000000000000000e+14	6.500000000000000000e+00	5.699999999999996736e-03
1.580000000000000000e+14	6.500000000000000000e+00	6.300000000000000044e-03
2.000000000000000000e+14	6.500000000000000000e+00	7.999999999999993228e-03
2.510000000000000000e+14	6.500000000000000000e+00	1.250000000000001110e-02
3.160000000000000000e+14	6.500000000000000000e+00	2.199999999999999178e-02
3.980000000000000000e+14	6.500000000000000000e+00	3.500000000000000333e-02
5.010000000000000000e+14	6.500000000000000000e+00	5.399999999999999245e-02
6.310000000000000000e+14	6.500000000000000000e+00	7.500000000000001110e-02
7.940000000000000000e+14	6.500000000000000000e+00	9.600000000000008527e-02
1.000000000000000000e+15	6.500000000000000000e+00	1.150000000000001021e-01
1.260000000000000000e+15	6.500000000000000000e+00	1.300000000000000044e-01
1.580000000000000000e+15	6.500000000000000000e+00	1.380000000000000115e-01
2.000000000000000000e+15	6.500000000000000000e+00	1.470000000000000195e-01
2.510000000000000000e+15	6.500000000000000000e+00	1.420000000000000151e-01
3.160000000000000000e+15	6.500000000000000000e+00	1.360000000000000098e-01
3.980000000000000000e+15	6.500000000000000000e+00	1.270000000000000018e-01
5.010000000000000000e+15	6.500000000000000000e+00	1.160000000000001030e-01
6.310000000000000000e+15	6.500000000000000000e+00	1.029999999999999805e-01
7.940000000000000000e+15	6.500000000000000000e+00	9.099999999999996980e-02
1.000000000000000000e+16	6.500000000000000000e+00	7.900000000000007017e-02
1.260000000000000000e+16	6.500000000000000000e+00	6.900000000000000577e-02
1.580000000000000000e+16	6.500000000000000000e+00	5.899999999999999689e-02
2.000000000000000000e+16	6.500000000000000000e+00	4.999999999999998890e-02
2.510000000000000000e+16	6.500000000000000000e+00	4.299999999999998268e-02
3.160000000000000000e+16	6.500000000000000000e+00	3.600000000000000422e-02
3.980000000000000000e+16	6.500000000000000000e+00	2.999999999999999889e-02
5.010000000000000000e+16	6.500000000000000000e+00	2.599999999999999534e-02
6.310000000000000000e+16	6.500000000000000000e+00	2.199999999999999178e-02
7.940000000000000000e+16	6.500000000000000000e+00	1.800000000000000211e-02
1.000000000000000000e+17	6.500000000000000000e+00	1.479999999999999372e-02
1.000000000000000000e+11	8.000000000000000000e+00	1.000000000000000269e-09
1.258925411794166107e+11	8.000000000000000000e+00	3.162277660168366287e-09
1.584893192461110840e+11	8.000000000000000000e+00	9.999999999999919146e-09
1.995262314968882751e+11	8.000000000000000000e+00	3.162277660168404337e-08
2.511886431509582214e+11	8.000000000000000000e+00	1.000000000000004455e-07
3.162277660168379517e+11	8.000000000000000000e+00	3.162277660168379721e-07
3.981071705534969482e+11	8.000000000000000000e+00	9.999999999999959313e-07
5.011872336272714844e+11	8.000000000000000000e+00	3.162277660168353780e-06
6.309573444801943359e+11	8.000000000000000000e+00	1.000000000000008891e-05
7.943282347242821045e+11	8.000000000000000000e+00	3.162277660168392405e-05
1.000000000000000000e+12	8.000000000000000000e+00	5.549999999999999378e-05
1.260000000000000000e+12	8.000000000000000000e+00	5.949999999999998259e-05
1.580000000000000000e+12	8.000000000000000000e+00	6.149999999999997699e-05
2.000000000000000000e+12	8.000000000000000000e+00	6.300000000000006766e-05
2.510000000000000000e+12	8.000000000000000000e+00	6.400000000000003776e-05
3.160000000000000000e+12	8.000000000000000000e+00	6.750000000000001442e-05
3.980000000000000000e+12	8.000000000000000000e+00	6.800000000000002657e-05
5.010000000000000000e+12	8.000000000000000000e+00	7.499999999999997988e-05
6.310000000000000000e+12	8.000000000000000000e+00	7.499999999999997988e-05
7.940000000000000000e+12	8.000000000000000000e+00	8.500000000000000611e-05
1.000000000000000000e+13	8.000000000000000000e+00	1.000000000000000454e-04
1.260000000000000000e+13	8.000000000000000000e+00	1.399999999999999335e-04
1.580000000000000000e+13	8.000000000000000000e+00	2.150000000000001302e-04
2.000000000000000000e+13	8.000000000000000000e+00	3.600000000000000769e-04
2.510000000000000000e+13	8.000000000000000000e+00	6.250000000000001214e-04
3.160000000000000000e+13	8.000000000000000000e+00	1.049999999999999718e-03
3.980000000000000000e+13	8.000000000000000000e+00	1.800000000000001252e-03
5.010000000000000000e+13	8.000000000000000000e+00	2.649999999999999578e-03
6.310000000000000000e+13	8.000000000000000000e+00	3.499999999999999639e-03
7.940000000000000000e+13	8.000000000000000000e+00	4.150000000000000910e-03
1.000000000000000000e+14	8.000000000000000000e+00	4.649999999999997885e-03
1.260000000000000000e+14	8.000000000000000000e+00	4.949999999999999539e-03
1.580000000000000000e+14	8.000000000000000000e+00	5.449999999999999983e-03
2.000000000000000000e+14	8.000000000000000000e+00	7.150000000000003575e-03
2.510000000000000000e+14	8.000000000000000000e+00	1.149999999999999634e-02
3.160000000000000000e+14	8.000000000000000000e+00	2.050000000000000433e-02
3.980000000000000000e+14	8.000000000000000000e+00	3.450000000000000289e-02
5.010000000000000000e+14	8.000000000000000000e+00	5.299999999999999156e-02
6.310000000000000000e+14	8.000000000000000000e+00	7.450000000000001066e-02
7.940000000000000000e+14	8.000000000000000000e+00	9.549999999999997380e-02
1.000000000000000000e+15	8.000000000000000000e+00	1.144999999999999907e-01
1.260000000000000000e+15	8.000000000000000000e+00	1.289999999999999480e-01
1.580000000000000000e+15	8.000000000000000000e+00	1.365000000000000102e-01
2.000000000000000000e+15	8.000000000000000000e+00	1.400000000000000133e-01
2.510000000000000000e+15	8.000000000000000000e+00	1.410000000000000142e-01
3.160000000000000000e+15	8.000000000000000000e+00	1.370000000000000107e-01
3.980000000000000000e+15	8.000000000000000000e+00	1.249999999999999445e-01
5.010000000000000000e+15	8.000000000000000000e+00	1.149999999999999911e-01
6.310000000000000000e+15	8.000000000000000000e+00	1.030000000000000360e-01
7.940000000000000000e+15	8.000000000000000000e+00	9.099999999999996980e-02
1.000000000000000000e+16	8.000000000000000000e+00	7.949999999999995959e-02
1.260000000000000000e+16	8.000000000000000000e+00	6.850000000000000533e-02
1.580000000000000000e+16	8.000000000000000000e+00	5.900000000000002465e-02
2.000000000000000000e+16	8.000000000000000000e+00	5.050000000000001710e-02
2.510000000000000000e+16	8.000000000000000000e+00	4.300000000000001044e-02
3.160000000000000000e+16	8.000000000000000000e+00	3.600000000000000422e-02
3.980000000000000000e+16	8.000000000000000000e+00	3.050000000000001321e-02
5.010000000000000000e+16	8.000000000000000000e+00	2.550000000000000877e-02
6.310000000000000000e+16	8.000000000000000000e+00	2.150000000000000522e-02
7.940000000000000000e+16	8.000000000000000000e+00	1.800000000000000211e-02
1.000000000000000000e+17	8.000000000000000000e+00	1.500000000000000638e-02
1.000000000000000000e+11	1.000000000000000000e+01	1.000000000000000269e-09
1.258925411794166107e+11	1.000000000000000000e+01	3.162277660168366287e-09
1.584893192461110840e+11	1.000000000000000000e+01	9.999999999999919146e-09
1.995262314968882751e+11	1.000000000000000000e+01	3.162277660168404337e-08
2.511886431509582214e+11	1.000000000000000000e+01	1.000000000000004455e-07
3.162277660168379517e+11	1.000000000000000000e+01	3.162277660168379721e-07
3.981071705534969482e+11	1.000000000000000000e+01	9.999999999999959313e-07
5.011872336272714844e+11	1.000000000000000000e+01	3.162277660168353780e-06
6.309573444801943359e+11	1.000000000000000000e+01	1.000000000000008891e-05
7.943282347242821045e+11	1.000000000000000000e+01	3.162277660168392405e-05
1.000000000000000000e+12	1.000000000000000000e+01	3.849999999999996004e-05
1.260000000000000000e+12	1.000000000000000000e+01	4.250000000000005726e-05
1.580000000000000000e+12	1.000000000000000000e+01	4.199999999999999090e-05
2.000000000000000000e+12	1.000000000000000000e+01	4.549999999999996755e-05
2.510000000000000000e+12	1.000000000000000000e+01	4.499999999999990119e-05
3.160000000000000000e+12	1.000000000000000000e+01	4.500000000000000961e-05
3.980000000000000000e+12	1.000000000000000000e+01	4.999999999999991430e-05
5.010000000000000000e+12	1.000000000000000000e+01	5.000000000000002272e-05
6.310000000000000000e+12	1.000000000000000000e+01	5.500000000000003584e-05
7.940000000000000000e+12	1.000000000000000000e+01	5.999999999999994053e-05
1.000000000000000000e+13	1.000000000000000000e+01	7.499999999999997988e-05
1.260000000000000000e+13	1.000000000000000000e+01	1.050000000000000586e-04
1.580000000000000000e+13	1.000000000000000000e+01	1.700000000000000122e-04
2.000000000000000000e+13	1.000000000000000000e+01	2.899999999999998933e-04
2.510000000000000000e+13	1.000000000000000000e+01	5.149999999999998329e-04
3.160000000000000000e+13	1.000000000000000000e+01	9.000000000000006259e-04
3.980000000000000000e+13	1.000000000000000000e+01	1.449999999999999900e-03
5.010000000000000000e+13	1.000000000000000000e+01	2.149999999999999134e-03
6.310000000000000000e+13	1.000000000000000000e+01	2.849999999999998368e-03
7.940000000000000000e+13	1.000000000000000000e+01	3.349999999999998812e-03
1.000000000000000000e+14	1.000000000000000000e+01	3.700000000000001898e-03
1.260000000000000000e+14	1.000000000000000000e+01	4.000000000000003553e-03
1.580000000000000000e+14	1.000000000000000000e+01	4.500000000000003997e-03
2.000000000000000000e+14	1.000000000000000000e+01	6.300000000000000044e-03
2.510000000000000000e+14	1.000000000000000000e+01	1.099999999999999589e-02
3.160000000000000000e+14	1.000000000000000000e+01	1.949999999999998956e-02
3.980000000000000000e+14	1.000000000000000000e+01	3.400000000000000244e-02
5.010000000000000000e+14	1.000000000000000000e+01	5.249999999999999112e-02
6.310000000000000000e+14	1.000000000000000000e+01	7.399999999999995470e-02
7.940000000000000000e+14	1.000000000000000000e+01	9.450000000000002842e-02
1.000000000000000000e+15	1.000000000000000000e+01	1.149999999999999911e-01
1.260000000000000000e+15	1.000000000000000000e+01	1.300000000000000044e-01
1.580000000000000000e+15	1.000000000000000000e+01	1.400000000000000133e-01
2.000000000000000000e+15	1.000000000000000000e+01	1.450000000000000178e-01
2.510000000000000000e+15	1.000000000000000000e+01	1.400000000000000133e-01
3.160000000000000000e+15	1.000000000000000000e+01	1.350000000000000089e-01
3.980000000000000000e+15	1.000000000000000000e+01	1.300000000000000044e-01
5.010000000000000000e+15	1.000000000000000000e+01	1.149999999999999911e-01
6.310000000000000000e+15	1.000000000000000000e+01	1.049999999999999267e-01
7.940000000000000000e+15	1.000000000000000000e+01	8.950000000000002398e-02
1.000000000000000000e+16	1.000000000000000000e+01	7.900000000000001465e-02
1.260000000000000000e+16	1.000000000000000000e+01	6.850000000000000533e-02
1.580000000000000000e+16	1.000000000000000000e+01	5.849999999999999645e-02
2.000000000000000000e+16	1.000000000000000000e+01	5.000000000000001665e-02
2.510000000000000000e+16	1.000000000000000000e+01	4.249999999999998224e-02
3.160000000000000000e+16	1.000000000000000000e+01	3.600000000000000422e-02
3.980000000000000000e+16	1.000000000000000000e+01	3.049999999999999933e-02
5.010000000000000000e+16	1.000000000000000000e+01	2.549999999999998102e-02
6.310000000000000000e+16	1.000000000000000000e+01	2.149999999999999134e-02
7.940000000000000000e+16	1.000000000000000000e+01	1.800000000000000211e-02
1.000000000000000000e+17	1.000000000000000000e+01	1.499999999999999944e-02
1.000000000000000000e+11	1.200000000000000000e+01	1.000000000000000269e-09
1.258925411794166107e+11	1.200000000000000000e+01	3.162277660168366287e-09
1.584893192461110840e+11	1.200000000000000000e+01	9.999999999999919146e-09
1.995262314968882751e+11	1.200000000000000000e+01	3.162277660168404337e-08
2.511886431509582214e+11	1.200000000000000000e+01	1.000000000000004455e-07
3.162277660168379517e+11	1.200000000000000000e+01	3.162277660168379721e-07
3.981071705534969482e+11	1.200000000000000000e+01	9.999999999999959313e-07
5.011872336272714844e+11	1.200000000000000000e+01	3.162277660168353780e-06
6.309573444801943359e+11	1.200000000000000000e+01	1.000000000000008891e-05
7.943282347242821045e+11	1.200000000000000000e+01	3.162277660168392405e-05
1.000000000000000000e+12	1.200000000000000000e+01	2.650000000000004782e-05
1.260000000000000000e+12	1.200000000000000000e+01	2.499999999999995715e-05
1.580000000000000000e+12	1.200000000000000000e+01	3.000000000000007869e-05
2.000000000000000000e+12	1.200000000000000000e+01	2.999999999999997027e-05
2.510000000000000000e+12	1.200000000000000000e+01	3.500000000000009180e-05
3.160000000000000000e+12	1.200000000000000000e+01	3.499999999999998338e-05
3.980000000000000000e+12	1.200000000000000000e+01	3.500000000000009180e-05
5.010000000000000000e+12	1.200000000000000000e+01	3.999999999999999650e-05
6.310000000000000000e+12	1.200000000000000000e+01	3.999999999999999650e-05
7.940000000000000000e+12	1.200000000000000000e+01	4.500000000000000961e-05
1.000000000000000000e+13	1.200000000000000000e+01	5.500000000000003584e-05
1.260000000000000000e+13	1.200000000000000000e+01	8.500000000000000611e-05
1.580000000000000000e+13	1.200000000000000000e+01	1.399999999999999335e-04
2.000000000000000000e+13	1.200000000000000000e+01	2.449999999999999921e-04
2.510000000000000000e+13	1.200000000000000000e+01	4.350000000000004904e-04
3.160000000000000000e+13	1.200000000000000000e+01	8.000000000000003636e-04
3.980000000000000000e+13	1.200000000000000000e+01	1.249999999999999375e-03
5.010000000000000000e+13	1.200000000000000000e+01	1.800000000000002986e-03
6.310000000000000000e+13	1.200000000000000000e+01	2.350000000000001393e-03
7.940000000000000000e+13	1.200000000000000000e+01	2.849999999999998368e-03
1.000000000000000000e+14	1.200000000000000000e+01	3.099999999999998590e-03
1.260000000000000000e+14	1.200000000000000000e+01	3.299999999999997380e-03
1.580000000000000000e+14	1.200000000000000000e+01	3.849999999999999256e-03
2.000000000000000000e+14	1.200000000000000000e+01	5.799999999999999600e-03
2.510000000000000000e+14	1.200000000000000000e+01	1.000000000000000888e-02
3.160000000000000000e+14	1.200000000000000000e+01	1.950000000000001732e-02
3.980000000000000000e+14	1.200000000000000000e+01	3.350000000000000200e-02
5.010000000000000000e+14	1.200000000000000000e+01	5.199999999999999067e-02
6.310000000000000000e+14	1.200000000000000000e+01	7.300000000000000933e-02
7.940000000000000000e+14	1.200000000000000000e+01	9.499999999999997335e-02
1.000000000000000000e+15	1.200000000000000000e+01	1.149999999999999911e-01
1.260000000000000000e+15	1.200000000000000000e+01	1.250000000000000000e-01
1.580000000000000000e+15	1.200000000000000000e+01	1.400000000000000133e-01
2.000000000000000000e+15	1.200000000000000000e+01	1.400000000000000133e-01
2.510000000000000000e+15	1.200000000000000000e+01	1.450000000000000178e-01
3.160000000000000000e+15	1.200000000000000000e+01	1.350000000000000089e-01
3.980000000000000000e+15	1.200000000000000000e+01	1.250000000000000000e-01
5.010000000000000000e+15	1.200000000000000000e+01	1.149999999999999911e-01
6.310000000000000000e+15	1.200000000000000000e+01	1.000000000000000888e-01
7.940000000000000000e+15	1.200000000000000000e+01	8.999999999999996891e-02
1.000000000000000000e+16	1.200000000000000000e+01	7.800000000000001377e-02
1.260000000000000000e+16	1.200000000000000000e+01	6.850000000000000533e-02
1.580000000000000000e+16	1.200000000000000000e+01	5.899999999999999689e-02
2.000000000000000000e+16	1.200000000000000000e+01	5.049999999999998934e-02
2.510000000000000000e+16	1.200000000000000000e+01	4.250000000000003775e-02
3.160000000000000000e+16	1.200000000000000000e+01	3.649999999999997691e-02
3.980000000000000000e+16	1.200000000000000000e+01	3.049999999999999933e-02
5.010000000000000000e+16	1.200000000000000000e+01	2.600000000000002309e-02
6.310000000000000000e+16	1.200000000000000000e+01	2.150000000000001910e-02
7.940000000000000000e+16	1.200000000000000000e+01	1.800000000000000211e-02
1.000000000000000000e+17	1.200000000000000000e+01	1.499999999999999944e-02
1.000000000000000000e+11	1.400000000000000000e+01	1.000000000000000269e-09
1.258925411794166107e+11	1.400000000000000000e+01	3.162277660168366287e-09
1.584893192461110840e+11	1.400000000000000000e+01	9.999999999999919146e-09
1.995262314968882751e+11	1.400000000000000000e+01	3.162277660168404337e-08
2.511886431509582214e+11	1.400000000000000000e+01	1.000000000000004455e-07
3.162277660168379517e+11	1.400000000000000000e+01	3.162277660168379721e-07
3.981071705534969482e+11	1.400000000000000000e+01	9.999999999999959313e-07
5.011872336272714844e+11	1.400000000000000000e+01	3.162277660168353780e-06
6.309573444801943359e+11	1.400000000000000000e+01	1.000000000000008891e-05
7.943282347242821045e+11	1.400000000000000000e+01	3.162277660168392405e-05
1.000000000000000000e+12	1.400000000000000000e+01	1.499999999999993092e-05
1.260000000000000000e+12	1.400000000000000000e+01	2.000000000000005246e-05
1.580000000000000000e+12	1.400000000000000000e+01	1.999999999999994404e-05
2.000000000000000000e+12	1.400000000000000000e+01	2.000000000000005246e-05
2.510000000000000000e+12	1.400000000000000000e+01	1.999999999999994404e-05
3.160000000000000000e+12	1.400000000000000000e+01	2.500000000000006557e-05
3.980000000000000000e+12	1.400000000000000000e+01	2.499999999999995715e-05
5.010000000000000000e+12	1.400000000000000000e+01	2.499999999999995715e-05
6.310000000000000000e+12	1.400000000000000000e+01	2.999999999999997027e-05
7.940000000000000000e+12	1.400000000000000000e+01	3.499999999999998338e-05
1.000000000000000000e+13	1.400000000000000000e+01	4.500000000000000961e-05
1.260000000000000000e+13	1.400000000000000000e+01	6.999999999999996676e-05
1.580000000000000000e+13	1.400000000000000000e+01	1.199999999999998811e-04
2.000000000000000000e+13	1.400000000000000000e+01	2.050000000000003209e-04
2.510000000000000000e+13	1.400000000000000000e+01	3.999999999999993144e-04
3.160000000000000000e+13	1.400000000000000000e+01	6.499999999999995365e-04
3.980000000000000000e+13	1.400000000000000000e+01	1.050000000000000586e-03
5.010000000000000000e+13	1.400000000000000000e+01	1.549999999999999295e-03
6.310000000000000000e+13	1.400000000000000000e+01	1.999999999999998307e-03
7.940000000000000000e+13	1.400000000000000000e+01	2.350000000000004863e-03
1.000000000000000000e+14	1.400000000000000000e+01	2.599999999999998146e-03
1.260000000000000000e+14	1.400000000000000000e+01	2.800000000000003875e-03
1.580000000000000000e+14	1.400000000000000000e+01	3.299999999999997380e-03
2.000000000000000000e+14	1.400000000000000000e+01	4.999999999999997502e-03
2.510000000000000000e+14	1.400000000000000000e+01	9.999999999999995004e-03
3.160000000000000000e+14	1.400000000000000000e+01	1.849999999999998868e-02
3.980000000000000000e+14	1.400000000000000000e+01	3.300000000000000155e-02
5.010000000000000000e+14	1.400000000000000000e+01	5.200000000000004619e-02
6.310000000000000000e+14	1.400000000000000000e+01	7.200000000000006395e-02
7.940000000000000000e+14	1.400000000000000000e+01	9.499999999999997335e-02
1.000000000000000000e+15	1.400000000000000000e+01	1.099999999999999867e-01
1.260000000000000000e+15	1.400000000000000000e+01	1.300000000000000044e-01
1.580000000000000000e+15	1.400000000000000000e+01	1.350000000000000089e-01
2.000000000000000000e+15	1.400000000000000000e+01	1.449999999999999067e-01
2.510000000000000000e+15	1.400000000000000000e+01	1.399999999999999023e-01
3.160000000000000000e+15	1.400000000000000000e+01	1.350000000000000089e-01
3.980000000000000000e+15	1.400000000000000000e+01	1.250000000000000000e-01
5.010000000000000000e+15	1.400000000000000000e+01	1.149999999999999911e-01
6.310000000000000000e+15	1.400000000000000000e+01	1.049999999999999822e-01
7.940000000000000000e+15	1.400000000000000000e+01	9.500000000000008438e-02
1.000000000000000000e+16	1.400000000000000000e+01	7.999999999999996003e-02
1.260000000000000000e+16	1.400000000000000000e+01	6.850000000000000533e-02
1.580000000000000000e+16	1.400000000000000000e+01	5.899999999999999689e-02
2.000000000000000000e+16	1.400000000000000000e+01	4.999999999999998890e-02
2.510000000000000000e+16	1.400000000000000000e+01	4.299999999999998268e-02
3.160000000000000000e+16	1.400000000000000000e+01	3.600000000000003197e-02
3.980000000000000000e+16	1.400000000000000000e+01	3.049999999999999933e-02
5.010000000000000000e+16	1.400000000000000000e+01	2.549999999999999489e-02
6.310000000000000000e+16	1.400000000000000000e+01	2.149999999999999134e-02
7.940000000000000000e+16	1.400000000000000000e+01	1.800000000000000211e-02
1.000000000000000000e+17	1.400000000000000000e+01	1.499999999999999944e-02
1.000000000000000000e+11	1.600000000000000000e+01	1.000000000000000269e-09
1.258925411794166107e+11	1.600000000000000000e+01	3.162277660168366287e-09
1.584893192461110840e+11	1.600000000000000000e+01	9.999999999999919146e-09
1.995262314968882751e+11	1.600000000000000000e+01	3.162277660168404337e-08
2.511886431509582214e+11	1.600000000000000000e+01	1.000000000000004455e-07
3.162277660168379517e+11	1.600000000000000000e+01	3.162277660168379721e-07
3.981071705534969482e+11	1.600000000000000000e+01	9.999999999999959313e-07
5.011872336272714844e+11	1.600000000000000000e+01	3.162277660168353780e-06
6.309573444801943359e+11	1.600000000000000000e+01	1.000000000000008891e-05
7.943282347242821045e+11	1.600000000000000000e+01	3.162277660168392405e-05
1.000000000000000000e+12	1.600000000000000000e+01	1.500000000000003934e-05
1.260000000000000000e+12	1.600000000000000000e+01	9.999999999999917809e-06
1.580000000000000000e+12	1.600000000000000000e+01	1.000000000000002623e-05
2.000000000000000000e+12	1.600000000000000000e+01	1.499999999999993092e-05
2.510000000000000000e+12	1.600000000000000000e+01	1.500000000000003934e-05
3.160000000000000000e+12	1.600000000000000000e+01	1.499999999999993092e-05
3.980000000000000000e+12	1.600000000000000000e+01	1.999999999999994404e-05
5.010000000000000000e+12	1.600000000000000000e+01	2.000000000000005246e-05
6.310000000000000000e+12	1.600000000000000000e+01	2.499999999999995715e-05
7.940000000000000000e+12	1.600000000000000000e+01	2.500000000000006557e-05
1.000000000000000000e+13	1.600000000000000000e+01	3.499999999999998338e-05
1.260000000000000000e+13	1.600000000000000000e+01	5.999999999999994053e-05
1.580000000000000000e+13	1.600000000000000000e+01	9.500000000000003234e-05
2.000000000000000000e+13	1.600000000000000000e+01	1.749999999999998085e-04
2.510000000000000000e+13	1.600000000000000000e+01	2.999999999999999195e-04
3.160000000000000000e+13	1.600000000000000000e+01	5.500000000000001416e-04
3.980000000000000000e+13	1.600000000000000000e+01	9.500000000000011907e-04
5.010000000000000000e+13	1.600000000000000000e+01	1.299999999999999073e-03
6.310000000000000000e+13	1.600000000000000000e+01	1.700000000000000122e-03
7.940000000000000000e+13	1.600000000000000000e+01	1.999999999999994837e-03
1.000000000000000000e+14	1.600000000000000000e+01	2.200000000000000566e-03
1.260000000000000000e+14	1.600000000000000000e+01	2.349999999999997924e-03
1.580000000000000000e+14	1.600000000000000000e+01	2.950000000000001232e-03
2.000000000000000000e+14	1.600000000000000000e+01	4.500000000000003997e-03
2.510000000000000000e+14	1.600000000000000000e+01	9.499999999999994560e-03
3.160000000000000000e+14	1.600000000000000000e+01	1.849999999999998868e-02
3.980000000000000000e+14	1.600000000000000000e+01	3.249999999999997335e-02
5.010000000000000000e+14	1.600000000000000000e+01	5.149999999999999023e-02
6.310000000000000000e+14	1.600000000000000000e+01	7.499999999999995559e-02
7.940000000000000000e+14	1.600000000000000000e+01	9.499999999999997335e-02
1.000000000000000000e+15	1.600000000000000000e+01	1.149999999999999911e-01
1.260000000000000000e+15	1.600000000000000000e+01	1.300000000000001155e-01
1.580000000000000000e+15	1.600000000000000000e+01	1.399999999999999023e-01
2.000000000000000000e+15	1.600000000000000000e+01	1.400000000000001243e-01
2.510000000000000000e+15	1.600000000000000000e+01	1.400000000000001243e-01
3.160000000000000000e+15	1.600000000000000000e+01	1.350000000000000089e-01
3.980000000000000000e+15	1.600000000000000000e+01	1.250000000000000000e-01
5.010000000000000000e+15	1.600000000000000000e+01	1.149999999999999911e-01
6.310000000000000000e+15	1.600000000000000000e+01	9.999999999999997780e-02
7.940000000000000000e+15	1.600000000000000000e+01	8.999999999999996891e-02
1.000000000000000000e+16	1.600000000000000000e+01	8.000000000000007105e-02
1.260000000000000000e+16	1.600000000000000000e+01	6.999999999999995115e-02
1.580000000000000000e+16	1.600000000000000000e+01	5.749999999999999556e-02
2.000000000000000000e+16	1.600000000000000000e+01	5.049999999999998934e-02
2.510000000000000000e+16	1.600000000000000000e+01	4.249999999999998224e-02
3.160000000000000000e+16	1.600000000000000000e+01	3.599999999999997646e-02
3.980000000000000000e+16	1.600000000000000000e+01	3.049999999999999933e-02
5.010000000000000000e+16	1.600000000000000000e+01	2.549999999999999489e-02
6.310000000000000000e+16	1.600000000000000000e+01	2.099999999999999090e-02
7.940000000000000000e+16	1.600000000000000000e+01	1.799999999999998823e-02
1.000000000000000000e+17	1.600000000000000000e+01	1.499999999999999944e-02
1.000000000000000000e+11	1.800000000000000000e+01	1.000000000000000269e-09
1.258925411794166107e+11	1.800000000000000000e+01	3.162277660168366287e-09
1.584893192461110840e+11	1.800000000000000000e+01	9.999999999999919146e-09
1.995262314968882751e+11	1.800000000000000000e+01	3.162277660168404337e-08
2.511886431509582214e+11	1.800000000000000000e+01	1.000000000000004455e-07
3.162277660168379517e+11	1.800000000000000000e+01	3.162277660168379721e-07
3.981071705534969482e+11	1.800000000000000000e+01	9.999999999999959313e-07
5.011872336272714844e+11	1.800000000000000000e+01	3.162277660168353780e-06
6.309573444801943359e+11	1.800000000000000000e+01	1.000000000000008891e-05
7.943282347242821045e+11	1.800000000000000000e+01	3.162277660168392405e-05
1.000000000000000000e+12	1.800000000000000000e+01	5.000000000000013115e-06
1.260000000000000000e+12	1.800000000000000000e+01	1.000000000000002623e-05
1.580000000000000000e+12	1.800000000000000000e+01	1.000000000000002623e-05
2.000000000000000000e+12	1.800000000000000000e+01	1.000000000000002623e-05
2.510000000000000000e+12	1.800000000000000000e+01	1.000000000000002623e-05
3.160000000000000000e+12	1.800000000000000000e+01	1.000000000000002623e-05
3.980000000000000000e+12	1.800000000000000000e+01	1.500000000000003934e-05
5.010000000000000000e+12	1.800000000000000000e+01	1.999999999999994404e-05
6.310000000000000000e+12	1.800000000000000000e+01	1.500000000000003934e-05
7.940000000000000000e+12	1.800000000000000000e+01	1.999999999999994404e-05
1.000000000000000000e+13	1.800000000000000000e+01	3.000000000000007869e-05
1.260000000000000000e+13	1.800000000000000000e+01	4.500000000000011803e-05
1.580000000000000000e+13	1.800000000000000000e+01	8.500000000000000611e-05
2.000000000000000000e+13	1.800000000000000000e+01	1.499999999999999598e-04
2.510000000000000000e+13	1.800000000000000000e+01	2.500000000000002220e-04
3.160000000000000000e+13	1.800000000000000000e+01	5.000000000000004441e-04
3.980000000000000000e+13	1.800000000000000000e+01	7.499999999999971967e-04
5.010000000000000000e+13	1.800000000000000000e+01	1.150000000000001715e-03
6.310000000000000000e+13	1.800000000000000000e+01	1.450000000000003370e-03
7.940000000000000000e+13	1.800000000000000000e+01	1.650000000000005629e-03
1.000000000000000000e+14	1.800000000000000000e+01	1.850000000000004419e-03
1.260000000000000000e+14	1.800000000000000000e+01	2.000000000000001776e-03
1.580000000000000000e+14	1.800000000000000000e+01	2.549999999999996714e-03
2.000000000000000000e+14	1.800000000000000000e+01	4.500000000000003997e-03
2.510000000000000000e+14	1.800000000000000000e+01	9.000000000000007994e-03
3.160000000000000000e+14	1.800000000000000000e+01	1.850000000000001643e-02
3.980000000000000000e+14	1.800000000000000000e+01	3.250000000000002887e-02
5.010000000000000000e+14	1.800000000000000000e+01	5.049999999999998934e-02
6.310000000000000000e+14	1.800000000000000000e+01	6.999999999999995115e-02
7.940000000000000000e+14	1.800000000000000000e+01	9.500000000000008438e-02
1.000000000000000000e+15	1.800000000000000000e+01	1.150000000000001021e-01
1.260000000000000000e+15	1.800000000000000000e+01	1.250000000000000000e-01
1.580000000000000000e+15	1.800000000000000000e+01	1.350000000000000089e-01
2.000000000000000000e+15	1.800000000000000000e+01	1.450000000000000178e-01
2.510000000000000000e+15	1.800000000000000000e+01	1.450000000000000178e-01
3.160000000000000000e+15	1.800000000000000000e+01	1.350000000000000089e-01
3.980000000000000000e+15	1.800000000000000000e+01	1.300000000000001155e-01
5.010000000000000000e+15	1.800000000000000000e+01	1.149999999999999911e-01
6.310000000000000000e+15	1.800000000000000000e+01	1.049999999999999822e-01
7.940000000000000000e+15	1.800000000000000000e+01	8.999999999999996891e-02
1.000000000000000000e+16	1.800000000000000000e+01	7.999999999999996003e-02
1.260000000000000000e+16	1.800000000000000000e+01	6.500000000000005773e-02
1.580000000000000000e+16	1.800000000000000000e+01	6.000000000000005329e-02
2.000000000000000000e+16	1.800000000000000000e+01	4.999999999999998890e-02
2.510000000000000000e+16	1.800000000000000000e+01	4.250000000000003775e-02
3.160000000000000000e+16	1.800000000000000000e+01	3.600000000000003197e-02
3.980000000000000000e+16	1.800000000000000000e+01	3.049999999999997158e-02
5.010000000000000000e+16	1.800000000000000000e+01	2.549999999999999489e-02
6.310000000000000000e+16	1.800000000000000000e+01	2.149999999999999134e-02
7.940000000000000000e+16	1.800000000000000000e+01	1.800000000000001599e-02
1.000000000000000000e+17	1.800000000000000000e+01	1.499999999999998557e-02
1.000000000000000000e+11	2.000000000000000000e+01	1.000000000000000269e-09
1.258925411794166107e+11	2.000000000000000000e+01	3.162277660168366287e-09
1.584893192461110840e+11	2.000000000000000000e+01	9.999999999999919146e-09
1.995262314968882751e+11	2.000000000000000000e+01	3.162277660168404337e-08
2.511886431509582214e+11	2.000000000000000000e+01	1.000000000000004455e-07
3.162277660168379517e+11	2.000000000000000000e+01	3.162277660168379721e-07
3.981071705534969482e+11	2.000000000000000000e+01	9.999999999999959313e-07
5.011872336272714844e+11	2.000000000000000000e+01	3.162277660168353780e-06
6.309573444801943359e+11	2.000000000000000000e+01	1.000000000000008891e-05
7.943282347242821045e+11	2.000000000000000000e+01	3.162277660168392405e-05
1.000000000000000000e+12	2.000000000000000000e+01	1.000000000000002623e-05
1.260000000000000000e+12	2.000000000000000000e+01	1.000000000000002623e-05
1.580000000000000000e+12	2.000000000000000000e+01	9.999999999999917809e-06
2.000000000000000000e+12	2.000000000000000000e+01	5.000000000000013115e-06
2.510000000000000000e+12	2.000000000000000000e+01	9.999999999999917809e-06
3.160000000000000000e+12	2.000000000000000000e+01	1.000000000000002623e-05
3.980000000000000000e+12	2.000000000000000000e+01	1.000000000000002623e-05
5.010000000000000000e+12	2.000000000000000000e+01	1.000000000000002623e-05
6.310000000000000000e+12	2.000000000000000000e+01	1.500000000000003934e-05
7.940000000000000000e+12	2.000000000000000000e+01	2.000000000000005246e-05
1.000000000000000000e+13	2.000000000000000000e+01	2.499999999999984873e-05
1.260000000000000000e+13	2.000000000000000000e+01	4.499999999999990119e-05
1.580000000000000000e+13	2.000000000000000000e+01	7.499999999999997988e-05
2.000000000000000000e+13	2.000000000000000000e+01	1.350000000000001373e-04
2.510000000000000000e+13	2.000000000000000000e+01	2.500000000000002220e-04
3.160000000000000000e+13	2.000000000000000000e+01	3.999999999999993144e-04
3.980000000000000000e+13	2.000000000000000000e+01	6.500000000000012712e-04
5.010000000000000000e+13	2.000000000000000000e+01	9.499999999999994560e-04
6.310000000000000000e+13	2.000000000000000000e+01	1.250000000000001110e-03
7.940000000000000000e+13	2.000000000000000000e+01	1.449999999999999900e-03
1.000000000000000000e+14	2.000000000000000000e+01	1.599999999999997258e-03
1.260000000000000000e+14	2.000000000000000000e+01	1.799999999999996048e-03
1.580000000000000000e+14	2.000000000000000000e+01	2.500000000000002220e-03
2.000000000000000000e+14	2.000000000000000000e+01	4.499999999999990119e-03
2.510000000000000000e+14	2.000000000000000000e+01	8.999999999999994116e-03
3.160000000000000000e+14	2.000000000000000000e+01	1.799999999999998823e-02
3.980000000000000000e+14	2.000000000000000000e+01	3.249999999999997335e-02
5.010000000000000000e+14	2.000000000000000000e+01	5.000000000000004441e-02
6.310000000000000000e+14	2.000000000000000000e+01	7.500000000000006661e-02
7.940000000000000000e+14	2.000000000000000000e+01	9.499999999999986233e-02
1.000000000000000000e+15	2.000000000000000000e+01	1.099999999999998757e-01
1.260000000000000000e+15	2.000000000000000000e+01	1.299999999999998934e-01
1.580000000000000000e+15	2.000000000000000000e+01	1.400000000000001243e-01
2.000000000000000000e+15	2.000000000000000000e+01	1.399999999999999023e-01
2.510000000000000000e+15	2.000000000000000000e+01	1.399999999999999023e-01
3.160000000000000000e+15	2.000000000000000000e+01	1.350000000000000089e-01
3.980000000000000000e+15	2.000000000000000000e+01	1.250000000000000000e-01
5.010000000000000000e+15	2.000000000000000000e+01	1.149999999999999911e-01
6.310000000000000000e+15	2.000000000000000000e+01	1.000000000000000888e-01
7.940000000000000000e+15	2.000000000000000000e+01	8.999999999999996891e-02
1.000000000000000000e+16	2.000000000000000000e+01	7.999999999999996003e-02
1.260000000000000000e+16	2.000000000000000000e+01	6.999999999999995115e-02
1.580000000000000000e+16	2.000000000000000000e+01	5.999999999999994227e-02
2.000000000000000000e+16	2.000000000000000000e+01	5.200000000000004619e-02
2.510000000000000000e+16	2.000000000000000000e+01	4.299999999999998268e-02
3.160000000000000000e+16	2.000000000000000000e+01	3.599999999999997646e-02
3.980000000000000000e+16	2.000000000000000000e+01	3.000000000000002665e-02
5.010000000000000000e+16	2.000000000000000000e+01	2.550000000000002265e-02
6.310000000000000000e+16	2.000000000000000000e+01	2.150000000000001910e-02
7.940000000000000000e+16	2.000000000000000000e+01	1.749999999999998779e-02
1.000000000000000000e+17	2.000000000000000000e+01	1.500000000000001332e-02
1.000000000000000000e+11	2.200000000000000000e+01	1.000000000000000269e-09
1.258925411794166107e+11	2.200000000000000000e+01	3.162277660168366287e-09
1.584893192461110840e+11	2.200000000000000000e+01	9.999999999999919146e-09
1.995262314968882751e+11	2.200000000000000000e+01	3.162277660168404337e-08
2.511886431509582214e+11	2.200000000000000000e+01	1.000000000000004455e-07
3.162277660168379517e+11	2.200000000000000000e+01	3.162277660168379721e-07
3.981071705534969482e+11	2.200000000000000000e+01	9.999999999999959313e-07
5.011872336272714844e+11	2.200000000000000000e+01	3.162277660168353780e-06
6.309573444801943359e+11	2.200000000000000000e+01	1.000000000000008891e-05
7.943282347242821045e+11	2.200000000000000000e+01	3.162277660168392405e-05
1.000000000000000000e+12	2.200000000000000000e+01	5.000000000000013115e-06
1.260000000000000000e+12	2.200000000000000000e+01	5.000000000000013115e-06
1.580000000000000000e+12	2.200000000000000000e+01	5.000000000000013115e-06
2.000000000000000000e+12	2.200000000000000000e+01	1.000000000000002623e-05
2.510000000000000000e+12	2.200000000000000000e+01	1.000000000000002623e-05
3.160000000000000000e+12	2.200000000000000000e+01	9.999999999999917809e-06
3.980000000000000000e+12	2.200000000000000000e+01	1.000000000000002623e-05
5.010000000000000000e+12	2.200000000000000000e+01	1.000000000000002623e-05
6.310000000000000000e+12	2.200000000000000000e+01	1.499999999999993092e-05
7.940000000000000000e+12	2.200000000000000000e+01	1.499999999999993092e-05
1.000000000000000000e+13	2.200000000000000000e+01	2.500000000000006557e-05
1.260000000000000000e+13	2.200000000000000000e+01	3.500000000000009180e-05
1.580000000000000000e+13	2.200000000000000000e+01	6.499999999999995365e-05
2.000000000000000000e+13	2.200000000000000000e+01	1.150000000000000848e-04
2.510000000000000000e+13	2.200000000000000000e+01	1.999999999999996572e-04
3.160000000000000000e+13	2.200000000000000000e+01	3.499999999999996170e-04
3.980000000000000000e+13	2.200000000000000000e+01	5.999999999999998390e-04
5.010000000000000000e+13	2.200000000000000000e+01	8.500000000000000611e-04
6.310000000000000000e+13	2.200000000000000000e+01	1.099999999999996814e-03
7.940000000000000000e+13	2.200000000000000000e+01	1.299999999999995604e-03
1.000000000000000000e+14	2.200000000000000000e+01	1.449999999999999900e-03
1.260000000000000000e+14	2.200000000000000000e+01	1.600000000000004197e-03
1.580000000000000000e+14	2.200000000000000000e+01	2.000000000000001776e-03
2.000000000000000000e+14	2.200000000000000000e+01	4.000000000000003553e-03
2.510000000000000000e+14	2.200000000000000000e+01	8.500000000000007550e-03
3.160000000000000000e+14	2.200000000000000000e+01	1.800000000000001599e-02
3.980000000000000000e+14	2.200000000000000000e+01	3.250000000000002887e-02
5.010000000000000000e+14	2.200000000000000000e+01	5.499999999999993783e-02
6.310000000000000000e+14	2.200000000000000000e+01	6.999999999999995115e-02
7.940000000000000000e+14	2.200000000000000000e+01	9.000000000000007994e-02
1.000000000000000000e+15	2.200000000000000000e+01	1.149999999999999911e-01
1.260000000000000000e+15	2.200000000000000000e+01	1.300000000000001155e-01
1.580000000000000000e+15	2.200000000000000000e+01	1.399999999999999023e-01
2.000000000000000000e+15	2.200000000000000000e+01	1.399999999999999023e-01
2.510000000000000000e+15	2.200000000000000000e+01	1.399999999999999023e-01
3.160000000000000000e+15	2.200000000000000000e+01	1.350000000000000089e-01
3.980000000000000000e+15	2.200000000000000000e+01	1.250000000000000000e-01
5.010000000000000000e+15	2.200000000000000000e+01	1.149999999999999911e-01
6.310000000000000000e+15	2.200000000000000000e+01	1.049999999999999822e-01
7.940000000000000000e+15	2.200000000000000000e+01	8.999999999999996891e-02
1.000000000000000000e+16	2.200000000000000000e+01	7.500000000000006661e-02
1.260000000000000000e+16	2.200000000000000000e+01	7.000000000000006217e-02
1.580000000000000000e+16	2.200000000000000000e+01	6.000000000000005329e-02
2.000000000000000000e+16	2.200000000000000000e+01	4.999999999999993339e-02
2.510000000000000000e+16	2.200000000000000000e+01	4.249999999999998224e-02
3.160000000000000000e+16	2.200000000000000000e+01	3.649999999999997691e-02
3.980000000000000000e+16	2.200000000000000000e+01	3.049999999999997158e-02
5.010000000000000000e+16	2.200000000000000000e+01	2.549999999999996714e-02
6.310000000000000000e+16	2.200000000000000000e+01	2.149999999999999134e-02
7.940000000000000000e+16	2.200000000000000000e+01	1.799999999999998823e-02
1.000000000000000000e+17	2.200000000000000000e+01	1.499999999999998557e-02
1.000000000000000000e+11	2.400000000000000000e+01	1.000000000000000269e-09
1.258925411794166107e+11	2.400000000000000000e+01	3.162277660168366287e-09
1.584893192461110840e+11	2.400000000000000000e+01	9.999999999999919146e-09
1.995262314968882751e+11	2.400000000000000000e+01	3.162277660168404337e-08
2.511886431509582214e+11	2.400000000000000000e+01	1.000000000000004455e-07
3.162277660168379517e+11	2.400000000000000000e+01	3.162277660168379721e-07
3.981071705534969482e+11	2.400000000000000000e+01	9.999999999999959313e-07
5.011872336272714844e+11	2.400000000000000000e+01	3.162277660168353780e-06
6.309573444801943359e+11	2.400000000000000000e+01	1.000000000000008891e-05
7.943282347242821045e+11	2.400000000000000000e+01	3.162277660168392405e-05
1.000000000000000000e+12	2.400000000000000000e+01	4.999999999999904694e-06
1.260000000000000000e+12	2.400000000000000000e+01	5.000000000000013115e-06
1.580000000000000000e+12	2.400000000000000000e+01	5.000000000000013115e-06
2.000000000000000000e+12	2.400000000000000000e+01	5.000000000000013115e-06
2.510000000000000000e+12	2.400000000000000000e+01	5.000000000000013115e-06
3.160000000000000000e+12	2.400000000000000000e+01	5.000000000000013115e-06
3.980000000000000000e+12	2.400000000000000000e+01	4.999999999999904694e-06
5.010000000000000000e+12	2.400000000000000000e+01	9.999999999999917809e-06
6.310000000000000000e+12	2.400000000000000000e+01	1.000000000000002623e-05
7.940000000000000000e+12	2.400000000000000000e+01	1.500000000000003934e-05
1.000000000000000000e+13	2.400000000000000000e+01	2.000000000000005246e-05
1.260000000000000000e+13	2.400000000000000000e+01	3.499999999999987496e-05
1.580000000000000000e+13	2.400000000000000000e+01	5.499999999999992742e-05
2.000000000000000000e+13	2.400000000000000000e+01	9.999999999999982861e-05
2.510000000000000000e+13	2.400000000000000000e+01	2.000000000000005246e-04
3.160000000000000000e+13	2.400000000000000000e+01	3.499999999999996170e-04
3.980000000000000000e+13	2.400000000000000000e+01	5.500000000000018763e-04
5.010000000000000000e+13	2.400000000000000000e+01	7.500000000000006661e-04
6.310000000000000000e+13	2.400000000000000000e+01	9.499999999999994560e-04
7.940000000000000000e+13	2.400000000000000000e+01	1.150000000000005185e-03
1.000000000000000000e+14	2.400000000000000000e+01	1.300000000000002542e-03
1.260000000000000000e+14	2.400000000000000000e+01	1.499999999999994393e-03
1.580000000000000000e+14	2.400000000000000000e+01	2.000000000000001776e-03
2.000000000000000000e+14	2.400000000000000000e+01	4.000000000000003553e-03
2.510000000000000000e+14	2.400000000000000000e+01	9.000000000000007994e-03
3.160000000000000000e+14	2.400000000000000000e+01	1.749999999999998779e-02
3.980000000000000000e+14	2.400000000000000000e+01	3.199999999999997291e-02
5.010000000000000000e+14	2.400000000000000000e+01	5.000000000000004441e-02
6.310000000000000000e+14	2.400000000000000000e+01	7.500000000000006661e-02
7.940000000000000000e+14	2.400000000000000000e+01	9.499999999999997335e-02
1.000000000000000000e+15	2.400000000000000000e+01	1.100000000000000977e-01
1.260000000000000000e+15	2.400000000000000000e+01	1.250000000000000000e-01
1.580000000000000000e+15	2.400000000000000000e+01	1.350000000000000089e-01
2.000000000000000000e+15	2.400000000000000000e+01	1.450000000000000178e-01
2.510000000000000000e+15	2.400000000000000000e+01	1.400000000000001243e-01
3.160000000000000000e+15	2.400000000000000000e+01	1.399999999999999023e-01
3.980000000000000000e+15	2.400000000000000000e+01	1.250000000000000000e-01
5.010000000000000000e+15	2.400000000000000000e+01	1.149999999999999911e-01
6.310000000000000000e+15	2.400000000000000000e+01	1.049999999999999822e-01
7.940000000000000000e+15	2.400000000000000000e+01	9.000000000000007994e-02
1.000000000000000000e+16	2.400000000000000000e+01	7.999999999999996003e-02
1.260000000000000000e+16	2.400000000000000000e+01	6.499999999999994671e-02
1.580000000000000000e+16	2.400000000000000000e+01	5.499999999999993783e-02
2.000000000000000000e+16	2.400000000000000000e+01	5.000000000000004441e-02
2.510000000000000000e+16	2.400000000000000000e+01	4.350000000000003864e-02
3.160000000000000000e+16	2.400000000000000000e+01	3.600000000000003197e-02
3.980000000000000000e+16	2.400000000000000000e+01	3.050000000000002709e-02
5.010000000000000000e+16	2.400000000000000000e+01	2.600000000000002309e-02
6.310000000000000000e+16	2.400000000000000000e+01	2.150000000000001910e-02
7.940000000000000000e+16	2.400000000000000000e+01	1.800000000000001599e-02
1.000000000000000000e+17	2.400000000000000000e+01	1.500000000000001332e-02
1.000000000000000000e+11	2.600000000000000000e+01	1.000000000000000269e-09
1.258925411794166107e+11	2.600000000000000000e+01	3.162277660168366287e-09
1.584893192461110840e+11	2.600000000000000000e+01	9.999999999999919146e-09
1.995262314968882751e+11	2.600000000000000000e+01	3.162277660168404337e-08
2.511886431509582214e+11	2.600000000000000000e+01	1.000000000000004455e-07
3.162277660168379517e+11	2.600000000000000000e+01	3.162277660168379721e-07
3.981071705534969482e+11	2.600000000000000000e+01	9.999999999999959313e-07
5.011872336272714844e+11	2.600000000000000000e+01	3.162277660168353780e-06
6.309573444801943359e+11	2.600000000000000000e+01	1.000000000000008891e-05
7.943282347242821045e+11	2.600000000000000000e+01	3.162277660168392405e-05
1.000000000000000000e+12	2.600000000000000000e+01	0.000000000000000000e+00
1.260000000000000000e+12	2.600000000000000000e+01	4.999999999999904694e-06
1.580000000000000000e+12	2.600000000000000000e+01	5.000000000000013115e-06
2.000000000000000000e+12	2.600000000000000000e+01	4.999999999999904694e-06
2.510000000000000000e+12	2.600000000000000000e+01	5.000000000000013115e-06
3.160000000000000000e+12	2.600000000000000000e+01	1.000000000000002623e-05
3.980000000000000000e+12	2.600000000000000000e+01	1.000000000000002623e-05
5.010000000000000000e+12	2.600000000000000000e+01	1.000000000000002623e-05
6.310000000000000000e+12	2.600000000000000000e+01	1.000000000000002623e-05
7.940000000000000000e+12	2.600000000000000000e+01	1.500000000000003934e-05
1.000000000000000000e+13	2.600000000000000000e+01	2.000000000000005246e-05
1.260000000000000000e+13	2.600000000000000000e+01	3.000000000000007869e-05
1.580000000000000000e+13	2.600000000000000000e+01	5.000000000000013115e-05
2.000000000000000000e+13	2.600000000000000000e+01	9.500000000000003234e-05
2.510000000000000000e+13	2.600000000000000000e+01	1.999999999999996572e-04
3.160000000000000000e+13	2.600000000000000000e+01	2.999999999999999195e-04
3.980000000000000000e+13	2.600000000000000000e+01	4.499999999999990119e-04
5.010000000000000000e+13	2.600000000000000000e+01	6.999999999999992339e-04
6.310000000000000000e+13	2.600000000000000000e+01	8.999999999999980238e-04
7.940000000000000000e+13	2.600000000000000000e+01	1.049999999999995381e-03
1.000000000000000000e+14	2.600000000000000000e+01	1.149999999999998246e-03
1.260000000000000000e+14	2.600000000000000000e+01	1.500000000000001332e-03
1.580000000000000000e+14	2.600000000000000000e+01	1.999999999999994837e-03
2.000000000000000000e+14	2.600000000000000000e+01	4.000000000000003553e-03
2.510000000000000000e+14	2.600000000000000000e+01	8.499999999999979794e-03
3.160000000000000000e+14	2.600000000000000000e+01	1.800000000000001599e-02
3.980000000000000000e+14	2.600000000000000000e+01	3.200000000000002842e-02
5.010000000000000000e+14	2.600000000000000000e+01	4.999999999999993339e-02
6.310000000000000000e+14	2.600000000000000000e+01	6.999999999999995115e-02
7.940000000000000000e+14	2.600000000000000000e+01	9.499999999999997335e-02
1.000000000000000000e+15	2.600000000000000000e+01	1.149999999999999911e-01
1.260000000000000000e+15	2.600000000000000000e+01	1.299999999999998934e-01
1.580000000000000000e+15	2.600000000000000000e+01	1.400000000000001243e-01
2.000000000000000000e+15	2.600000000000000000e+01	1.400000000000001243e-01
2.510000000000000000e+15	2.600000000000000000e+01	1.450000000000000178e-01
3.160000000000000000e+15	2.600000000000000000e+01	1.350000000000000089e-01
3.980000000000000000e+15	2.600000000000000000e+01	1.250000000000000000e-01
5.010000000000000000e+15	2.600000000000000000e+01	1.149999999999999911e-01
6.310000000000000000e+15	2.600000000000000000e+01	9.999999999999986677e-02
7.940000000000000000e+15	2.600000000000000000e+01	9.000000000000007994e-02
1.000000000000000000e+16	2.600000000000000000e+01	8.000000000000007105e-02
1.260000000000000000e+16	2.600000000000000000e+01	7.000000000000006217e-02
1.580000000000000000e+16	2.600000000000000000e+01	6.000000000000005329e-02
2.000000000000000000e+16	2.600000000000000000e+01	5.000000000000004441e-02
2.510000000000000000e+16	2.600000000000000000e+01	3.999999999999992450e-02
3.160000000000000000e+16	2.600000000000000000e+01	3.599999999999997646e-02
3.980000000000000000e+16	2.600000000000000000e+01	3.049999999999997158e-02
5.010000000000000000e+16	2.600000000000000000e+01	2.549999999999996714e-02
6.310000000000000000e+16	2.600000000000000000e+01	2.149999999999996358e-02
7.940000000000000000e+16	2.600000000000000000e+01	1.799999999999998823e-02
1.000000000000000000e+17	2.600000000000000000e+01	1.500000000000001332e-02
