1.000000000000000000e+11	5.000000000000000000e-01	1.000000000000000269e-09
1.258925411794166107e+11	5.000000000000000000e-01	3.162277660168366287e-09
1.584893192461110840e+11	5.000000000000000000e-01	9.999999999999919146e-09
1.995262314968882751e+11	5.000000000000000000e-01	3.162277660168404337e-08
2.511886431509582214e+11	5.000000000000000000e-01	1.000000000000004455e-07
3.162277660168379517e+11	5.000000000000000000e-01	3.162277660168379721e-07
3.981071705534969482e+11	5.000000000000000000e-01	9.999999999999959313e-07
5.011872336272714844e+11	5.000000000000000000e-01	3.162277660168353780e-06
6.309573444801943359e+11	5.000000000000000000e-01	1.000000000000008891e-05
7.943282347242821045e+11	5.000000000000000000e-01	3.162277660168392405e-05
1.000000000000000000e+12	5.000000000000000000e-01	1.279999999999999942e-04
1.260000000000000000e+12	5.000000000000000000e-01	1.350000000000000017e-04
1.580000000000000000e+12	5.000000000000000000e-01	1.399999999999999877e-04
2.000000000000000000e+12	5.000000000000000000e-01	1.450000000000000009e-04
2.510000000000000000e+12	5.000000000000000000e-01	1.489999999999999897e-04
3.160000000000000000e+12	5.000000000000000000e-01	1.550000000000000000e-04
3.980000000000000000e+12	5.000000000000000000e-01	1.610000000000000103e-04
5.010000000000000000e+12	5.000000000000000000e-01	1.689999999999999879e-04
6.310000000000000000e+12	5.000000000000000000e-01	1.789999999999999870e-04
7.940000000000000000e+12	5.000000000000000000e-01	1.930000000000000021e-04
1.000000000000000000e+13	5.000000000000000000e-01	2.169999999999999891e-04
1.260000000000000000e+13	5.000000000000000000e-01	2.539999999999999940e-04
1.580000000000000000e+13	5.000000000000000000e-01	2.939999999999999905e-04
2.000000000000000000e+13	5.000000000000000000e-01	3.510000000000000208e-04
2.510000000000000000e+13	5.000000000000000000e-01	4.550000000000000008e-04
3.160000000000000000e+13	5.000000000000000000e-01	6.579999999999999478e-04
3.980000000000000000e+13	5.000000000000000000e-01	1.049999999999999935e-03
5.010000000000000000e+13	5.000000000000000000e-01	1.699999999999999905e-03
6.310000000000000000e+13	5.000000000000000000e-01	2.609999999999999907e-03
7.940000000000000000e+13	5.000000000000000000e-01	3.680000000000000111e-03
1.000000000000000000e+14	5.000000000000000000e-01	4.740000000000000289e-03
1.260000000000000000e+14	5.000000000000000000e-01	5.709999999999999798e-03
1.580000000000000000e+14	5.000000000000000000e-01	6.839999999999999726e-03
2.000000000000000000e+14	5.000000000000000000e-01	8.999999999999999320e-03
2.510000000000000000e+14	5.000000000000000000e-01	1.379999999999999977e-02
3.160000000000000000e+14	5.000000000000000000e-01	2.270000000000000143e-02
3.980000000000000000e+14	5.000000000000000000e-01	3.670000000000000345e-02
5.010000000000000000e+14	5.000000000000000000e-01	5.519999999999999907e-02
6.310000000000000000e+14	5.000000000000000000e-01	7.620000000000000384e-02
7.940000000000000000e+14	5.000000000000000000e-01	9.729999999999999760e-02
1.000000000000000000e+15	5.000000000000000000e-01	1.160000000000000059e-01
1.260000000000000000e+15	5.000000000000000000e-01	1.300000000000000044e-01
1.580000000000000000e+15	5.000000000000000000e-01	1.400000000000000133e-01
2.000000000000000000e+15	5.000000000000000000e-01	1.439999999999999891e-01
2.510000000000000000e+15	5.000000000000000000e-01	1.429999999999999882e-01
3.160000000000000000e+15	5.000000000000000000e-01	1.370000000000000107e-01
3.980000000000000000e+15	5.000000000000000000e-01	1.270000000000000018e-01
5.010000000000000000e+15	5.000000000000000000e-01	1.160000000000000059e-01
6.310000000000000000e+15	5.000000000000000000e-01	1.039999999999999952e-01
7.940000000000000000e+15	5.000000000000000000e-01	9.130000000000000615e-02
1.000000000000000000e+16	5.000000000000000000e-01	7.960000000000000409e-02
1.260000000000000000e+16	5.000000000000000000e-01	6.890000000000000291e-02
1.580000000000000000e+16	5.000000000000000000e-01	5.909999999999999976e-02
2.000000000000000000e+16	5.000000000000000000e-01	5.050000000000000322e-02
2.510000000000000000e+16	5.000000000000000000e-01	4.290000000000000063e-02
3.160000000000000000e+16	5.000000000000000000e-01	3.629999999999999893e-02
3.980000000000000000e+16	5.000000000000000000e-01	3.059999999999999873e-02
5.010000000000000000e+16	5.000000000000000000e-01	2.570000000000000062e-02
6.310000000000000000e+16	5.000000000000000000e-01	2.160000000000000114e-02
7.940000000000000000e+16	5.000000000000000000e-01	1.799999999999999864e-02
1.000000000000000000e+17	5.000000000000000000e-01	1.499999999999999944e-02
1.000000000000000000e+11	1.500000000000000000e+00	1.000000000000000269e-09
1.258925411794166107e+11	1.500000000000000000e+00	3.162277660168366287e-09
1.584893192461110840e+11	1.500000000000000000e+00	9.999999999999919146e-09
1.995262314968882751e+11	1.500000000000000000e+00	3.162277660168404337e-08
2.511886431509582214e+11	1.500000000000000000e+00	1.000000000000004455e-07
3.162277660168379517e+11	1.500000000000000000e+00	3.162277660168379721e-07
3.981071705534969482e+11	1.500000000000000000e+00	9.999999999999959313e-07
5.011872336272714844e+11	1.500000000000000000e+00	3.162277660168353780e-06
6.309573444801943359e+11	1.500000000000000000e+00	1.000000000000008891e-05
7.943282347242821045e+11	1.500000000000000000e+00	3.162277660168392405e-05
1.000000000000000000e+12	1.500000000000000000e+00	1.120000000000000119e-04
1.260000000000000000e+12	1.500000000000000000e+00	1.200000000000000166e-04
1.580000000000000000e+12	1.500000000000000000e+00	1.230000000000000082e-04
2.000000000000000000e+12	1.500000000000000000e+00	1.250000000000000026e-04
2.510000000000000000e+12	1.500000000000000000e+00	1.280000000000000213e-04
3.160000000000000000e+12	1.500000000000000000e+00	1.299999999999999886e-04
3.980000000000000000e+12	1.500000000000000000e+00	1.329999999999999802e-04
5.010000000000000000e+12	1.500000000000000000e+00	1.370000000000000232e-04
6.310000000000000000e+12	1.500000000000000000e+00	1.420000000000000092e-04
7.940000000000000000e+12	1.500000000000000000e+00	1.510000000000000112e-04
1.000000000000000000e+13	1.500000000000000000e+00	1.670000000000000206e-04
1.260000000000000000e+13	1.500000000000000000e+00	1.920000000000000049e-04
1.580000000000000000e+13	1.500000000000000000e+00	2.169999999999999620e-04
2.000000000000000000e+13	1.500000000000000000e+00	2.459999999999999622e-04
2.510000000000000000e+13	1.500000000000000000e+00	3.000000000000000279e-04
3.160000000000000000e+13	1.500000000000000000e+00	4.020000000000000136e-04
3.980000000000000000e+13	1.500000000000000000e+00	6.200000000000001083e-04
5.010000000000000000e+13	1.500000000000000000e+00	9.900000000000002114e-04
6.310000000000000000e+13	1.500000000000000000e+00	1.540000000000000136e-03
7.940000000000000000e+13	1.500000000000000000e+00	2.190000000000000106e-03
1.000000000000000000e+14	1.500000000000000000e+00	2.899999999999999800e-03
1.260000000000000000e+14	1.500000000000000000e+00	3.619999999999999954e-03
1.580000000000000000e+14	1.500000000000000000e+00	4.660000000000000080e-03
2.000000000000000000e+14	1.500000000000000000e+00	6.800000000000002223e-03
2.510000000000000000e+14	1.500000000000000000e+00	1.159999999999999920e-02
3.160000000000000000e+14	1.500000000000000000e+00	2.069999999999999965e-02
3.980000000000000000e+14	1.500000000000000000e+00	3.499999999999999639e-02
5.010000000000000000e+14	1.500000000000000000e+00	5.380000000000000060e-02
6.310000000000000000e+14	1.500000000000000000e+00	7.479999999999999150e-02
7.940000000000000000e+14	1.500000000000000000e+00	9.570000000000000728e-02
1.000000000000000000e+15	1.500000000000000000e+00	1.150000000000000050e-01
1.260000000000000000e+15	1.500000000000000000e+00	1.300000000000000044e-01
1.580000000000000000e+15	1.500000000000000000e+00	1.390000000000000124e-01
2.000000000000000000e+15	1.500000000000000000e+00	1.429999999999999882e-01
2.510000000000000000e+15	1.500000000000000000e+00	1.419999999999999873e-01
3.160000000000000000e+15	1.500000000000000000e+00	1.360000000000000098e-01
3.980000000000000000e+15	1.500000000000000000e+00	1.270000000000000018e-01
5.010000000000000000e+15	1.500000000000000000e+00	1.150000000000000050e-01
6.310000000000000000e+15	1.500000000000000000e+00	1.029999999999999943e-01
7.940000000000000000e+15	1.500000000000000000e+00	9.069999999999998896e-02
1.000000000000000000e+16	1.500000000000000000e+00	7.939999999999999836e-02
1.260000000000000000e+16	1.500000000000000000e+00	6.910000000000000864e-02
1.580000000000000000e+16	1.500000000000000000e+00	5.889999999999999403e-02
2.000000000000000000e+16	1.500000000000000000e+00	5.050000000000000322e-02
2.510000000000000000e+16	1.500000000000000000e+00	4.279999999999999777e-02
3.160000000000000000e+16	1.500000000000000000e+00	3.619999999999999607e-02
3.980000000000000000e+16	1.500000000000000000e+00	3.050000000000000280e-02
5.010000000000000000e+16	1.500000000000000000e+00	2.570000000000000062e-02
6.310000000000000000e+16	1.500000000000000000e+00	2.149999999999999828e-02
7.940000000000000000e+16	1.500000000000000000e+00	1.799999999999999864e-02
1.000000000000000000e+17	1.500000000000000000e+00	1.509999999999999884e-02
1.000000000000000000e+11	2.500000000000000000e+00	1.000000000000000269e-09
1.258925411794166107e+11	2.500000000000000000e+00	3.162277660168366287e-09
1.584893192461110840e+11	2.500000000000000000e+00	9.999999999999919146e-09
1.995262314968882751e+11	2.500000000000000000e+00	3.162277660168404337e-08
2.511886431509582214e+11	2.500000000000000000e+00	1.000000000000004455e-07
3.162277660168379517e+11	2.500000000000000000e+00	3.162277660168379721e-07
3.981071705534969482e+11	2.500000000000000000e+00	9.999999999999959313e-07
5.011872336272714844e+11	2.500000000000000000e+00	3.162277660168353780e-06
6.309573444801943359e+11	2.500000000000000000e+00	1.000000000000008891e-05
7.943282347242821045e+11	2.500000000000000000e+00	3.162277660168392405e-05
1.000000000000000000e+12	2.500000000000000000e+00	9.799999999999996973e-05
1.260000000000000000e+12	2.500000000000000000e+00	1.039999999999999800e-04
1.580000000000000000e+12	2.500000000000000000e+00	1.069999999999999988e-04
2.000000000000000000e+12	2.500000000000000000e+00	1.100000000000000175e-04
2.510000000000000000e+12	2.500000000000000000e+00	1.120000000000000119e-04
3.160000000000000000e+12	2.500000000000000000e+00	1.130000000000000362e-04
3.980000000000000000e+12	2.500000000000000000e+00	1.150000000000000306e-04
5.010000000000000000e+12	2.500000000000000000e+00	1.169999999999999708e-04
6.310000000000000000e+12	2.500000000000000000e+00	1.210000000000000138e-04
7.940000000000000000e+12	2.500000000000000000e+00	1.269999999999999970e-04
1.000000000000000000e+13	2.500000000000000000e+00	1.400000000000000419e-04
1.260000000000000000e+13	2.500000000000000000e+00	1.589999999999999617e-04
1.580000000000000000e+13	2.500000000000000000e+00	1.770000000000000739e-04
2.000000000000000000e+13	2.500000000000000000e+00	1.990000000000000666e-04
2.510000000000000000e+13	2.500000000000000000e+00	2.370000000000000145e-04
3.160000000000000000e+13	2.500000000000000000e+00	3.199999999999999720e-04
3.980000000000000000e+13	2.500000000000000000e+00	4.699999999999999317e-04
5.010000000000000000e+13	2.500000000000000000e+00	7.499999999999997988e-04
6.310000000000000000e+13	2.500000000000000000e+00	1.140000000000000388e-03
7.940000000000000000e+13	2.500000000000000000e+00	1.660000000000000017e-03
1.000000000000000000e+14	2.500000000000000000e+00	2.220000000000000619e-03
1.260000000000000000e+14	2.500000000000000000e+00	2.870000000000001023e-03
1.580000000000000000e+14	2.500000000000000000e+00	3.700000000000000164e-03
2.000000000000000000e+14	2.500000000000000000e+00	5.899999999999998995e-03
2.510000000000000000e+14	2.500000000000000000e+00	1.070000000000000118e-02
3.160000000000000000e+14	2.500000000000000000e+00	1.989999999999999408e-02
3.980000000000000000e+14	2.500000000000000000e+00	3.429999999999999716e-02
5.010000000000000000e+14	2.500000000000000000e+00	5.300000000000000544e-02
6.310000000000000000e+14	2.500000000000000000e+00	7.400000000000001021e-02
7.940000000000000000e+14	2.500000000000000000e+00	9.599999999999997424e-02
1.000000000000000000e+15	2.500000000000000000e+00	1.139999999999999625e-01
1.260000000000000000e+15	2.500000000000000000e+00	1.290000000000000036e-01
1.580000000000000000e+15	2.500000000000000000e+00	1.379999999999999560e-01
2.000000000000000000e+15	2.500000000000000000e+00	1.430000000000000160e-01
2.510000000000000000e+15	2.500000000000000000e+00	1.420000000000000151e-01
3.160000000000000000e+15	2.500000000000000000e+00	1.359999999999999543e-01
3.980000000000000000e+15	2.500000000000000000e+00	1.270000000000000018e-01
5.010000000000000000e+15	2.500000000000000000e+00	1.149999999999999634e-01
6.310000000000000000e+15	2.500000000000000000e+00	1.030000000000000082e-01
7.940000000000000000e+15	2.500000000000000000e+00	9.100000000000002531e-02
1.000000000000000000e+16	2.500000000000000000e+00	7.899999999999998690e-02
1.260000000000000000e+16	2.500000000000000000e+00	6.799999999999997713e-02
1.580000000000000000e+16	2.500000000000000000e+00	5.899999999999999689e-02
2.000000000000000000e+16	2.500000000000000000e+00	4.999999999999998890e-02
2.510000000000000000e+16	2.500000000000000000e+00	4.230000000000000426e-02
3.160000000000000000e+16	2.500000000000000000e+00	3.650000000000000466e-02
3.980000000000000000e+16	2.500000000000000000e+00	3.049999999999999933e-02
5.010000000000000000e+16	2.500000000000000000e+00	2.559999999999999776e-02
6.310000000000000000e+16	2.500000000000000000e+00	2.150000000000000522e-02
7.940000000000000000e+16	2.500000000000000000e+00	1.800000000000000211e-02
1.000000000000000000e+17	2.500000000000000000e+00	1.500000000000000291e-02
1.000000000000000000e+11	3.500000000000000000e+00	1.000000000000000269e-09
1.258925411794166107e+11	3.500000000000000000e+00	3.162277660168366287e-09
1.584893192461110840e+11	3.500000000000000000e+00	9.999999999999919146e-09
1.995262314968882751e+11	3.500000000000000000e+00	3.162277660168404337e-08
2.511886431509582214e+11	3.500000000000000000e+00	1.000000000000004455e-07
3.162277660168379517e+11	3.500000000000000000e+00	3.162277660168379721e-07
3.981071705534969482e+11	3.500000000000000000e+00	9.999999999999959313e-07
5.011872336272714844e+11	3.500000000000000000e+00	3.162277660168353780e-06
6.309573444801943359e+11	3.500000000000000000e+00	1.000000000000008891e-05
7.943282347242821045e+11	3.500000000000000000e+00	3.162277660168392405e-05
1.000000000000000000e+12	3.500000000000000000e+00	8.600000000000003041e-05
1.260000000000000000e+12	3.500000000000000000e+00	9.000000000000001922e-05
1.580000000000000000e+12	3.500000000000000000e+00	9.299999999999998372e-05
2.000000000000000000e+12	3.500000000000000000e+00	9.499999999999997813e-05
2.510000000000000000e+12	3.500000000000000000e+00	9.600000000000000243e-05
3.160000000000000000e+12	3.500000000000000000e+00	9.699999999999997253e-05
3.980000000000000000e+12	3.500000000000000000e+00	9.899999999999996693e-05
5.010000000000000000e+12	3.500000000000000000e+00	1.010000000000000698e-04
6.310000000000000000e+12	3.500000000000000000e+00	1.030000000000000100e-04
7.940000000000000000e+12	3.500000000000000000e+00	1.089999999999999932e-04
1.000000000000000000e+13	3.500000000000000000e+00	1.189999999999999652e-04
1.260000000000000000e+13	3.500000000000000000e+00	1.350000000000000288e-04
1.580000000000000000e+13	3.500000000000000000e+00	1.509999999999999841e-04
2.000000000000000000e+13	3.500000000000000000e+00	1.679999999999999636e-04
2.510000000000000000e+13	3.500000000000000000e+00	1.980000000000000423e-04
3.160000000000000000e+13	3.500000000000000000e+00	2.600000000000000314e-04
3.980000000000000000e+13	3.500000000000000000e+00	3.700000000000001031e-04
5.010000000000000000e+13	3.500000000000000000e+00	5.800000000000002202e-04
6.310000000000000000e+13	3.500000000000000000e+00	8.999999999999997585e-04
7.940000000000000000e+13	3.500000000000000000e+00	1.299999999999999073e-03
1.000000000000000000e+14	3.500000000000000000e+00	1.739999999999998492e-03
1.260000000000000000e+14	3.500000000000000000e+00	2.299999999999999961e-03
1.580000000000000000e+14	3.500000000000000000e+00	3.199999999999999720e-03
2.000000000000000000e+14	3.500000000000000000e+00	5.299999999999999156e-03
2.510000000000000000e+14	3.500000000000000000e+00	1.020000000000000073e-02
3.160000000000000000e+14	3.500000000000000000e+00	1.940000000000000058e-02
3.980000000000000000e+14	3.500000000000000000e+00	3.300000000000001543e-02
5.010000000000000000e+14	3.500000000000000000e+00	5.199999999999999067e-02
6.310000000000000000e+14	3.500000000000000000e+00	7.399999999999998246e-02
7.940000000000000000e+14	3.500000000000000000e+00	9.500000000000002887e-02
1.000000000000000000e+15	3.500000000000000000e+00	1.140000000000000457e-01
1.260000000000000000e+15	3.500000000000000000e+00	1.290000000000000036e-01
1.580000000000000000e+15	3.500000000000000000e+00	1.390000000000000679e-01
2.000000000000000000e+15	3.500000000000000000e+00	1.429999999999999605e-01
2.510000000000000000e+15	3.500000000000000000e+00	1.409999999999999587e-01
3.160000000000000000e+15	3.500000000000000000e+00	1.360000000000000653e-01
3.980000000000000000e+15	3.500000000000000000e+00	1.260000000000000009e-01
5.010000000000000000e+15	3.500000000000000000e+00	1.160000000000000475e-01
6.310000000000000000e+15	3.500000000000000000e+00	1.029999999999999805e-01
7.940000000000000000e+15	3.500000000000000000e+00	9.099999999999996980e-02
1.000000000000000000e+16	3.500000000000000000e+00	8.000000000000001554e-02
1.260000000000000000e+16	3.500000000000000000e+00	6.900000000000003353e-02
1.580000000000000000e+16	3.500000000000000000e+00	5.899999999999999689e-02
2.000000000000000000e+16	3.500000000000000000e+00	5.000000000000001665e-02
2.510000000000000000e+16	3.500000000000000000e+00	4.300000000000001044e-02
3.160000000000000000e+16	3.500000000000000000e+00	3.599999999999999034e-02
3.980000000000000000e+16	3.500000000000000000e+00	3.039999999999999647e-02
5.010000000000000000e+16	3.500000000000000000e+00	2.599999999999999534e-02
6.310000000000000000e+16	3.500000000000000000e+00	2.149999999999999134e-02
7.940000000000000000e+16	3.500000000000000000e+00	1.799999999999999517e-02
1.000000000000000000e+17	3.500000000000000000e+00	1.489999999999999658e-02
1.000000000000000000e+11	4.500000000000000000e+00	1.000000000000000269e-09
1.258925411794166107e+11	4.500000000000000000e+00	3.162277660168366287e-09
1.584893192461110840e+11	4.500000000000000000e+00	9.999999999999919146e-09
1.995262314968882751e+11	4.500000000000000000e+00	3.162277660168404337e-08
2.511886431509582214e+11	4.500000000000000000e+00	1.000000000000004455e-07
3.162277660168379517e+11	4.500000000000000000e+00	3.162277660168379721e-07
3.981071705534969482e+11	4.500000000000000000e+00	9.999999999999959313e-07
5.011872336272714844e+11	4.500000000000000000e+00	3.162277660168353780e-06
6.309573444801943359e+11	4.500000000000000000e+00	1.000000000000008891e-05
7.943282347242821045e+11	4.500000000000000000e+00	3.162277660168392405e-05
1.000000000000000000e+12	4.500000000000000000e+00	7.399999999999995557e-05
1.260000000000000000e+12	4.500000000000000000e+00	7.900000000000002289e-05
1.580000000000000000e+12	4.500000000000000000e+00	8.100000000000001730e-05
2.000000000000000000e+12	4.500000000000000000e+00	8.300000000000001170e-05
2.510000000000000000e+12	4.500000000000000000e+00	8.399999999999992759e-05
3.160000000000000000e+12	4.500000000000000000e+00	8.500000000000000611e-05
3.980000000000000000e+12	4.500000000000000000e+00	8.500000000000000611e-05
5.010000000000000000e+12	4.500000000000000000e+00	8.699999999999994630e-05
6.310000000000000000e+12	4.500000000000000000e+00	8.899999999999999491e-05
7.940000000000000000e+12	4.500000000000000000e+00	9.299999999999998372e-05
1.000000000000000000e+13	4.500000000000000000e+00	1.019999999999999856e-04
1.260000000000000000e+13	4.500000000000000000e+00	1.170000000000000250e-04
1.580000000000000000e+13	4.500000000000000000e+00	1.289999999999999914e-04
2.000000000000000000e+13	4.500000000000000000e+00	1.460000000000000794e-04
2.510000000000000000e+13	4.500000000000000000e+00	1.700000000000000122e-04
3.160000000000000000e+13	4.500000000000000000e+00	2.100000000000001171e-04
3.980000000000000000e+13	4.500000000000000000e+00	3.199999999999999720e-04
5.010000000000000000e+13	4.500000000000000000e+00	4.999999999999995767e-04
6.310000000000000000e+13	4.500000000000000000e+00	7.599999999999993913e-04
7.940000000000000000e+13	4.500000000000000000e+00	1.090000000000000691e-03
1.000000000000000000e+14	4.500000000000000000e+00	1.500000000000001332e-03
1.260000000000000000e+14	4.500000000000000000e+00	1.900000000000000647e-03
1.580000000000000000e+14	4.500000000000000000e+00	2.800000000000000405e-03
2.000000000000000000e+14	4.500000000000000000e+00	4.899999999999998107e-03
2.510000000000000000e+14	4.500000000000000000e+00	9.700000000000000289e-03
3.160000000000000000e+14	4.500000000000000000e+00	1.929999999999999771e-02
3.980000000000000000e+14	4.500000000000000000e+00	3.399999999999997469e-02
5.010000000000000000e+14	4.500000000000000000e+00	5.200000000000001843e-02
6.310000000000000000e+14	4.500000000000000000e+00	7.400000000000001021e-02
7.940000000000000000e+14	4.500000000000000000e+00	9.499999999999997335e-02
1.000000000000000000e+15	4.500000000000000000e+00	1.139999999999999347e-01
1.260000000000000000e+15	4.500000000000000000e+00	1.280000000000000027e-01
1.580000000000000000e+15	4.500000000000000000e+00	1.379999999999999005e-01
2.000000000000000000e+15	4.500000000000000000e+00	1.420000000000000151e-01
2.510000000000000000e+15	4.500000000000000000e+00	1.420000000000000151e-01
3.160000000000000000e+15	4.500000000000000000e+00	1.350000000000000089e-01
3.980000000000000000e+15	4.500000000000000000e+00	1.270000000000000018e-01
5.010000000000000000e+15	4.500000000000000000e+00	1.149999999999999356e-01
6.310000000000000000e+15	4.500000000000000000e+00	1.030000000000000360e-01
7.940000000000000000e+15	4.500000000000000000e+00	9.100000000000002531e-02
1.000000000000000000e+16	4.500000000000000000e+00	7.900000000000001465e-02
1.260000000000000000e+16	4.500000000000000000e+00	6.800000000000000488e-02
1.580000000000000000e+16	4.500000000000000000e+00	5.899999999999999689e-02
2.000000000000000000e+16	4.500000000000000000e+00	5.099999999999998979e-02
2.510000000000000000e+16	4.500000000000000000e+00	4.299999999999998268e-02
3.160000000000000000e+16	4.500000000000000000e+00	3.600000000000000422e-02
3.980000000000000000e+16	4.500000000000000000e+00	3.099999999999999978e-02
5.010000000000000000e+16	4.500000000000000000e+00	2.500000000000000833e-02
6.310000000000000000e+16	4.500000000000000000e+00	2.190000000000000280e-02
7.940000000000000000e+16	4.500000000000000000e+00	1.789999999999999925e-02
1.000000000000000000e+17	4.500000000000000000e+00	1.499999999999999944e-02
1.000000000000000000e+11	5.500000000000000000e+00	1.000000000000000269e-09
1.258925411794166107e+11	5.500000000000000000e+00	3.162277660168366287e-09
1.584893192461110840e+11	5.500000000000000000e+00	9.999999999999919146e-09
1.995262314968882751e+11	5.500000000000000000e+00	3.162277660168404337e-08
2.511886431509582214e+11	5.500000000000000000e+00	1.000000000000004455e-07
3.162277660168379517e+11	5.500000000000000000e+00	3.162277660168379721e-07
3.981071705534969482e+11	5.500000000000000000e+00	9.999999999999959313e-07
5.011872336272714844e+11	5.500000000000000000e+00	3.162277660168353780e-06
6.309573444801943359e+11	5.500000000000000000e+00	1.000000000000008891e-05
7.943282347242821045e+11	5.500000000000000000e+00	3.162277660168392405e-05
1.000000000000000000e+12	5.500000000000000000e+00	6.400000000000003776e-05
1.260000000000000000e+12	5.500000000000000000e+00	6.700000000000000226e-05
1.580000000000000000e+12	5.500000000000000000e+00	6.999999999999996676e-05
2.000000000000000000e+12	5.500000000000000000e+00	7.099999999999999107e-05
2.510000000000000000e+12	5.500000000000000000e+00	7.100000000000009949e-05
3.160000000000000000e+12	5.500000000000000000e+00	7.200000000000001538e-05
3.980000000000000000e+12	5.500000000000000000e+00	7.300000000000003968e-05
5.010000000000000000e+12	5.500000000000000000e+00	7.399999999999995557e-05
6.310000000000000000e+12	5.500000000000000000e+00	7.700000000000002849e-05
7.940000000000000000e+12	5.500000000000000000e+00	8.100000000000001730e-05
1.000000000000000000e+13	5.500000000000000000e+00	8.899999999999999491e-05
1.260000000000000000e+13	5.500000000000000000e+00	1.009999999999999613e-04
1.580000000000000000e+13	5.500000000000000000e+00	1.120000000000000119e-04
2.000000000000000000e+13	5.500000000000000000e+00	1.199999999999998811e-04
2.510000000000000000e+13	5.500000000000000000e+00	1.499999999999999598e-04
3.160000000000000000e+13	5.500000000000000000e+00	2.000000000000000909e-04
3.980000000000000000e+13	5.500000000000000000e+00	2.799999999999998671e-04
5.010000000000000000e+13	5.500000000000000000e+00	4.300000000000006942e-04
6.310000000000000000e+13	5.500000000000000000e+00	6.400000000000008113e-04
7.940000000000000000e+13	5.500000000000000000e+00	8.800000000000005734e-04
1.000000000000000000e+14	5.500000000000000000e+00	1.299999999999999073e-03
1.260000000000000000e+14	5.500000000000000000e+00	1.700000000000000122e-03
1.580000000000000000e+14	5.500000000000000000e+00	2.499999999999998751e-03
2.000000000000000000e+14	5.500000000000000000e+00	4.599999999999999922e-03
2.510000000000000000e+14	5.500000000000000000e+00	9.500000000000001499e-03
3.160000000000000000e+14	5.500000000000000000e+00	1.800000000000000211e-02
3.980000000000000000e+14	5.500000000000000000e+00	3.300000000000000155e-02
5.010000000000000000e+14	5.500000000000000000e+00	5.199999999999999067e-02
6.310000000000000000e+14	5.500000000000000000e+00	7.300000000000000933e-02
7.940000000000000000e+14	5.500000000000000000e+00	9.499999999999997335e-02
1.000000000000000000e+15	5.500000000000000000e+00	1.140000000000001013e-01
1.260000000000000000e+15	5.500000000000000000e+00	1.290000000000000036e-01
1.580000000000000000e+15	5.500000000000000000e+00	1.380000000000000115e-01
2.000000000000000000e+15	5.500000000000000000e+00	1.430000000000000160e-01
2.510000000000000000e+15	5.500000000000000000e+00	1.420000000000000151e-01
3.160000000000000000e+15	5.500000000000000000e+00	1.359999999999998987e-01
3.980000000000000000e+15	5.500000000000000000e+00	1.260000000000000009e-01
5.010000000000000000e+15	5.500000000000000000e+00	1.149999999999999911e-01
6.310000000000000000e+15	5.500000000000000000e+00	1.029999999999999805e-01
7.940000000000000000e+15	5.500000000000000000e+00	9.100000000000002531e-02
1.000000000000000000e+16	5.500000000000000000e+00	7.899999999999995914e-02
1.260000000000000000e+16	5.500000000000000000e+00	6.899999999999995026e-02
1.580000000000000000e+16	5.500000000000000000e+00	5.899999999999999689e-02
2.000000000000000000e+16	5.500000000000000000e+00	4.999999999999998890e-02
2.510000000000000000e+16	5.500000000000000000e+00	4.300000000000001044e-02
3.160000000000000000e+16	5.500000000000000000e+00	3.600000000000000422e-02
3.980000000000000000e+16	5.500000000000000000e+00	2.999999999999999889e-02
5.010000000000000000e+16	5.500000000000000000e+00	2.599999999999999534e-02
6.310000000000000000e+16	5.500000000000000000e+00	2.100000000000000477e-02
7.940000000000000000e+16	5.500000000000000000e+00	1.810000000000000497e-02
1.000000000000000000e+17	5.500000000000000000e+00	1.499999999999999944e-02
1.000000000000000000e+11	6.500000000000000000e+00	1.000000000000000269e-09
1.258925411794166107e+11	6.500000000000000000e+00	3.162277660168366287e-09
1.584893192461110840e+11	6.500000000000000000e+00	9.999999999999919146e-09
1.995262314968882751e+11	6.500000000000000000e+00	3.162277660168404337e-08
2.511886431509582214e+11	6.500000000000000000e+00	1.000000000000004455e-07
3.162277660168379517e+11	6.500000000000000000e+00	3.162277660168379721e-07
3.981071705534969482e+11	6.500000000000000000e+00	9.999999999999959313e-07
5.011872336272714844e+11	6.500000000000000000e+00	3.162277660168353780e-06
6.309573444801943359e+11	6.500000000000000000e+00	1.000000000000008891e-05
7.943282347242821045e+11	6.500000000000000000e+00	3.162277660168392405e-05
1.000000000000000000e+12	6.500000000000000000e+00	5.400000000000001153e-05
1.260000000000000000e+12	6.500000000000000000e+00	5.800000000000000034e-05
1.580000000000000000e+12	6.500000000000000000e+00	5.900000000000002465e-05
2.000000000000000000e+12	6.500000000000000000e+00	6.000000000000004895e-05
2.510000000000000000e+12	6.500000000000000000e+00	6.199999999999998915e-05
3.160000000000000000e+12	6.500000000000000000e+00	6.199999999999998915e-05
3.980000000000000000e+12	6.500000000000000000e+00	6.300000000000001345e-05
5.010000000000000000e+12	6.500000000000000000e+00	6.500000000000006207e-05
6.310000000000000000e+12	6.500000000000000000e+00	6.700000000000000226e-05
7.940000000000000000e+12	6.500000000000000000e+00	6.999999999999996676e-05
1.000000000000000000e+13	6.500000000000000000e+00	7.700000000000002849e-05
1.260000000000000000e+13	6.500000000000000000e+00	9.199999999999995941e-05
1.580000000000000000e+13	6.500000000000000000e+00	1.000000000000000454e-04
2.000000000000000000e+13	6.500000000000000000e+00	1.200000000000000979e-04
2.510000000000000000e+13	6.500000000000000000e+00	1.299999999999999073e-04
3.160000000000000000e+13	6.500000000000000000e+00	1.700000000000000122e-04
3.980000000000000000e+13	6.500000000000000000e+00	2.500000000000002220e-04
5.010000000000000000e+13	6.500000000000000000e+00	3.799999999999992620e-04
6.310000000000000000e+13	6.500000000000000000e+00	5.700000000000001940e-04
7.940000000000000000e+13	6.500000000000000000e+00	8.999999999999997585e-04
1.000000000000000000e+14	6.500000000000000000e+00	1.100000000000000283e-03
1.260000000000000000e+14	6.500000000000000000e+00	1.499999999999997863e-03
1.580000000000000000e+14	6.500000000000000000e+00	2.299999999999999961e-03
2.000000000000000000e+14	6.500000000000000000e+00	4.400000000000001132e-03
2.510000000000000000e+14	6.500000000000000000e+00	9.199999999999999845e-03
3.160000000000000000e+14	6.500000000000000000e+00	1.900000000000001688e-02
3.980000000000000000e+14	6.500000000000000000e+00	3.300000000000000155e-02
5.010000000000000000e+14	6.500000000000000000e+00	5.199999999999999067e-02
6.310000000000000000e+14	6.500000000000000000e+00	7.300000000000000933e-02
7.940000000000000000e+14	6.500000000000000000e+00	9.400000000000008349e-02
1.000000000000000000e+15	6.500000000000000000e+00	1.139999999999999902e-01
1.260000000000000000e+15	6.500000000000000000e+00	1.280000000000000027e-01
1.580000000000000000e+15	6.500000000000000000e+00	1.380000000000000115e-01
2.000000000000000000e+15	6.500000000000000000e+00	1.420000000000000151e-01
2.510000000000000000e+15	6.500000000000000000e+00	1.410000000000000142e-01
3.160000000000000000e+15	6.500000000000000000e+00	1.360000000000000098e-01
3.980000000000000000e+15	6.500000000000000000e+00	1.260000000000000009e-01
5.010000000000000000e+15	6.500000000000000000e+00	1.150000000000001021e-01
6.310000000000000000e+15	6.500000000000000000e+00	1.029999999999999805e-01
7.940000000000000000e+15	6.500000000000000000e+00	9.099999999999996980e-02
1.000000000000000000e+16	6.500000000000000000e+00	8.000000000000007105e-02
1.260000000000000000e+16	6.500000000000000000e+00	6.800000000000000488e-02
1.580000000000000000e+16	6.500000000000000000e+00	5.899999999999999689e-02
2.000000000000000000e+16	6.500000000000000000e+00	4.999999999999998890e-02
2.510000000000000000e+16	6.500000000000000000e+00	4.199999999999998179e-02
3.160000000000000000e+16	6.500000000000000000e+00	3.600000000000000422e-02
3.980000000000000000e+16	6.500000000000000000e+00	3.099999999999999978e-02
5.010000000000000000e+16	6.500000000000000000e+00	2.499999999999999445e-02
6.310000000000000000e+16	6.500000000000000000e+00	2.099999999999999090e-02
7.940000000000000000e+16	6.500000000000000000e+00	1.800000000000000211e-02
1.000000000000000000e+17	6.500000000000000000e+00	1.499999999999999944e-02
1.000000000000000000e+11	8.000000000000000000e+00	1.000000000000000269e-09
1.258925411794166107e+11	8.000000000000000000e+00	3.162277660168366287e-09
1.584893192461110840e+11	8.000000000000000000e+00	9.999999999999919146e-09
1.995262314968882751e+11	8.000000000000000000e+00	3.162277660168404337e-08
2.511886431509582214e+11	8.000000000000000000e+00	1.000000000000004455e-07
3.162277660168379517e+11	8.000000000000000000e+00	3.162277660168379721e-07
3.981071705534969482e+11	8.000000000000000000e+00	9.999999999999959313e-07
5.011872336272714844e+11	8.000000000000000000e+00	3.162277660168353780e-06
6.309573444801943359e+11	8.000000000000000000e+00	1.000000000000008891e-05
7.943282347242821045e+11	8.000000000000000000e+00	3.162277660168392405e-05
1.000000000000000000e+12	8.000000000000000000e+00	4.050000000000000865e-05
1.260000000000000000e+12	8.000000000000000000e+00	4.299999999999996100e-05
1.580000000000000000e+12	8.000000000000000000e+00	4.449999999999999746e-05
2.000000000000000000e+12	8.000000000000000000e+00	4.599999999999997971e-05
2.510000000000000000e+12	8.000000000000000000e+00	4.649999999999999186e-05
3.160000000000000000e+12	8.000000000000000000e+00	4.750000000000001617e-05
3.980000000000000000e+12	8.000000000000000000e+00	4.849999999999998626e-05
5.010000000000000000e+12	8.000000000000000000e+00	4.950000000000001057e-05
6.310000000000000000e+12	8.000000000000000000e+00	5.149999999999995077e-05
7.940000000000000000e+12	8.000000000000000000e+00	5.549999999999999378e-05
1.000000000000000000e+13	8.000000000000000000e+00	6.449999999999994149e-05
1.260000000000000000e+13	8.000000000000000000e+00	7.000000000000007518e-05
1.580000000000000000e+13	8.000000000000000000e+00	7.999999999999999299e-05
2.000000000000000000e+13	8.000000000000000000e+00	8.999999999999991080e-05
2.510000000000000000e+13	8.000000000000000000e+00	1.149999999999999764e-04
3.160000000000000000e+13	8.000000000000000000e+00	1.449999999999999466e-04
3.980000000000000000e+13	8.000000000000000000e+00	2.149999999999999134e-04
5.010000000000000000e+13	8.000000000000000000e+00	3.350000000000002282e-04
6.310000000000000000e+13	8.000000000000000000e+00	4.999999999999995767e-04
7.940000000000000000e+13	8.000000000000000000e+00	7.000000000000001013e-04
1.000000000000000000e+14	8.000000000000000000e+00	9.499999999999994560e-04
1.260000000000000000e+14	8.000000000000000000e+00	1.300000000000000808e-03
1.580000000000000000e+14	8.000000000000000000e+00	2.100000000000001171e-03
2.000000000000000000e+14	8.000000000000000000e+00	4.099999999999999478e-03
2.510000000000000000e+14	8.000000000000000000e+00	9.000000000000001055e-03
3.160000000000000000e+14	8.000000000000000000e+00	1.799999999999998823e-02
3.980000000000000000e+14	8.000000000000000000e+00	3.250000000000000111e-02
5.010000000000000000e+14	8.000000000000000000e+00	5.149999999999999023e-02
6.310000000000000000e+14	8.000000000000000000e+00	7.300000000000000933e-02
7.940000000000000000e+14	8.000000000000000000e+00	9.449999999999997291e-02
1.000000000000000000e+15	8.000000000000000000e+00	1.144999999999999907e-01
1.260000000000000000e+15	8.000000000000000000e+00	1.284999999999999476e-01
1.580000000000000000e+15	8.000000000000000000e+00	1.400000000000000133e-01
2.000000000000000000e+15	8.000000000000000000e+00	1.450000000000000178e-01
2.510000000000000000e+15	8.000000000000000000e+00	1.435000000000000164e-01
3.160000000000000000e+15	8.000000000000000000e+00	1.340000000000000080e-01
3.980000000000000000e+15	8.000000000000000000e+00	1.269999999999999463e-01
5.010000000000000000e+15	8.000000000000000000e+00	1.164999999999999925e-01
6.310000000000000000e+15	8.000000000000000000e+00	1.030000000000000360e-01
7.940000000000000000e+15	8.000000000000000000e+00	9.049999999999996936e-02
1.000000000000000000e+16	8.000000000000000000e+00	7.899999999999995914e-02
1.260000000000000000e+16	8.000000000000000000e+00	6.850000000000000533e-02
1.580000000000000000e+16	8.000000000000000000e+00	5.850000000000002420e-02
2.000000000000000000e+16	8.000000000000000000e+00	5.050000000000001710e-02
2.510000000000000000e+16	8.000000000000000000e+00	4.300000000000001044e-02
3.160000000000000000e+16	8.000000000000000000e+00	3.600000000000000422e-02
3.980000000000000000e+16	8.000000000000000000e+00	3.000000000000001277e-02
5.010000000000000000e+16	8.000000000000000000e+00	2.600000000000000921e-02
6.310000000000000000e+16	8.000000000000000000e+00	2.150000000000000522e-02
7.940000000000000000e+16	8.000000000000000000e+00	1.800000000000000211e-02
1.000000000000000000e+17	8.000000000000000000e+00	1.500000000000000638e-02
1.000000000000000000e+11	1.000000000000000000e+01	1.000000000000000269e-09
1.258925411794166107e+11	1.000000000000000000e+01	3.162277660168366287e-09
1.584893192461110840e+11	1.000000000000000000e+01	9.999999999999919146e-09
1.995262314968882751e+11	1.000000000000000000e+01	3.162277660168404337e-08
2.511886431509582214e+11	1.000000000000000000e+01	1.000000000000004455e-07
3.162277660168379517e+11	1.000000000000000000e+01	3.162277660168379721e-07
3.981071705534969482e+11	1.000000000000000000e+01	9.999999999999959313e-07
5.011872336272714844e+11	1.000000000000000000e+01	3.162277660168353780e-06
6.309573444801943359e+11	1.000000000000000000e+01	1.000000000000008891e-05
7.943282347242821045e+11	1.000000000000000000e+01	3.162277660168392405e-05
1.000000000000000000e+12	1.000000000000000000e+01	2.900000000000000017e-05
1.260000000000000000e+12	1.000000000000000000e+01	3.099999999999999457e-05
1.580000000000000000e+12	1.000000000000000000e+01	3.200000000000001888e-05
2.000000000000000000e+12	1.000000000000000000e+01	3.299999999999998898e-05
2.510000000000000000e+12	1.000000000000000000e+01	3.400000000000001328e-05
3.160000000000000000e+12	1.000000000000000000e+01	3.449999999999997123e-05
3.980000000000000000e+12	1.000000000000000000e+01	3.600000000000000769e-05
5.010000000000000000e+12	1.000000000000000000e+01	3.749999999999998994e-05
6.310000000000000000e+12	1.000000000000000000e+01	3.950000000000003855e-05
7.940000000000000000e+12	1.000000000000000000e+01	4.250000000000005726e-05
1.000000000000000000e+13	1.000000000000000000e+01	4.500000000000000961e-05
1.260000000000000000e+13	1.000000000000000000e+01	5.999999999999994053e-05
1.580000000000000000e+13	1.000000000000000000e+01	6.999999999999996676e-05
2.000000000000000000e+13	1.000000000000000000e+01	8.000000000000010141e-05
2.510000000000000000e+13	1.000000000000000000e+01	9.500000000000014076e-05
3.160000000000000000e+13	1.000000000000000000e+01	1.299999999999999073e-04
3.980000000000000000e+13	1.000000000000000000e+01	1.900000000000000647e-04
5.010000000000000000e+13	1.000000000000000000e+01	2.950000000000001232e-04
6.310000000000000000e+13	1.000000000000000000e+01	4.200000000000002343e-04
7.940000000000000000e+13	1.000000000000000000e+01	5.999999999999998390e-04
1.000000000000000000e+14	1.000000000000000000e+01	8.000000000000003636e-04
1.260000000000000000e+14	1.000000000000000000e+01	1.149999999999999981e-03
1.580000000000000000e+14	1.000000000000000000e+01	1.849999999999999215e-03
2.000000000000000000e+14	1.000000000000000000e+01	3.950000000000002121e-03
2.510000000000000000e+14	1.000000000000000000e+01	8.649999999999997968e-03
3.160000000000000000e+14	1.000000000000000000e+01	1.800000000000000211e-02
3.980000000000000000e+14	1.000000000000000000e+01	3.250000000000000111e-02
5.010000000000000000e+14	1.000000000000000000e+01	5.149999999999999023e-02
6.310000000000000000e+14	1.000000000000000000e+01	7.300000000000000933e-02
7.940000000000000000e+14	1.000000000000000000e+01	9.650000000000003020e-02
1.000000000000000000e+15	1.000000000000000000e+01	1.099999999999999867e-01
1.260000000000000000e+15	1.000000000000000000e+01	1.300000000000000044e-01
1.580000000000000000e+15	1.000000000000000000e+01	1.350000000000000089e-01
2.000000000000000000e+15	1.000000000000000000e+01	1.400000000000000133e-01
2.510000000000000000e+15	1.000000000000000000e+01	1.400000000000000133e-01
3.160000000000000000e+15	1.000000000000000000e+01	1.350000000000000089e-01
3.980000000000000000e+15	1.000000000000000000e+01	1.250000000000000000e-01
5.010000000000000000e+15	1.000000000000000000e+01	1.149999999999999911e-01
6.310000000000000000e+15	1.000000000000000000e+01	1.009999999999999232e-01
7.940000000000000000e+15	1.000000000000000000e+01	9.100000000000002531e-02
1.000000000000000000e+16	1.000000000000000000e+01	7.900000000000001465e-02
1.260000000000000000e+16	1.000000000000000000e+01	6.850000000000000533e-02
1.580000000000000000e+16	1.000000000000000000e+01	5.899999999999999689e-02
2.000000000000000000e+16	1.000000000000000000e+01	5.000000000000001665e-02
2.510000000000000000e+16	1.000000000000000000e+01	4.249999999999998224e-02
3.160000000000000000e+16	1.000000000000000000e+01	3.650000000000000466e-02
3.980000000000000000e+16	1.000000000000000000e+01	3.049999999999999933e-02
5.010000000000000000e+16	1.000000000000000000e+01	2.549999999999998102e-02
6.310000000000000000e+16	1.000000000000000000e+01	2.149999999999999134e-02
7.940000000000000000e+16	1.000000000000000000e+01	1.800000000000000211e-02
1.000000000000000000e+17	1.000000000000000000e+01	1.499999999999999944e-02
1.000000000000000000e+11	1.200000000000000000e+01	1.000000000000000269e-09
1.258925411794166107e+11	1.200000000000000000e+01	3.162277660168366287e-09
1.584893192461110840e+11	1.200000000000000000e+01	9.999999999999919146e-09
1.995262314968882751e+11	1.200000000000000000e+01	3.162277660168404337e-08
2.511886431509582214e+11	1.200000000000000000e+01	1.000000000000004455e-07
3.162277660168379517e+11	1.200000000000000000e+01	3.162277660168379721e-07
3.981071705534969482e+11	1.200000000000000000e+01	9.999999999999959313e-07
5.011872336272714844e+11	1.200000000000000000e+01	3.162277660168353780e-06
6.309573444801943359e+11	1.200000000000000000e+01	1.000000000000008891e-05
7.943282347242821045e+11	1.200000000000000000e+01	3.162277660168392405e-05
1.000000000000000000e+12	1.200000000000000000e+01	2.099999999999996834e-05
1.260000000000000000e+12	1.200000000000000000e+01	2.250000000000000481e-05
1.580000000000000000e+12	1.200000000000000000e+01	2.349999999999997490e-05
2.000000000000000000e+12	1.200000000000000000e+01	2.399999999999998706e-05
2.510000000000000000e+12	1.200000000000000000e+01	2.449999999999999921e-05
3.160000000000000000e+12	1.200000000000000000e+01	2.600000000000003567e-05
3.980000000000000000e+12	1.200000000000000000e+01	2.649999999999999361e-05
5.010000000000000000e+12	1.200000000000000000e+01	2.850000000000004223e-05
6.310000000000000000e+12	1.200000000000000000e+01	3.000000000000002448e-05
7.940000000000000000e+12	1.200000000000000000e+01	3.499999999999998338e-05
1.000000000000000000e+13	1.200000000000000000e+01	3.999999999999999650e-05
1.260000000000000000e+13	1.200000000000000000e+01	4.500000000000000961e-05
1.580000000000000000e+13	1.200000000000000000e+01	5.500000000000003584e-05
2.000000000000000000e+13	1.200000000000000000e+01	6.499999999999995365e-05
2.510000000000000000e+13	1.200000000000000000e+01	8.500000000000000611e-05
3.160000000000000000e+13	1.200000000000000000e+01	1.150000000000000848e-04
3.980000000000000000e+13	1.200000000000000000e+01	1.800000000000000384e-04
5.010000000000000000e+13	1.200000000000000000e+01	2.749999999999996371e-04
6.310000000000000000e+13	1.200000000000000000e+01	4.000000000000001818e-04
7.940000000000000000e+13	1.200000000000000000e+01	5.500000000000001416e-04
1.000000000000000000e+14	1.200000000000000000e+01	7.500000000000006661e-04
1.260000000000000000e+14	1.200000000000000000e+01	9.999999999999991535e-04
1.580000000000000000e+14	1.200000000000000000e+01	1.750000000000001554e-03
2.000000000000000000e+14	1.200000000000000000e+01	3.749999999999999861e-03
2.510000000000000000e+14	1.200000000000000000e+01	8.500000000000000611e-03
3.160000000000000000e+14	1.200000000000000000e+01	1.800000000000000211e-02
3.980000000000000000e+14	1.200000000000000000e+01	3.200000000000000067e-02
5.010000000000000000e+14	1.200000000000000000e+01	5.100000000000004530e-02
6.310000000000000000e+14	1.200000000000000000e+01	7.249999999999995337e-02
7.940000000000000000e+14	1.200000000000000000e+01	8.999999999999996891e-02
1.000000000000000000e+15	1.200000000000000000e+01	1.149999999999999911e-01
1.260000000000000000e+15	1.200000000000000000e+01	1.250000000000000000e-01
1.580000000000000000e+15	1.200000000000000000e+01	1.400000000000000133e-01
2.000000000000000000e+15	1.200000000000000000e+01	1.400000000000000133e-01
2.510000000000000000e+15	1.200000000000000000e+01	1.400000000000000133e-01
3.160000000000000000e+15	1.200000000000000000e+01	1.350000000000000089e-01
3.980000000000000000e+15	1.200000000000000000e+01	1.250000000000000000e-01
5.010000000000000000e+15	1.200000000000000000e+01	1.149999999999999911e-01
6.310000000000000000e+15	1.200000000000000000e+01	1.050000000000000933e-01
7.940000000000000000e+15	1.200000000000000000e+01	8.999999999999996891e-02
1.000000000000000000e+16	1.200000000000000000e+01	7.900000000000001465e-02
1.260000000000000000e+16	1.200000000000000000e+01	6.850000000000000533e-02
1.580000000000000000e+16	1.200000000000000000e+01	5.849999999999999645e-02
2.000000000000000000e+16	1.200000000000000000e+01	5.049999999999998934e-02
2.510000000000000000e+16	1.200000000000000000e+01	4.250000000000003775e-02
3.160000000000000000e+16	1.200000000000000000e+01	3.599999999999997646e-02
3.980000000000000000e+16	1.200000000000000000e+01	3.049999999999999933e-02
5.010000000000000000e+16	1.200000000000000000e+01	2.550000000000002265e-02
6.310000000000000000e+16	1.200000000000000000e+01	2.150000000000001910e-02
7.940000000000000000e+16	1.200000000000000000e+01	1.750000000000000167e-02
1.000000000000000000e+17	1.200000000000000000e+01	1.499999999999999944e-02
1.000000000000000000e+11	1.400000000000000000e+01	1.000000000000000269e-09
1.258925411794166107e+11	1.400000000000000000e+01	3.162277660168366287e-09
1.584893192461110840e+11	1.400000000000000000e+01	9.999999999999919146e-09
1.995262314968882751e+11	1.400000000000000000e+01	3.162277660168404337e-08
2.511886431509582214e+11	1.400000000000000000e+01	1.000000000000004455e-07
3.162277660168379517e+11	1.400000000000000000e+01	3.162277660168379721e-07
3.981071705534969482e+11	1.400000000000000000e+01	9.999999999999959313e-07
5.011872336272714844e+11	1.400000000000000000e+01	3.162277660168353780e-06
6.309573444801943359e+11	1.400000000000000000e+01	1.000000000000008891e-05
7.943282347242821045e+11	1.400000000000000000e+01	3.162277660168392405e-05
1.000000000000000000e+12	1.400000000000000000e+01	1.500000000000003934e-05
1.260000000000000000e+12	1.400000000000000000e+01	1.600000000000000944e-05
1.580000000000000000e+12	1.400000000000000000e+01	1.650000000000002159e-05
2.000000000000000000e+12	1.400000000000000000e+01	1.750000000000004590e-05
2.510000000000000000e+12	1.400000000000000000e+01	1.849999999999996179e-05
3.160000000000000000e+12	1.400000000000000000e+01	1.899999999999997394e-05
3.980000000000000000e+12	1.400000000000000000e+01	2.050000000000001040e-05
5.010000000000000000e+12	1.400000000000000000e+01	1.949999999999998609e-05
6.310000000000000000e+12	1.400000000000000000e+01	2.499999999999995715e-05
7.940000000000000000e+12	1.400000000000000000e+01	2.499999999999995715e-05
1.000000000000000000e+13	1.400000000000000000e+01	3.500000000000009180e-05
1.260000000000000000e+13	1.400000000000000000e+01	3.999999999999999650e-05
1.580000000000000000e+13	1.400000000000000000e+01	4.500000000000000961e-05
2.000000000000000000e+13	1.400000000000000000e+01	5.500000000000003584e-05
2.510000000000000000e+13	1.400000000000000000e+01	7.499999999999997988e-05
3.160000000000000000e+13	1.400000000000000000e+01	1.050000000000000586e-04
3.980000000000000000e+13	1.400000000000000000e+01	1.599999999999999860e-04
5.010000000000000000e+13	1.400000000000000000e+01	2.550000000000000183e-04
6.310000000000000000e+13	1.400000000000000000e+01	3.999999999999993144e-04
7.940000000000000000e+13	1.400000000000000000e+01	5.000000000000004441e-04
1.000000000000000000e+14	1.400000000000000000e+01	6.499999999999995365e-04
1.260000000000000000e+14	1.400000000000000000e+01	9.500000000000011907e-04
1.580000000000000000e+14	1.400000000000000000e+01	1.649999999999998690e-03
2.000000000000000000e+14	1.400000000000000000e+01	3.650000000000000466e-03
2.510000000000000000e+14	1.400000000000000000e+01	8.999999999999994116e-03
3.160000000000000000e+14	1.400000000000000000e+01	1.799999999999998823e-02
3.980000000000000000e+14	1.400000000000000000e+01	3.250000000000000111e-02
5.010000000000000000e+14	1.400000000000000000e+01	5.099999999999998979e-02
6.310000000000000000e+14	1.400000000000000000e+01	7.200000000000006395e-02
7.940000000000000000e+14	1.400000000000000000e+01	9.499999999999997335e-02
1.000000000000000000e+15	1.400000000000000000e+01	1.149999999999999911e-01
1.260000000000000000e+15	1.400000000000000000e+01	1.300000000000000044e-01
1.580000000000000000e+15	1.400000000000000000e+01	1.349999999999998979e-01
2.000000000000000000e+15	1.400000000000000000e+01	1.450000000000000178e-01
2.510000000000000000e+15	1.400000000000000000e+01	1.400000000000000133e-01
3.160000000000000000e+15	1.400000000000000000e+01	1.400000000000000133e-01
3.980000000000000000e+15	1.400000000000000000e+01	1.300000000000000044e-01
5.010000000000000000e+15	1.400000000000000000e+01	1.149999999999999911e-01
6.310000000000000000e+15	1.400000000000000000e+01	9.999999999999997780e-02
7.940000000000000000e+15	1.400000000000000000e+01	9.000000000000007994e-02
1.000000000000000000e+16	1.400000000000000000e+01	7.999999999999996003e-02
1.260000000000000000e+16	1.400000000000000000e+01	6.950000000000000622e-02
1.580000000000000000e+16	1.400000000000000000e+01	5.899999999999999689e-02
2.000000000000000000e+16	1.400000000000000000e+01	4.999999999999998890e-02
2.510000000000000000e+16	1.400000000000000000e+01	4.299999999999998268e-02
3.160000000000000000e+16	1.400000000000000000e+01	3.600000000000003197e-02
3.980000000000000000e+16	1.400000000000000000e+01	3.049999999999999933e-02
5.010000000000000000e+16	1.400000000000000000e+01	2.549999999999999489e-02
6.310000000000000000e+16	1.400000000000000000e+01	2.149999999999999134e-02
7.940000000000000000e+16	1.400000000000000000e+01	1.800000000000000211e-02
1.000000000000000000e+17	1.400000000000000000e+01	1.499999999999999944e-02
1.000000000000000000e+11	1.600000000000000000e+01	1.000000000000000269e-09
1.258925411794166107e+11	1.600000000000000000e+01	3.162277660168366287e-09
1.584893192461110840e+11	1.600000000000000000e+01	9.999999999999919146e-09
1.995262314968882751e+11	1.600000000000000000e+01	3.162277660168404337e-08
2.511886431509582214e+11	1.600000000000000000e+01	1.000000000000004455e-07
3.162277660168379517e+11	1.600000000000000000e+01	3.162277660168379721e-07
3.981071705534969482e+11	1.600000000000000000e+01	9.999999999999959313e-07
5.011872336272714844e+11	1.600000000000000000e+01	3.162277660168353780e-06
6.309573444801943359e+11	1.600000000000000000e+01	1.000000000000008891e-05
7.943282347242821045e+11	1.600000000000000000e+01	3.162277660168392405e-05
1.000000000000000000e+12	1.600000000000000000e+01	1.099999999999999633e-05
1.260000000000000000e+12	1.600000000000000000e+01	1.200000000000002063e-05
1.580000000000000000e+12	1.600000000000000000e+01	1.249999999999997858e-05
2.000000000000000000e+12	1.600000000000000000e+01	1.299999999999999073e-05
2.510000000000000000e+12	1.600000000000000000e+01	1.350000000000000288e-05
3.160000000000000000e+12	1.600000000000000000e+01	1.450000000000002719e-05
3.980000000000000000e+12	1.600000000000000000e+01	1.400000000000001504e-05
5.010000000000000000e+12	1.600000000000000000e+01	1.999999999999994404e-05
6.310000000000000000e+12	1.600000000000000000e+01	2.000000000000005246e-05
7.940000000000000000e+12	1.600000000000000000e+01	2.500000000000006557e-05
1.000000000000000000e+13	1.600000000000000000e+01	2.499999999999995715e-05
1.260000000000000000e+13	1.600000000000000000e+01	2.999999999999997027e-05
1.580000000000000000e+13	1.600000000000000000e+01	3.999999999999999650e-05
2.000000000000000000e+13	1.600000000000000000e+01	5.000000000000002272e-05
2.510000000000000000e+13	1.600000000000000000e+01	6.499999999999995365e-05
3.160000000000000000e+13	1.600000000000000000e+01	9.999999999999982861e-05
3.980000000000000000e+13	1.600000000000000000e+01	1.599999999999999860e-04
5.010000000000000000e+13	1.600000000000000000e+01	2.499999999999997884e-04
6.310000000000000000e+13	1.600000000000000000e+01	3.500000000000004843e-04
7.940000000000000000e+13	1.600000000000000000e+01	4.999999999999987094e-04
1.000000000000000000e+14	1.600000000000000000e+01	6.499999999999995365e-04
1.260000000000000000e+14	1.600000000000000000e+01	8.999999999999997585e-04
1.580000000000000000e+14	1.600000000000000000e+01	1.600000000000000727e-03
2.000000000000000000e+14	1.600000000000000000e+01	3.599999999999999034e-03
2.510000000000000000e+14	1.600000000000000000e+01	8.000000000000007105e-03
3.160000000000000000e+14	1.600000000000000000e+01	1.750000000000001554e-02
3.980000000000000000e+14	1.600000000000000000e+01	3.200000000000002842e-02
5.010000000000000000e+14	1.600000000000000000e+01	5.099999999999998979e-02
6.310000000000000000e+14	1.600000000000000000e+01	7.499999999999995559e-02
7.940000000000000000e+14	1.600000000000000000e+01	9.500000000000008438e-02
1.000000000000000000e+15	1.600000000000000000e+01	1.099999999999999867e-01
1.260000000000000000e+15	1.600000000000000000e+01	1.250000000000001110e-01
1.580000000000000000e+15	1.600000000000000000e+01	1.400000000000001243e-01
2.000000000000000000e+15	1.600000000000000000e+01	1.399999999999999023e-01
2.510000000000000000e+15	1.600000000000000000e+01	1.450000000000000178e-01
3.160000000000000000e+15	1.600000000000000000e+01	1.350000000000000089e-01
3.980000000000000000e+15	1.600000000000000000e+01	1.250000000000000000e-01
5.010000000000000000e+15	1.600000000000000000e+01	1.149999999999999911e-01
6.310000000000000000e+15	1.600000000000000000e+01	1.049999999999999822e-01
7.940000000000000000e+15	1.600000000000000000e+01	8.999999999999996891e-02
1.000000000000000000e+16	1.600000000000000000e+01	8.000000000000007105e-02
1.260000000000000000e+16	1.600000000000000000e+01	6.999999999999995115e-02
1.580000000000000000e+16	1.600000000000000000e+01	5.849999999999999645e-02
2.000000000000000000e+16	1.600000000000000000e+01	4.999999999999998890e-02
2.510000000000000000e+16	1.600000000000000000e+01	4.249999999999998224e-02
3.160000000000000000e+16	1.600000000000000000e+01	3.599999999999997646e-02
3.980000000000000000e+16	1.600000000000000000e+01	3.049999999999999933e-02
5.010000000000000000e+16	1.600000000000000000e+01	2.549999999999999489e-02
6.310000000000000000e+16	1.600000000000000000e+01	2.149999999999999134e-02
7.940000000000000000e+16	1.600000000000000000e+01	1.799999999999998823e-02
1.000000000000000000e+17	1.600000000000000000e+01	1.499999999999999944e-02
1.000000000000000000e+11	1.800000000000000000e+01	1.000000000000000269e-09
1.258925411794166107e+11	1.800000000000000000e+01	3.162277660168366287e-09
1.584893192461110840e+11	1.800000000000000000e+01	9.999999999999919146e-09
1.995262314968882751e+11	1.800000000000000000e+01	3.162277660168404337e-08
2.511886431509582214e+11	1.800000000000000000e+01	1.000000000000004455e-07
3.162277660168379517e+11	1.800000000000000000e+01	3.162277660168379721e-07
3.981071705534969482e+11	1.800000000000000000e+01	9.999999999999959313e-07
5.011872336272714844e+11	1.800000000000000000e+01	3.162277660168353780e-06
6.309573444801943359e+11	1.800000000000000000e+01	1.000000000000008891e-05
7.943282347242821045e+11	1.800000000000000000e+01	3.162277660168392405e-05
1.000000000000000000e+12	1.800000000000000000e+01	7.999999999999977615e-06
1.260000000000000000e+12	1.800000000000000000e+01	8.499999999999989769e-06
1.580000000000000000e+12	1.800000000000000000e+01	9.500000000000014076e-06
2.000000000000000000e+12	1.800000000000000000e+01	9.999999999999972019e-06
2.510000000000000000e+12	1.800000000000000000e+01	1.099999999999999633e-05
3.160000000000000000e+12	1.800000000000000000e+01	1.150000000000000848e-05
3.980000000000000000e+12	1.800000000000000000e+01	1.499999999999993092e-05
5.010000000000000000e+12	1.800000000000000000e+01	1.500000000000003934e-05
6.310000000000000000e+12	1.800000000000000000e+01	1.499999999999993092e-05
7.940000000000000000e+12	1.800000000000000000e+01	1.499999999999993092e-05
1.000000000000000000e+13	1.800000000000000000e+01	2.499999999999995715e-05
1.260000000000000000e+13	1.800000000000000000e+01	3.000000000000007869e-05
1.580000000000000000e+13	1.800000000000000000e+01	3.499999999999998338e-05
2.000000000000000000e+13	1.800000000000000000e+01	4.999999999999991430e-05
2.510000000000000000e+13	1.800000000000000000e+01	6.499999999999995365e-05
3.160000000000000000e+13	1.800000000000000000e+01	9.500000000000003234e-05
3.980000000000000000e+13	1.800000000000000000e+01	1.499999999999999598e-04
5.010000000000000000e+13	1.800000000000000000e+01	2.400000000000006295e-04
6.310000000000000000e+13	1.800000000000000000e+01	3.499999999999996170e-04
7.940000000000000000e+13	1.800000000000000000e+01	4.500000000000007466e-04
1.000000000000000000e+14	1.800000000000000000e+01	6.500000000000012712e-04
1.260000000000000000e+14	1.800000000000000000e+01	8.499999999999983263e-04
1.580000000000000000e+14	1.800000000000000000e+01	1.499999999999997863e-03
2.000000000000000000e+14	1.800000000000000000e+01	3.549999999999997602e-03
2.510000000000000000e+14	1.800000000000000000e+01	8.499999999999993672e-03
3.160000000000000000e+14	1.800000000000000000e+01	1.749999999999998779e-02
3.980000000000000000e+14	1.800000000000000000e+01	3.199999999999997291e-02
5.010000000000000000e+14	1.800000000000000000e+01	5.099999999999998979e-02
6.310000000000000000e+14	1.800000000000000000e+01	6.999999999999995115e-02
7.940000000000000000e+14	1.800000000000000000e+01	9.499999999999997335e-02
1.000000000000000000e+15	1.800000000000000000e+01	1.150000000000001021e-01
1.260000000000000000e+15	1.800000000000000000e+01	1.299999999999998934e-01
1.580000000000000000e+15	1.800000000000000000e+01	1.350000000000000089e-01
2.000000000000000000e+15	1.800000000000000000e+01	1.450000000000000178e-01
2.510000000000000000e+15	1.800000000000000000e+01	1.399999999999999023e-01
3.160000000000000000e+15	1.800000000000000000e+01	1.350000000000000089e-01
3.980000000000000000e+15	1.800000000000000000e+01	1.250000000000000000e-01
5.010000000000000000e+15	1.800000000000000000e+01	1.149999999999999911e-01
6.310000000000000000e+15	1.800000000000000000e+01	1.049999999999999822e-01
7.940000000000000000e+15	1.800000000000000000e+01	9.499999999999997335e-02
1.000000000000000000e+16	1.800000000000000000e+01	7.999999999999996003e-02
1.260000000000000000e+16	1.800000000000000000e+01	6.500000000000005773e-02
1.580000000000000000e+16	1.800000000000000000e+01	6.000000000000005329e-02
2.000000000000000000e+16	1.800000000000000000e+01	5.049999999999998934e-02
2.510000000000000000e+16	1.800000000000000000e+01	4.250000000000003775e-02
3.160000000000000000e+16	1.800000000000000000e+01	3.600000000000003197e-02
3.980000000000000000e+16	1.800000000000000000e+01	3.049999999999997158e-02
5.010000000000000000e+16	1.800000000000000000e+01	2.549999999999999489e-02
6.310000000000000000e+16	1.800000000000000000e+01	2.149999999999999134e-02
7.940000000000000000e+16	1.800000000000000000e+01	1.800000000000001599e-02
1.000000000000000000e+17	1.800000000000000000e+01	1.499999999999998557e-02
1.000000000000000000e+11	2.000000000000000000e+01	1.000000000000000269e-09
1.258925411794166107e+11	2.000000000000000000e+01	3.162277660168366287e-09
1.584893192461110840e+11	2.000000000000000000e+01	9.999999999999919146e-09
1.995262314968882751e+11	2.000000000000000000e+01	3.162277660168404337e-08
2.511886431509582214e+11	2.000000000000000000e+01	1.000000000000004455e-07
3.162277660168379517e+11	2.000000000000000000e+01	3.162277660168379721e-07
3.981071705534969482e+11	2.000000000000000000e+01	9.999999999999959313e-07
5.011872336272714844e+11	2.000000000000000000e+01	3.162277660168353780e-06
6.309573444801943359e+11	2.000000000000000000e+01	1.000000000000008891e-05
7.943282347242821045e+11	2.000000000000000000e+01	3.162277660168392405e-05
1.000000000000000000e+12	2.000000000000000000e+01	5.999999999999983211e-06
1.260000000000000000e+12	2.000000000000000000e+01	7.000000000000007518e-06
1.580000000000000000e+12	2.000000000000000000e+01	7.000000000000007518e-06
2.000000000000000000e+12	2.000000000000000000e+01	8.000000000000031825e-06
2.510000000000000000e+12	2.000000000000000000e+01	1.100000000000005054e-05
3.160000000000000000e+12	2.000000000000000000e+01	9.999999999999917809e-06
3.980000000000000000e+12	2.000000000000000000e+01	1.000000000000002623e-05
5.010000000000000000e+12	2.000000000000000000e+01	1.000000000000002623e-05
6.310000000000000000e+12	2.000000000000000000e+01	1.500000000000003934e-05
7.940000000000000000e+12	2.000000000000000000e+01	2.000000000000005246e-05
1.000000000000000000e+13	2.000000000000000000e+01	2.000000000000005246e-05
1.260000000000000000e+13	2.000000000000000000e+01	2.999999999999997027e-05
1.580000000000000000e+13	2.000000000000000000e+01	3.499999999999998338e-05
2.000000000000000000e+13	2.000000000000000000e+01	4.000000000000010492e-05
2.510000000000000000e+13	2.000000000000000000e+01	5.999999999999994053e-05
3.160000000000000000e+13	2.000000000000000000e+01	9.000000000000001922e-05
3.980000000000000000e+13	2.000000000000000000e+01	1.450000000000001635e-04
5.010000000000000000e+13	2.000000000000000000e+01	2.300000000000001696e-04
6.310000000000000000e+13	2.000000000000000000e+01	3.500000000000004843e-04
7.940000000000000000e+13	2.000000000000000000e+01	4.499999999999990119e-04
1.000000000000000000e+14	2.000000000000000000e+01	5.499999999999984068e-04
1.260000000000000000e+14	2.000000000000000000e+01	8.500000000000000611e-04
1.580000000000000000e+14	2.000000000000000000e+01	1.500000000000001332e-03
2.000000000000000000e+14	2.000000000000000000e+01	3.500000000000003109e-03
2.510000000000000000e+14	2.000000000000000000e+01	8.500000000000007550e-03
3.160000000000000000e+14	2.000000000000000000e+01	1.750000000000001554e-02
3.980000000000000000e+14	2.000000000000000000e+01	3.199999999999997291e-02
5.010000000000000000e+14	2.000000000000000000e+01	5.300000000000004707e-02
6.310000000000000000e+14	2.000000000000000000e+01	7.500000000000006661e-02
7.940000000000000000e+14	2.000000000000000000e+01	9.499999999999997335e-02
1.000000000000000000e+15	2.000000000000000000e+01	1.149999999999999911e-01
1.260000000000000000e+15	2.000000000000000000e+01	1.300000000000001155e-01
1.580000000000000000e+15	2.000000000000000000e+01	1.399999999999999023e-01
2.000000000000000000e+15	2.000000000000000000e+01	1.400000000000001243e-01
2.510000000000000000e+15	2.000000000000000000e+01	1.400000000000001243e-01
3.160000000000000000e+15	2.000000000000000000e+01	1.350000000000000089e-01
3.980000000000000000e+15	2.000000000000000000e+01	1.250000000000000000e-01
5.010000000000000000e+15	2.000000000000000000e+01	1.149999999999999911e-01
6.310000000000000000e+15	2.000000000000000000e+01	1.000000000000000888e-01
7.940000000000000000e+15	2.000000000000000000e+01	8.999999999999996891e-02
1.000000000000000000e+16	2.000000000000000000e+01	7.499999999999995559e-02
1.260000000000000000e+16	2.000000000000000000e+01	6.999999999999995115e-02
1.580000000000000000e+16	2.000000000000000000e+01	5.999999999999994227e-02
2.000000000000000000e+16	2.000000000000000000e+01	5.250000000000004663e-02
2.510000000000000000e+16	2.000000000000000000e+01	4.249999999999998224e-02
3.160000000000000000e+16	2.000000000000000000e+01	3.649999999999997691e-02
3.980000000000000000e+16	2.000000000000000000e+01	3.050000000000002709e-02
5.010000000000000000e+16	2.000000000000000000e+01	2.600000000000002309e-02
6.310000000000000000e+16	2.000000000000000000e+01	2.150000000000001910e-02
7.940000000000000000e+16	2.000000000000000000e+01	1.799999999999998823e-02
1.000000000000000000e+17	2.000000000000000000e+01	1.500000000000001332e-02
1.000000000000000000e+11	2.200000000000000000e+01	1.000000000000000269e-09
1.258925411794166107e+11	2.200000000000000000e+01	3.162277660168366287e-09
1.584893192461110840e+11	2.200000000000000000e+01	9.999999999999919146e-09
1.995262314968882751e+11	2.200000000000000000e+01	3.162277660168404337e-08
2.511886431509582214e+11	2.200000000000000000e+01	1.000000000000004455e-07
3.162277660168379517e+11	2.200000000000000000e+01	3.162277660168379721e-07
3.981071705534969482e+11	2.200000000000000000e+01	9.999999999999959313e-07
5.011872336272714844e+11	2.200000000000000000e+01	3.162277660168353780e-06
6.309573444801943359e+11	2.200000000000000000e+01	1.000000000000008891e-05
7.943282347242821045e+11	2.200000000000000000e+01	3.162277660168392405e-05
1.000000000000000000e+12	2.200000000000000000e+01	5.000000000000013115e-06
1.260000000000000000e+12	2.200000000000000000e+01	5.499999999999971058e-06
1.580000000000000000e+12	2.200000000000000000e+01	5.999999999999983211e-06
2.000000000000000000e+12	2.200000000000000000e+01	3.999999999999988808e-06
2.510000000000000000e+12	2.200000000000000000e+01	5.000000000000013115e-06
3.160000000000000000e+12	2.200000000000000000e+01	1.000000000000002623e-05
3.980000000000000000e+12	2.200000000000000000e+01	1.000000000000002623e-05
5.010000000000000000e+12	2.200000000000000000e+01	9.999999999999917809e-06
6.310000000000000000e+12	2.200000000000000000e+01	1.000000000000002623e-05
7.940000000000000000e+12	2.200000000000000000e+01	1.000000000000002623e-05
1.000000000000000000e+13	2.200000000000000000e+01	1.499999999999993092e-05
1.260000000000000000e+13	2.200000000000000000e+01	1.999999999999994404e-05
1.580000000000000000e+13	2.200000000000000000e+01	2.999999999999997027e-05
2.000000000000000000e+13	2.200000000000000000e+01	3.999999999999988808e-05
2.510000000000000000e+13	2.200000000000000000e+01	6.000000000000015737e-05
3.160000000000000000e+13	2.200000000000000000e+01	9.000000000000001922e-05
3.980000000000000000e+13	2.200000000000000000e+01	1.449999999999997298e-04
5.010000000000000000e+13	2.200000000000000000e+01	2.349999999999999659e-04
6.310000000000000000e+13	2.200000000000000000e+01	2.999999999999999195e-04
7.940000000000000000e+13	2.200000000000000000e+01	4.500000000000007466e-04
1.000000000000000000e+14	2.200000000000000000e+01	6.000000000000015737e-04
1.260000000000000000e+14	2.200000000000000000e+01	8.000000000000020983e-04
1.580000000000000000e+14	2.200000000000000000e+01	1.500000000000001332e-03
2.000000000000000000e+14	2.200000000000000000e+01	3.450000000000001676e-03
2.510000000000000000e+14	2.200000000000000000e+01	7.999999999999993228e-03
3.160000000000000000e+14	2.200000000000000000e+01	1.749999999999998779e-02
3.980000000000000000e+14	2.200000000000000000e+01	3.200000000000002842e-02
5.010000000000000000e+14	2.200000000000000000e+01	4.999999999999993339e-02
6.310000000000000000e+14	2.200000000000000000e+01	6.999999999999995115e-02
7.940000000000000000e+14	2.200000000000000000e+01	8.999999999999996891e-02
1.000000000000000000e+15	2.200000000000000000e+01	1.099999999999998757e-01
1.260000000000000000e+15	2.200000000000000000e+01	1.250000000000000000e-01
1.580000000000000000e+15	2.200000000000000000e+01	1.350000000000000089e-01
2.000000000000000000e+15	2.200000000000000000e+01	1.399999999999999023e-01
2.510000000000000000e+15	2.200000000000000000e+01	1.399999999999999023e-01
3.160000000000000000e+15	2.200000000000000000e+01	1.350000000000000089e-01
3.980000000000000000e+15	2.200000000000000000e+01	1.250000000000000000e-01
5.010000000000000000e+15	2.200000000000000000e+01	1.149999999999999911e-01
6.310000000000000000e+15	2.200000000000000000e+01	1.049999999999999822e-01
7.940000000000000000e+15	2.200000000000000000e+01	8.999999999999996891e-02
1.000000000000000000e+16	2.200000000000000000e+01	8.000000000000007105e-02
1.260000000000000000e+16	2.200000000000000000e+01	7.000000000000006217e-02
1.580000000000000000e+16	2.200000000000000000e+01	5.500000000000004885e-02
2.000000000000000000e+16	2.200000000000000000e+01	4.999999999999993339e-02
2.510000000000000000e+16	2.200000000000000000e+01	4.299999999999998268e-02
3.160000000000000000e+16	2.200000000000000000e+01	3.599999999999997646e-02
3.980000000000000000e+16	2.200000000000000000e+01	2.999999999999997113e-02
5.010000000000000000e+16	2.200000000000000000e+01	2.549999999999996714e-02
6.310000000000000000e+16	2.200000000000000000e+01	2.149999999999999134e-02
7.940000000000000000e+16	2.200000000000000000e+01	1.799999999999998823e-02
1.000000000000000000e+17	2.200000000000000000e+01	1.449999999999998512e-02
1.000000000000000000e+11	2.400000000000000000e+01	1.000000000000000269e-09
1.258925411794166107e+11	2.400000000000000000e+01	3.162277660168366287e-09
1.584893192461110840e+11	2.400000000000000000e+01	9.999999999999919146e-09
1.995262314968882751e+11	2.400000000000000000e+01	3.162277660168404337e-08
2.511886431509582214e+11	2.400000000000000000e+01	1.000000000000004455e-07
3.162277660168379517e+11	2.400000000000000000e+01	3.162277660168379721e-07
3.981071705534969482e+11	2.400000000000000000e+01	9.999999999999959313e-07
5.011872336272714844e+11	2.400000000000000000e+01	3.162277660168353780e-06
6.309573444801943359e+11	2.400000000000000000e+01	1.000000000000008891e-05
7.943282347242821045e+11	2.400000000000000000e+01	3.162277660168392405e-05
1.000000000000000000e+12	2.400000000000000000e+01	4.500000000000000961e-06
1.260000000000000000e+12	2.400000000000000000e+01	4.500000000000000961e-06
1.580000000000000000e+12	2.400000000000000000e+01	5.500000000000025268e-06
2.000000000000000000e+12	2.400000000000000000e+01	1.000000000000002623e-05
2.510000000000000000e+12	2.400000000000000000e+01	4.999999999999904694e-06
3.160000000000000000e+12	2.400000000000000000e+01	5.000000000000013115e-06
3.980000000000000000e+12	2.400000000000000000e+01	5.000000000000013115e-06
5.010000000000000000e+12	2.400000000000000000e+01	1.000000000000002623e-05
6.310000000000000000e+12	2.400000000000000000e+01	9.999999999999917809e-06
7.940000000000000000e+12	2.400000000000000000e+01	1.499999999999993092e-05
1.000000000000000000e+13	2.400000000000000000e+01	2.000000000000005246e-05
1.260000000000000000e+13	2.400000000000000000e+01	2.500000000000006557e-05
1.580000000000000000e+13	2.400000000000000000e+01	2.500000000000006557e-05
2.000000000000000000e+13	2.400000000000000000e+01	4.000000000000010492e-05
2.510000000000000000e+13	2.400000000000000000e+01	5.499999999999992742e-05
3.160000000000000000e+13	2.400000000000000000e+01	8.500000000000000611e-05
3.980000000000000000e+13	2.400000000000000000e+01	1.399999999999999335e-04
5.010000000000000000e+13	2.400000000000000000e+01	2.199999999999997097e-04
6.310000000000000000e+13	2.400000000000000000e+01	3.499999999999996170e-04
7.940000000000000000e+13	2.400000000000000000e+01	4.500000000000007466e-04
1.000000000000000000e+14	2.400000000000000000e+01	5.999999999999998390e-04
1.260000000000000000e+14	2.400000000000000000e+01	7.999999999999986289e-04
1.580000000000000000e+14	2.400000000000000000e+01	1.449999999999999900e-03
2.000000000000000000e+14	2.400000000000000000e+01	3.499999999999996170e-03
2.510000000000000000e+14	2.400000000000000000e+01	8.500000000000007550e-03
3.160000000000000000e+14	2.400000000000000000e+01	1.750000000000001554e-02
3.980000000000000000e+14	2.400000000000000000e+01	3.149999999999997247e-02
5.010000000000000000e+14	2.400000000000000000e+01	5.000000000000004441e-02
6.310000000000000000e+14	2.400000000000000000e+01	7.500000000000006661e-02
7.940000000000000000e+14	2.400000000000000000e+01	9.499999999999997335e-02
1.000000000000000000e+15	2.400000000000000000e+01	1.149999999999999911e-01
1.260000000000000000e+15	2.400000000000000000e+01	1.299999999999998934e-01
1.580000000000000000e+15	2.400000000000000000e+01	1.400000000000001243e-01
2.000000000000000000e+15	2.400000000000000000e+01	1.450000000000000178e-01
2.510000000000000000e+15	2.400000000000000000e+01	1.399999999999999023e-01
3.160000000000000000e+15	2.400000000000000000e+01	1.350000000000000089e-01
3.980000000000000000e+15	2.400000000000000000e+01	1.300000000000001155e-01
5.010000000000000000e+15	2.400000000000000000e+01	1.100000000000000977e-01
6.310000000000000000e+15	2.400000000000000000e+01	9.999999999999986677e-02
7.940000000000000000e+15	2.400000000000000000e+01	9.000000000000007994e-02
1.000000000000000000e+16	2.400000000000000000e+01	7.999999999999996003e-02
1.260000000000000000e+16	2.400000000000000000e+01	6.499999999999994671e-02
1.580000000000000000e+16	2.400000000000000000e+01	5.999999999999994227e-02
2.000000000000000000e+16	2.400000000000000000e+01	5.000000000000004441e-02
2.510000000000000000e+16	2.400000000000000000e+01	4.400000000000003908e-02
3.160000000000000000e+16	2.400000000000000000e+01	3.600000000000003197e-02
3.980000000000000000e+16	2.400000000000000000e+01	3.050000000000002709e-02
5.010000000000000000e+16	2.400000000000000000e+01	2.550000000000002265e-02
6.310000000000000000e+16	2.400000000000000000e+01	2.100000000000001865e-02
7.940000000000000000e+16	2.400000000000000000e+01	1.800000000000001599e-02
1.000000000000000000e+17	2.400000000000000000e+01	1.500000000000001332e-02
1.000000000000000000e+11	2.600000000000000000e+01	1.000000000000000269e-09
1.258925411794166107e+11	2.600000000000000000e+01	3.162277660168366287e-09
1.584893192461110840e+11	2.600000000000000000e+01	9.999999999999919146e-09
1.995262314968882751e+11	2.600000000000000000e+01	3.162277660168404337e-08
2.511886431509582214e+11	2.600000000000000000e+01	1.000000000000004455e-07
3.162277660168379517e+11	2.600000000000000000e+01	3.162277660168379721e-07
3.981071705534969482e+11	2.600000000000000000e+01	9.999999999999959313e-07
5.011872336272714844e+11	2.600000000000000000e+01	3.162277660168353780e-06
6.309573444801943359e+11	2.600000000000000000e+01	1.000000000000008891e-05
7.943282347242821045e+11	2.600000000000000000e+01	3.162277660168392405e-05
1.000000000000000000e+12	2.600000000000000000e+01	3.500000000000030864e-06
1.260000000000000000e+12	2.600000000000000000e+01	4.500000000000000961e-06
1.580000000000000000e+12	2.600000000000000000e+01	4.499999999999946751e-06
2.000000000000000000e+12	2.600000000000000000e+01	5.000000000000013115e-06
2.510000000000000000e+12	2.600000000000000000e+01	5.000000000000013115e-06
3.160000000000000000e+12	2.600000000000000000e+01	5.000000000000013115e-06
3.980000000000000000e+12	2.600000000000000000e+01	9.999999999999917809e-06
5.010000000000000000e+12	2.600000000000000000e+01	1.000000000000002623e-05
6.310000000000000000e+12	2.600000000000000000e+01	1.000000000000002623e-05
7.940000000000000000e+12	2.600000000000000000e+01	1.500000000000003934e-05
1.000000000000000000e+13	2.600000000000000000e+01	1.500000000000003934e-05
1.260000000000000000e+13	2.600000000000000000e+01	1.999999999999994404e-05
1.580000000000000000e+13	2.600000000000000000e+01	2.999999999999986185e-05
2.000000000000000000e+13	2.600000000000000000e+01	3.499999999999987496e-05
2.510000000000000000e+13	2.600000000000000000e+01	5.499999999999992742e-05
3.160000000000000000e+13	2.600000000000000000e+01	8.500000000000000611e-05
3.980000000000000000e+13	2.600000000000000000e+01	1.400000000000003672e-04
5.010000000000000000e+13	2.600000000000000000e+01	2.500000000000002220e-04
6.310000000000000000e+13	2.600000000000000000e+01	2.999999999999999195e-04
7.940000000000000000e+13	2.600000000000000000e+01	4.499999999999990119e-04
1.000000000000000000e+14	2.600000000000000000e+01	5.500000000000001416e-04
1.260000000000000000e+14	2.600000000000000000e+01	7.999999999999986289e-04
1.580000000000000000e+14	2.600000000000000000e+01	1.449999999999999900e-03
2.000000000000000000e+14	2.600000000000000000e+01	3.500000000000003109e-03
2.510000000000000000e+14	2.600000000000000000e+01	7.999999999999993228e-03
3.160000000000000000e+14	2.600000000000000000e+01	1.749999999999998779e-02
3.980000000000000000e+14	2.600000000000000000e+01	3.200000000000002842e-02
5.010000000000000000e+14	2.600000000000000000e+01	4.999999999999993339e-02
6.310000000000000000e+14	2.600000000000000000e+01	6.999999999999995115e-02
7.940000000000000000e+14	2.600000000000000000e+01	9.499999999999997335e-02
1.000000000000000000e+15	2.600000000000000000e+01	1.100000000000000977e-01
1.260000000000000000e+15	2.600000000000000000e+01	1.250000000000000000e-01
1.580000000000000000e+15	2.600000000000000000e+01	1.350000000000000089e-01
2.000000000000000000e+15	2.600000000000000000e+01	1.399999999999999023e-01
2.510000000000000000e+15	2.600000000000000000e+01	1.450000000000000178e-01
3.160000000000000000e+15	2.600000000000000000e+01	1.350000000000000089e-01
3.980000000000000000e+15	2.600000000000000000e+01	1.250000000000000000e-01
5.010000000000000000e+15	2.600000000000000000e+01	1.149999999999999911e-01
6.310000000000000000e+15	2.600000000000000000e+01	1.049999999999999822e-01
7.940000000000000000e+15	2.600000000000000000e+01	9.000000000000007994e-02
1.000000000000000000e+16	2.600000000000000000e+01	8.000000000000007105e-02
1.260000000000000000e+16	2.600000000000000000e+01	7.000000000000006217e-02
1.580000000000000000e+16	2.600000000000000000e+01	6.000000000000005329e-02
2.000000000000000000e+16	2.600000000000000000e+01	5.000000000000004441e-02
2.510000000000000000e+16	2.600000000000000000e+01	3.999999999999992450e-02
3.160000000000000000e+16	2.600000000000000000e+01	3.599999999999997646e-02
3.980000000000000000e+16	2.600000000000000000e+01	3.049999999999997158e-02
5.010000000000000000e+16	2.600000000000000000e+01	2.549999999999996714e-02
6.310000000000000000e+16	2.600000000000000000e+01	2.149999999999996358e-02
7.940000000000000000e+16	2.600000000000000000e+01	1.749999999999998779e-02
1.000000000000000000e+17	2.600000000000000000e+01	1.500000000000001332e-02
