1.000000000000000000e+11	5.000000000000000000e-01	1.000000000000000269e-09
1.258925411794166107e+11	5.000000000000000000e-01	3.162277660168366287e-09
1.584893192461110840e+11	5.000000000000000000e-01	9.999999999999919146e-09
1.995262314968882751e+11	5.000000000000000000e-01	3.162277660168404337e-08
2.511886431509582214e+11	5.000000000000000000e-01	1.000000000000004455e-07
3.162277660168379517e+11	5.000000000000000000e-01	3.162277660168379721e-07
3.981071705534969482e+11	5.000000000000000000e-01	9.999999999999959313e-07
5.011872336272714844e+11	5.000000000000000000e-01	3.162277660168353780e-06
6.309573444801943359e+11	5.000000000000000000e-01	1.000000000000008891e-05
7.943282347242821045e+11	5.000000000000000000e-01	3.162277660168392405e-05
1.000000000000000000e+12	5.000000000000000000e-01	1.310000000000000129e-04
1.260000000000000000e+12	5.000000000000000000e-01	1.389999999999999905e-04
1.580000000000000000e+12	5.000000000000000000e-01	1.430000000000000064e-04
2.000000000000000000e+12	5.000000000000000000e-01	1.479999999999999925e-04
2.510000000000000000e+12	5.000000000000000000e-01	1.520000000000000084e-04
3.160000000000000000e+12	5.000000000000000000e-01	1.569999999999999944e-04
3.980000000000000000e+12	5.000000000000000000e-01	1.620000000000000075e-04
5.010000000000000000e+12	5.000000000000000000e-01	1.700000000000000122e-04
6.310000000000000000e+12	5.000000000000000000e-01	1.789999999999999870e-04
7.940000000000000000e+12	5.000000000000000000e-01	1.920000000000000049e-04
1.000000000000000000e+13	5.000000000000000000e-01	2.149999999999999947e-04
1.260000000000000000e+13	5.000000000000000000e-01	2.500000000000000052e-04
1.580000000000000000e+13	5.000000000000000000e-01	2.790000000000000054e-04
2.000000000000000000e+13	5.000000000000000000e-01	3.029999999999999924e-04
2.510000000000000000e+13	5.000000000000000000e-01	3.379999999999999758e-04
3.160000000000000000e+13	5.000000000000000000e-01	4.130000000000000099e-04
3.980000000000000000e+13	5.000000000000000000e-01	5.760000000000000146e-04
5.010000000000000000e+13	5.000000000000000000e-01	8.909999999999999734e-04
6.310000000000000000e+13	5.000000000000000000e-01	1.420000000000000038e-03
7.940000000000000000e+13	5.000000000000000000e-01	2.210000000000000159e-03
1.000000000000000000e+14	5.000000000000000000e-01	3.190000000000000127e-03
1.260000000000000000e+14	5.000000000000000000e-01	4.279999999999999950e-03
1.580000000000000000e+14	5.000000000000000000e-01	5.649999999999999641e-03
2.000000000000000000e+14	5.000000000000000000e-01	8.059999999999999457e-03
2.510000000000000000e+14	5.000000000000000000e-01	1.299999999999999940e-02
3.160000000000000000e+14	5.000000000000000000e-01	2.220000000000000098e-02
3.980000000000000000e+14	5.000000000000000000e-01	3.629999999999999893e-02
5.010000000000000000e+14	5.000000000000000000e-01	5.489999999999999741e-02
6.310000000000000000e+14	5.000000000000000000e-01	7.599999999999999811e-02
7.940000000000000000e+14	5.000000000000000000e-01	9.710000000000000575e-02
1.000000000000000000e+15	5.000000000000000000e-01	1.160000000000000059e-01
1.260000000000000000e+15	5.000000000000000000e-01	1.300000000000000044e-01
1.580000000000000000e+15	5.000000000000000000e-01	1.400000000000000133e-01
2.000000000000000000e+15	5.000000000000000000e-01	1.439999999999999891e-01
2.510000000000000000e+15	5.000000000000000000e-01	1.429999999999999882e-01
3.160000000000000000e+15	5.000000000000000000e-01	1.370000000000000107e-01
3.980000000000000000e+15	5.000000000000000000e-01	1.270000000000000018e-01
5.010000000000000000e+15	5.000000000000000000e-01	1.160000000000000059e-01
6.310000000000000000e+15	5.000000000000000000e-01	1.029999999999999943e-01
7.940000000000000000e+15	5.000000000000000000e-01	9.130000000000000615e-02
1.000000000000000000e+16	5.000000000000000000e-01	7.960000000000000409e-02
1.260000000000000000e+16	5.000000000000000000e-01	6.890000000000000291e-02
1.580000000000000000e+16	5.000000000000000000e-01	5.909999999999999976e-02
2.000000000000000000e+16	5.000000000000000000e-01	5.050000000000000322e-02
2.510000000000000000e+16	5.000000000000000000e-01	4.290000000000000063e-02
3.160000000000000000e+16	5.000000000000000000e-01	3.629999999999999893e-02
3.980000000000000000e+16	5.000000000000000000e-01	3.059999999999999873e-02
5.010000000000000000e+16	5.000000000000000000e-01	2.570000000000000062e-02
6.310000000000000000e+16	5.000000000000000000e-01	2.160000000000000114e-02
7.940000000000000000e+16	5.000000000000000000e-01	1.799999999999999864e-02
1.000000000000000000e+17	5.000000000000000000e-01	1.499999999999999944e-02
1.000000000000000000e+11	1.500000000000000000e+00	1.000000000000000269e-09
1.258925411794166107e+11	1.500000000000000000e+00	3.162277660168366287e-09
1.584893192461110840e+11	1.500000000000000000e+00	9.999999999999919146e-09
1.995262314968882751e+11	1.500000000000000000e+00	3.162277660168404337e-08
2.511886431509582214e+11	1.500000000000000000e+00	1.000000000000004455e-07
3.162277660168379517e+11	1.500000000000000000e+00	3.162277660168379721e-07
3.981071705534969482e+11	1.500000000000000000e+00	9.999999999999959313e-07
5.011872336272714844e+11	1.500000000000000000e+00	3.162277660168353780e-06
6.309573444801943359e+11	1.500000000000000000e+00	1.000000000000008891e-05
7.943282347242821045e+11	1.500000000000000000e+00	3.162277660168392405e-05
1.000000000000000000e+12	1.500000000000000000e+00	1.229999999999999811e-04
1.260000000000000000e+12	1.500000000000000000e+00	1.299999999999999886e-04
1.580000000000000000e+12	1.500000000000000000e+00	1.340000000000000045e-04
2.000000000000000000e+12	1.500000000000000000e+00	1.369999999999999961e-04
2.510000000000000000e+12	1.500000000000000000e+00	1.390000000000000176e-04
3.160000000000000000e+12	1.500000000000000000e+00	1.409999999999999849e-04
3.980000000000000000e+12	1.500000000000000000e+00	1.440000000000000036e-04
5.010000000000000000e+12	1.500000000000000000e+00	1.459999999999999709e-04
6.310000000000000000e+12	1.500000000000000000e+00	1.510000000000000112e-04
7.940000000000000000e+12	1.500000000000000000e+00	1.590000000000000159e-04
1.000000000000000000e+13	1.500000000000000000e+00	1.740000000000000281e-04
1.260000000000000000e+13	1.500000000000000000e+00	1.979999999999999881e-04
1.580000000000000000e+13	1.500000000000000000e+00	2.189999999999999564e-04
2.000000000000000000e+13	1.500000000000000000e+00	2.340000000000000500e-04
2.510000000000000000e+13	1.500000000000000000e+00	2.520000000000000538e-04
3.160000000000000000e+13	1.500000000000000000e+00	2.869999999999999830e-04
3.980000000000000000e+13	1.500000000000000000e+00	3.649999999999999816e-04
5.010000000000000000e+13	1.500000000000000000e+00	5.190000000000000386e-04
6.310000000000000000e+13	1.500000000000000000e+00	7.600000000000000418e-04
7.940000000000000000e+13	1.500000000000000000e+00	1.119999999999999902e-03
1.000000000000000000e+14	1.500000000000000000e+00	1.629999999999999505e-03
1.260000000000000000e+14	1.500000000000000000e+00	2.299999999999999961e-03
1.580000000000000000e+14	1.500000000000000000e+00	3.380000000000000192e-03
2.000000000000000000e+14	1.500000000000000000e+00	5.740000000000000310e-03
2.510000000000000000e+14	1.500000000000000000e+00	1.080000000000000231e-02
3.160000000000000000e+14	1.500000000000000000e+00	2.000000000000000042e-02
3.980000000000000000e+14	1.500000000000000000e+00	3.440000000000000002e-02
5.010000000000000000e+14	1.500000000000000000e+00	5.310000000000000137e-02
6.310000000000000000e+14	1.500000000000000000e+00	7.399999999999999634e-02
7.940000000000000000e+14	1.500000000000000000e+00	9.589999999999999913e-02
1.000000000000000000e+15	1.500000000000000000e+00	1.140000000000000041e-01
1.260000000000000000e+15	1.500000000000000000e+00	1.300000000000000044e-01
1.580000000000000000e+15	1.500000000000000000e+00	1.380000000000000115e-01
2.000000000000000000e+15	1.500000000000000000e+00	1.429999999999999882e-01
2.510000000000000000e+15	1.500000000000000000e+00	1.419999999999999873e-01
3.160000000000000000e+15	1.500000000000000000e+00	1.360000000000000098e-01
3.980000000000000000e+15	1.500000000000000000e+00	1.270000000000000018e-01
5.010000000000000000e+15	1.500000000000000000e+00	1.150000000000000050e-01
6.310000000000000000e+15	1.500000000000000000e+00	1.039999999999999952e-01
7.940000000000000000e+15	1.500000000000000000e+00	9.069999999999998896e-02
1.000000000000000000e+16	1.500000000000000000e+00	7.939999999999999836e-02
1.260000000000000000e+16	1.500000000000000000e+00	6.910000000000000864e-02
1.580000000000000000e+16	1.500000000000000000e+00	5.889999999999999403e-02
2.000000000000000000e+16	1.500000000000000000e+00	5.050000000000000322e-02
2.510000000000000000e+16	1.500000000000000000e+00	4.279999999999999777e-02
3.160000000000000000e+16	1.500000000000000000e+00	3.619999999999999607e-02
3.980000000000000000e+16	1.500000000000000000e+00	3.050000000000000280e-02
5.010000000000000000e+16	1.500000000000000000e+00	2.570000000000000062e-02
6.310000000000000000e+16	1.500000000000000000e+00	2.149999999999999828e-02
7.940000000000000000e+16	1.500000000000000000e+00	1.799999999999999864e-02
1.000000000000000000e+17	1.500000000000000000e+00	1.499999999999999944e-02
1.000000000000000000e+11	2.500000000000000000e+00	1.000000000000000269e-09
1.258925411794166107e+11	2.500000000000000000e+00	3.162277660168366287e-09
1.584893192461110840e+11	2.500000000000000000e+00	9.999999999999919146e-09
1.995262314968882751e+11	2.500000000000000000e+00	3.162277660168404337e-08
2.511886431509582214e+11	2.500000000000000000e+00	1.000000000000004455e-07
3.162277660168379517e+11	2.500000000000000000e+00	3.162277660168379721e-07
3.981071705534969482e+11	2.500000000000000000e+00	9.999999999999959313e-07
5.011872336272714844e+11	2.500000000000000000e+00	3.162277660168353780e-06
6.309573444801943359e+11	2.500000000000000000e+00	1.000000000000008891e-05
7.943282347242821045e+11	2.500000000000000000e+00	3.162277660168392405e-05
1.000000000000000000e+12	2.500000000000000000e+00	1.160000000000000007e-04
1.260000000000000000e+12	2.500000000000000000e+00	1.230000000000000082e-04
1.580000000000000000e+12	2.500000000000000000e+00	1.269999999999999970e-04
2.000000000000000000e+12	2.500000000000000000e+00	1.280000000000000213e-04
2.510000000000000000e+12	2.500000000000000000e+00	1.299999999999999615e-04
3.160000000000000000e+12	2.500000000000000000e+00	1.300000000000000157e-04
3.980000000000000000e+12	2.500000000000000000e+00	1.300000000000000157e-04
5.010000000000000000e+12	2.500000000000000000e+00	1.320000000000000101e-04
6.310000000000000000e+12	2.500000000000000000e+00	1.340000000000000045e-04
7.940000000000000000e+12	2.500000000000000000e+00	1.399999999999999877e-04
1.000000000000000000e+13	2.500000000000000000e+00	1.509999999999999841e-04
1.260000000000000000e+13	2.500000000000000000e+00	1.699999999999999580e-04
1.580000000000000000e+13	2.500000000000000000e+00	1.860000000000000759e-04
2.000000000000000000e+13	2.500000000000000000e+00	1.989999999999999582e-04
2.510000000000000000e+13	2.500000000000000000e+00	2.139999999999999975e-04
3.160000000000000000e+13	2.500000000000000000e+00	2.399999999999999790e-04
3.980000000000000000e+13	2.500000000000000000e+00	2.990000000000000036e-04
5.010000000000000000e+13	2.500000000000000000e+00	3.999999999999999650e-04
6.310000000000000000e+13	2.500000000000000000e+00	5.599999999999997341e-04
7.940000000000000000e+13	2.500000000000000000e+00	7.799999999999998775e-04
1.000000000000000000e+14	2.500000000000000000e+00	1.100000000000000283e-03
1.260000000000000000e+14	2.500000000000000000e+00	1.580000000000000675e-03
1.580000000000000000e+14	2.500000000000000000e+00	2.569999999999999368e-03
2.000000000000000000e+14	2.500000000000000000e+00	4.699999999999999317e-03
2.510000000000000000e+14	2.500000000000000000e+00	9.700000000000000289e-03
3.160000000000000000e+14	2.500000000000000000e+00	1.909999999999999892e-02
3.980000000000000000e+14	2.500000000000000000e+00	3.329999999999999627e-02
5.010000000000000000e+14	2.500000000000000000e+00	5.200000000000000455e-02
6.310000000000000000e+14	2.500000000000000000e+00	7.400000000000001021e-02
7.940000000000000000e+14	2.500000000000000000e+00	9.499999999999997335e-02
1.000000000000000000e+15	2.500000000000000000e+00	1.149999999999999634e-01
1.260000000000000000e+15	2.500000000000000000e+00	1.290000000000000036e-01
1.580000000000000000e+15	2.500000000000000000e+00	1.389999999999999569e-01
2.000000000000000000e+15	2.500000000000000000e+00	1.430000000000000160e-01
2.510000000000000000e+15	2.500000000000000000e+00	1.410000000000000142e-01
3.160000000000000000e+15	2.500000000000000000e+00	1.359999999999999543e-01
3.980000000000000000e+15	2.500000000000000000e+00	1.260000000000000009e-01
5.010000000000000000e+15	2.500000000000000000e+00	1.149999999999999634e-01
6.310000000000000000e+15	2.500000000000000000e+00	1.030000000000000082e-01
7.940000000000000000e+15	2.500000000000000000e+00	9.100000000000002531e-02
1.000000000000000000e+16	2.500000000000000000e+00	7.899999999999998690e-02
1.260000000000000000e+16	2.500000000000000000e+00	6.799999999999997713e-02
1.580000000000000000e+16	2.500000000000000000e+00	5.899999999999999689e-02
2.000000000000000000e+16	2.500000000000000000e+00	4.999999999999998890e-02
2.510000000000000000e+16	2.500000000000000000e+00	4.230000000000000426e-02
3.160000000000000000e+16	2.500000000000000000e+00	3.650000000000000466e-02
3.980000000000000000e+16	2.500000000000000000e+00	3.049999999999999933e-02
5.010000000000000000e+16	2.500000000000000000e+00	2.559999999999999776e-02
6.310000000000000000e+16	2.500000000000000000e+00	2.150000000000000522e-02
7.940000000000000000e+16	2.500000000000000000e+00	1.800000000000000211e-02
1.000000000000000000e+17	2.500000000000000000e+00	1.499999999999999944e-02
1.000000000000000000e+11	3.500000000000000000e+00	1.000000000000000269e-09
1.258925411794166107e+11	3.500000000000000000e+00	3.162277660168366287e-09
1.584893192461110840e+11	3.500000000000000000e+00	9.999999999999919146e-09
1.995262314968882751e+11	3.500000000000000000e+00	3.162277660168404337e-08
2.511886431509582214e+11	3.500000000000000000e+00	1.000000000000004455e-07
3.162277660168379517e+11	3.500000000000000000e+00	3.162277660168379721e-07
3.981071705534969482e+11	3.500000000000000000e+00	9.999999999999959313e-07
5.011872336272714844e+11	3.500000000000000000e+00	3.162277660168353780e-06
6.309573444801943359e+11	3.500000000000000000e+00	1.000000000000008891e-05
7.943282347242821045e+11	3.500000000000000000e+00	3.162277660168392405e-05
1.000000000000000000e+12	3.500000000000000000e+00	1.089999999999999932e-04
1.260000000000000000e+12	3.500000000000000000e+00	1.160000000000000007e-04
1.580000000000000000e+12	3.500000000000000000e+00	1.190000000000000194e-04
2.000000000000000000e+12	3.500000000000000000e+00	1.209999999999999596e-04
2.510000000000000000e+12	3.500000000000000000e+00	1.209999999999999596e-04
3.160000000000000000e+12	3.500000000000000000e+00	1.210000000000000138e-04
3.980000000000000000e+12	3.500000000000000000e+00	1.209999999999999596e-04
5.010000000000000000e+12	3.500000000000000000e+00	1.209999999999999596e-04
6.310000000000000000e+12	3.500000000000000000e+00	1.220000000000000381e-04
7.940000000000000000e+12	3.500000000000000000e+00	1.250000000000000026e-04
1.000000000000000000e+13	3.500000000000000000e+00	1.350000000000000288e-04
1.260000000000000000e+13	3.500000000000000000e+00	1.500000000000000682e-04
1.580000000000000000e+13	3.500000000000000000e+00	1.639999999999999748e-04
2.000000000000000000e+13	3.500000000000000000e+00	1.760000000000000496e-04
2.510000000000000000e+13	3.500000000000000000e+00	1.900000000000000647e-04
3.160000000000000000e+13	3.500000000000000000e+00	2.100000000000000087e-04
3.980000000000000000e+13	3.500000000000000000e+00	2.600000000000000314e-04
5.010000000000000000e+13	3.500000000000000000e+00	3.500000000000000507e-04
6.310000000000000000e+13	3.500000000000000000e+00	4.700000000000003654e-04
7.940000000000000000e+13	3.500000000000000000e+00	6.300000000000003514e-04
1.000000000000000000e+14	3.500000000000000000e+00	8.500000000000000611e-04
1.260000000000000000e+14	3.500000000000000000e+00	1.209999999999999271e-03
1.580000000000000000e+14	3.500000000000000000e+00	2.000000000000000042e-03
2.000000000000000000e+14	3.500000000000000000e+00	4.200000000000002343e-03
2.510000000000000000e+14	3.500000000000000000e+00	9.199999999999999845e-03
3.160000000000000000e+14	3.500000000000000000e+00	1.859999999999999848e-02
3.980000000000000000e+14	3.500000000000000000e+00	3.300000000000001543e-02
5.010000000000000000e+14	3.500000000000000000e+00	5.199999999999999067e-02
6.310000000000000000e+14	3.500000000000000000e+00	7.399999999999998246e-02
7.940000000000000000e+14	3.500000000000000000e+00	9.500000000000002887e-02
1.000000000000000000e+15	3.500000000000000000e+00	1.140000000000000457e-01
1.260000000000000000e+15	3.500000000000000000e+00	1.280000000000000027e-01
1.580000000000000000e+15	3.500000000000000000e+00	1.380000000000000671e-01
2.000000000000000000e+15	3.500000000000000000e+00	1.419999999999999596e-01
2.510000000000000000e+15	3.500000000000000000e+00	1.419999999999999596e-01
3.160000000000000000e+15	3.500000000000000000e+00	1.350000000000000644e-01
3.980000000000000000e+15	3.500000000000000000e+00	1.270000000000000018e-01
5.010000000000000000e+15	3.500000000000000000e+00	1.160000000000000475e-01
6.310000000000000000e+15	3.500000000000000000e+00	1.029999999999999805e-01
7.940000000000000000e+15	3.500000000000000000e+00	9.099999999999996980e-02
1.000000000000000000e+16	3.500000000000000000e+00	8.000000000000001554e-02
1.260000000000000000e+16	3.500000000000000000e+00	6.900000000000003353e-02
1.580000000000000000e+16	3.500000000000000000e+00	5.899999999999999689e-02
2.000000000000000000e+16	3.500000000000000000e+00	5.000000000000001665e-02
2.510000000000000000e+16	3.500000000000000000e+00	4.300000000000001044e-02
3.160000000000000000e+16	3.500000000000000000e+00	3.599999999999999034e-02
3.980000000000000000e+16	3.500000000000000000e+00	3.039999999999999647e-02
5.010000000000000000e+16	3.500000000000000000e+00	2.599999999999999534e-02
6.310000000000000000e+16	3.500000000000000000e+00	2.139999999999998848e-02
7.940000000000000000e+16	3.500000000000000000e+00	1.799999999999999517e-02
1.000000000000000000e+17	3.500000000000000000e+00	1.499999999999999944e-02
1.000000000000000000e+11	4.500000000000000000e+00	1.000000000000000269e-09
1.258925411794166107e+11	4.500000000000000000e+00	3.162277660168366287e-09
1.584893192461110840e+11	4.500000000000000000e+00	9.999999999999919146e-09
1.995262314968882751e+11	4.500000000000000000e+00	3.162277660168404337e-08
2.511886431509582214e+11	4.500000000000000000e+00	1.000000000000004455e-07
3.162277660168379517e+11	4.500000000000000000e+00	3.162277660168379721e-07
3.981071705534969482e+11	4.500000000000000000e+00	9.999999999999959313e-07
5.011872336272714844e+11	4.500000000000000000e+00	3.162277660168353780e-06
6.309573444801943359e+11	4.500000000000000000e+00	1.000000000000008891e-05
7.943282347242821045e+11	4.500000000000000000e+00	3.162277660168392405e-05
1.000000000000000000e+12	4.500000000000000000e+00	1.039999999999999800e-04
1.260000000000000000e+12	4.500000000000000000e+00	1.099999999999999633e-04
1.580000000000000000e+12	4.500000000000000000e+00	1.120000000000000119e-04
2.000000000000000000e+12	4.500000000000000000e+00	1.140000000000000605e-04
2.510000000000000000e+12	4.500000000000000000e+00	1.140000000000000605e-04
3.160000000000000000e+12	4.500000000000000000e+00	1.130000000000000362e-04
3.980000000000000000e+12	4.500000000000000000e+00	1.120000000000000119e-04
5.010000000000000000e+12	4.500000000000000000e+00	1.120000000000000119e-04
6.310000000000000000e+12	4.500000000000000000e+00	1.120000000000000119e-04
7.940000000000000000e+12	4.500000000000000000e+00	1.149999999999999764e-04
1.000000000000000000e+13	4.500000000000000000e+00	1.219999999999999297e-04
1.260000000000000000e+13	4.500000000000000000e+00	1.340000000000000045e-04
1.580000000000000000e+13	4.500000000000000000e+00	1.460000000000000794e-04
2.000000000000000000e+13	4.500000000000000000e+00	1.579999999999999374e-04
2.510000000000000000e+13	4.500000000000000000e+00	1.659999999999999150e-04
3.160000000000000000e+13	4.500000000000000000e+00	2.000000000000000909e-04
3.980000000000000000e+13	4.500000000000000000e+00	2.399999999999999790e-04
5.010000000000000000e+13	4.500000000000000000e+00	3.199999999999999720e-04
6.310000000000000000e+13	4.500000000000000000e+00	4.199999999999998006e-04
7.940000000000000000e+13	4.500000000000000000e+00	5.500000000000001416e-04
1.000000000000000000e+14	4.500000000000000000e+00	7.099999999999996939e-04
1.260000000000000000e+14	4.500000000000000000e+00	1.029999999999999666e-03
1.580000000000000000e+14	4.500000000000000000e+00	1.800000000000001252e-03
2.000000000000000000e+14	4.500000000000000000e+00	3.899999999999997219e-03
2.510000000000000000e+14	4.500000000000000000e+00	8.799999999999995326e-03
3.160000000000000000e+14	4.500000000000000000e+00	1.810000000000000497e-02
3.980000000000000000e+14	4.500000000000000000e+00	3.300000000000000155e-02
5.010000000000000000e+14	4.500000000000000000e+00	5.200000000000001843e-02
6.310000000000000000e+14	4.500000000000000000e+00	7.300000000000000933e-02
7.940000000000000000e+14	4.500000000000000000e+00	9.499999999999997335e-02
1.000000000000000000e+15	4.500000000000000000e+00	1.129999999999999338e-01
1.260000000000000000e+15	4.500000000000000000e+00	1.290000000000000036e-01
1.580000000000000000e+15	4.500000000000000000e+00	1.379999999999999005e-01
2.000000000000000000e+15	4.500000000000000000e+00	1.430000000000000160e-01
2.510000000000000000e+15	4.500000000000000000e+00	1.420000000000000151e-01
3.160000000000000000e+15	4.500000000000000000e+00	1.360000000000000098e-01
3.980000000000000000e+15	4.500000000000000000e+00	1.260000000000000009e-01
5.010000000000000000e+15	4.500000000000000000e+00	1.149999999999999356e-01
6.310000000000000000e+15	4.500000000000000000e+00	1.030000000000000360e-01
7.940000000000000000e+15	4.500000000000000000e+00	9.100000000000002531e-02
1.000000000000000000e+16	4.500000000000000000e+00	7.900000000000001465e-02
1.260000000000000000e+16	4.500000000000000000e+00	6.800000000000000488e-02
1.580000000000000000e+16	4.500000000000000000e+00	5.899999999999999689e-02
2.000000000000000000e+16	4.500000000000000000e+00	5.099999999999998979e-02
2.510000000000000000e+16	4.500000000000000000e+00	4.299999999999998268e-02
3.160000000000000000e+16	4.500000000000000000e+00	3.600000000000000422e-02
3.980000000000000000e+16	4.500000000000000000e+00	3.099999999999999978e-02
5.010000000000000000e+16	4.500000000000000000e+00	2.500000000000000833e-02
6.310000000000000000e+16	4.500000000000000000e+00	2.200000000000000566e-02
7.940000000000000000e+16	4.500000000000000000e+00	1.789999999999999925e-02
1.000000000000000000e+17	4.500000000000000000e+00	1.499999999999999944e-02
1.000000000000000000e+11	5.500000000000000000e+00	1.000000000000000269e-09
1.258925411794166107e+11	5.500000000000000000e+00	3.162277660168366287e-09
1.584893192461110840e+11	5.500000000000000000e+00	9.999999999999919146e-09
1.995262314968882751e+11	5.500000000000000000e+00	3.162277660168404337e-08
2.511886431509582214e+11	5.500000000000000000e+00	1.000000000000004455e-07
3.162277660168379517e+11	5.500000000000000000e+00	3.162277660168379721e-07
3.981071705534969482e+11	5.500000000000000000e+00	9.999999999999959313e-07
5.011872336272714844e+11	5.500000000000000000e+00	3.162277660168353780e-06
6.309573444801943359e+11	5.500000000000000000e+00	1.000000000000008891e-05
7.943282347242821045e+11	5.500000000000000000e+00	3.162277660168392405e-05
1.000000000000000000e+12	5.500000000000000000e+00	9.799999999999999684e-05
1.260000000000000000e+12	5.500000000000000000e+00	1.030000000000000100e-04
1.580000000000000000e+12	5.500000000000000000e+00	1.069999999999999988e-04
2.000000000000000000e+12	5.500000000000000000e+00	1.069999999999999988e-04
2.510000000000000000e+12	5.500000000000000000e+00	1.059999999999999745e-04
3.160000000000000000e+12	5.500000000000000000e+00	1.059999999999999745e-04
3.980000000000000000e+12	5.500000000000000000e+00	1.049999999999999501e-04
5.010000000000000000e+12	5.500000000000000000e+00	1.030000000000000100e-04
6.310000000000000000e+12	5.500000000000000000e+00	1.029999999999999015e-04
7.940000000000000000e+12	5.500000000000000000e+00	1.040000000000000343e-04
1.000000000000000000e+13	5.500000000000000000e+00	1.100000000000000717e-04
1.260000000000000000e+13	5.500000000000000000e+00	1.180000000000000493e-04
1.580000000000000000e+13	5.500000000000000000e+00	1.259999999999998101e-04
2.000000000000000000e+13	5.500000000000000000e+00	1.399999999999999335e-04
2.510000000000000000e+13	5.500000000000000000e+00	1.599999999999999860e-04
3.160000000000000000e+13	5.500000000000000000e+00	1.799999999999998216e-04
3.980000000000000000e+13	5.500000000000000000e+00	2.299999999999999527e-04
5.010000000000000000e+13	5.500000000000000000e+00	2.999999999999999195e-04
6.310000000000000000e+13	5.500000000000000000e+00	3.999999999999997481e-04
7.940000000000000000e+13	5.500000000000000000e+00	5.099999999999991693e-04
1.000000000000000000e+14	5.500000000000000000e+00	6.500000000000004038e-04
1.260000000000000000e+14	5.500000000000000000e+00	8.999999999999997585e-04
1.580000000000000000e+14	5.500000000000000000e+00	1.600000000000000727e-03
2.000000000000000000e+14	5.500000000000000000e+00	3.700000000000001898e-03
2.510000000000000000e+14	5.500000000000000000e+00	8.600000000000003475e-03
3.160000000000000000e+14	5.500000000000000000e+00	1.800000000000000211e-02
3.980000000000000000e+14	5.500000000000000000e+00	3.200000000000000067e-02
5.010000000000000000e+14	5.500000000000000000e+00	5.099999999999998979e-02
6.310000000000000000e+14	5.500000000000000000e+00	7.300000000000000933e-02
7.940000000000000000e+14	5.500000000000000000e+00	9.399999999999997247e-02
1.000000000000000000e+15	5.500000000000000000e+00	1.140000000000001013e-01
1.260000000000000000e+15	5.500000000000000000e+00	1.280000000000000027e-01
1.580000000000000000e+15	5.500000000000000000e+00	1.380000000000000115e-01
2.000000000000000000e+15	5.500000000000000000e+00	1.420000000000000151e-01
2.510000000000000000e+15	5.500000000000000000e+00	1.410000000000000142e-01
3.160000000000000000e+15	5.500000000000000000e+00	1.359999999999998987e-01
3.980000000000000000e+15	5.500000000000000000e+00	1.270000000000000018e-01
5.010000000000000000e+15	5.500000000000000000e+00	1.149999999999999911e-01
6.310000000000000000e+15	5.500000000000000000e+00	1.029999999999999805e-01
7.940000000000000000e+15	5.500000000000000000e+00	9.100000000000002531e-02
1.000000000000000000e+16	5.500000000000000000e+00	7.899999999999995914e-02
1.260000000000000000e+16	5.500000000000000000e+00	6.899999999999995026e-02
1.580000000000000000e+16	5.500000000000000000e+00	5.899999999999999689e-02
2.000000000000000000e+16	5.500000000000000000e+00	4.999999999999998890e-02
2.510000000000000000e+16	5.500000000000000000e+00	4.300000000000001044e-02
3.160000000000000000e+16	5.500000000000000000e+00	3.600000000000000422e-02
3.980000000000000000e+16	5.500000000000000000e+00	2.999999999999999889e-02
5.010000000000000000e+16	5.500000000000000000e+00	2.599999999999999534e-02
6.310000000000000000e+16	5.500000000000000000e+00	2.100000000000000477e-02
7.940000000000000000e+16	5.500000000000000000e+00	1.810000000000000497e-02
1.000000000000000000e+17	5.500000000000000000e+00	1.499999999999999944e-02
1.000000000000000000e+11	6.500000000000000000e+00	1.000000000000000269e-09
1.258925411794166107e+11	6.500000000000000000e+00	3.162277660168366287e-09
1.584893192461110840e+11	6.500000000000000000e+00	9.999999999999919146e-09
1.995262314968882751e+11	6.500000000000000000e+00	3.162277660168404337e-08
2.511886431509582214e+11	6.500000000000000000e+00	1.000000000000004455e-07
3.162277660168379517e+11	6.500000000000000000e+00	3.162277660168379721e-07
3.981071705534969482e+11	6.500000000000000000e+00	9.999999999999959313e-07
5.011872336272714844e+11	6.500000000000000000e+00	3.162277660168353780e-06
6.309573444801943359e+11	6.500000000000000000e+00	1.000000000000008891e-05
7.943282347242821045e+11	6.500000000000000000e+00	3.162277660168392405e-05
1.000000000000000000e+12	6.500000000000000000e+00	9.299999999999998372e-05
1.260000000000000000e+12	6.500000000000000000e+00	9.799999999999999684e-05
1.580000000000000000e+12	6.500000000000000000e+00	9.999999999999993703e-05
2.000000000000000000e+12	6.500000000000000000e+00	1.009999999999999613e-04
2.510000000000000000e+12	6.500000000000000000e+00	1.010000000000000698e-04
3.160000000000000000e+12	6.500000000000000000e+00	9.900000000000002114e-05
3.980000000000000000e+12	6.500000000000000000e+00	9.700000000000008095e-05
5.010000000000000000e+12	6.500000000000000000e+00	9.600000000000005664e-05
6.310000000000000000e+12	6.500000000000000000e+00	9.500000000000003234e-05
7.940000000000000000e+12	6.500000000000000000e+00	9.699999999999997253e-05
1.000000000000000000e+13	6.500000000000000000e+00	1.030000000000000100e-04
1.260000000000000000e+13	6.500000000000000000e+00	1.099999999999998548e-04
1.580000000000000000e+13	6.500000000000000000e+00	1.200000000000000979e-04
2.000000000000000000e+13	6.500000000000000000e+00	1.300000000000001241e-04
2.510000000000000000e+13	6.500000000000000000e+00	1.399999999999999335e-04
3.160000000000000000e+13	6.500000000000000000e+00	1.600000000000002028e-04
3.980000000000000000e+13	6.500000000000000000e+00	2.100000000000001171e-04
5.010000000000000000e+13	6.500000000000000000e+00	2.999999999999999195e-04
6.310000000000000000e+13	6.500000000000000000e+00	3.900000000000005893e-04
7.940000000000000000e+13	6.500000000000000000e+00	4.800000000000003916e-04
1.000000000000000000e+14	6.500000000000000000e+00	6.099999999999994316e-04
1.260000000000000000e+14	6.500000000000000000e+00	8.000000000000003636e-04
1.580000000000000000e+14	6.500000000000000000e+00	1.499999999999997863e-03
2.000000000000000000e+14	6.500000000000000000e+00	3.499999999999996170e-03
2.510000000000000000e+14	6.500000000000000000e+00	8.400000000000004685e-03
3.160000000000000000e+14	6.500000000000000000e+00	1.800000000000000211e-02
3.980000000000000000e+14	6.500000000000000000e+00	3.200000000000000067e-02
5.010000000000000000e+14	6.500000000000000000e+00	5.099999999999998979e-02
6.310000000000000000e+14	6.500000000000000000e+00	7.200000000000000844e-02
7.940000000000000000e+14	6.500000000000000000e+00	9.400000000000008349e-02
1.000000000000000000e+15	6.500000000000000000e+00	1.129999999999999893e-01
1.260000000000000000e+15	6.500000000000000000e+00	1.280000000000000027e-01
1.580000000000000000e+15	6.500000000000000000e+00	1.380000000000000115e-01
2.000000000000000000e+15	6.500000000000000000e+00	1.430000000000000160e-01
2.510000000000000000e+15	6.500000000000000000e+00	1.410000000000000142e-01
3.160000000000000000e+15	6.500000000000000000e+00	1.350000000000000089e-01
3.980000000000000000e+15	6.500000000000000000e+00	1.260000000000000009e-01
5.010000000000000000e+15	6.500000000000000000e+00	1.150000000000001021e-01
6.310000000000000000e+15	6.500000000000000000e+00	1.029999999999999805e-01
7.940000000000000000e+15	6.500000000000000000e+00	9.099999999999996980e-02
1.000000000000000000e+16	6.500000000000000000e+00	7.900000000000007017e-02
1.260000000000000000e+16	6.500000000000000000e+00	6.800000000000000488e-02
1.580000000000000000e+16	6.500000000000000000e+00	5.899999999999999689e-02
2.000000000000000000e+16	6.500000000000000000e+00	4.999999999999998890e-02
2.510000000000000000e+16	6.500000000000000000e+00	4.199999999999998179e-02
3.160000000000000000e+16	6.500000000000000000e+00	3.600000000000000422e-02
3.980000000000000000e+16	6.500000000000000000e+00	2.999999999999999889e-02
5.010000000000000000e+16	6.500000000000000000e+00	2.499999999999999445e-02
6.310000000000000000e+16	6.500000000000000000e+00	2.099999999999999090e-02
7.940000000000000000e+16	6.500000000000000000e+00	1.800000000000000211e-02
1.000000000000000000e+17	6.500000000000000000e+00	1.499999999999999944e-02
1.000000000000000000e+11	7.500000000000000000e+00	1.000000000000000269e-09
1.258925411794166107e+11	7.500000000000000000e+00	3.162277660168366287e-09
1.584893192461110840e+11	7.500000000000000000e+00	9.999999999999919146e-09
1.995262314968882751e+11	7.500000000000000000e+00	3.162277660168404337e-08
2.511886431509582214e+11	7.500000000000000000e+00	1.000000000000004455e-07
3.162277660168379517e+11	7.500000000000000000e+00	3.162277660168379721e-07
3.981071705534969482e+11	7.500000000000000000e+00	9.999999999999959313e-07
5.011872336272714844e+11	7.500000000000000000e+00	3.162277660168353780e-06
6.309573444801943359e+11	7.500000000000000000e+00	1.000000000000008891e-05
7.943282347242821045e+11	7.500000000000000000e+00	3.162277660168392405e-05
1.000000000000000000e+12	7.500000000000000000e+00	8.700000000000005472e-05
1.260000000000000000e+12	7.500000000000000000e+00	9.300000000000009214e-05
1.580000000000000000e+12	7.500000000000000000e+00	9.500000000000003234e-05
2.000000000000000000e+12	7.500000000000000000e+00	9.600000000000005664e-05
2.510000000000000000e+12	7.500000000000000000e+00	9.499999999999992392e-05
3.160000000000000000e+12	7.500000000000000000e+00	9.299999999999998372e-05
3.980000000000000000e+12	7.500000000000000000e+00	9.099999999999993511e-05
5.010000000000000000e+12	7.500000000000000000e+00	9.000000000000001922e-05
6.310000000000000000e+12	7.500000000000000000e+00	8.899999999999999491e-05
7.940000000000000000e+12	7.500000000000000000e+00	8.800000000000007903e-05
1.000000000000000000e+13	7.500000000000000000e+00	9.000000000000001922e-05
1.260000000000000000e+13	7.500000000000000000e+00	1.000000000000000454e-04
1.580000000000000000e+13	7.500000000000000000e+00	1.100000000000000717e-04
2.000000000000000000e+13	7.500000000000000000e+00	1.199999999999998811e-04
2.510000000000000000e+13	7.500000000000000000e+00	1.300000000000001241e-04
3.160000000000000000e+13	7.500000000000000000e+00	1.599999999999999860e-04
3.980000000000000000e+13	7.500000000000000000e+00	2.100000000000001171e-04
5.010000000000000000e+13	7.500000000000000000e+00	2.800000000000003007e-04
6.310000000000000000e+13	7.500000000000000000e+00	3.699999999999996694e-04
7.940000000000000000e+13	7.500000000000000000e+00	4.699999999999999317e-04
1.000000000000000000e+14	7.500000000000000000e+00	5.900000000000002465e-04
1.260000000000000000e+14	7.500000000000000000e+00	8.000000000000003636e-04
1.580000000000000000e+14	7.500000000000000000e+00	1.400000000000001937e-03
2.000000000000000000e+14	7.500000000000000000e+00	3.500000000000003109e-03
2.510000000000000000e+14	7.500000000000000000e+00	8.299999999999987943e-03
3.160000000000000000e+14	7.500000000000000000e+00	1.699999999999998734e-02
3.980000000000000000e+14	7.500000000000000000e+00	3.200000000000000067e-02
5.010000000000000000e+14	7.500000000000000000e+00	5.099999999999998979e-02
6.310000000000000000e+14	7.500000000000000000e+00	7.299999999999995381e-02
7.940000000000000000e+14	7.500000000000000000e+00	9.399999999999997247e-02
1.000000000000000000e+15	7.500000000000000000e+00	1.129999999999999893e-01
1.260000000000000000e+15	7.500000000000000000e+00	1.280000000000000027e-01
1.580000000000000000e+15	7.500000000000000000e+00	1.410000000000001252e-01
2.000000000000000000e+15	7.500000000000000000e+00	1.399999999999999023e-01
2.510000000000000000e+15	7.500000000000000000e+00	1.379999999999999005e-01
3.160000000000000000e+15	7.500000000000000000e+00	1.390000000000001235e-01
3.980000000000000000e+15	7.500000000000000000e+00	1.239999999999999991e-01
5.010000000000000000e+15	7.500000000000000000e+00	1.149999999999999911e-01
6.310000000000000000e+15	7.500000000000000000e+00	1.019999999999999796e-01
7.940000000000000000e+15	7.500000000000000000e+00	8.999999999999996891e-02
1.000000000000000000e+16	7.500000000000000000e+00	7.999999999999996003e-02
1.260000000000000000e+16	7.500000000000000000e+00	6.900000000000006128e-02
1.580000000000000000e+16	7.500000000000000000e+00	5.799999999999999600e-02
2.000000000000000000e+16	7.500000000000000000e+00	5.000000000000004441e-02
2.510000000000000000e+16	7.500000000000000000e+00	4.300000000000003819e-02
3.160000000000000000e+16	7.500000000000000000e+00	3.599999999999997646e-02
3.980000000000000000e+16	7.500000000000000000e+00	3.099999999999999978e-02
5.010000000000000000e+16	7.500000000000000000e+00	2.599999999999999534e-02
6.310000000000000000e+16	7.500000000000000000e+00	2.199999999999999178e-02
7.940000000000000000e+16	7.500000000000000000e+00	1.799999999999998823e-02
1.000000000000000000e+17	7.500000000000000000e+00	1.499999999999999944e-02
1.000000000000000000e+11	9.000000000000000000e+00	1.000000000000000269e-09
1.258925411794166107e+11	9.000000000000000000e+00	3.162277660168366287e-09
1.584893192461110840e+11	9.000000000000000000e+00	9.999999999999919146e-09
1.995262314968882751e+11	9.000000000000000000e+00	3.162277660168404337e-08
2.511886431509582214e+11	9.000000000000000000e+00	1.000000000000004455e-07
3.162277660168379517e+11	9.000000000000000000e+00	3.162277660168379721e-07
3.981071705534969482e+11	9.000000000000000000e+00	9.999999999999959313e-07
5.011872336272714844e+11	9.000000000000000000e+00	3.162277660168353780e-06
6.309573444801943359e+11	9.000000000000000000e+00	1.000000000000008891e-05
7.943282347242821045e+11	9.000000000000000000e+00	3.162277660168392405e-05
1.000000000000000000e+12	9.000000000000000000e+00	7.450000000000002193e-05
1.260000000000000000e+12	9.000000000000000000e+00	7.899999999999996868e-05
1.580000000000000000e+12	9.000000000000000000e+00	8.150000000000002945e-05
2.000000000000000000e+12	9.000000000000000000e+00	8.399999999999992759e-05
2.510000000000000000e+12	9.000000000000000000e+00	8.099999999999996309e-05
3.160000000000000000e+12	9.000000000000000000e+00	7.999999999999993878e-05
3.980000000000000000e+12	9.000000000000000000e+00	7.899999999999996868e-05
5.010000000000000000e+12	9.000000000000000000e+00	7.499999999999992567e-05
6.310000000000000000e+12	9.000000000000000000e+00	7.749999999999998643e-05
7.940000000000000000e+12	9.000000000000000000e+00	7.499999999999997988e-05
1.000000000000000000e+13	9.000000000000000000e+00	7.999999999999999299e-05
1.260000000000000000e+13	9.000000000000000000e+00	9.000000000000001922e-05
1.580000000000000000e+13	9.000000000000000000e+00	9.499999999999992392e-05
2.000000000000000000e+13	9.000000000000000000e+00	1.000000000000000454e-04
2.510000000000000000e+13	9.000000000000000000e+00	1.199999999999999895e-04
3.160000000000000000e+13	9.000000000000000000e+00	1.399999999999999335e-04
3.980000000000000000e+13	9.000000000000000000e+00	1.899999999999998478e-04
5.010000000000000000e+13	9.000000000000000000e+00	2.649999999999998277e-04
6.310000000000000000e+13	9.000000000000000000e+00	3.600000000000000769e-04
7.940000000000000000e+13	9.000000000000000000e+00	4.550000000000001092e-04
1.000000000000000000e+14	9.000000000000000000e+00	5.850000000000004502e-04
1.260000000000000000e+14	9.000000000000000000e+00	8.000000000000003636e-04
1.580000000000000000e+14	9.000000000000000000e+00	1.449999999999999900e-03
2.000000000000000000e+14	9.000000000000000000e+00	3.349999999999998812e-03
2.510000000000000000e+14	9.000000000000000000e+00	8.250000000000000389e-03
3.160000000000000000e+14	9.000000000000000000e+00	1.750000000000000167e-02
3.980000000000000000e+14	9.000000000000000000e+00	3.200000000000000067e-02
5.010000000000000000e+14	9.000000000000000000e+00	5.100000000000001754e-02
6.310000000000000000e+14	9.000000000000000000e+00	7.250000000000000888e-02
7.940000000000000000e+14	9.000000000000000000e+00	9.399999999999997247e-02
1.000000000000000000e+15	9.000000000000000000e+00	1.139999999999999347e-01
1.260000000000000000e+15	9.000000000000000000e+00	1.300000000000000044e-01
1.580000000000000000e+15	9.000000000000000000e+00	1.349999999999998979e-01
2.000000000000000000e+15	9.000000000000000000e+00	1.450000000000000178e-01
2.510000000000000000e+15	9.000000000000000000e+00	1.450000000000000178e-01
3.160000000000000000e+15	9.000000000000000000e+00	1.350000000000000089e-01
3.980000000000000000e+15	9.000000000000000000e+00	1.250000000000000000e-01
5.010000000000000000e+15	9.000000000000000000e+00	1.139999999999999347e-01
6.310000000000000000e+15	9.000000000000000000e+00	1.030000000000000360e-01
7.940000000000000000e+15	9.000000000000000000e+00	9.100000000000002531e-02
1.000000000000000000e+16	9.000000000000000000e+00	7.900000000000001465e-02
1.260000000000000000e+16	9.000000000000000000e+00	6.850000000000000533e-02
1.580000000000000000e+16	9.000000000000000000e+00	5.899999999999999689e-02
2.000000000000000000e+16	9.000000000000000000e+00	5.049999999999998934e-02
2.510000000000000000e+16	9.000000000000000000e+00	4.249999999999998224e-02
3.160000000000000000e+16	9.000000000000000000e+00	3.600000000000000422e-02
3.980000000000000000e+16	9.000000000000000000e+00	3.049999999999999933e-02
5.010000000000000000e+16	9.000000000000000000e+00	2.550000000000000877e-02
6.310000000000000000e+16	9.000000000000000000e+00	2.150000000000000522e-02
7.940000000000000000e+16	9.000000000000000000e+00	1.800000000000000211e-02
1.000000000000000000e+17	9.000000000000000000e+00	1.499999999999999944e-02
1.000000000000000000e+11	1.100000000000000000e+01	1.000000000000000269e-09
1.258925411794166107e+11	1.100000000000000000e+01	3.162277660168366287e-09
1.584893192461110840e+11	1.100000000000000000e+01	9.999999999999919146e-09
1.995262314968882751e+11	1.100000000000000000e+01	3.162277660168404337e-08
2.511886431509582214e+11	1.100000000000000000e+01	1.000000000000004455e-07
3.162277660168379517e+11	1.100000000000000000e+01	3.162277660168379721e-07
3.981071705534969482e+11	1.100000000000000000e+01	9.999999999999959313e-07
5.011872336272714844e+11	1.100000000000000000e+01	3.162277660168353780e-06
6.309573444801943359e+11	1.100000000000000000e+01	1.000000000000008891e-05
7.943282347242821045e+11	1.100000000000000000e+01	3.162277660168392405e-05
1.000000000000000000e+12	1.100000000000000000e+01	6.999999999999996676e-05
1.260000000000000000e+12	1.100000000000000000e+01	6.999999999999996676e-05
1.580000000000000000e+12	1.100000000000000000e+01	7.499999999999997988e-05
2.000000000000000000e+12	1.100000000000000000e+01	7.000000000000007518e-05
2.510000000000000000e+12	1.100000000000000000e+01	7.500000000000008830e-05
3.160000000000000000e+12	1.100000000000000000e+01	7.000000000000007518e-05
3.980000000000000000e+12	1.100000000000000000e+01	7.000000000000007518e-05
5.010000000000000000e+12	1.100000000000000000e+01	7.000000000000007518e-05
6.310000000000000000e+12	1.100000000000000000e+01	6.500000000000006207e-05
7.940000000000000000e+12	1.100000000000000000e+01	6.999999999999996676e-05
1.000000000000000000e+13	1.100000000000000000e+01	6.999999999999996676e-05
1.260000000000000000e+13	1.100000000000000000e+01	7.499999999999997988e-05
1.580000000000000000e+13	1.100000000000000000e+01	7.999999999999999299e-05
2.000000000000000000e+13	1.100000000000000000e+01	9.000000000000001922e-05
2.510000000000000000e+13	1.100000000000000000e+01	1.050000000000000586e-04
3.160000000000000000e+13	1.100000000000000000e+01	1.300000000000001241e-04
3.980000000000000000e+13	1.100000000000000000e+01	1.800000000000000384e-04
5.010000000000000000e+13	1.100000000000000000e+01	2.600000000000000314e-04
6.310000000000000000e+13	1.100000000000000000e+01	3.449999999999998207e-04
7.940000000000000000e+13	1.100000000000000000e+01	4.450000000000000830e-04
1.000000000000000000e+14	1.100000000000000000e+01	5.499999999999992742e-04
1.260000000000000000e+14	1.100000000000000000e+01	7.499999999999997988e-04
1.580000000000000000e+14	1.100000000000000000e+01	1.349999999999998770e-03
2.000000000000000000e+14	1.100000000000000000e+01	3.400000000000000244e-03
2.510000000000000000e+14	1.100000000000000000e+01	8.350000000000003253e-03
3.160000000000000000e+14	1.100000000000000000e+01	1.750000000000000167e-02
3.980000000000000000e+14	1.100000000000000000e+01	3.200000000000000067e-02
5.010000000000000000e+14	1.100000000000000000e+01	5.099999999999998979e-02
6.310000000000000000e+14	1.100000000000000000e+01	7.200000000000000844e-02
7.940000000000000000e+14	1.100000000000000000e+01	9.599999999999997424e-02
1.000000000000000000e+15	1.100000000000000000e+01	1.100000000000000977e-01
1.260000000000000000e+15	1.100000000000000000e+01	1.250000000000000000e-01
1.580000000000000000e+15	1.100000000000000000e+01	1.400000000000000133e-01
2.000000000000000000e+15	1.100000000000000000e+01	1.400000000000000133e-01
2.510000000000000000e+15	1.100000000000000000e+01	1.400000000000000133e-01
3.160000000000000000e+15	1.100000000000000000e+01	1.349999999999998979e-01
3.980000000000000000e+15	1.100000000000000000e+01	1.300000000000000044e-01
5.010000000000000000e+15	1.100000000000000000e+01	1.149999999999999911e-01
6.310000000000000000e+15	1.100000000000000000e+01	1.049999999999999822e-01
7.940000000000000000e+15	1.100000000000000000e+01	9.050000000000002487e-02
1.000000000000000000e+16	1.100000000000000000e+01	7.899999999999995914e-02
1.260000000000000000e+16	1.100000000000000000e+01	6.849999999999994982e-02
1.580000000000000000e+16	1.100000000000000000e+01	5.899999999999999689e-02
2.000000000000000000e+16	1.100000000000000000e+01	4.999999999999998890e-02
2.510000000000000000e+16	1.100000000000000000e+01	4.300000000000001044e-02
3.160000000000000000e+16	1.100000000000000000e+01	3.650000000000000466e-02
3.980000000000000000e+16	1.100000000000000000e+01	3.049999999999999933e-02
5.010000000000000000e+16	1.100000000000000000e+01	2.549999999999999489e-02
6.310000000000000000e+16	1.100000000000000000e+01	2.150000000000000522e-02
7.940000000000000000e+16	1.100000000000000000e+01	1.800000000000000211e-02
1.000000000000000000e+17	1.100000000000000000e+01	1.499999999999999944e-02
1.000000000000000000e+11	1.300000000000000000e+01	1.000000000000000269e-09
1.258925411794166107e+11	1.300000000000000000e+01	3.162277660168366287e-09
1.584893192461110840e+11	1.300000000000000000e+01	9.999999999999919146e-09
1.995262314968882751e+11	1.300000000000000000e+01	3.162277660168404337e-08
2.511886431509582214e+11	1.300000000000000000e+01	1.000000000000004455e-07
3.162277660168379517e+11	1.300000000000000000e+01	3.162277660168379721e-07
3.981071705534969482e+11	1.300000000000000000e+01	9.999999999999959313e-07
5.011872336272714844e+11	1.300000000000000000e+01	3.162277660168353780e-06
6.309573444801943359e+11	1.300000000000000000e+01	1.000000000000008891e-05
7.943282347242821045e+11	1.300000000000000000e+01	3.162277660168392405e-05
1.000000000000000000e+12	1.300000000000000000e+01	6.000000000000004895e-05
1.260000000000000000e+12	1.300000000000000000e+01	6.500000000000006207e-05
1.580000000000000000e+12	1.300000000000000000e+01	6.499999999999995365e-05
2.000000000000000000e+12	1.300000000000000000e+01	6.499999999999995365e-05
2.510000000000000000e+12	1.300000000000000000e+01	6.499999999999995365e-05
3.160000000000000000e+12	1.300000000000000000e+01	6.499999999999995365e-05
3.980000000000000000e+12	1.300000000000000000e+01	5.999999999999994053e-05
5.010000000000000000e+12	1.300000000000000000e+01	5.999999999999994053e-05
6.310000000000000000e+12	1.300000000000000000e+01	5.999999999999994053e-05
7.940000000000000000e+12	1.300000000000000000e+01	5.500000000000003584e-05
1.000000000000000000e+13	1.300000000000000000e+01	6.000000000000004895e-05
1.260000000000000000e+13	1.300000000000000000e+01	6.500000000000006207e-05
1.580000000000000000e+13	1.300000000000000000e+01	7.000000000000007518e-05
2.000000000000000000e+13	1.300000000000000000e+01	7.499999999999997988e-05
2.510000000000000000e+13	1.300000000000000000e+01	9.000000000000001922e-05
3.160000000000000000e+13	1.300000000000000000e+01	1.199999999999998811e-04
3.980000000000000000e+13	1.300000000000000000e+01	1.700000000000000122e-04
5.010000000000000000e+13	1.300000000000000000e+01	2.500000000000002220e-04
6.310000000000000000e+13	1.300000000000000000e+01	3.450000000000002544e-04
7.940000000000000000e+13	1.300000000000000000e+01	4.399999999999994194e-04
1.000000000000000000e+14	1.300000000000000000e+01	5.500000000000001416e-04
1.260000000000000000e+14	1.300000000000000000e+01	6.999999999999992339e-04
1.580000000000000000e+14	1.300000000000000000e+01	1.400000000000000203e-03
2.000000000000000000e+14	1.300000000000000000e+01	3.300000000000000849e-03
2.510000000000000000e+14	1.300000000000000000e+01	8.000000000000000167e-03
3.160000000000000000e+14	1.300000000000000000e+01	1.750000000000000167e-02
3.980000000000000000e+14	1.300000000000000000e+01	3.200000000000000067e-02
5.010000000000000000e+14	1.300000000000000000e+01	5.049999999999998934e-02
6.310000000000000000e+14	1.300000000000000000e+01	7.100000000000000755e-02
7.940000000000000000e+14	1.300000000000000000e+01	9.000000000000007994e-02
1.000000000000000000e+15	1.300000000000000000e+01	1.149999999999999911e-01
1.260000000000000000e+15	1.300000000000000000e+01	1.300000000000000044e-01
1.580000000000000000e+15	1.300000000000000000e+01	1.350000000000000089e-01
2.000000000000000000e+15	1.300000000000000000e+01	1.400000000000000133e-01
2.510000000000000000e+15	1.300000000000000000e+01	1.400000000000000133e-01
3.160000000000000000e+15	1.300000000000000000e+01	1.350000000000000089e-01
3.980000000000000000e+15	1.300000000000000000e+01	1.250000000000000000e-01
5.010000000000000000e+15	1.300000000000000000e+01	1.150000000000001021e-01
6.310000000000000000e+15	1.300000000000000000e+01	9.999999999999997780e-02
7.940000000000000000e+15	1.300000000000000000e+01	8.999999999999996891e-02
1.000000000000000000e+16	1.300000000000000000e+01	7.950000000000007061e-02
1.260000000000000000e+16	1.300000000000000000e+01	6.850000000000000533e-02
1.580000000000000000e+16	1.300000000000000000e+01	5.849999999999999645e-02
2.000000000000000000e+16	1.300000000000000000e+01	5.049999999999998934e-02
2.510000000000000000e+16	1.300000000000000000e+01	4.249999999999998224e-02
3.160000000000000000e+16	1.300000000000000000e+01	3.600000000000000422e-02
3.980000000000000000e+16	1.300000000000000000e+01	3.049999999999999933e-02
5.010000000000000000e+16	1.300000000000000000e+01	2.599999999999999534e-02
6.310000000000000000e+16	1.300000000000000000e+01	2.149999999999999134e-02
7.940000000000000000e+16	1.300000000000000000e+01	1.750000000000000167e-02
1.000000000000000000e+17	1.300000000000000000e+01	1.499999999999999944e-02
1.000000000000000000e+11	1.500000000000000000e+01	1.000000000000000269e-09
1.258925411794166107e+11	1.500000000000000000e+01	3.162277660168366287e-09
1.584893192461110840e+11	1.500000000000000000e+01	9.999999999999919146e-09
1.995262314968882751e+11	1.500000000000000000e+01	3.162277660168404337e-08
2.511886431509582214e+11	1.500000000000000000e+01	1.000000000000004455e-07
3.162277660168379517e+11	1.500000000000000000e+01	3.162277660168379721e-07
3.981071705534969482e+11	1.500000000000000000e+01	9.999999999999959313e-07
5.011872336272714844e+11	1.500000000000000000e+01	3.162277660168353780e-06
6.309573444801943359e+11	1.500000000000000000e+01	1.000000000000008891e-05
7.943282347242821045e+11	1.500000000000000000e+01	3.162277660168392405e-05
1.000000000000000000e+12	1.500000000000000000e+01	4.999999999999991430e-05
1.260000000000000000e+12	1.500000000000000000e+01	5.999999999999994053e-05
1.580000000000000000e+12	1.500000000000000000e+01	5.500000000000003584e-05
2.000000000000000000e+12	1.500000000000000000e+01	6.000000000000004895e-05
2.510000000000000000e+12	1.500000000000000000e+01	5.500000000000003584e-05
3.160000000000000000e+12	1.500000000000000000e+01	5.500000000000003584e-05
3.980000000000000000e+12	1.500000000000000000e+01	5.500000000000003584e-05
5.010000000000000000e+12	1.500000000000000000e+01	5.000000000000002272e-05
6.310000000000000000e+12	1.500000000000000000e+01	5.000000000000002272e-05
7.940000000000000000e+12	1.500000000000000000e+01	5.000000000000002272e-05
1.000000000000000000e+13	1.500000000000000000e+01	5.499999999999992742e-05
1.260000000000000000e+13	1.500000000000000000e+01	5.499999999999992742e-05
1.580000000000000000e+13	1.500000000000000000e+01	5.999999999999994053e-05
2.000000000000000000e+13	1.500000000000000000e+01	6.999999999999996676e-05
2.510000000000000000e+13	1.500000000000000000e+01	8.500000000000000611e-05
3.160000000000000000e+13	1.500000000000000000e+01	1.150000000000000848e-04
3.980000000000000000e+13	1.500000000000000000e+01	1.649999999999999991e-04
5.010000000000000000e+13	1.500000000000000000e+01	2.399999999999997621e-04
6.310000000000000000e+13	1.500000000000000000e+01	3.349999999999997945e-04
7.940000000000000000e+13	1.500000000000000000e+01	4.350000000000004904e-04
1.000000000000000000e+14	1.500000000000000000e+01	5.000000000000004441e-04
1.260000000000000000e+14	1.500000000000000000e+01	7.500000000000006661e-04
1.580000000000000000e+14	1.500000000000000000e+01	1.350000000000000505e-03
2.000000000000000000e+14	1.500000000000000000e+01	3.350000000000002282e-03
2.510000000000000000e+14	1.500000000000000000e+01	7.999999999999993228e-03
3.160000000000000000e+14	1.500000000000000000e+01	1.699999999999998734e-02
3.980000000000000000e+14	1.500000000000000000e+01	3.150000000000000022e-02
5.010000000000000000e+14	1.500000000000000000e+01	5.099999999999998979e-02
6.310000000000000000e+14	1.500000000000000000e+01	7.499999999999995559e-02
7.940000000000000000e+14	1.500000000000000000e+01	9.499999999999997335e-02
1.000000000000000000e+15	1.500000000000000000e+01	1.149999999999999911e-01
1.260000000000000000e+15	1.500000000000000000e+01	1.249999999999998890e-01
1.580000000000000000e+15	1.500000000000000000e+01	1.400000000000000133e-01
2.000000000000000000e+15	1.500000000000000000e+01	1.449999999999999067e-01
2.510000000000000000e+15	1.500000000000000000e+01	1.399999999999999023e-01
3.160000000000000000e+15	1.500000000000000000e+01	1.350000000000000089e-01
3.980000000000000000e+15	1.500000000000000000e+01	1.250000000000000000e-01
5.010000000000000000e+15	1.500000000000000000e+01	1.149999999999999911e-01
6.310000000000000000e+15	1.500000000000000000e+01	1.049999999999999822e-01
7.940000000000000000e+15	1.500000000000000000e+01	8.999999999999996891e-02
1.000000000000000000e+16	1.500000000000000000e+01	7.999999999999996003e-02
1.260000000000000000e+16	1.500000000000000000e+01	7.000000000000006217e-02
1.580000000000000000e+16	1.500000000000000000e+01	5.899999999999999689e-02
2.000000000000000000e+16	1.500000000000000000e+01	5.000000000000004441e-02
2.510000000000000000e+16	1.500000000000000000e+01	4.250000000000003775e-02
3.160000000000000000e+16	1.500000000000000000e+01	3.599999999999997646e-02
3.980000000000000000e+16	1.500000000000000000e+01	2.999999999999999889e-02
5.010000000000000000e+16	1.500000000000000000e+01	2.549999999999999489e-02
6.310000000000000000e+16	1.500000000000000000e+01	2.100000000000001865e-02
7.940000000000000000e+16	1.500000000000000000e+01	1.799999999999998823e-02
1.000000000000000000e+17	1.500000000000000000e+01	1.499999999999999944e-02
1.000000000000000000e+11	1.700000000000000000e+01	1.000000000000000269e-09
1.258925411794166107e+11	1.700000000000000000e+01	3.162277660168366287e-09
1.584893192461110840e+11	1.700000000000000000e+01	9.999999999999919146e-09
1.995262314968882751e+11	1.700000000000000000e+01	3.162277660168404337e-08
2.511886431509582214e+11	1.700000000000000000e+01	1.000000000000004455e-07
3.162277660168379517e+11	1.700000000000000000e+01	3.162277660168379721e-07
3.981071705534969482e+11	1.700000000000000000e+01	9.999999999999959313e-07
5.011872336272714844e+11	1.700000000000000000e+01	3.162277660168353780e-06
6.309573444801943359e+11	1.700000000000000000e+01	1.000000000000008891e-05
7.943282347242821045e+11	1.700000000000000000e+01	3.162277660168392405e-05
1.000000000000000000e+12	1.700000000000000000e+01	5.000000000000002272e-05
1.260000000000000000e+12	1.700000000000000000e+01	5.000000000000002272e-05
1.580000000000000000e+12	1.700000000000000000e+01	5.500000000000003584e-05
2.000000000000000000e+12	1.700000000000000000e+01	5.499999999999992742e-05
2.510000000000000000e+12	1.700000000000000000e+01	5.000000000000002272e-05
3.160000000000000000e+12	1.700000000000000000e+01	5.000000000000002272e-05
3.980000000000000000e+12	1.700000000000000000e+01	5.000000000000002272e-05
5.010000000000000000e+12	1.700000000000000000e+01	5.000000000000002272e-05
6.310000000000000000e+12	1.700000000000000000e+01	4.500000000000000961e-05
7.940000000000000000e+12	1.700000000000000000e+01	4.999999999999991430e-05
1.000000000000000000e+13	1.700000000000000000e+01	4.500000000000000961e-05
1.260000000000000000e+13	1.700000000000000000e+01	5.500000000000003584e-05
1.580000000000000000e+13	1.700000000000000000e+01	5.999999999999994053e-05
2.000000000000000000e+13	1.700000000000000000e+01	6.499999999999995365e-05
2.510000000000000000e+13	1.700000000000000000e+01	7.999999999999999299e-05
3.160000000000000000e+13	1.700000000000000000e+01	1.049999999999998417e-04
3.980000000000000000e+13	1.700000000000000000e+01	1.549999999999999729e-04
5.010000000000000000e+13	1.700000000000000000e+01	2.400000000000001958e-04
6.310000000000000000e+13	1.700000000000000000e+01	3.299999999999999982e-04
7.940000000000000000e+13	1.700000000000000000e+01	4.000000000000001818e-04
1.000000000000000000e+14	1.700000000000000000e+01	5.500000000000001416e-04
1.260000000000000000e+14	1.700000000000000000e+01	7.500000000000006661e-04
1.580000000000000000e+14	1.700000000000000000e+01	1.350000000000000505e-03
2.000000000000000000e+14	1.700000000000000000e+01	3.299999999999997380e-03
2.510000000000000000e+14	1.700000000000000000e+01	8.000000000000007105e-03
3.160000000000000000e+14	1.700000000000000000e+01	1.750000000000001554e-02
3.980000000000000000e+14	1.700000000000000000e+01	3.199999999999997291e-02
5.010000000000000000e+14	1.700000000000000000e+01	5.050000000000004485e-02
6.310000000000000000e+14	1.700000000000000000e+01	7.000000000000006217e-02
7.940000000000000000e+14	1.700000000000000000e+01	9.499999999999997335e-02
1.000000000000000000e+15	1.700000000000000000e+01	1.099999999999999867e-01
1.260000000000000000e+15	1.700000000000000000e+01	1.300000000000001155e-01
1.580000000000000000e+15	1.700000000000000000e+01	1.350000000000000089e-01
2.000000000000000000e+15	1.700000000000000000e+01	1.400000000000001243e-01
2.510000000000000000e+15	1.700000000000000000e+01	1.450000000000000178e-01
3.160000000000000000e+15	1.700000000000000000e+01	1.350000000000000089e-01
3.980000000000000000e+15	1.700000000000000000e+01	1.250000000000000000e-01
5.010000000000000000e+15	1.700000000000000000e+01	1.149999999999998801e-01
6.310000000000000000e+15	1.700000000000000000e+01	1.000000000000000888e-01
7.940000000000000000e+15	1.700000000000000000e+01	8.999999999999996891e-02
1.000000000000000000e+16	1.700000000000000000e+01	7.999999999999996003e-02
1.260000000000000000e+16	1.700000000000000000e+01	6.499999999999994671e-02
1.580000000000000000e+16	1.700000000000000000e+01	5.900000000000005240e-02
2.000000000000000000e+16	1.700000000000000000e+01	4.999999999999998890e-02
2.510000000000000000e+16	1.700000000000000000e+01	4.249999999999998224e-02
3.160000000000000000e+16	1.700000000000000000e+01	3.600000000000003197e-02
3.980000000000000000e+16	1.700000000000000000e+01	3.050000000000002709e-02
5.010000000000000000e+16	1.700000000000000000e+01	2.550000000000002265e-02
6.310000000000000000e+16	1.700000000000000000e+01	2.149999999999999134e-02
7.940000000000000000e+16	1.700000000000000000e+01	1.800000000000001599e-02
1.000000000000000000e+17	1.700000000000000000e+01	1.500000000000001332e-02
1.000000000000000000e+11	1.900000000000000000e+01	1.000000000000000269e-09
1.258925411794166107e+11	1.900000000000000000e+01	3.162277660168366287e-09
1.584893192461110840e+11	1.900000000000000000e+01	9.999999999999919146e-09
1.995262314968882751e+11	1.900000000000000000e+01	3.162277660168404337e-08
2.511886431509582214e+11	1.900000000000000000e+01	1.000000000000004455e-07
3.162277660168379517e+11	1.900000000000000000e+01	3.162277660168379721e-07
3.981071705534969482e+11	1.900000000000000000e+01	9.999999999999959313e-07
5.011872336272714844e+11	1.900000000000000000e+01	3.162277660168353780e-06
6.309573444801943359e+11	1.900000000000000000e+01	1.000000000000008891e-05
7.943282347242821045e+11	1.900000000000000000e+01	3.162277660168392405e-05
1.000000000000000000e+12	1.900000000000000000e+01	4.500000000000000961e-05
1.260000000000000000e+12	1.900000000000000000e+01	4.500000000000000961e-05
1.580000000000000000e+12	1.900000000000000000e+01	4.500000000000000961e-05
2.000000000000000000e+12	1.900000000000000000e+01	4.500000000000000961e-05
2.510000000000000000e+12	1.900000000000000000e+01	4.999999999999991430e-05
3.160000000000000000e+12	1.900000000000000000e+01	4.500000000000000961e-05
3.980000000000000000e+12	1.900000000000000000e+01	3.999999999999999650e-05
5.010000000000000000e+12	1.900000000000000000e+01	3.999999999999999650e-05
6.310000000000000000e+12	1.900000000000000000e+01	3.999999999999999650e-05
7.940000000000000000e+12	1.900000000000000000e+01	3.999999999999999650e-05
1.000000000000000000e+13	1.900000000000000000e+01	4.500000000000000961e-05
1.260000000000000000e+13	1.900000000000000000e+01	4.500000000000000961e-05
1.580000000000000000e+13	1.900000000000000000e+01	5.000000000000013115e-05
2.000000000000000000e+13	1.900000000000000000e+01	6.000000000000015737e-05
2.510000000000000000e+13	1.900000000000000000e+01	7.499999999999997988e-05
3.160000000000000000e+13	1.900000000000000000e+01	1.050000000000000586e-04
3.980000000000000000e+13	1.900000000000000000e+01	1.550000000000001897e-04
5.010000000000000000e+13	1.900000000000000000e+01	2.349999999999999659e-04
6.310000000000000000e+13	1.900000000000000000e+01	3.300000000000004319e-04
7.940000000000000000e+13	1.900000000000000000e+01	4.499999999999998793e-04
1.000000000000000000e+14	1.900000000000000000e+01	5.500000000000001416e-04
1.260000000000000000e+14	1.900000000000000000e+01	7.499999999999989314e-04
1.580000000000000000e+14	1.900000000000000000e+01	1.399999999999998468e-03
2.000000000000000000e+14	1.900000000000000000e+01	3.299999999999997380e-03
2.510000000000000000e+14	1.900000000000000000e+01	8.499999999999993672e-03
3.160000000000000000e+14	1.900000000000000000e+01	1.749999999999998779e-02
3.980000000000000000e+14	1.900000000000000000e+01	3.150000000000002798e-02
5.010000000000000000e+14	1.900000000000000000e+01	5.249999999999999112e-02
6.310000000000000000e+14	1.900000000000000000e+01	7.499999999999995559e-02
7.940000000000000000e+14	1.900000000000000000e+01	9.499999999999997335e-02
1.000000000000000000e+15	1.900000000000000000e+01	1.149999999999999911e-01
1.260000000000000000e+15	1.900000000000000000e+01	1.250000000000000000e-01
1.580000000000000000e+15	1.900000000000000000e+01	1.399999999999999023e-01
2.000000000000000000e+15	1.900000000000000000e+01	1.450000000000000178e-01
2.510000000000000000e+15	1.900000000000000000e+01	1.400000000000001243e-01
3.160000000000000000e+15	1.900000000000000000e+01	1.350000000000000089e-01
3.980000000000000000e+15	1.900000000000000000e+01	1.299999999999998934e-01
5.010000000000000000e+15	1.900000000000000000e+01	1.149999999999999911e-01
6.310000000000000000e+15	1.900000000000000000e+01	1.049999999999999822e-01
7.940000000000000000e+15	1.900000000000000000e+01	9.500000000000008438e-02
1.000000000000000000e+16	1.900000000000000000e+01	7.500000000000006661e-02
1.260000000000000000e+16	1.900000000000000000e+01	7.000000000000006217e-02
1.580000000000000000e+16	1.900000000000000000e+01	5.999999999999994227e-02
2.000000000000000000e+16	1.900000000000000000e+01	4.799999999999998712e-02
2.510000000000000000e+16	1.900000000000000000e+01	4.299999999999998268e-02
3.160000000000000000e+16	1.900000000000000000e+01	3.599999999999997646e-02
3.980000000000000000e+16	1.900000000000000000e+01	3.049999999999997158e-02
5.010000000000000000e+16	1.900000000000000000e+01	2.549999999999999489e-02
6.310000000000000000e+16	1.900000000000000000e+01	2.149999999999999134e-02
7.940000000000000000e+16	1.900000000000000000e+01	1.799999999999998823e-02
1.000000000000000000e+17	1.900000000000000000e+01	1.499999999999998557e-02
1.000000000000000000e+11	2.100000000000000000e+01	1.000000000000000269e-09
1.258925411794166107e+11	2.100000000000000000e+01	3.162277660168366287e-09
1.584893192461110840e+11	2.100000000000000000e+01	9.999999999999919146e-09
1.995262314968882751e+11	2.100000000000000000e+01	3.162277660168404337e-08
2.511886431509582214e+11	2.100000000000000000e+01	1.000000000000004455e-07
3.162277660168379517e+11	2.100000000000000000e+01	3.162277660168379721e-07
3.981071705534969482e+11	2.100000000000000000e+01	9.999999999999959313e-07
5.011872336272714844e+11	2.100000000000000000e+01	3.162277660168353780e-06
6.309573444801943359e+11	2.100000000000000000e+01	1.000000000000008891e-05
7.943282347242821045e+11	2.100000000000000000e+01	3.162277660168392405e-05
1.000000000000000000e+12	2.100000000000000000e+01	3.999999999999999650e-05
1.260000000000000000e+12	2.100000000000000000e+01	3.999999999999999650e-05
1.580000000000000000e+12	2.100000000000000000e+01	4.499999999999990119e-05
2.000000000000000000e+12	2.100000000000000000e+01	3.999999999999999650e-05
2.510000000000000000e+12	2.100000000000000000e+01	3.999999999999999650e-05
3.160000000000000000e+12	2.100000000000000000e+01	3.999999999999999650e-05
3.980000000000000000e+12	2.100000000000000000e+01	3.999999999999999650e-05
5.010000000000000000e+12	2.100000000000000000e+01	3.999999999999999650e-05
6.310000000000000000e+12	2.100000000000000000e+01	3.999999999999999650e-05
7.940000000000000000e+12	2.100000000000000000e+01	3.500000000000009180e-05
1.000000000000000000e+13	2.100000000000000000e+01	3.999999999999999650e-05
1.260000000000000000e+13	2.100000000000000000e+01	3.999999999999988808e-05
1.580000000000000000e+13	2.100000000000000000e+01	4.499999999999990119e-05
2.000000000000000000e+13	2.100000000000000000e+01	5.499999999999992742e-05
2.510000000000000000e+13	2.100000000000000000e+01	6.999999999999996676e-05
3.160000000000000000e+13	2.100000000000000000e+01	9.500000000000003234e-05
3.980000000000000000e+13	2.100000000000000000e+01	1.499999999999999598e-04
5.010000000000000000e+13	2.100000000000000000e+01	2.299999999999997359e-04
6.310000000000000000e+13	2.100000000000000000e+01	3.249999999999997682e-04
7.940000000000000000e+13	2.100000000000000000e+01	4.000000000000001818e-04
1.000000000000000000e+14	2.100000000000000000e+01	5.500000000000001416e-04
1.260000000000000000e+14	2.100000000000000000e+01	7.000000000000009687e-04
1.580000000000000000e+14	2.100000000000000000e+01	1.350000000000000505e-03
2.000000000000000000e+14	2.100000000000000000e+01	3.350000000000005751e-03
2.510000000000000000e+14	2.100000000000000000e+01	8.000000000000007105e-03
3.160000000000000000e+14	2.100000000000000000e+01	1.750000000000001554e-02
3.980000000000000000e+14	2.100000000000000000e+01	3.199999999999997291e-02
5.010000000000000000e+14	2.100000000000000000e+01	4.999999999999993339e-02
6.310000000000000000e+14	2.100000000000000000e+01	7.000000000000006217e-02
7.940000000000000000e+14	2.100000000000000000e+01	8.999999999999996891e-02
1.000000000000000000e+15	2.100000000000000000e+01	1.100000000000000977e-01
1.260000000000000000e+15	2.100000000000000000e+01	1.299999999999998934e-01
1.580000000000000000e+15	2.100000000000000000e+01	1.350000000000000089e-01
2.000000000000000000e+15	2.100000000000000000e+01	1.399999999999999023e-01
2.510000000000000000e+15	2.100000000000000000e+01	1.399999999999999023e-01
3.160000000000000000e+15	2.100000000000000000e+01	1.350000000000000089e-01
3.980000000000000000e+15	2.100000000000000000e+01	1.250000000000000000e-01
5.010000000000000000e+15	2.100000000000000000e+01	1.149999999999999911e-01
6.310000000000000000e+15	2.100000000000000000e+01	9.999999999999986677e-02
7.940000000000000000e+15	2.100000000000000000e+01	8.999999999999996891e-02
1.000000000000000000e+16	2.100000000000000000e+01	7.999999999999996003e-02
1.260000000000000000e+16	2.100000000000000000e+01	6.999999999999995115e-02
1.580000000000000000e+16	2.100000000000000000e+01	5.500000000000004885e-02
2.000000000000000000e+16	2.100000000000000000e+01	5.000000000000004441e-02
2.510000000000000000e+16	2.100000000000000000e+01	4.249999999999998224e-02
3.160000000000000000e+16	2.100000000000000000e+01	3.600000000000003197e-02
3.980000000000000000e+16	2.100000000000000000e+01	3.050000000000002709e-02
5.010000000000000000e+16	2.100000000000000000e+01	2.549999999999996714e-02
6.310000000000000000e+16	2.100000000000000000e+01	2.149999999999999134e-02
7.940000000000000000e+16	2.100000000000000000e+01	1.800000000000001599e-02
1.000000000000000000e+17	2.100000000000000000e+01	1.450000000000001288e-02
1.000000000000000000e+11	2.300000000000000000e+01	1.000000000000000269e-09
1.258925411794166107e+11	2.300000000000000000e+01	3.162277660168366287e-09
1.584893192461110840e+11	2.300000000000000000e+01	9.999999999999919146e-09
1.995262314968882751e+11	2.300000000000000000e+01	3.162277660168404337e-08
2.511886431509582214e+11	2.300000000000000000e+01	1.000000000000004455e-07
3.162277660168379517e+11	2.300000000000000000e+01	3.162277660168379721e-07
3.981071705534969482e+11	2.300000000000000000e+01	9.999999999999959313e-07
5.011872336272714844e+11	2.300000000000000000e+01	3.162277660168353780e-06
6.309573444801943359e+11	2.300000000000000000e+01	1.000000000000008891e-05
7.943282347242821045e+11	2.300000000000000000e+01	3.162277660168392405e-05
1.000000000000000000e+12	2.300000000000000000e+01	2.999999999999997027e-05
1.260000000000000000e+12	2.300000000000000000e+01	3.999999999999999650e-05
1.580000000000000000e+12	2.300000000000000000e+01	3.500000000000009180e-05
2.000000000000000000e+12	2.300000000000000000e+01	3.999999999999999650e-05
2.510000000000000000e+12	2.300000000000000000e+01	3.500000000000009180e-05
3.160000000000000000e+12	2.300000000000000000e+01	3.999999999999999650e-05
3.980000000000000000e+12	2.300000000000000000e+01	3.499999999999998338e-05
5.010000000000000000e+12	2.300000000000000000e+01	3.499999999999998338e-05
6.310000000000000000e+12	2.300000000000000000e+01	2.999999999999997027e-05
7.940000000000000000e+12	2.300000000000000000e+01	3.499999999999998338e-05
1.000000000000000000e+13	2.300000000000000000e+01	3.499999999999998338e-05
1.260000000000000000e+13	2.300000000000000000e+01	4.000000000000010492e-05
1.580000000000000000e+13	2.300000000000000000e+01	4.500000000000011803e-05
2.000000000000000000e+13	2.300000000000000000e+01	4.999999999999991430e-05
2.510000000000000000e+13	2.300000000000000000e+01	6.999999999999996676e-05
3.160000000000000000e+13	2.300000000000000000e+01	9.500000000000003234e-05
3.980000000000000000e+13	2.300000000000000000e+01	1.499999999999999598e-04
5.010000000000000000e+13	2.300000000000000000e+01	2.300000000000001696e-04
6.310000000000000000e+13	2.300000000000000000e+01	3.350000000000002282e-04
7.940000000000000000e+13	2.300000000000000000e+01	4.499999999999998793e-04
1.000000000000000000e+14	2.300000000000000000e+01	4.999999999999987094e-04
1.260000000000000000e+14	2.300000000000000000e+01	7.499999999999989314e-04
1.580000000000000000e+14	2.300000000000000000e+01	1.350000000000000505e-03
2.000000000000000000e+14	2.300000000000000000e+01	3.299999999999997380e-03
2.510000000000000000e+14	2.300000000000000000e+01	7.999999999999993228e-03
3.160000000000000000e+14	2.300000000000000000e+01	1.699999999999998734e-02
3.980000000000000000e+14	2.300000000000000000e+01	3.150000000000002798e-02
5.010000000000000000e+14	2.300000000000000000e+01	5.000000000000004441e-02
6.310000000000000000e+14	2.300000000000000000e+01	7.499999999999995559e-02
7.940000000000000000e+14	2.300000000000000000e+01	9.499999999999997335e-02
1.000000000000000000e+15	2.300000000000000000e+01	1.149999999999999911e-01
1.260000000000000000e+15	2.300000000000000000e+01	1.300000000000001155e-01
1.580000000000000000e+15	2.300000000000000000e+01	1.400000000000001243e-01
2.000000000000000000e+15	2.300000000000000000e+01	1.400000000000001243e-01
2.510000000000000000e+15	2.300000000000000000e+01	1.400000000000001243e-01
3.160000000000000000e+15	2.300000000000000000e+01	1.350000000000000089e-01
3.980000000000000000e+15	2.300000000000000000e+01	1.250000000000000000e-01
5.010000000000000000e+15	2.300000000000000000e+01	1.149999999999999911e-01
6.310000000000000000e+15	2.300000000000000000e+01	1.050000000000002043e-01
7.940000000000000000e+15	2.300000000000000000e+01	9.000000000000007994e-02
1.000000000000000000e+16	2.300000000000000000e+01	7.999999999999996003e-02
1.260000000000000000e+16	2.300000000000000000e+01	6.499999999999994671e-02
1.580000000000000000e+16	2.300000000000000000e+01	5.999999999999994227e-02
2.000000000000000000e+16	2.300000000000000000e+01	5.499999999999993783e-02
2.510000000000000000e+16	2.300000000000000000e+01	4.050000000000003597e-02
3.160000000000000000e+16	2.300000000000000000e+01	3.649999999999997691e-02
3.980000000000000000e+16	2.300000000000000000e+01	3.049999999999997158e-02
5.010000000000000000e+16	2.300000000000000000e+01	2.550000000000002265e-02
6.310000000000000000e+16	2.300000000000000000e+01	2.150000000000001910e-02
7.940000000000000000e+16	2.300000000000000000e+01	1.799999999999998823e-02
1.000000000000000000e+17	2.300000000000000000e+01	1.499999999999998557e-02
1.000000000000000000e+11	2.500000000000000000e+01	1.000000000000000269e-09
1.258925411794166107e+11	2.500000000000000000e+01	3.162277660168366287e-09
1.584893192461110840e+11	2.500000000000000000e+01	9.999999999999919146e-09
1.995262314968882751e+11	2.500000000000000000e+01	3.162277660168404337e-08
2.511886431509582214e+11	2.500000000000000000e+01	1.000000000000004455e-07
3.162277660168379517e+11	2.500000000000000000e+01	3.162277660168379721e-07
3.981071705534969482e+11	2.500000000000000000e+01	9.999999999999959313e-07
5.011872336272714844e+11	2.500000000000000000e+01	3.162277660168353780e-06
6.309573444801943359e+11	2.500000000000000000e+01	1.000000000000008891e-05
7.943282347242821045e+11	2.500000000000000000e+01	3.162277660168392405e-05
1.000000000000000000e+12	2.500000000000000000e+01	3.500000000000009180e-05
1.260000000000000000e+12	2.500000000000000000e+01	2.999999999999997027e-05
1.580000000000000000e+12	2.500000000000000000e+01	3.499999999999998338e-05
2.000000000000000000e+12	2.500000000000000000e+01	3.500000000000009180e-05
2.510000000000000000e+12	2.500000000000000000e+01	3.499999999999998338e-05
3.160000000000000000e+12	2.500000000000000000e+01	2.999999999999997027e-05
3.980000000000000000e+12	2.500000000000000000e+01	3.499999999999998338e-05
5.010000000000000000e+12	2.500000000000000000e+01	2.999999999999997027e-05
6.310000000000000000e+12	2.500000000000000000e+01	3.000000000000007869e-05
7.940000000000000000e+12	2.500000000000000000e+01	2.999999999999997027e-05
1.000000000000000000e+13	2.500000000000000000e+01	3.000000000000007869e-05
1.260000000000000000e+13	2.500000000000000000e+01	3.500000000000009180e-05
1.580000000000000000e+13	2.500000000000000000e+01	3.499999999999987496e-05
2.000000000000000000e+13	2.500000000000000000e+01	4.500000000000011803e-05
2.510000000000000000e+13	2.500000000000000000e+01	6.499999999999995365e-05
3.160000000000000000e+13	2.500000000000000000e+01	9.500000000000003234e-05
3.980000000000000000e+13	2.500000000000000000e+01	1.449999999999997298e-04
5.010000000000000000e+13	2.500000000000000000e+01	2.300000000000001696e-04
6.310000000000000000e+13	2.500000000000000000e+01	2.999999999999999195e-04
7.940000000000000000e+13	2.500000000000000000e+01	4.000000000000001818e-04
1.000000000000000000e+14	2.500000000000000000e+01	5.500000000000001416e-04
1.260000000000000000e+14	2.500000000000000000e+01	7.000000000000009687e-04
1.580000000000000000e+14	2.500000000000000000e+01	1.350000000000000505e-03
2.000000000000000000e+14	2.500000000000000000e+01	3.299999999999997380e-03
2.510000000000000000e+14	2.500000000000000000e+01	8.000000000000007105e-03
3.160000000000000000e+14	2.500000000000000000e+01	1.750000000000001554e-02
3.980000000000000000e+14	2.500000000000000000e+01	3.199999999999997291e-02
5.010000000000000000e+14	2.500000000000000000e+01	5.000000000000004441e-02
6.310000000000000000e+14	2.500000000000000000e+01	6.999999999999995115e-02
7.940000000000000000e+14	2.500000000000000000e+01	9.500000000000019540e-02
1.000000000000000000e+15	2.500000000000000000e+01	1.099999999999998757e-01
1.260000000000000000e+15	2.500000000000000000e+01	1.250000000000000000e-01
1.580000000000000000e+15	2.500000000000000000e+01	1.350000000000000089e-01
2.000000000000000000e+15	2.500000000000000000e+01	1.450000000000000178e-01
2.510000000000000000e+15	2.500000000000000000e+01	1.399999999999999023e-01
3.160000000000000000e+15	2.500000000000000000e+01	1.350000000000000089e-01
3.980000000000000000e+15	2.500000000000000000e+01	1.250000000000000000e-01
5.010000000000000000e+15	2.500000000000000000e+01	1.150000000000002132e-01
6.310000000000000000e+15	2.500000000000000000e+01	9.999999999999986677e-02
7.940000000000000000e+15	2.500000000000000000e+01	8.999999999999985789e-02
1.000000000000000000e+16	2.500000000000000000e+01	8.000000000000007105e-02
1.260000000000000000e+16	2.500000000000000000e+01	7.000000000000006217e-02
1.580000000000000000e+16	2.500000000000000000e+01	6.000000000000005329e-02
2.000000000000000000e+16	2.500000000000000000e+01	5.000000000000004441e-02
2.510000000000000000e+16	2.500000000000000000e+01	4.500000000000003997e-02
3.160000000000000000e+16	2.500000000000000000e+01	3.599999999999997646e-02
3.980000000000000000e+16	2.500000000000000000e+01	3.050000000000002709e-02
5.010000000000000000e+16	2.500000000000000000e+01	2.550000000000002265e-02
6.310000000000000000e+16	2.500000000000000000e+01	2.150000000000001910e-02
7.940000000000000000e+16	2.500000000000000000e+01	1.750000000000001554e-02
1.000000000000000000e+17	2.500000000000000000e+01	1.500000000000001332e-02
1.000000000000000000e+11	2.700000000000000000e+01	1.000000000000000269e-09
1.258925411794166107e+11	2.700000000000000000e+01	3.162277660168366287e-09
1.584893192461110840e+11	2.700000000000000000e+01	9.999999999999919146e-09
1.995262314968882751e+11	2.700000000000000000e+01	3.162277660168404337e-08
2.511886431509582214e+11	2.700000000000000000e+01	1.000000000000004455e-07
3.162277660168379517e+11	2.700000000000000000e+01	3.162277660168379721e-07
3.981071705534969482e+11	2.700000000000000000e+01	9.999999999999959313e-07
5.011872336272714844e+11	2.700000000000000000e+01	3.162277660168353780e-06
6.309573444801943359e+11	2.700000000000000000e+01	1.000000000000008891e-05
7.943282347242821045e+11	2.700000000000000000e+01	3.162277660168392405e-05
1.000000000000000000e+12	2.700000000000000000e+01	2.499999999999995715e-05
1.260000000000000000e+12	2.700000000000000000e+01	3.000000000000007869e-05
1.580000000000000000e+12	2.700000000000000000e+01	2.999999999999997027e-05
2.000000000000000000e+12	2.700000000000000000e+01	2.999999999999997027e-05
2.510000000000000000e+12	2.700000000000000000e+01	2.999999999999997027e-05
3.160000000000000000e+12	2.700000000000000000e+01	2.999999999999997027e-05
3.980000000000000000e+12	2.700000000000000000e+01	2.500000000000006557e-05
5.010000000000000000e+12	2.700000000000000000e+01	2.500000000000006557e-05
6.310000000000000000e+12	2.700000000000000000e+01	2.999999999999997027e-05
7.940000000000000000e+12	2.700000000000000000e+01	2.999999999999997027e-05
1.000000000000000000e+13	2.700000000000000000e+01	2.999999999999986185e-05
1.260000000000000000e+13	2.700000000000000000e+01	3.499999999999987496e-05
1.580000000000000000e+13	2.700000000000000000e+01	4.000000000000010492e-05
2.000000000000000000e+13	2.700000000000000000e+01	4.999999999999991430e-05
2.510000000000000000e+13	2.700000000000000000e+01	5.999999999999994053e-05
3.160000000000000000e+13	2.700000000000000000e+01	8.999999999999980238e-05
3.980000000000000000e+13	2.700000000000000000e+01	1.400000000000003672e-04
5.010000000000000000e+13	2.700000000000000000e+01	2.249999999999999396e-04
6.310000000000000000e+13	2.700000000000000000e+01	3.499999999999996170e-04
7.940000000000000000e+13	2.700000000000000000e+01	4.499999999999998793e-04
1.000000000000000000e+14	2.700000000000000000e+01	5.000000000000004441e-04
1.260000000000000000e+14	2.700000000000000000e+01	7.499999999999989314e-04
1.580000000000000000e+14	2.700000000000000000e+01	1.350000000000000505e-03
2.000000000000000000e+14	2.700000000000000000e+01	3.400000000000000244e-03
2.510000000000000000e+14	2.700000000000000000e+01	8.499999999999993672e-03
3.160000000000000000e+14	2.700000000000000000e+01	1.749999999999998779e-02
3.980000000000000000e+14	2.700000000000000000e+01	3.150000000000002798e-02
5.010000000000000000e+14	2.700000000000000000e+01	4.999999999999993339e-02
6.310000000000000000e+14	2.700000000000000000e+01	6.999999999999995115e-02
7.940000000000000000e+14	2.700000000000000000e+01	9.499999999999997335e-02
1.000000000000000000e+15	2.700000000000000000e+01	1.149999999999999911e-01
1.260000000000000000e+15	2.700000000000000000e+01	1.299999999999998934e-01
1.580000000000000000e+15	2.700000000000000000e+01	1.399999999999999023e-01
2.000000000000000000e+15	2.700000000000000000e+01	1.399999999999999023e-01
2.510000000000000000e+15	2.700000000000000000e+01	1.450000000000000178e-01
3.160000000000000000e+15	2.700000000000000000e+01	1.350000000000000089e-01
3.980000000000000000e+15	2.700000000000000000e+01	1.250000000000000000e-01
5.010000000000000000e+15	2.700000000000000000e+01	1.149999999999999911e-01
6.310000000000000000e+15	2.700000000000000000e+01	1.049999999999999822e-01
7.940000000000000000e+15	2.700000000000000000e+01	9.000000000000007994e-02
1.000000000000000000e+16	2.700000000000000000e+01	8.000000000000007105e-02
1.260000000000000000e+16	2.700000000000000000e+01	6.999999999999995115e-02
1.580000000000000000e+16	2.700000000000000000e+01	5.999999999999994227e-02
2.000000000000000000e+16	2.700000000000000000e+01	4.999999999999993339e-02
2.510000000000000000e+16	2.700000000000000000e+01	3.999999999999992450e-02
3.160000000000000000e+16	2.700000000000000000e+01	3.550000000000003153e-02
3.980000000000000000e+16	2.700000000000000000e+01	2.999999999999997113e-02
5.010000000000000000e+16	2.700000000000000000e+01	2.599999999999996758e-02
6.310000000000000000e+16	2.700000000000000000e+01	2.149999999999996358e-02
7.940000000000000000e+16	2.700000000000000000e+01	1.799999999999998823e-02
1.000000000000000000e+17	2.700000000000000000e+01	1.499999999999998557e-02
1.000000000000000000e+11	2.900000000000000000e+01	1.000000000000000269e-09
1.258925411794166107e+11	2.900000000000000000e+01	3.162277660168366287e-09
1.584893192461110840e+11	2.900000000000000000e+01	9.999999999999919146e-09
1.995262314968882751e+11	2.900000000000000000e+01	3.162277660168404337e-08
2.511886431509582214e+11	2.900000000000000000e+01	1.000000000000004455e-07
3.162277660168379517e+11	2.900000000000000000e+01	3.162277660168379721e-07
3.981071705534969482e+11	2.900000000000000000e+01	9.999999999999959313e-07
5.011872336272714844e+11	2.900000000000000000e+01	3.162277660168353780e-06
6.309573444801943359e+11	2.900000000000000000e+01	1.000000000000008891e-05
7.943282347242821045e+11	2.900000000000000000e+01	3.162277660168392405e-05
1.000000000000000000e+12	2.900000000000000000e+01	2.499999999999995715e-05
1.260000000000000000e+12	2.900000000000000000e+01	2.499999999999995715e-05
1.580000000000000000e+12	2.900000000000000000e+01	3.000000000000007869e-05
2.000000000000000000e+12	2.900000000000000000e+01	2.500000000000006557e-05
2.510000000000000000e+12	2.900000000000000000e+01	3.000000000000007869e-05
3.160000000000000000e+12	2.900000000000000000e+01	2.500000000000006557e-05
3.980000000000000000e+12	2.900000000000000000e+01	2.999999999999997027e-05
5.010000000000000000e+12	2.900000000000000000e+01	2.499999999999995715e-05
6.310000000000000000e+12	2.900000000000000000e+01	2.499999999999995715e-05
7.940000000000000000e+12	2.900000000000000000e+01	2.500000000000006557e-05
1.000000000000000000e+13	2.900000000000000000e+01	2.500000000000006557e-05
1.260000000000000000e+13	2.900000000000000000e+01	3.000000000000007869e-05
1.580000000000000000e+13	2.900000000000000000e+01	3.499999999999987496e-05
2.000000000000000000e+13	2.900000000000000000e+01	4.000000000000010492e-05
2.510000000000000000e+13	2.900000000000000000e+01	6.000000000000015737e-05
3.160000000000000000e+13	2.900000000000000000e+01	9.000000000000023606e-05
3.980000000000000000e+13	2.900000000000000000e+01	1.449999999999997298e-04
5.010000000000000000e+13	2.900000000000000000e+01	2.199999999999997097e-04
6.310000000000000000e+13	2.900000000000000000e+01	2.999999999999999195e-04
7.940000000000000000e+13	2.900000000000000000e+01	3.999999999999993144e-04
1.000000000000000000e+14	2.900000000000000000e+01	5.500000000000001416e-04
1.260000000000000000e+14	2.900000000000000000e+01	7.000000000000009687e-04
1.580000000000000000e+14	2.900000000000000000e+01	1.350000000000000505e-03
2.000000000000000000e+14	2.900000000000000000e+01	3.000000000000002665e-03
2.510000000000000000e+14	2.900000000000000000e+01	8.000000000000007105e-03
3.160000000000000000e+14	2.900000000000000000e+01	1.700000000000001510e-02
3.980000000000000000e+14	2.900000000000000000e+01	3.199999999999997291e-02
5.010000000000000000e+14	2.900000000000000000e+01	5.000000000000004441e-02
6.310000000000000000e+14	2.900000000000000000e+01	7.500000000000017764e-02
7.940000000000000000e+14	2.900000000000000000e+01	8.999999999999985789e-02
1.000000000000000000e+15	2.900000000000000000e+01	1.149999999999999911e-01
1.260000000000000000e+15	2.900000000000000000e+01	1.250000000000000000e-01
1.580000000000000000e+15	2.900000000000000000e+01	1.350000000000000089e-01
2.000000000000000000e+15	2.900000000000000000e+01	1.449999999999997957e-01
2.510000000000000000e+15	2.900000000000000000e+01	1.400000000000001243e-01
3.160000000000000000e+15	2.900000000000000000e+01	1.349999999999997868e-01
3.980000000000000000e+15	2.900000000000000000e+01	1.300000000000001155e-01
5.010000000000000000e+15	2.900000000000000000e+01	1.149999999999999911e-01
6.310000000000000000e+15	2.900000000000000000e+01	1.000000000000000888e-01
7.940000000000000000e+15	2.900000000000000000e+01	9.000000000000007994e-02
1.000000000000000000e+16	2.900000000000000000e+01	7.499999999999995559e-02
1.260000000000000000e+16	2.900000000000000000e+01	6.499999999999994671e-02
1.580000000000000000e+16	2.900000000000000000e+01	5.500000000000004885e-02
2.000000000000000000e+16	2.900000000000000000e+01	5.000000000000004441e-02
2.510000000000000000e+16	2.900000000000000000e+01	4.500000000000003997e-02
3.160000000000000000e+16	2.900000000000000000e+01	3.500000000000003109e-02
3.980000000000000000e+16	2.900000000000000000e+01	3.050000000000002709e-02
5.010000000000000000e+16	2.900000000000000000e+01	2.550000000000002265e-02
6.310000000000000000e+16	2.900000000000000000e+01	2.150000000000001910e-02
7.940000000000000000e+16	2.900000000000000000e+01	1.800000000000001599e-02
1.000000000000000000e+17	2.900000000000000000e+01	1.500000000000001332e-02
