1.000000000000000000e+11	5.000000000000000000e-01	1.000000000000000269e-09
1.258925411794166107e+11	5.000000000000000000e-01	3.162277660168366287e-09
1.584893192461110840e+11	5.000000000000000000e-01	9.999999999999919146e-09
1.995262314968882751e+11	5.000000000000000000e-01	3.162277660168404337e-08
2.511886431509582214e+11	5.000000000000000000e-01	1.000000000000004455e-07
3.162277660168379517e+11	5.000000000000000000e-01	3.162277660168379721e-07
3.981071705534969482e+11	5.000000000000000000e-01	9.999999999999959313e-07
5.011872336272714844e+11	5.000000000000000000e-01	3.162277660168353780e-06
6.309573444801943359e+11	5.000000000000000000e-01	1.000000000000008891e-05
7.943282347242821045e+11	5.000000000000000000e-01	3.162277660168392405e-05
1.000000000000000000e+12	5.000000000000000000e-01	1.359999999999999989e-04
1.260000000000000000e+12	5.000000000000000000e-01	1.440000000000000036e-04
1.580000000000000000e+12	5.000000000000000000e-01	1.489999999999999897e-04
2.000000000000000000e+12	5.000000000000000000e-01	1.530000000000000056e-04
2.510000000000000000e+12	5.000000000000000000e-01	1.579999999999999916e-04
3.160000000000000000e+12	5.000000000000000000e-01	1.630000000000000047e-04
3.980000000000000000e+12	5.000000000000000000e-01	1.689999999999999879e-04
5.010000000000000000e+12	5.000000000000000000e-01	1.759999999999999954e-04
6.310000000000000000e+12	5.000000000000000000e-01	1.849999999999999973e-04
7.940000000000000000e+12	5.000000000000000000e-01	1.990000000000000124e-04
1.000000000000000000e+13	5.000000000000000000e-01	2.229999999999999994e-04
1.260000000000000000e+13	5.000000000000000000e-01	2.579999999999999828e-04
1.580000000000000000e+13	5.000000000000000000e-01	2.900000000000000017e-04
2.000000000000000000e+13	5.000000000000000000e-01	3.170000000000000075e-04
2.510000000000000000e+13	5.000000000000000000e-01	3.539999999999999853e-04
3.160000000000000000e+13	5.000000000000000000e-01	4.279999999999999950e-04
3.980000000000000000e+13	5.000000000000000000e-01	5.869999999999999567e-04
5.010000000000000000e+13	5.000000000000000000e-01	8.840000000000000201e-04
6.310000000000000000e+13	5.000000000000000000e-01	1.360000000000000098e-03
7.940000000000000000e+13	5.000000000000000000e-01	2.020000000000000094e-03
1.000000000000000000e+14	5.000000000000000000e-01	2.870000000000000155e-03
1.260000000000000000e+14	5.000000000000000000e-01	3.860000000000000150e-03
1.580000000000000000e+14	5.000000000000000000e-01	5.199999999999999761e-03
2.000000000000000000e+14	5.000000000000000000e-01	7.660000000000000142e-03
2.510000000000000000e+14	5.000000000000000000e-01	1.269999999999999948e-02
3.160000000000000000e+14	5.000000000000000000e-01	2.189999999999999933e-02
3.980000000000000000e+14	5.000000000000000000e-01	3.610000000000000014e-02
5.010000000000000000e+14	5.000000000000000000e-01	5.480000000000000149e-02
6.310000000000000000e+14	5.000000000000000000e-01	7.589999999999999525e-02
7.940000000000000000e+14	5.000000000000000000e-01	9.700000000000000289e-02
1.000000000000000000e+15	5.000000000000000000e-01	1.160000000000000059e-01
1.260000000000000000e+15	5.000000000000000000e-01	1.300000000000000044e-01
1.580000000000000000e+15	5.000000000000000000e-01	1.400000000000000133e-01
2.000000000000000000e+15	5.000000000000000000e-01	1.439999999999999891e-01
2.510000000000000000e+15	5.000000000000000000e-01	1.429999999999999882e-01
3.160000000000000000e+15	5.000000000000000000e-01	1.370000000000000107e-01
3.980000000000000000e+15	5.000000000000000000e-01	1.270000000000000018e-01
5.010000000000000000e+15	5.000000000000000000e-01	1.160000000000000059e-01
6.310000000000000000e+15	5.000000000000000000e-01	1.029999999999999943e-01
7.940000000000000000e+15	5.000000000000000000e-01	9.130000000000000615e-02
1.000000000000000000e+16	5.000000000000000000e-01	7.960000000000000409e-02
1.260000000000000000e+16	5.000000000000000000e-01	6.890000000000000291e-02
1.580000000000000000e+16	5.000000000000000000e-01	5.909999999999999976e-02
2.000000000000000000e+16	5.000000000000000000e-01	5.050000000000000322e-02
2.510000000000000000e+16	5.000000000000000000e-01	4.290000000000000063e-02
3.160000000000000000e+16	5.000000000000000000e-01	3.629999999999999893e-02
3.980000000000000000e+16	5.000000000000000000e-01	3.059999999999999873e-02
5.010000000000000000e+16	5.000000000000000000e-01	2.570000000000000062e-02
6.310000000000000000e+16	5.000000000000000000e-01	2.160000000000000114e-02
7.940000000000000000e+16	5.000000000000000000e-01	1.799999999999999864e-02
1.000000000000000000e+17	5.000000000000000000e-01	1.499999999999999944e-02
1.000000000000000000e+11	1.500000000000000000e+00	1.000000000000000269e-09
1.258925411794166107e+11	1.500000000000000000e+00	3.162277660168366287e-09
1.584893192461110840e+11	1.500000000000000000e+00	9.999999999999919146e-09
1.995262314968882751e+11	1.500000000000000000e+00	3.162277660168404337e-08
2.511886431509582214e+11	1.500000000000000000e+00	1.000000000000004455e-07
3.162277660168379517e+11	1.500000000000000000e+00	3.162277660168379721e-07
3.981071705534969482e+11	1.500000000000000000e+00	9.999999999999959313e-07
5.011872336272714844e+11	1.500000000000000000e+00	3.162277660168353780e-06
6.309573444801943359e+11	1.500000000000000000e+00	1.000000000000008891e-05
7.943282347242821045e+11	1.500000000000000000e+00	3.162277660168392405e-05
1.000000000000000000e+12	1.500000000000000000e+00	1.370000000000000232e-04
1.260000000000000000e+12	1.500000000000000000e+00	1.459999999999999981e-04
1.580000000000000000e+12	1.500000000000000000e+00	1.500000000000000140e-04
2.000000000000000000e+12	1.500000000000000000e+00	1.530000000000000056e-04
2.510000000000000000e+12	1.500000000000000000e+00	1.550000000000000271e-04
3.160000000000000000e+12	1.500000000000000000e+00	1.559999999999999972e-04
3.980000000000000000e+12	1.500000000000000000e+00	1.579999999999999916e-04
5.010000000000000000e+12	1.500000000000000000e+00	1.610000000000000103e-04
6.310000000000000000e+12	1.500000000000000000e+00	1.649999999999999991e-04
7.940000000000000000e+12	1.500000000000000000e+00	1.729999999999999767e-04
1.000000000000000000e+13	1.500000000000000000e+00	1.880000000000000161e-04
1.260000000000000000e+13	1.500000000000000000e+00	2.130000000000000274e-04
1.580000000000000000e+13	1.500000000000000000e+00	2.340000000000000500e-04
2.000000000000000000e+13	1.500000000000000000e+00	2.510000000000000295e-04
2.510000000000000000e+13	1.500000000000000000e+00	2.700000000000000035e-04
3.160000000000000000e+13	1.500000000000000000e+00	3.029999999999999924e-04
3.980000000000000000e+13	1.500000000000000000e+00	3.780000000000000807e-04
5.010000000000000000e+13	1.500000000000000000e+00	5.159999999999999656e-04
6.310000000000000000e+13	1.500000000000000000e+00	7.399999999999997725e-04
7.940000000000000000e+13	1.500000000000000000e+00	1.059999999999999745e-03
1.000000000000000000e+14	1.500000000000000000e+00	1.490000000000000005e-03
1.260000000000000000e+14	1.500000000000000000e+00	2.090000000000000278e-03
1.580000000000000000e+14	1.500000000000000000e+00	3.130000000000000837e-03
2.000000000000000000e+14	1.500000000000000000e+00	5.440000000000000391e-03
2.510000000000000000e+14	1.500000000000000000e+00	1.049999999999999892e-02
3.160000000000000000e+14	1.500000000000000000e+00	1.989999999999999755e-02
3.980000000000000000e+14	1.500000000000000000e+00	3.430000000000000410e-02
5.010000000000000000e+14	1.500000000000000000e+00	5.319999999999999729e-02
6.310000000000000000e+14	1.500000000000000000e+00	7.409999999999999920e-02
7.940000000000000000e+14	1.500000000000000000e+00	9.600000000000000200e-02
1.000000000000000000e+15	1.500000000000000000e+00	1.140000000000000041e-01
1.260000000000000000e+15	1.500000000000000000e+00	1.300000000000000044e-01
1.580000000000000000e+15	1.500000000000000000e+00	1.390000000000000124e-01
2.000000000000000000e+15	1.500000000000000000e+00	1.429999999999999882e-01
2.510000000000000000e+15	1.500000000000000000e+00	1.419999999999999873e-01
3.160000000000000000e+15	1.500000000000000000e+00	1.360000000000000098e-01
3.980000000000000000e+15	1.500000000000000000e+00	1.270000000000000018e-01
5.010000000000000000e+15	1.500000000000000000e+00	1.150000000000000050e-01
6.310000000000000000e+15	1.500000000000000000e+00	1.039999999999999952e-01
7.940000000000000000e+15	1.500000000000000000e+00	9.069999999999998896e-02
1.000000000000000000e+16	1.500000000000000000e+00	7.939999999999999836e-02
1.260000000000000000e+16	1.500000000000000000e+00	6.910000000000000864e-02
1.580000000000000000e+16	1.500000000000000000e+00	5.889999999999999403e-02
2.000000000000000000e+16	1.500000000000000000e+00	5.050000000000000322e-02
2.510000000000000000e+16	1.500000000000000000e+00	4.279999999999999777e-02
3.160000000000000000e+16	1.500000000000000000e+00	3.619999999999999607e-02
3.980000000000000000e+16	1.500000000000000000e+00	3.050000000000000280e-02
5.010000000000000000e+16	1.500000000000000000e+00	2.570000000000000062e-02
6.310000000000000000e+16	1.500000000000000000e+00	2.149999999999999828e-02
7.940000000000000000e+16	1.500000000000000000e+00	1.799999999999999864e-02
1.000000000000000000e+17	1.500000000000000000e+00	1.509999999999999884e-02
1.000000000000000000e+11	2.500000000000000000e+00	1.000000000000000269e-09
1.258925411794166107e+11	2.500000000000000000e+00	3.162277660168366287e-09
1.584893192461110840e+11	2.500000000000000000e+00	9.999999999999919146e-09
1.995262314968882751e+11	2.500000000000000000e+00	3.162277660168404337e-08
2.511886431509582214e+11	2.500000000000000000e+00	1.000000000000004455e-07
3.162277660168379517e+11	2.500000000000000000e+00	3.162277660168379721e-07
3.981071705534969482e+11	2.500000000000000000e+00	9.999999999999959313e-07
5.011872336272714844e+11	2.500000000000000000e+00	3.162277660168353780e-06
6.309573444801943359e+11	2.500000000000000000e+00	1.000000000000008891e-05
7.943282347242821045e+11	2.500000000000000000e+00	3.162277660168392405e-05
1.000000000000000000e+12	2.500000000000000000e+00	1.399999999999999877e-04
1.260000000000000000e+12	2.500000000000000000e+00	1.469999999999999953e-04
1.580000000000000000e+12	2.500000000000000000e+00	1.509999999999999841e-04
2.000000000000000000e+12	2.500000000000000000e+00	1.540000000000000028e-04
2.510000000000000000e+12	2.500000000000000000e+00	1.540000000000000028e-04
3.160000000000000000e+12	2.500000000000000000e+00	1.540000000000000028e-04
3.980000000000000000e+12	2.500000000000000000e+00	1.530000000000000327e-04
5.010000000000000000e+12	2.500000000000000000e+00	1.540000000000000028e-04
6.310000000000000000e+12	2.500000000000000000e+00	1.560000000000000514e-04
7.940000000000000000e+12	2.500000000000000000e+00	1.600000000000000402e-04
1.000000000000000000e+13	2.500000000000000000e+00	1.710000000000000365e-04
1.260000000000000000e+13	2.500000000000000000e+00	1.910000000000000348e-04
1.580000000000000000e+13	2.500000000000000000e+00	2.069999999999999358e-04
2.000000000000000000e+13	2.500000000000000000e+00	2.199999999999999265e-04
2.510000000000000000e+13	2.500000000000000000e+00	2.349999999999999659e-04
3.160000000000000000e+13	2.500000000000000000e+00	2.599999999999999230e-04
3.980000000000000000e+13	2.500000000000000000e+00	3.150000000000000673e-04
5.010000000000000000e+13	2.500000000000000000e+00	4.200000000000000174e-04
6.310000000000000000e+13	2.500000000000000000e+00	5.600000000000001678e-04
7.940000000000000000e+13	2.500000000000000000e+00	7.600000000000002587e-04
1.000000000000000000e+14	2.500000000000000000e+00	1.029999999999999666e-03
1.260000000000000000e+14	2.500000000000000000e+00	1.449999999999999900e-03
1.580000000000000000e+14	2.500000000000000000e+00	2.369999999999998844e-03
2.000000000000000000e+14	2.500000000000000000e+00	4.599999999999999922e-03
2.510000000000000000e+14	2.500000000000000000e+00	9.600000000000004363e-03
3.160000000000000000e+14	2.500000000000000000e+00	1.900000000000000300e-02
3.980000000000000000e+14	2.500000000000000000e+00	3.359999999999999098e-02
5.010000000000000000e+14	2.500000000000000000e+00	5.200000000000000455e-02
6.310000000000000000e+14	2.500000000000000000e+00	7.400000000000001021e-02
7.940000000000000000e+14	2.500000000000000000e+00	9.499999999999997335e-02
1.000000000000000000e+15	2.500000000000000000e+00	1.149999999999999634e-01
1.260000000000000000e+15	2.500000000000000000e+00	1.290000000000000036e-01
1.580000000000000000e+15	2.500000000000000000e+00	1.379999999999999560e-01
2.000000000000000000e+15	2.500000000000000000e+00	1.430000000000000160e-01
2.510000000000000000e+15	2.500000000000000000e+00	1.420000000000000151e-01
3.160000000000000000e+15	2.500000000000000000e+00	1.359999999999999543e-01
3.980000000000000000e+15	2.500000000000000000e+00	1.270000000000000018e-01
5.010000000000000000e+15	2.500000000000000000e+00	1.149999999999999634e-01
6.310000000000000000e+15	2.500000000000000000e+00	1.030000000000000082e-01
7.940000000000000000e+15	2.500000000000000000e+00	9.100000000000002531e-02
1.000000000000000000e+16	2.500000000000000000e+00	7.899999999999998690e-02
1.260000000000000000e+16	2.500000000000000000e+00	6.799999999999997713e-02
1.580000000000000000e+16	2.500000000000000000e+00	5.899999999999999689e-02
2.000000000000000000e+16	2.500000000000000000e+00	4.999999999999998890e-02
2.510000000000000000e+16	2.500000000000000000e+00	4.230000000000000426e-02
3.160000000000000000e+16	2.500000000000000000e+00	3.650000000000000466e-02
3.980000000000000000e+16	2.500000000000000000e+00	3.049999999999999933e-02
5.010000000000000000e+16	2.500000000000000000e+00	2.559999999999999776e-02
6.310000000000000000e+16	2.500000000000000000e+00	2.150000000000000522e-02
7.940000000000000000e+16	2.500000000000000000e+00	1.800000000000000211e-02
1.000000000000000000e+17	2.500000000000000000e+00	1.500000000000000291e-02
1.000000000000000000e+11	3.500000000000000000e+00	1.000000000000000269e-09
1.258925411794166107e+11	3.500000000000000000e+00	3.162277660168366287e-09
1.584893192461110840e+11	3.500000000000000000e+00	9.999999999999919146e-09
1.995262314968882751e+11	3.500000000000000000e+00	3.162277660168404337e-08
2.511886431509582214e+11	3.500000000000000000e+00	1.000000000000004455e-07
3.162277660168379517e+11	3.500000000000000000e+00	3.162277660168379721e-07
3.981071705534969482e+11	3.500000000000000000e+00	9.999999999999959313e-07
5.011872336272714844e+11	3.500000000000000000e+00	3.162277660168353780e-06
6.309573444801943359e+11	3.500000000000000000e+00	1.000000000000008891e-05
7.943282347242821045e+11	3.500000000000000000e+00	3.162277660168392405e-05
1.000000000000000000e+12	3.500000000000000000e+00	1.410000000000000120e-04
1.260000000000000000e+12	3.500000000000000000e+00	1.499999999999999598e-04
1.580000000000000000e+12	3.500000000000000000e+00	1.530000000000000327e-04
2.000000000000000000e+12	3.500000000000000000e+00	1.549999999999999729e-04
2.510000000000000000e+12	3.500000000000000000e+00	1.540000000000000028e-04
3.160000000000000000e+12	3.500000000000000000e+00	1.530000000000000327e-04
3.980000000000000000e+12	3.500000000000000000e+00	1.510000000000000383e-04
5.010000000000000000e+12	3.500000000000000000e+00	1.499999999999999598e-04
6.310000000000000000e+12	3.500000000000000000e+00	1.489999999999999354e-04
7.940000000000000000e+12	3.500000000000000000e+00	1.509999999999999841e-04
1.000000000000000000e+13	3.500000000000000000e+00	1.599999999999999860e-04
1.260000000000000000e+13	3.500000000000000000e+00	1.749999999999999169e-04
1.580000000000000000e+13	3.500000000000000000e+00	1.880000000000000161e-04
2.000000000000000000e+13	3.500000000000000000e+00	1.990000000000000666e-04
2.510000000000000000e+13	3.500000000000000000e+00	2.110000000000000330e-04
3.160000000000000000e+13	3.500000000000000000e+00	2.390000000000000631e-04
3.980000000000000000e+13	3.500000000000000000e+00	2.799999999999998671e-04
5.010000000000000000e+13	3.500000000000000000e+00	3.700000000000001031e-04
6.310000000000000000e+13	3.500000000000000000e+00	4.799999999999999580e-04
7.940000000000000000e+13	3.500000000000000000e+00	6.299999999999999177e-04
1.000000000000000000e+14	3.500000000000000000e+00	8.300000000000000086e-04
1.260000000000000000e+14	3.500000000000000000e+00	1.159999999999999573e-03
1.580000000000000000e+14	3.500000000000000000e+00	1.900000000000000647e-03
2.000000000000000000e+14	3.500000000000000000e+00	4.099999999999999478e-03
2.510000000000000000e+14	3.500000000000000000e+00	9.099999999999996980e-03
3.160000000000000000e+14	3.500000000000000000e+00	1.840000000000000663e-02
3.980000000000000000e+14	3.500000000000000000e+00	3.300000000000001543e-02
5.010000000000000000e+14	3.500000000000000000e+00	5.199999999999999067e-02
6.310000000000000000e+14	3.500000000000000000e+00	7.399999999999998246e-02
7.940000000000000000e+14	3.500000000000000000e+00	9.500000000000002887e-02
1.000000000000000000e+15	3.500000000000000000e+00	1.140000000000000457e-01
1.260000000000000000e+15	3.500000000000000000e+00	1.280000000000000027e-01
1.580000000000000000e+15	3.500000000000000000e+00	1.380000000000000671e-01
2.000000000000000000e+15	3.500000000000000000e+00	1.419999999999999596e-01
2.510000000000000000e+15	3.500000000000000000e+00	1.409999999999999587e-01
3.160000000000000000e+15	3.500000000000000000e+00	1.350000000000000644e-01
3.980000000000000000e+15	3.500000000000000000e+00	1.260000000000000009e-01
5.010000000000000000e+15	3.500000000000000000e+00	1.160000000000000475e-01
6.310000000000000000e+15	3.500000000000000000e+00	1.029999999999999805e-01
7.940000000000000000e+15	3.500000000000000000e+00	9.099999999999996980e-02
1.000000000000000000e+16	3.500000000000000000e+00	8.000000000000001554e-02
1.260000000000000000e+16	3.500000000000000000e+00	6.900000000000003353e-02
1.580000000000000000e+16	3.500000000000000000e+00	5.899999999999999689e-02
2.000000000000000000e+16	3.500000000000000000e+00	5.000000000000001665e-02
2.510000000000000000e+16	3.500000000000000000e+00	4.300000000000001044e-02
3.160000000000000000e+16	3.500000000000000000e+00	3.599999999999999034e-02
3.980000000000000000e+16	3.500000000000000000e+00	3.039999999999999647e-02
5.010000000000000000e+16	3.500000000000000000e+00	2.599999999999999534e-02
6.310000000000000000e+16	3.500000000000000000e+00	2.149999999999999134e-02
7.940000000000000000e+16	3.500000000000000000e+00	1.799999999999999517e-02
1.000000000000000000e+17	3.500000000000000000e+00	1.489999999999999658e-02
1.000000000000000000e+11	4.500000000000000000e+00	1.000000000000000269e-09
1.258925411794166107e+11	4.500000000000000000e+00	3.162277660168366287e-09
1.584893192461110840e+11	4.500000000000000000e+00	9.999999999999919146e-09
1.995262314968882751e+11	4.500000000000000000e+00	3.162277660168404337e-08
2.511886431509582214e+11	4.500000000000000000e+00	1.000000000000004455e-07
3.162277660168379517e+11	4.500000000000000000e+00	3.162277660168379721e-07
3.981071705534969482e+11	4.500000000000000000e+00	9.999999999999959313e-07
5.011872336272714844e+11	4.500000000000000000e+00	3.162277660168353780e-06
6.309573444801943359e+11	4.500000000000000000e+00	1.000000000000008891e-05
7.943282347242821045e+11	4.500000000000000000e+00	3.162277660168392405e-05
1.000000000000000000e+12	4.500000000000000000e+00	1.430000000000000064e-04
1.260000000000000000e+12	4.500000000000000000e+00	1.510000000000000925e-04
1.580000000000000000e+12	4.500000000000000000e+00	1.549999999999999729e-04
2.000000000000000000e+12	4.500000000000000000e+00	1.559999999999999972e-04
2.510000000000000000e+12	4.500000000000000000e+00	1.549999999999999729e-04
3.160000000000000000e+12	4.500000000000000000e+00	1.520000000000000084e-04
3.980000000000000000e+12	4.500000000000000000e+00	1.499999999999999598e-04
5.010000000000000000e+12	4.500000000000000000e+00	1.460000000000000794e-04
6.310000000000000000e+12	4.500000000000000000e+00	1.450000000000000551e-04
7.940000000000000000e+12	4.500000000000000000e+00	1.449999999999999466e-04
1.000000000000000000e+13	4.500000000000000000e+00	1.499999999999999598e-04
1.260000000000000000e+13	4.500000000000000000e+00	1.620000000000001430e-04
1.580000000000000000e+13	4.500000000000000000e+00	1.710000000000000365e-04
2.000000000000000000e+13	4.500000000000000000e+00	1.830000000000000029e-04
2.510000000000000000e+13	4.500000000000000000e+00	2.000000000000000909e-04
3.160000000000000000e+13	4.500000000000000000e+00	2.100000000000001171e-04
3.980000000000000000e+13	4.500000000000000000e+00	2.700000000000000577e-04
5.010000000000000000e+13	4.500000000000000000e+00	3.400000000000000244e-04
6.310000000000000000e+13	4.500000000000000000e+00	4.499999999999998793e-04
7.940000000000000000e+13	4.500000000000000000e+00	5.700000000000001940e-04
1.000000000000000000e+14	4.500000000000000000e+00	7.299999999999997463e-04
1.260000000000000000e+14	4.500000000000000000e+00	9.899999999999995609e-04
1.580000000000000000e+14	4.500000000000000000e+00	1.799999999999999517e-03
2.000000000000000000e+14	4.500000000000000000e+00	3.800000000000001293e-03
2.510000000000000000e+14	4.500000000000000000e+00	8.699999999999999400e-03
3.160000000000000000e+14	4.500000000000000000e+00	1.799999999999998823e-02
3.980000000000000000e+14	4.500000000000000000e+00	3.200000000000000067e-02
5.010000000000000000e+14	4.500000000000000000e+00	5.200000000000001843e-02
6.310000000000000000e+14	4.500000000000000000e+00	7.300000000000000933e-02
7.940000000000000000e+14	4.500000000000000000e+00	9.499999999999997335e-02
1.000000000000000000e+15	4.500000000000000000e+00	1.129999999999999338e-01
1.260000000000000000e+15	4.500000000000000000e+00	1.290000000000000036e-01
1.580000000000000000e+15	4.500000000000000000e+00	1.379999999999999005e-01
2.000000000000000000e+15	4.500000000000000000e+00	1.430000000000000160e-01
2.510000000000000000e+15	4.500000000000000000e+00	1.420000000000000151e-01
3.160000000000000000e+15	4.500000000000000000e+00	1.360000000000000098e-01
3.980000000000000000e+15	4.500000000000000000e+00	1.260000000000000009e-01
5.010000000000000000e+15	4.500000000000000000e+00	1.149999999999999356e-01
6.310000000000000000e+15	4.500000000000000000e+00	1.030000000000000360e-01
7.940000000000000000e+15	4.500000000000000000e+00	9.100000000000002531e-02
1.000000000000000000e+16	4.500000000000000000e+00	7.900000000000001465e-02
1.260000000000000000e+16	4.500000000000000000e+00	6.800000000000000488e-02
1.580000000000000000e+16	4.500000000000000000e+00	5.899999999999999689e-02
2.000000000000000000e+16	4.500000000000000000e+00	5.099999999999998979e-02
2.510000000000000000e+16	4.500000000000000000e+00	4.299999999999998268e-02
3.160000000000000000e+16	4.500000000000000000e+00	3.600000000000000422e-02
3.980000000000000000e+16	4.500000000000000000e+00	3.099999999999999978e-02
5.010000000000000000e+16	4.500000000000000000e+00	2.500000000000000833e-02
6.310000000000000000e+16	4.500000000000000000e+00	2.190000000000000280e-02
7.940000000000000000e+16	4.500000000000000000e+00	1.789999999999999925e-02
1.000000000000000000e+17	4.500000000000000000e+00	1.499999999999999944e-02
1.000000000000000000e+11	5.500000000000000000e+00	1.000000000000000269e-09
1.258925411794166107e+11	5.500000000000000000e+00	3.162277660168366287e-09
1.584893192461110840e+11	5.500000000000000000e+00	9.999999999999919146e-09
1.995262314968882751e+11	5.500000000000000000e+00	3.162277660168404337e-08
2.511886431509582214e+11	5.500000000000000000e+00	1.000000000000004455e-07
3.162277660168379517e+11	5.500000000000000000e+00	3.162277660168379721e-07
3.981071705534969482e+11	5.500000000000000000e+00	9.999999999999959313e-07
5.011872336272714844e+11	5.500000000000000000e+00	3.162277660168353780e-06
6.309573444801943359e+11	5.500000000000000000e+00	1.000000000000008891e-05
7.943282347242821045e+11	5.500000000000000000e+00	3.162277660168392405e-05
1.000000000000000000e+12	5.500000000000000000e+00	1.449999999999999466e-04
1.260000000000000000e+12	5.500000000000000000e+00	1.529999999999999243e-04
1.580000000000000000e+12	5.500000000000000000e+00	1.570000000000000215e-04
2.000000000000000000e+12	5.500000000000000000e+00	1.570000000000000215e-04
2.510000000000000000e+12	5.500000000000000000e+00	1.549999999999999729e-04
3.160000000000000000e+12	5.500000000000000000e+00	1.520000000000000084e-04
3.980000000000000000e+12	5.500000000000000000e+00	1.469999999999999953e-04
5.010000000000000000e+12	5.500000000000000000e+00	1.439999999999999223e-04
6.310000000000000000e+12	5.500000000000000000e+00	1.399999999999999335e-04
7.940000000000000000e+12	5.500000000000000000e+00	1.400000000000000419e-04
1.000000000000000000e+13	5.500000000000000000e+00	1.479999999999999111e-04
1.260000000000000000e+13	5.500000000000000000e+00	1.509999999999998756e-04
1.580000000000000000e+13	5.500000000000000000e+00	1.599999999999999860e-04
2.000000000000000000e+13	5.500000000000000000e+00	1.700000000000000122e-04
2.510000000000000000e+13	5.500000000000000000e+00	1.799999999999998216e-04
3.160000000000000000e+13	5.500000000000000000e+00	2.099999999999999003e-04
3.980000000000000000e+13	5.500000000000000000e+00	2.499999999999997884e-04
5.010000000000000000e+13	5.500000000000000000e+00	3.299999999999999982e-04
6.310000000000000000e+13	5.500000000000000000e+00	4.199999999999998006e-04
7.940000000000000000e+13	5.500000000000000000e+00	5.300000000000000891e-04
1.000000000000000000e+14	5.500000000000000000e+00	6.599999999999999964e-04
1.260000000000000000e+14	5.500000000000000000e+00	9.500000000000011907e-04
1.580000000000000000e+14	5.500000000000000000e+00	1.600000000000000727e-03
2.000000000000000000e+14	5.500000000000000000e+00	3.599999999999999034e-03
2.510000000000000000e+14	5.500000000000000000e+00	8.500000000000000611e-03
3.160000000000000000e+14	5.500000000000000000e+00	1.780000000000001026e-02
3.980000000000000000e+14	5.500000000000000000e+00	3.300000000000000155e-02
5.010000000000000000e+14	5.500000000000000000e+00	5.099999999999998979e-02
6.310000000000000000e+14	5.500000000000000000e+00	7.200000000000000844e-02
7.940000000000000000e+14	5.500000000000000000e+00	9.399999999999997247e-02
1.000000000000000000e+15	5.500000000000000000e+00	1.140000000000001013e-01
1.260000000000000000e+15	5.500000000000000000e+00	1.280000000000000027e-01
1.580000000000000000e+15	5.500000000000000000e+00	1.380000000000000115e-01
2.000000000000000000e+15	5.500000000000000000e+00	1.420000000000000151e-01
2.510000000000000000e+15	5.500000000000000000e+00	1.410000000000000142e-01
3.160000000000000000e+15	5.500000000000000000e+00	1.359999999999998987e-01
3.980000000000000000e+15	5.500000000000000000e+00	1.270000000000000018e-01
5.010000000000000000e+15	5.500000000000000000e+00	1.149999999999999911e-01
6.310000000000000000e+15	5.500000000000000000e+00	1.029999999999999805e-01
7.940000000000000000e+15	5.500000000000000000e+00	9.100000000000002531e-02
1.000000000000000000e+16	5.500000000000000000e+00	7.899999999999995914e-02
1.260000000000000000e+16	5.500000000000000000e+00	6.899999999999995026e-02
1.580000000000000000e+16	5.500000000000000000e+00	5.899999999999999689e-02
2.000000000000000000e+16	5.500000000000000000e+00	4.999999999999998890e-02
2.510000000000000000e+16	5.500000000000000000e+00	4.300000000000001044e-02
3.160000000000000000e+16	5.500000000000000000e+00	3.600000000000000422e-02
3.980000000000000000e+16	5.500000000000000000e+00	2.999999999999999889e-02
5.010000000000000000e+16	5.500000000000000000e+00	2.599999999999999534e-02
6.310000000000000000e+16	5.500000000000000000e+00	2.100000000000000477e-02
7.940000000000000000e+16	5.500000000000000000e+00	1.810000000000000497e-02
1.000000000000000000e+17	5.500000000000000000e+00	1.499999999999999944e-02
1.000000000000000000e+11	6.500000000000000000e+00	1.000000000000000269e-09
1.258925411794166107e+11	6.500000000000000000e+00	3.162277660168366287e-09
1.584893192461110840e+11	6.500000000000000000e+00	9.999999999999919146e-09
1.995262314968882751e+11	6.500000000000000000e+00	3.162277660168404337e-08
2.511886431509582214e+11	6.500000000000000000e+00	1.000000000000004455e-07
3.162277660168379517e+11	6.500000000000000000e+00	3.162277660168379721e-07
3.981071705534969482e+11	6.500000000000000000e+00	9.999999999999959313e-07
5.011872336272714844e+11	6.500000000000000000e+00	3.162277660168353780e-06
6.309573444801943359e+11	6.500000000000000000e+00	1.000000000000008891e-05
7.943282347242821045e+11	6.500000000000000000e+00	3.162277660168392405e-05
1.000000000000000000e+12	6.500000000000000000e+00	1.459999999999999709e-04
1.260000000000000000e+12	6.500000000000000000e+00	1.589999999999999617e-04
1.580000000000000000e+12	6.500000000000000000e+00	1.549999999999999729e-04
2.000000000000000000e+12	6.500000000000000000e+00	1.620000000000000346e-04
2.510000000000000000e+12	6.500000000000000000e+00	1.590000000000000701e-04
3.160000000000000000e+12	6.500000000000000000e+00	1.499999999999999598e-04
3.980000000000000000e+12	6.500000000000000000e+00	1.520000000000000084e-04
5.010000000000000000e+12	6.500000000000000000e+00	1.390000000000000176e-04
6.310000000000000000e+12	6.500000000000000000e+00	1.400000000000000419e-04
7.940000000000000000e+12	6.500000000000000000e+00	1.320000000000000643e-04
1.000000000000000000e+13	6.500000000000000000e+00	1.300000000000001241e-04
1.260000000000000000e+13	6.500000000000000000e+00	1.499999999999999598e-04
1.580000000000000000e+13	6.500000000000000000e+00	1.499999999999999598e-04
2.000000000000000000e+13	6.500000000000000000e+00	1.599999999999999860e-04
2.510000000000000000e+13	6.500000000000000000e+00	1.700000000000000122e-04
3.160000000000000000e+13	6.500000000000000000e+00	1.900000000000000647e-04
3.980000000000000000e+13	6.500000000000000000e+00	2.300000000000001696e-04
5.010000000000000000e+13	6.500000000000000000e+00	3.099999999999999457e-04
6.310000000000000000e+13	6.500000000000000000e+00	4.000000000000001818e-04
7.940000000000000000e+13	6.500000000000000000e+00	4.999999999999995767e-04
1.000000000000000000e+14	6.500000000000000000e+00	6.300000000000012187e-04
1.260000000000000000e+14	6.500000000000000000e+00	7.999999999999986289e-04
1.580000000000000000e+14	6.500000000000000000e+00	1.500000000000001332e-03
2.000000000000000000e+14	6.500000000000000000e+00	3.499999999999999639e-03
2.510000000000000000e+14	6.500000000000000000e+00	8.400000000000004685e-03
3.160000000000000000e+14	6.500000000000000000e+00	1.800000000000000211e-02
3.980000000000000000e+14	6.500000000000000000e+00	3.200000000000000067e-02
5.010000000000000000e+14	6.500000000000000000e+00	5.099999999999998979e-02
6.310000000000000000e+14	6.500000000000000000e+00	7.300000000000000933e-02
7.940000000000000000e+14	6.500000000000000000e+00	9.400000000000008349e-02
1.000000000000000000e+15	6.500000000000000000e+00	1.129999999999999893e-01
1.260000000000000000e+15	6.500000000000000000e+00	1.280000000000000027e-01
1.580000000000000000e+15	6.500000000000000000e+00	1.380000000000000115e-01
2.000000000000000000e+15	6.500000000000000000e+00	1.430000000000000160e-01
2.510000000000000000e+15	6.500000000000000000e+00	1.410000000000000142e-01
3.160000000000000000e+15	6.500000000000000000e+00	1.350000000000000089e-01
3.980000000000000000e+15	6.500000000000000000e+00	1.260000000000000009e-01
5.010000000000000000e+15	6.500000000000000000e+00	1.150000000000001021e-01
6.310000000000000000e+15	6.500000000000000000e+00	1.029999999999999805e-01
7.940000000000000000e+15	6.500000000000000000e+00	9.099999999999996980e-02
1.000000000000000000e+16	6.500000000000000000e+00	7.900000000000007017e-02
1.260000000000000000e+16	6.500000000000000000e+00	6.800000000000000488e-02
1.580000000000000000e+16	6.500000000000000000e+00	5.899999999999999689e-02
2.000000000000000000e+16	6.500000000000000000e+00	4.999999999999998890e-02
2.510000000000000000e+16	6.500000000000000000e+00	4.199999999999998179e-02
3.160000000000000000e+16	6.500000000000000000e+00	3.600000000000000422e-02
3.980000000000000000e+16	6.500000000000000000e+00	3.099999999999999978e-02
5.010000000000000000e+16	6.500000000000000000e+00	2.499999999999999445e-02
6.310000000000000000e+16	6.500000000000000000e+00	2.099999999999999090e-02
7.940000000000000000e+16	6.500000000000000000e+00	1.800000000000000211e-02
1.000000000000000000e+17	6.500000000000000000e+00	1.499999999999999944e-02
1.000000000000000000e+11	7.500000000000000000e+00	1.000000000000000269e-09
1.258925411794166107e+11	7.500000000000000000e+00	3.162277660168366287e-09
1.584893192461110840e+11	7.500000000000000000e+00	9.999999999999919146e-09
1.995262314968882751e+11	7.500000000000000000e+00	3.162277660168404337e-08
2.511886431509582214e+11	7.500000000000000000e+00	1.000000000000004455e-07
3.162277660168379517e+11	7.500000000000000000e+00	3.162277660168379721e-07
3.981071705534969482e+11	7.500000000000000000e+00	9.999999999999959313e-07
5.011872336272714844e+11	7.500000000000000000e+00	3.162277660168353780e-06
6.309573444801943359e+11	7.500000000000000000e+00	1.000000000000008891e-05
7.943282347242821045e+11	7.500000000000000000e+00	3.162277660168392405e-05
1.000000000000000000e+12	7.500000000000000000e+00	1.520000000000000084e-04
1.260000000000000000e+12	7.500000000000000000e+00	1.499999999999999598e-04
1.580000000000000000e+12	7.500000000000000000e+00	1.599999999999999860e-04
2.000000000000000000e+12	7.500000000000000000e+00	1.499999999999999598e-04
2.510000000000000000e+12	7.500000000000000000e+00	1.499999999999999598e-04
3.160000000000000000e+12	7.500000000000000000e+00	1.499999999999999598e-04
3.980000000000000000e+12	7.500000000000000000e+00	1.399999999999999335e-04
5.010000000000000000e+12	7.500000000000000000e+00	1.399999999999999335e-04
6.310000000000000000e+12	7.500000000000000000e+00	1.299999999999999073e-04
7.940000000000000000e+12	7.500000000000000000e+00	1.299999999999999073e-04
1.000000000000000000e+13	7.500000000000000000e+00	1.299999999999999073e-04
1.260000000000000000e+13	7.500000000000000000e+00	1.300000000000001241e-04
1.580000000000000000e+13	7.500000000000000000e+00	1.499999999999999598e-04
2.000000000000000000e+13	7.500000000000000000e+00	1.399999999999999335e-04
2.510000000000000000e+13	7.500000000000000000e+00	1.599999999999999860e-04
3.160000000000000000e+13	7.500000000000000000e+00	1.800000000000000384e-04
3.980000000000000000e+13	7.500000000000000000e+00	2.300000000000001696e-04
5.010000000000000000e+13	7.500000000000000000e+00	2.999999999999999195e-04
6.310000000000000000e+13	7.500000000000000000e+00	4.000000000000001818e-04
7.940000000000000000e+13	7.500000000000000000e+00	5.000000000000004441e-04
1.000000000000000000e+14	7.500000000000000000e+00	6.099999999999994316e-04
1.260000000000000000e+14	7.500000000000000000e+00	8.000000000000003636e-04
1.580000000000000000e+14	7.500000000000000000e+00	1.499999999999997863e-03
2.000000000000000000e+14	7.500000000000000000e+00	3.500000000000003109e-03
2.510000000000000000e+14	7.500000000000000000e+00	8.300000000000001821e-03
3.160000000000000000e+14	7.500000000000000000e+00	1.699999999999998734e-02
3.980000000000000000e+14	7.500000000000000000e+00	3.200000000000000067e-02
5.010000000000000000e+14	7.500000000000000000e+00	5.099999999999998979e-02
6.310000000000000000e+14	7.500000000000000000e+00	7.299999999999995381e-02
7.940000000000000000e+14	7.500000000000000000e+00	9.399999999999997247e-02
1.000000000000000000e+15	7.500000000000000000e+00	1.129999999999999893e-01
1.260000000000000000e+15	7.500000000000000000e+00	1.280000000000000027e-01
1.580000000000000000e+15	7.500000000000000000e+00	1.410000000000001252e-01
2.000000000000000000e+15	7.500000000000000000e+00	1.399999999999999023e-01
2.510000000000000000e+15	7.500000000000000000e+00	1.379999999999999005e-01
3.160000000000000000e+15	7.500000000000000000e+00	1.390000000000001235e-01
3.980000000000000000e+15	7.500000000000000000e+00	1.239999999999999991e-01
5.010000000000000000e+15	7.500000000000000000e+00	1.149999999999999911e-01
6.310000000000000000e+15	7.500000000000000000e+00	1.029999999999999805e-01
7.940000000000000000e+15	7.500000000000000000e+00	8.999999999999996891e-02
1.000000000000000000e+16	7.500000000000000000e+00	7.999999999999996003e-02
1.260000000000000000e+16	7.500000000000000000e+00	6.900000000000006128e-02
1.580000000000000000e+16	7.500000000000000000e+00	5.799999999999999600e-02
2.000000000000000000e+16	7.500000000000000000e+00	5.000000000000004441e-02
2.510000000000000000e+16	7.500000000000000000e+00	4.300000000000003819e-02
3.160000000000000000e+16	7.500000000000000000e+00	3.599999999999997646e-02
3.980000000000000000e+16	7.500000000000000000e+00	2.999999999999999889e-02
5.010000000000000000e+16	7.500000000000000000e+00	2.599999999999999534e-02
6.310000000000000000e+16	7.500000000000000000e+00	2.199999999999999178e-02
7.940000000000000000e+16	7.500000000000000000e+00	1.799999999999998823e-02
1.000000000000000000e+17	7.500000000000000000e+00	1.499999999999999944e-02
1.000000000000000000e+11	8.500000000000000000e+00	1.000000000000000269e-09
1.258925411794166107e+11	8.500000000000000000e+00	3.162277660168366287e-09
1.584893192461110840e+11	8.500000000000000000e+00	9.999999999999919146e-09
1.995262314968882751e+11	8.500000000000000000e+00	3.162277660168404337e-08
2.511886431509582214e+11	8.500000000000000000e+00	1.000000000000004455e-07
3.162277660168379517e+11	8.500000000000000000e+00	3.162277660168379721e-07
3.981071705534969482e+11	8.500000000000000000e+00	9.999999999999959313e-07
5.011872336272714844e+11	8.500000000000000000e+00	3.162277660168353780e-06
6.309573444801943359e+11	8.500000000000000000e+00	1.000000000000008891e-05
7.943282347242821045e+11	8.500000000000000000e+00	3.162277660168392405e-05
1.000000000000000000e+12	8.500000000000000000e+00	1.400000000000001504e-04
1.260000000000000000e+12	8.500000000000000000e+00	1.600000000000002028e-04
1.580000000000000000e+12	8.500000000000000000e+00	1.599999999999999860e-04
2.000000000000000000e+12	8.500000000000000000e+00	1.599999999999999860e-04
2.510000000000000000e+12	8.500000000000000000e+00	1.599999999999999860e-04
3.160000000000000000e+12	8.500000000000000000e+00	1.499999999999999598e-04
3.980000000000000000e+12	8.500000000000000000e+00	1.499999999999999598e-04
5.010000000000000000e+12	8.500000000000000000e+00	1.400000000000001504e-04
6.310000000000000000e+12	8.500000000000000000e+00	1.300000000000001241e-04
7.940000000000000000e+12	8.500000000000000000e+00	1.300000000000001241e-04
1.000000000000000000e+13	8.500000000000000000e+00	1.300000000000001241e-04
1.260000000000000000e+13	8.500000000000000000e+00	1.299999999999999073e-04
1.580000000000000000e+13	8.500000000000000000e+00	1.300000000000001241e-04
2.000000000000000000e+13	8.500000000000000000e+00	1.399999999999999335e-04
2.510000000000000000e+13	8.500000000000000000e+00	1.500000000000001766e-04
3.160000000000000000e+13	8.500000000000000000e+00	1.700000000000000122e-04
3.980000000000000000e+13	8.500000000000000000e+00	2.199999999999997097e-04
5.010000000000000000e+13	8.500000000000000000e+00	2.899999999999998933e-04
6.310000000000000000e+13	8.500000000000000000e+00	3.800000000000001293e-04
7.940000000000000000e+13	8.500000000000000000e+00	4.799999999999995243e-04
1.000000000000000000e+14	8.500000000000000000e+00	5.999999999999998390e-04
1.260000000000000000e+14	8.500000000000000000e+00	8.000000000000003636e-04
1.580000000000000000e+14	8.500000000000000000e+00	1.400000000000001937e-03
2.000000000000000000e+14	8.500000000000000000e+00	3.400000000000000244e-03
2.510000000000000000e+14	8.500000000000000000e+00	8.299999999999987943e-03
3.160000000000000000e+14	8.500000000000000000e+00	1.800000000000001599e-02
3.980000000000000000e+14	8.500000000000000000e+00	3.199999999999997291e-02
5.010000000000000000e+14	8.500000000000000000e+00	5.100000000000004530e-02
6.310000000000000000e+14	8.500000000000000000e+00	7.200000000000006395e-02
7.940000000000000000e+14	8.500000000000000000e+00	9.399999999999997247e-02
1.000000000000000000e+15	8.500000000000000000e+00	1.179999999999999938e-01
1.260000000000000000e+15	8.500000000000000000e+00	1.299999999999998934e-01
1.580000000000000000e+15	8.500000000000000000e+00	1.299999999999998934e-01
2.000000000000000000e+15	8.500000000000000000e+00	1.400000000000001243e-01
2.510000000000000000e+15	8.500000000000000000e+00	1.500000000000001332e-01
3.160000000000000000e+15	8.500000000000000000e+00	1.299999999999998934e-01
3.980000000000000000e+15	8.500000000000000000e+00	1.299999999999998934e-01
5.010000000000000000e+15	8.500000000000000000e+00	1.179999999999999938e-01
6.310000000000000000e+15	8.500000000000000000e+00	1.020000000000000906e-01
7.940000000000000000e+15	8.500000000000000000e+00	9.099999999999996980e-02
1.000000000000000000e+16	8.500000000000000000e+00	7.899999999999995914e-02
1.260000000000000000e+16	8.500000000000000000e+00	6.799999999999994937e-02
1.580000000000000000e+16	8.500000000000000000e+00	5.900000000000005240e-02
2.000000000000000000e+16	8.500000000000000000e+00	5.099999999999998979e-02
2.510000000000000000e+16	8.500000000000000000e+00	4.299999999999998268e-02
3.160000000000000000e+16	8.500000000000000000e+00	3.600000000000003197e-02
3.980000000000000000e+16	8.500000000000000000e+00	3.000000000000002665e-02
5.010000000000000000e+16	8.500000000000000000e+00	2.600000000000002309e-02
6.310000000000000000e+16	8.500000000000000000e+00	2.100000000000001865e-02
7.940000000000000000e+16	8.500000000000000000e+00	1.800000000000001599e-02
1.000000000000000000e+17	8.500000000000000000e+00	1.500000000000001332e-02
1.000000000000000000e+11	9.500000000000000000e+00	1.000000000000000269e-09
1.258925411794166107e+11	9.500000000000000000e+00	3.162277660168366287e-09
1.584893192461110840e+11	9.500000000000000000e+00	9.999999999999919146e-09
1.995262314968882751e+11	9.500000000000000000e+00	3.162277660168404337e-08
2.511886431509582214e+11	9.500000000000000000e+00	1.000000000000004455e-07
3.162277660168379517e+11	9.500000000000000000e+00	3.162277660168379721e-07
3.981071705534969482e+11	9.500000000000000000e+00	9.999999999999959313e-07
5.011872336272714844e+11	9.500000000000000000e+00	3.162277660168353780e-06
6.309573444801943359e+11	9.500000000000000000e+00	1.000000000000008891e-05
7.943282347242821045e+11	9.500000000000000000e+00	3.162277660168392405e-05
1.000000000000000000e+12	9.500000000000000000e+00	1.499999999999999598e-04
1.260000000000000000e+12	9.500000000000000000e+00	1.499999999999999598e-04
1.580000000000000000e+12	9.500000000000000000e+00	1.599999999999999860e-04
2.000000000000000000e+12	9.500000000000000000e+00	1.599999999999999860e-04
2.510000000000000000e+12	9.500000000000000000e+00	1.599999999999999860e-04
3.160000000000000000e+12	9.500000000000000000e+00	1.499999999999999598e-04
3.980000000000000000e+12	9.500000000000000000e+00	1.400000000000001504e-04
5.010000000000000000e+12	9.500000000000000000e+00	1.399999999999999335e-04
6.310000000000000000e+12	9.500000000000000000e+00	1.299999999999999073e-04
7.940000000000000000e+12	9.500000000000000000e+00	1.299999999999999073e-04
1.000000000000000000e+13	9.500000000000000000e+00	1.199999999999998811e-04
1.260000000000000000e+13	9.500000000000000000e+00	1.300000000000001241e-04
1.580000000000000000e+13	9.500000000000000000e+00	1.299999999999999073e-04
2.000000000000000000e+13	9.500000000000000000e+00	1.400000000000001504e-04
2.510000000000000000e+13	9.500000000000000000e+00	1.399999999999997167e-04
3.160000000000000000e+13	9.500000000000000000e+00	1.700000000000000122e-04
3.980000000000000000e+13	9.500000000000000000e+00	2.100000000000001171e-04
5.010000000000000000e+13	9.500000000000000000e+00	2.899999999999998933e-04
6.310000000000000000e+13	9.500000000000000000e+00	3.699999999999996694e-04
7.940000000000000000e+13	9.500000000000000000e+00	4.699999999999999317e-04
1.000000000000000000e+14	9.500000000000000000e+00	5.500000000000001416e-04
1.260000000000000000e+14	9.500000000000000000e+00	8.000000000000003636e-04
1.580000000000000000e+14	9.500000000000000000e+00	1.399999999999998468e-03
2.000000000000000000e+14	9.500000000000000000e+00	3.499999999999996170e-03
2.510000000000000000e+14	9.500000000000000000e+00	8.199999999999998956e-03
3.160000000000000000e+14	9.500000000000000000e+00	1.699999999999998734e-02
3.980000000000000000e+14	9.500000000000000000e+00	3.200000000000002842e-02
5.010000000000000000e+14	9.500000000000000000e+00	5.099999999999998979e-02
6.310000000000000000e+14	9.500000000000000000e+00	7.299999999999995381e-02
7.940000000000000000e+14	9.500000000000000000e+00	9.399999999999997247e-02
1.000000000000000000e+15	9.500000000000000000e+00	1.099999999999998757e-01
1.260000000000000000e+15	9.500000000000000000e+00	1.300000000000001155e-01
1.580000000000000000e+15	9.500000000000000000e+00	1.399999999999999023e-01
2.000000000000000000e+15	9.500000000000000000e+00	1.499999999999999112e-01
2.510000000000000000e+15	9.500000000000000000e+00	1.399999999999999023e-01
3.160000000000000000e+15	9.500000000000000000e+00	1.400000000000001243e-01
3.980000000000000000e+15	9.500000000000000000e+00	1.200000000000001066e-01
5.010000000000000000e+15	9.500000000000000000e+00	1.099999999999998757e-01
6.310000000000000000e+15	9.500000000000000000e+00	1.029999999999999805e-01
7.940000000000000000e+15	9.500000000000000000e+00	9.100000000000008082e-02
1.000000000000000000e+16	9.500000000000000000e+00	7.900000000000007017e-02
1.260000000000000000e+16	9.500000000000000000e+00	6.900000000000006128e-02
1.580000000000000000e+16	9.500000000000000000e+00	5.899999999999994138e-02
2.000000000000000000e+16	9.500000000000000000e+00	4.999999999999998890e-02
2.510000000000000000e+16	9.500000000000000000e+00	4.199999999999998179e-02
3.160000000000000000e+16	9.500000000000000000e+00	3.699999999999997735e-02
3.980000000000000000e+16	9.500000000000000000e+00	3.099999999999997202e-02
5.010000000000000000e+16	9.500000000000000000e+00	2.499999999999999445e-02
6.310000000000000000e+16	9.500000000000000000e+00	2.199999999999999178e-02
7.940000000000000000e+16	9.500000000000000000e+00	1.799999999999998823e-02
1.000000000000000000e+17	9.500000000000000000e+00	1.499999999999998557e-02
1.000000000000000000e+11	1.100000000000000000e+01	1.000000000000000269e-09
1.258925411794166107e+11	1.100000000000000000e+01	3.162277660168366287e-09
1.584893192461110840e+11	1.100000000000000000e+01	9.999999999999919146e-09
1.995262314968882751e+11	1.100000000000000000e+01	3.162277660168404337e-08
2.511886431509582214e+11	1.100000000000000000e+01	1.000000000000004455e-07
3.162277660168379517e+11	1.100000000000000000e+01	3.162277660168379721e-07
3.981071705534969482e+11	1.100000000000000000e+01	9.999999999999959313e-07
5.011872336272714844e+11	1.100000000000000000e+01	3.162277660168353780e-06
6.309573444801943359e+11	1.100000000000000000e+01	1.000000000000008891e-05
7.943282347242821045e+11	1.100000000000000000e+01	3.162277660168392405e-05
1.000000000000000000e+12	1.100000000000000000e+01	1.399999999999999335e-04
1.260000000000000000e+12	1.100000000000000000e+01	1.499999999999999598e-04
1.580000000000000000e+12	1.100000000000000000e+01	1.500000000000000682e-04
2.000000000000000000e+12	1.100000000000000000e+01	1.500000000000000682e-04
2.510000000000000000e+12	1.100000000000000000e+01	1.450000000000000551e-04
3.160000000000000000e+12	1.100000000000000000e+01	1.450000000000000551e-04
3.980000000000000000e+12	1.100000000000000000e+01	1.349999999999999204e-04
5.010000000000000000e+12	1.100000000000000000e+01	1.250000000000000026e-04
6.310000000000000000e+12	1.100000000000000000e+01	1.199999999999999895e-04
7.940000000000000000e+12	1.100000000000000000e+01	1.149999999999999764e-04
1.000000000000000000e+13	1.100000000000000000e+01	1.149999999999999764e-04
1.260000000000000000e+13	1.100000000000000000e+01	1.149999999999999764e-04
1.580000000000000000e+13	1.100000000000000000e+01	1.150000000000000848e-04
2.000000000000000000e+13	1.100000000000000000e+01	1.199999999999999895e-04
2.510000000000000000e+13	1.100000000000000000e+01	1.300000000000001241e-04
3.160000000000000000e+13	1.100000000000000000e+01	1.499999999999999598e-04
3.980000000000000000e+13	1.100000000000000000e+01	2.000000000000000909e-04
5.010000000000000000e+13	1.100000000000000000e+01	2.750000000000000708e-04
6.310000000000000000e+13	1.100000000000000000e+01	3.700000000000001031e-04
7.940000000000000000e+13	1.100000000000000000e+01	4.599999999999999055e-04
1.000000000000000000e+14	1.100000000000000000e+01	5.999999999999998390e-04
1.260000000000000000e+14	1.100000000000000000e+01	7.999999999999994962e-04
1.580000000000000000e+14	1.100000000000000000e+01	1.449999999999999900e-03
2.000000000000000000e+14	1.100000000000000000e+01	3.349999999999998812e-03
2.510000000000000000e+14	1.100000000000000000e+01	8.350000000000003253e-03
3.160000000000000000e+14	1.100000000000000000e+01	1.750000000000000167e-02
3.980000000000000000e+14	1.100000000000000000e+01	3.150000000000000022e-02
5.010000000000000000e+14	1.100000000000000000e+01	5.049999999999998934e-02
6.310000000000000000e+14	1.100000000000000000e+01	7.200000000000000844e-02
7.940000000000000000e+14	1.100000000000000000e+01	9.599999999999997424e-02
1.000000000000000000e+15	1.100000000000000000e+01	1.100000000000000977e-01
1.260000000000000000e+15	1.100000000000000000e+01	1.250000000000000000e-01
1.580000000000000000e+15	1.100000000000000000e+01	1.400000000000000133e-01
2.000000000000000000e+15	1.100000000000000000e+01	1.400000000000000133e-01
2.510000000000000000e+15	1.100000000000000000e+01	1.400000000000000133e-01
3.160000000000000000e+15	1.100000000000000000e+01	1.349999999999998979e-01
3.980000000000000000e+15	1.100000000000000000e+01	1.300000000000000044e-01
5.010000000000000000e+15	1.100000000000000000e+01	1.149999999999999911e-01
6.310000000000000000e+15	1.100000000000000000e+01	1.049999999999999822e-01
7.940000000000000000e+15	1.100000000000000000e+01	9.050000000000002487e-02
1.000000000000000000e+16	1.100000000000000000e+01	7.899999999999995914e-02
1.260000000000000000e+16	1.100000000000000000e+01	6.849999999999994982e-02
1.580000000000000000e+16	1.100000000000000000e+01	5.899999999999999689e-02
2.000000000000000000e+16	1.100000000000000000e+01	4.999999999999998890e-02
2.510000000000000000e+16	1.100000000000000000e+01	4.300000000000001044e-02
3.160000000000000000e+16	1.100000000000000000e+01	3.600000000000000422e-02
3.980000000000000000e+16	1.100000000000000000e+01	3.049999999999999933e-02
5.010000000000000000e+16	1.100000000000000000e+01	2.549999999999999489e-02
6.310000000000000000e+16	1.100000000000000000e+01	2.150000000000000522e-02
7.940000000000000000e+16	1.100000000000000000e+01	1.800000000000000211e-02
1.000000000000000000e+17	1.100000000000000000e+01	1.499999999999999944e-02
1.000000000000000000e+11	1.300000000000000000e+01	1.000000000000000269e-09
1.258925411794166107e+11	1.300000000000000000e+01	3.162277660168366287e-09
1.584893192461110840e+11	1.300000000000000000e+01	9.999999999999919146e-09
1.995262314968882751e+11	1.300000000000000000e+01	3.162277660168404337e-08
2.511886431509582214e+11	1.300000000000000000e+01	1.000000000000004455e-07
3.162277660168379517e+11	1.300000000000000000e+01	3.162277660168379721e-07
3.981071705534969482e+11	1.300000000000000000e+01	9.999999999999959313e-07
5.011872336272714844e+11	1.300000000000000000e+01	3.162277660168353780e-06
6.309573444801943359e+11	1.300000000000000000e+01	1.000000000000008891e-05
7.943282347242821045e+11	1.300000000000000000e+01	3.162277660168392405e-05
1.000000000000000000e+12	1.300000000000000000e+01	1.400000000000000419e-04
1.260000000000000000e+12	1.300000000000000000e+01	1.449999999999999466e-04
1.580000000000000000e+12	1.300000000000000000e+01	1.499999999999999598e-04
2.000000000000000000e+12	1.300000000000000000e+01	1.499999999999999598e-04
2.510000000000000000e+12	1.300000000000000000e+01	1.399999999999999335e-04
3.160000000000000000e+12	1.300000000000000000e+01	1.349999999999999204e-04
3.980000000000000000e+12	1.300000000000000000e+01	1.300000000000001241e-04
5.010000000000000000e+12	1.300000000000000000e+01	1.250000000000000026e-04
6.310000000000000000e+12	1.300000000000000000e+01	1.150000000000000848e-04
7.940000000000000000e+12	1.300000000000000000e+01	1.050000000000000586e-04
1.000000000000000000e+13	1.300000000000000000e+01	1.050000000000000586e-04
1.260000000000000000e+13	1.300000000000000000e+01	1.049999999999999501e-04
1.580000000000000000e+13	1.300000000000000000e+01	1.049999999999998417e-04
2.000000000000000000e+13	1.300000000000000000e+01	1.100000000000000717e-04
2.510000000000000000e+13	1.300000000000000000e+01	1.249999999999998942e-04
3.160000000000000000e+13	1.300000000000000000e+01	1.449999999999999466e-04
3.980000000000000000e+13	1.300000000000000000e+01	1.899999999999998478e-04
5.010000000000000000e+13	1.300000000000000000e+01	2.699999999999998408e-04
6.310000000000000000e+13	1.300000000000000000e+01	3.549999999999998469e-04
7.940000000000000000e+13	1.300000000000000000e+01	4.499999999999998793e-04
1.000000000000000000e+14	1.300000000000000000e+01	5.500000000000001416e-04
1.260000000000000000e+14	1.300000000000000000e+01	7.499999999999997988e-04
1.580000000000000000e+14	1.300000000000000000e+01	1.350000000000000505e-03
2.000000000000000000e+14	1.300000000000000000e+01	3.350000000000002282e-03
2.510000000000000000e+14	1.300000000000000000e+01	8.000000000000000167e-03
3.160000000000000000e+14	1.300000000000000000e+01	1.750000000000000167e-02
3.980000000000000000e+14	1.300000000000000000e+01	3.200000000000000067e-02
5.010000000000000000e+14	1.300000000000000000e+01	5.099999999999998979e-02
6.310000000000000000e+14	1.300000000000000000e+01	7.100000000000000755e-02
7.940000000000000000e+14	1.300000000000000000e+01	9.000000000000007994e-02
1.000000000000000000e+15	1.300000000000000000e+01	1.149999999999999911e-01
1.260000000000000000e+15	1.300000000000000000e+01	1.300000000000000044e-01
1.580000000000000000e+15	1.300000000000000000e+01	1.350000000000000089e-01
2.000000000000000000e+15	1.300000000000000000e+01	1.400000000000000133e-01
2.510000000000000000e+15	1.300000000000000000e+01	1.400000000000000133e-01
3.160000000000000000e+15	1.300000000000000000e+01	1.350000000000000089e-01
3.980000000000000000e+15	1.300000000000000000e+01	1.250000000000000000e-01
5.010000000000000000e+15	1.300000000000000000e+01	1.150000000000001021e-01
6.310000000000000000e+15	1.300000000000000000e+01	9.999999999999997780e-02
7.940000000000000000e+15	1.300000000000000000e+01	8.999999999999996891e-02
1.000000000000000000e+16	1.300000000000000000e+01	7.950000000000007061e-02
1.260000000000000000e+16	1.300000000000000000e+01	6.850000000000000533e-02
1.580000000000000000e+16	1.300000000000000000e+01	5.849999999999999645e-02
2.000000000000000000e+16	1.300000000000000000e+01	5.049999999999998934e-02
2.510000000000000000e+16	1.300000000000000000e+01	4.249999999999998224e-02
3.160000000000000000e+16	1.300000000000000000e+01	3.600000000000000422e-02
3.980000000000000000e+16	1.300000000000000000e+01	3.049999999999999933e-02
5.010000000000000000e+16	1.300000000000000000e+01	2.599999999999999534e-02
6.310000000000000000e+16	1.300000000000000000e+01	2.149999999999999134e-02
7.940000000000000000e+16	1.300000000000000000e+01	1.750000000000000167e-02
1.000000000000000000e+17	1.300000000000000000e+01	1.499999999999999944e-02
1.000000000000000000e+11	1.500000000000000000e+01	1.000000000000000269e-09
1.258925411794166107e+11	1.500000000000000000e+01	3.162277660168366287e-09
1.584893192461110840e+11	1.500000000000000000e+01	9.999999999999919146e-09
1.995262314968882751e+11	1.500000000000000000e+01	3.162277660168404337e-08
2.511886431509582214e+11	1.500000000000000000e+01	1.000000000000004455e-07
3.162277660168379517e+11	1.500000000000000000e+01	3.162277660168379721e-07
3.981071705534969482e+11	1.500000000000000000e+01	9.999999999999959313e-07
5.011872336272714844e+11	1.500000000000000000e+01	3.162277660168353780e-06
6.309573444801943359e+11	1.500000000000000000e+01	1.000000000000008891e-05
7.943282347242821045e+11	1.500000000000000000e+01	3.162277660168392405e-05
1.000000000000000000e+12	1.500000000000000000e+01	1.299999999999999073e-04
1.260000000000000000e+12	1.500000000000000000e+01	1.400000000000001504e-04
1.580000000000000000e+12	1.500000000000000000e+01	1.399999999999999335e-04
2.000000000000000000e+12	1.500000000000000000e+01	1.399999999999999335e-04
2.510000000000000000e+12	1.500000000000000000e+01	1.399999999999999335e-04
3.160000000000000000e+12	1.500000000000000000e+01	1.300000000000001241e-04
3.980000000000000000e+12	1.500000000000000000e+01	1.249999999999998942e-04
5.010000000000000000e+12	1.500000000000000000e+01	1.150000000000000848e-04
6.310000000000000000e+12	1.500000000000000000e+01	1.099999999999999633e-04
7.940000000000000000e+12	1.500000000000000000e+01	1.049999999999999501e-04
1.000000000000000000e+13	1.500000000000000000e+01	1.000000000000000454e-04
1.260000000000000000e+13	1.500000000000000000e+01	9.500000000000003234e-05
1.580000000000000000e+13	1.500000000000000000e+01	1.000000000000000454e-04
2.000000000000000000e+13	1.500000000000000000e+01	9.999999999999982861e-05
2.510000000000000000e+13	1.500000000000000000e+01	1.100000000000000717e-04
3.160000000000000000e+13	1.500000000000000000e+01	1.350000000000001373e-04
3.980000000000000000e+13	1.500000000000000000e+01	1.850000000000002684e-04
5.010000000000000000e+13	1.500000000000000000e+01	2.600000000000002483e-04
6.310000000000000000e+13	1.500000000000000000e+01	3.500000000000000507e-04
7.940000000000000000e+13	1.500000000000000000e+01	4.300000000000006942e-04
1.000000000000000000e+14	1.500000000000000000e+01	5.500000000000001416e-04
1.260000000000000000e+14	1.500000000000000000e+01	7.500000000000006661e-04
1.580000000000000000e+14	1.500000000000000000e+01	1.400000000000000203e-03
2.000000000000000000e+14	1.500000000000000000e+01	3.350000000000002282e-03
2.510000000000000000e+14	1.500000000000000000e+01	7.999999999999993228e-03
3.160000000000000000e+14	1.500000000000000000e+01	1.749999999999998779e-02
3.980000000000000000e+14	1.500000000000000000e+01	3.200000000000000067e-02
5.010000000000000000e+14	1.500000000000000000e+01	5.099999999999998979e-02
6.310000000000000000e+14	1.500000000000000000e+01	7.499999999999995559e-02
7.940000000000000000e+14	1.500000000000000000e+01	9.499999999999997335e-02
1.000000000000000000e+15	1.500000000000000000e+01	1.149999999999999911e-01
1.260000000000000000e+15	1.500000000000000000e+01	1.249999999999998890e-01
1.580000000000000000e+15	1.500000000000000000e+01	1.400000000000000133e-01
2.000000000000000000e+15	1.500000000000000000e+01	1.449999999999999067e-01
2.510000000000000000e+15	1.500000000000000000e+01	1.399999999999999023e-01
3.160000000000000000e+15	1.500000000000000000e+01	1.350000000000000089e-01
3.980000000000000000e+15	1.500000000000000000e+01	1.250000000000000000e-01
5.010000000000000000e+15	1.500000000000000000e+01	1.149999999999999911e-01
6.310000000000000000e+15	1.500000000000000000e+01	1.049999999999999822e-01
7.940000000000000000e+15	1.500000000000000000e+01	8.999999999999996891e-02
1.000000000000000000e+16	1.500000000000000000e+01	7.999999999999996003e-02
1.260000000000000000e+16	1.500000000000000000e+01	7.000000000000006217e-02
1.580000000000000000e+16	1.500000000000000000e+01	5.899999999999999689e-02
2.000000000000000000e+16	1.500000000000000000e+01	5.000000000000004441e-02
2.510000000000000000e+16	1.500000000000000000e+01	4.250000000000003775e-02
3.160000000000000000e+16	1.500000000000000000e+01	3.599999999999997646e-02
3.980000000000000000e+16	1.500000000000000000e+01	2.999999999999999889e-02
5.010000000000000000e+16	1.500000000000000000e+01	2.549999999999999489e-02
6.310000000000000000e+16	1.500000000000000000e+01	2.100000000000001865e-02
7.940000000000000000e+16	1.500000000000000000e+01	1.799999999999998823e-02
1.000000000000000000e+17	1.500000000000000000e+01	1.499999999999999944e-02
1.000000000000000000e+11	1.700000000000000000e+01	1.000000000000000269e-09
1.258925411794166107e+11	1.700000000000000000e+01	3.162277660168366287e-09
1.584893192461110840e+11	1.700000000000000000e+01	9.999999999999919146e-09
1.995262314968882751e+11	1.700000000000000000e+01	3.162277660168404337e-08
2.511886431509582214e+11	1.700000000000000000e+01	1.000000000000004455e-07
3.162277660168379517e+11	1.700000000000000000e+01	3.162277660168379721e-07
3.981071705534969482e+11	1.700000000000000000e+01	9.999999999999959313e-07
5.011872336272714844e+11	1.700000000000000000e+01	3.162277660168353780e-06
6.309573444801943359e+11	1.700000000000000000e+01	1.000000000000008891e-05
7.943282347242821045e+11	1.700000000000000000e+01	3.162277660168392405e-05
1.000000000000000000e+12	1.700000000000000000e+01	1.250000000000001110e-04
1.260000000000000000e+12	1.700000000000000000e+01	1.299999999999999073e-04
1.580000000000000000e+12	1.700000000000000000e+01	1.350000000000001373e-04
2.000000000000000000e+12	1.700000000000000000e+01	1.300000000000001241e-04
2.510000000000000000e+12	1.700000000000000000e+01	1.250000000000001110e-04
3.160000000000000000e+12	1.700000000000000000e+01	1.249999999999998942e-04
3.980000000000000000e+12	1.700000000000000000e+01	1.150000000000000848e-04
5.010000000000000000e+12	1.700000000000000000e+01	1.099999999999998548e-04
6.310000000000000000e+12	1.700000000000000000e+01	1.000000000000000454e-04
7.940000000000000000e+12	1.700000000000000000e+01	9.500000000000003234e-05
1.000000000000000000e+13	1.700000000000000000e+01	9.000000000000001922e-05
1.260000000000000000e+13	1.700000000000000000e+01	9.000000000000001922e-05
1.580000000000000000e+13	1.700000000000000000e+01	9.000000000000001922e-05
2.000000000000000000e+13	1.700000000000000000e+01	9.500000000000003234e-05
2.510000000000000000e+13	1.700000000000000000e+01	1.050000000000000586e-04
3.160000000000000000e+13	1.700000000000000000e+01	1.299999999999999073e-04
3.980000000000000000e+13	1.700000000000000000e+01	1.749999999999998085e-04
5.010000000000000000e+13	1.700000000000000000e+01	2.550000000000000183e-04
6.310000000000000000e+13	1.700000000000000000e+01	3.500000000000004843e-04
7.940000000000000000e+13	1.700000000000000000e+01	4.499999999999998793e-04
1.000000000000000000e+14	1.700000000000000000e+01	5.500000000000001416e-04
1.260000000000000000e+14	1.700000000000000000e+01	7.500000000000006661e-04
1.580000000000000000e+14	1.700000000000000000e+01	1.400000000000000203e-03
2.000000000000000000e+14	1.700000000000000000e+01	3.349999999999998812e-03
2.510000000000000000e+14	1.700000000000000000e+01	8.500000000000007550e-03
3.160000000000000000e+14	1.700000000000000000e+01	1.750000000000001554e-02
3.980000000000000000e+14	1.700000000000000000e+01	3.149999999999997247e-02
5.010000000000000000e+14	1.700000000000000000e+01	5.050000000000004485e-02
6.310000000000000000e+14	1.700000000000000000e+01	7.000000000000006217e-02
7.940000000000000000e+14	1.700000000000000000e+01	9.499999999999997335e-02
1.000000000000000000e+15	1.700000000000000000e+01	1.099999999999999867e-01
1.260000000000000000e+15	1.700000000000000000e+01	1.300000000000001155e-01
1.580000000000000000e+15	1.700000000000000000e+01	1.350000000000000089e-01
2.000000000000000000e+15	1.700000000000000000e+01	1.400000000000001243e-01
2.510000000000000000e+15	1.700000000000000000e+01	1.450000000000000178e-01
3.160000000000000000e+15	1.700000000000000000e+01	1.350000000000000089e-01
3.980000000000000000e+15	1.700000000000000000e+01	1.250000000000000000e-01
5.010000000000000000e+15	1.700000000000000000e+01	1.149999999999998801e-01
6.310000000000000000e+15	1.700000000000000000e+01	1.000000000000000888e-01
7.940000000000000000e+15	1.700000000000000000e+01	8.999999999999996891e-02
1.000000000000000000e+16	1.700000000000000000e+01	7.999999999999996003e-02
1.260000000000000000e+16	1.700000000000000000e+01	6.499999999999994671e-02
1.580000000000000000e+16	1.700000000000000000e+01	5.900000000000005240e-02
2.000000000000000000e+16	1.700000000000000000e+01	4.999999999999998890e-02
2.510000000000000000e+16	1.700000000000000000e+01	4.249999999999998224e-02
3.160000000000000000e+16	1.700000000000000000e+01	3.600000000000003197e-02
3.980000000000000000e+16	1.700000000000000000e+01	3.050000000000002709e-02
5.010000000000000000e+16	1.700000000000000000e+01	2.550000000000002265e-02
6.310000000000000000e+16	1.700000000000000000e+01	2.149999999999999134e-02
7.940000000000000000e+16	1.700000000000000000e+01	1.800000000000001599e-02
1.000000000000000000e+17	1.700000000000000000e+01	1.500000000000001332e-02
1.000000000000000000e+11	1.900000000000000000e+01	1.000000000000000269e-09
1.258925411794166107e+11	1.900000000000000000e+01	3.162277660168366287e-09
1.584893192461110840e+11	1.900000000000000000e+01	9.999999999999919146e-09
1.995262314968882751e+11	1.900000000000000000e+01	3.162277660168404337e-08
2.511886431509582214e+11	1.900000000000000000e+01	1.000000000000004455e-07
3.162277660168379517e+11	1.900000000000000000e+01	3.162277660168379721e-07
3.981071705534969482e+11	1.900000000000000000e+01	9.999999999999959313e-07
5.011872336272714844e+11	1.900000000000000000e+01	3.162277660168353780e-06
6.309573444801943359e+11	1.900000000000000000e+01	1.000000000000008891e-05
7.943282347242821045e+11	1.900000000000000000e+01	3.162277660168392405e-05
1.000000000000000000e+12	1.900000000000000000e+01	1.050000000000000586e-04
1.260000000000000000e+12	1.900000000000000000e+01	1.150000000000000848e-04
1.580000000000000000e+12	1.900000000000000000e+01	1.149999999999998680e-04
2.000000000000000000e+12	1.900000000000000000e+01	1.199999999999998811e-04
2.510000000000000000e+12	1.900000000000000000e+01	1.150000000000000848e-04
3.160000000000000000e+12	1.900000000000000000e+01	1.050000000000000586e-04
3.980000000000000000e+12	1.900000000000000000e+01	1.000000000000000454e-04
5.010000000000000000e+12	1.900000000000000000e+01	9.500000000000003234e-05
6.310000000000000000e+12	1.900000000000000000e+01	9.000000000000001922e-05
7.940000000000000000e+12	1.900000000000000000e+01	8.500000000000000611e-05
1.000000000000000000e+13	1.900000000000000000e+01	8.500000000000000611e-05
1.260000000000000000e+13	1.900000000000000000e+01	7.999999999999999299e-05
1.580000000000000000e+13	1.900000000000000000e+01	7.999999999999999299e-05
2.000000000000000000e+13	1.900000000000000000e+01	8.500000000000000611e-05
2.510000000000000000e+13	1.900000000000000000e+01	1.000000000000000454e-04
3.160000000000000000e+13	1.900000000000000000e+01	1.249999999999998942e-04
3.980000000000000000e+13	1.900000000000000000e+01	1.700000000000000122e-04
5.010000000000000000e+13	1.900000000000000000e+01	2.499999999999997884e-04
6.310000000000000000e+13	1.900000000000000000e+01	3.400000000000000244e-04
7.940000000000000000e+13	1.900000000000000000e+01	4.499999999999998793e-04
1.000000000000000000e+14	1.900000000000000000e+01	5.499999999999992742e-04
1.260000000000000000e+14	1.900000000000000000e+01	7.499999999999989314e-04
1.580000000000000000e+14	1.900000000000000000e+01	1.350000000000000505e-03
2.000000000000000000e+14	1.900000000000000000e+01	3.349999999999998812e-03
2.510000000000000000e+14	1.900000000000000000e+01	7.999999999999993228e-03
3.160000000000000000e+14	1.900000000000000000e+01	1.699999999999998734e-02
3.980000000000000000e+14	1.900000000000000000e+01	3.200000000000002842e-02
5.010000000000000000e+14	1.900000000000000000e+01	5.249999999999999112e-02
6.310000000000000000e+14	1.900000000000000000e+01	7.499999999999995559e-02
7.940000000000000000e+14	1.900000000000000000e+01	9.499999999999997335e-02
1.000000000000000000e+15	1.900000000000000000e+01	1.149999999999999911e-01
1.260000000000000000e+15	1.900000000000000000e+01	1.250000000000000000e-01
1.580000000000000000e+15	1.900000000000000000e+01	1.399999999999999023e-01
2.000000000000000000e+15	1.900000000000000000e+01	1.450000000000000178e-01
2.510000000000000000e+15	1.900000000000000000e+01	1.400000000000001243e-01
3.160000000000000000e+15	1.900000000000000000e+01	1.350000000000000089e-01
3.980000000000000000e+15	1.900000000000000000e+01	1.299999999999998934e-01
5.010000000000000000e+15	1.900000000000000000e+01	1.149999999999999911e-01
6.310000000000000000e+15	1.900000000000000000e+01	1.049999999999999822e-01
7.940000000000000000e+15	1.900000000000000000e+01	9.500000000000008438e-02
1.000000000000000000e+16	1.900000000000000000e+01	7.500000000000006661e-02
1.260000000000000000e+16	1.900000000000000000e+01	7.000000000000006217e-02
1.580000000000000000e+16	1.900000000000000000e+01	5.999999999999994227e-02
2.000000000000000000e+16	1.900000000000000000e+01	4.799999999999998712e-02
2.510000000000000000e+16	1.900000000000000000e+01	4.299999999999998268e-02
3.160000000000000000e+16	1.900000000000000000e+01	3.599999999999997646e-02
3.980000000000000000e+16	1.900000000000000000e+01	3.049999999999997158e-02
5.010000000000000000e+16	1.900000000000000000e+01	2.549999999999999489e-02
6.310000000000000000e+16	1.900000000000000000e+01	2.149999999999999134e-02
7.940000000000000000e+16	1.900000000000000000e+01	1.799999999999998823e-02
1.000000000000000000e+17	1.900000000000000000e+01	1.499999999999998557e-02
1.000000000000000000e+11	2.100000000000000000e+01	1.000000000000000269e-09
1.258925411794166107e+11	2.100000000000000000e+01	3.162277660168366287e-09
1.584893192461110840e+11	2.100000000000000000e+01	9.999999999999919146e-09
1.995262314968882751e+11	2.100000000000000000e+01	3.162277660168404337e-08
2.511886431509582214e+11	2.100000000000000000e+01	1.000000000000004455e-07
3.162277660168379517e+11	2.100000000000000000e+01	3.162277660168379721e-07
3.981071705534969482e+11	2.100000000000000000e+01	9.999999999999959313e-07
5.011872336272714844e+11	2.100000000000000000e+01	3.162277660168353780e-06
6.309573444801943359e+11	2.100000000000000000e+01	1.000000000000008891e-05
7.943282347242821045e+11	2.100000000000000000e+01	3.162277660168392405e-05
1.000000000000000000e+12	2.100000000000000000e+01	9.499999999999981549e-05
1.260000000000000000e+12	2.100000000000000000e+01	9.499999999999981549e-05
1.580000000000000000e+12	2.100000000000000000e+01	1.000000000000000454e-04
2.000000000000000000e+12	2.100000000000000000e+01	9.500000000000003234e-05
2.510000000000000000e+12	2.100000000000000000e+01	9.499999999999981549e-05
3.160000000000000000e+12	2.100000000000000000e+01	9.500000000000003234e-05
3.980000000000000000e+12	2.100000000000000000e+01	8.500000000000000611e-05
5.010000000000000000e+12	2.100000000000000000e+01	7.999999999999999299e-05
6.310000000000000000e+12	2.100000000000000000e+01	7.499999999999997988e-05
7.940000000000000000e+12	2.100000000000000000e+01	6.999999999999996676e-05
1.000000000000000000e+13	2.100000000000000000e+01	6.499999999999995365e-05
1.260000000000000000e+13	2.100000000000000000e+01	6.999999999999996676e-05
1.580000000000000000e+13	2.100000000000000000e+01	6.999999999999996676e-05
2.000000000000000000e+13	2.100000000000000000e+01	7.499999999999997988e-05
2.510000000000000000e+13	2.100000000000000000e+01	8.500000000000000611e-05
3.160000000000000000e+13	2.100000000000000000e+01	1.100000000000002885e-04
3.980000000000000000e+13	2.100000000000000000e+01	1.649999999999997823e-04
5.010000000000000000e+13	2.100000000000000000e+01	2.400000000000001958e-04
6.310000000000000000e+13	2.100000000000000000e+01	3.349999999999993608e-04
7.940000000000000000e+13	2.100000000000000000e+01	4.499999999999998793e-04
1.000000000000000000e+14	2.100000000000000000e+01	5.500000000000001416e-04
1.260000000000000000e+14	2.100000000000000000e+01	7.500000000000006661e-04
1.580000000000000000e+14	2.100000000000000000e+01	1.349999999999997036e-03
2.000000000000000000e+14	2.100000000000000000e+01	3.299999999999997380e-03
2.510000000000000000e+14	2.100000000000000000e+01	8.000000000000007105e-03
3.160000000000000000e+14	2.100000000000000000e+01	1.750000000000001554e-02
3.980000000000000000e+14	2.100000000000000000e+01	3.149999999999997247e-02
5.010000000000000000e+14	2.100000000000000000e+01	4.999999999999993339e-02
6.310000000000000000e+14	2.100000000000000000e+01	7.000000000000006217e-02
7.940000000000000000e+14	2.100000000000000000e+01	8.999999999999996891e-02
1.000000000000000000e+15	2.100000000000000000e+01	1.100000000000000977e-01
1.260000000000000000e+15	2.100000000000000000e+01	1.299999999999998934e-01
1.580000000000000000e+15	2.100000000000000000e+01	1.350000000000000089e-01
2.000000000000000000e+15	2.100000000000000000e+01	1.399999999999999023e-01
2.510000000000000000e+15	2.100000000000000000e+01	1.399999999999999023e-01
3.160000000000000000e+15	2.100000000000000000e+01	1.350000000000000089e-01
3.980000000000000000e+15	2.100000000000000000e+01	1.250000000000000000e-01
5.010000000000000000e+15	2.100000000000000000e+01	1.149999999999999911e-01
6.310000000000000000e+15	2.100000000000000000e+01	9.999999999999986677e-02
7.940000000000000000e+15	2.100000000000000000e+01	8.999999999999996891e-02
1.000000000000000000e+16	2.100000000000000000e+01	7.999999999999996003e-02
1.260000000000000000e+16	2.100000000000000000e+01	6.999999999999995115e-02
1.580000000000000000e+16	2.100000000000000000e+01	5.500000000000004885e-02
2.000000000000000000e+16	2.100000000000000000e+01	5.500000000000004885e-02
2.510000000000000000e+16	2.100000000000000000e+01	4.249999999999998224e-02
3.160000000000000000e+16	2.100000000000000000e+01	3.650000000000003242e-02
3.980000000000000000e+16	2.100000000000000000e+01	3.050000000000002709e-02
5.010000000000000000e+16	2.100000000000000000e+01	2.549999999999996714e-02
6.310000000000000000e+16	2.100000000000000000e+01	2.149999999999999134e-02
7.940000000000000000e+16	2.100000000000000000e+01	1.800000000000001599e-02
1.000000000000000000e+17	2.100000000000000000e+01	1.450000000000001288e-02
1.000000000000000000e+11	2.300000000000000000e+01	1.000000000000000269e-09
1.258925411794166107e+11	2.300000000000000000e+01	3.162277660168366287e-09
1.584893192461110840e+11	2.300000000000000000e+01	9.999999999999919146e-09
1.995262314968882751e+11	2.300000000000000000e+01	3.162277660168404337e-08
2.511886431509582214e+11	2.300000000000000000e+01	1.000000000000004455e-07
3.162277660168379517e+11	2.300000000000000000e+01	3.162277660168379721e-07
3.981071705534969482e+11	2.300000000000000000e+01	9.999999999999959313e-07
5.011872336272714844e+11	2.300000000000000000e+01	3.162277660168353780e-06
6.309573444801943359e+11	2.300000000000000000e+01	1.000000000000008891e-05
7.943282347242821045e+11	2.300000000000000000e+01	3.162277660168392405e-05
1.000000000000000000e+12	2.300000000000000000e+01	7.000000000000018360e-05
1.260000000000000000e+12	2.300000000000000000e+01	7.500000000000019672e-05
1.580000000000000000e+12	2.300000000000000000e+01	7.499999999999997988e-05
2.000000000000000000e+12	2.300000000000000000e+01	7.499999999999997988e-05
2.510000000000000000e+12	2.300000000000000000e+01	7.499999999999997988e-05
3.160000000000000000e+12	2.300000000000000000e+01	6.999999999999996676e-05
3.980000000000000000e+12	2.300000000000000000e+01	6.999999999999996676e-05
5.010000000000000000e+12	2.300000000000000000e+01	6.499999999999995365e-05
6.310000000000000000e+12	2.300000000000000000e+01	5.999999999999994053e-05
7.940000000000000000e+12	2.300000000000000000e+01	5.499999999999992742e-05
1.000000000000000000e+13	2.300000000000000000e+01	5.999999999999994053e-05
1.260000000000000000e+13	2.300000000000000000e+01	5.999999999999994053e-05
1.580000000000000000e+13	2.300000000000000000e+01	6.000000000000015737e-05
2.000000000000000000e+13	2.300000000000000000e+01	6.500000000000017049e-05
2.510000000000000000e+13	2.300000000000000000e+01	7.999999999999999299e-05
3.160000000000000000e+13	2.300000000000000000e+01	1.049999999999996249e-04
3.980000000000000000e+13	2.300000000000000000e+01	1.550000000000001897e-04
5.010000000000000000e+13	2.300000000000000000e+01	2.399999999999997621e-04
6.310000000000000000e+13	2.300000000000000000e+01	3.199999999999999720e-04
7.940000000000000000e+13	2.300000000000000000e+01	4.000000000000001818e-04
1.000000000000000000e+14	2.300000000000000000e+01	5.500000000000001416e-04
1.260000000000000000e+14	2.300000000000000000e+01	6.999999999999992339e-04
1.580000000000000000e+14	2.300000000000000000e+01	1.400000000000001937e-03
2.000000000000000000e+14	2.300000000000000000e+01	3.349999999999998812e-03
2.510000000000000000e+14	2.300000000000000000e+01	7.999999999999993228e-03
3.160000000000000000e+14	2.300000000000000000e+01	1.749999999999998779e-02
3.980000000000000000e+14	2.300000000000000000e+01	3.200000000000002842e-02
5.010000000000000000e+14	2.300000000000000000e+01	5.000000000000004441e-02
6.310000000000000000e+14	2.300000000000000000e+01	7.499999999999995559e-02
7.940000000000000000e+14	2.300000000000000000e+01	9.499999999999997335e-02
1.000000000000000000e+15	2.300000000000000000e+01	1.149999999999999911e-01
1.260000000000000000e+15	2.300000000000000000e+01	1.300000000000001155e-01
1.580000000000000000e+15	2.300000000000000000e+01	1.400000000000001243e-01
2.000000000000000000e+15	2.300000000000000000e+01	1.400000000000001243e-01
2.510000000000000000e+15	2.300000000000000000e+01	1.400000000000001243e-01
3.160000000000000000e+15	2.300000000000000000e+01	1.350000000000000089e-01
3.980000000000000000e+15	2.300000000000000000e+01	1.250000000000000000e-01
5.010000000000000000e+15	2.300000000000000000e+01	1.149999999999999911e-01
6.310000000000000000e+15	2.300000000000000000e+01	1.050000000000002043e-01
7.940000000000000000e+15	2.300000000000000000e+01	9.000000000000007994e-02
1.000000000000000000e+16	2.300000000000000000e+01	7.999999999999996003e-02
1.260000000000000000e+16	2.300000000000000000e+01	6.499999999999994671e-02
1.580000000000000000e+16	2.300000000000000000e+01	5.999999999999994227e-02
2.000000000000000000e+16	2.300000000000000000e+01	4.999999999999993339e-02
2.510000000000000000e+16	2.300000000000000000e+01	4.050000000000003597e-02
3.160000000000000000e+16	2.300000000000000000e+01	3.599999999999997646e-02
3.980000000000000000e+16	2.300000000000000000e+01	3.049999999999997158e-02
5.010000000000000000e+16	2.300000000000000000e+01	2.550000000000002265e-02
6.310000000000000000e+16	2.300000000000000000e+01	2.150000000000001910e-02
7.940000000000000000e+16	2.300000000000000000e+01	1.799999999999998823e-02
1.000000000000000000e+17	2.300000000000000000e+01	1.499999999999998557e-02
1.000000000000000000e+11	2.500000000000000000e+01	1.000000000000000269e-09
1.258925411794166107e+11	2.500000000000000000e+01	3.162277660168366287e-09
1.584893192461110840e+11	2.500000000000000000e+01	9.999999999999919146e-09
1.995262314968882751e+11	2.500000000000000000e+01	3.162277660168404337e-08
2.511886431509582214e+11	2.500000000000000000e+01	1.000000000000004455e-07
3.162277660168379517e+11	2.500000000000000000e+01	3.162277660168379721e-07
3.981071705534969482e+11	2.500000000000000000e+01	9.999999999999959313e-07
5.011872336272714844e+11	2.500000000000000000e+01	3.162277660168353780e-06
6.309573444801943359e+11	2.500000000000000000e+01	1.000000000000008891e-05
7.943282347242821045e+11	2.500000000000000000e+01	3.162277660168392405e-05
1.000000000000000000e+12	2.500000000000000000e+01	4.999999999999991430e-05
1.260000000000000000e+12	2.500000000000000000e+01	5.499999999999992742e-05
1.580000000000000000e+12	2.500000000000000000e+01	5.499999999999992742e-05
2.000000000000000000e+12	2.500000000000000000e+01	5.999999999999994053e-05
2.510000000000000000e+12	2.500000000000000000e+01	5.500000000000014426e-05
3.160000000000000000e+12	2.500000000000000000e+01	4.999999999999991430e-05
3.980000000000000000e+12	2.500000000000000000e+01	4.999999999999991430e-05
5.010000000000000000e+12	2.500000000000000000e+01	4.500000000000011803e-05
6.310000000000000000e+12	2.500000000000000000e+01	4.499999999999990119e-05
7.940000000000000000e+12	2.500000000000000000e+01	4.500000000000011803e-05
1.000000000000000000e+13	2.500000000000000000e+01	4.000000000000010492e-05
1.260000000000000000e+13	2.500000000000000000e+01	4.500000000000011803e-05
1.580000000000000000e+13	2.500000000000000000e+01	4.499999999999990119e-05
2.000000000000000000e+13	2.500000000000000000e+01	5.499999999999992742e-05
2.510000000000000000e+13	2.500000000000000000e+01	6.999999999999996676e-05
3.160000000000000000e+13	2.500000000000000000e+01	1.000000000000002623e-04
3.980000000000000000e+13	2.500000000000000000e+01	1.550000000000001897e-04
5.010000000000000000e+13	2.500000000000000000e+01	2.300000000000001696e-04
6.310000000000000000e+13	2.500000000000000000e+01	3.500000000000004843e-04
7.940000000000000000e+13	2.500000000000000000e+01	4.499999999999998793e-04
1.000000000000000000e+14	2.500000000000000000e+01	5.000000000000004441e-04
1.260000000000000000e+14	2.500000000000000000e+01	7.500000000000006661e-04
1.580000000000000000e+14	2.500000000000000000e+01	1.350000000000000505e-03
2.000000000000000000e+14	2.500000000000000000e+01	3.300000000000004319e-03
2.510000000000000000e+14	2.500000000000000000e+01	8.500000000000007550e-03
3.160000000000000000e+14	2.500000000000000000e+01	1.700000000000001510e-02
3.980000000000000000e+14	2.500000000000000000e+01	3.149999999999997247e-02
5.010000000000000000e+14	2.500000000000000000e+01	5.000000000000004441e-02
6.310000000000000000e+14	2.500000000000000000e+01	6.999999999999995115e-02
7.940000000000000000e+14	2.500000000000000000e+01	9.500000000000019540e-02
1.000000000000000000e+15	2.500000000000000000e+01	1.149999999999999911e-01
1.260000000000000000e+15	2.500000000000000000e+01	1.250000000000000000e-01
1.580000000000000000e+15	2.500000000000000000e+01	1.350000000000000089e-01
2.000000000000000000e+15	2.500000000000000000e+01	1.450000000000000178e-01
2.510000000000000000e+15	2.500000000000000000e+01	1.399999999999999023e-01
3.160000000000000000e+15	2.500000000000000000e+01	1.350000000000000089e-01
3.980000000000000000e+15	2.500000000000000000e+01	1.250000000000000000e-01
5.010000000000000000e+15	2.500000000000000000e+01	1.150000000000002132e-01
6.310000000000000000e+15	2.500000000000000000e+01	9.999999999999986677e-02
7.940000000000000000e+15	2.500000000000000000e+01	8.999999999999985789e-02
1.000000000000000000e+16	2.500000000000000000e+01	8.000000000000007105e-02
1.260000000000000000e+16	2.500000000000000000e+01	7.000000000000006217e-02
1.580000000000000000e+16	2.500000000000000000e+01	6.000000000000005329e-02
2.000000000000000000e+16	2.500000000000000000e+01	5.000000000000004441e-02
2.510000000000000000e+16	2.500000000000000000e+01	4.500000000000003997e-02
3.160000000000000000e+16	2.500000000000000000e+01	3.599999999999997646e-02
3.980000000000000000e+16	2.500000000000000000e+01	3.050000000000002709e-02
5.010000000000000000e+16	2.500000000000000000e+01	2.550000000000002265e-02
6.310000000000000000e+16	2.500000000000000000e+01	2.150000000000001910e-02
7.940000000000000000e+16	2.500000000000000000e+01	1.800000000000001599e-02
1.000000000000000000e+17	2.500000000000000000e+01	1.500000000000001332e-02
1.000000000000000000e+11	2.700000000000000000e+01	1.000000000000000269e-09
1.258925411794166107e+11	2.700000000000000000e+01	3.162277660168366287e-09
1.584893192461110840e+11	2.700000000000000000e+01	9.999999999999919146e-09
1.995262314968882751e+11	2.700000000000000000e+01	3.162277660168404337e-08
2.511886431509582214e+11	2.700000000000000000e+01	1.000000000000004455e-07
3.162277660168379517e+11	2.700000000000000000e+01	3.162277660168379721e-07
3.981071705534969482e+11	2.700000000000000000e+01	9.999999999999959313e-07
5.011872336272714844e+11	2.700000000000000000e+01	3.162277660168353780e-06
6.309573444801943359e+11	2.700000000000000000e+01	1.000000000000008891e-05
7.943282347242821045e+11	2.700000000000000000e+01	3.162277660168392405e-05
1.000000000000000000e+12	2.700000000000000000e+01	3.500000000000009180e-05
1.260000000000000000e+12	2.700000000000000000e+01	3.499999999999987496e-05
1.580000000000000000e+12	2.700000000000000000e+01	4.000000000000010492e-05
2.000000000000000000e+12	2.700000000000000000e+01	3.500000000000009180e-05
2.510000000000000000e+12	2.700000000000000000e+01	3.499999999999987496e-05
3.160000000000000000e+12	2.700000000000000000e+01	4.000000000000010492e-05
3.980000000000000000e+12	2.700000000000000000e+01	3.500000000000009180e-05
5.010000000000000000e+12	2.700000000000000000e+01	3.499999999999987496e-05
6.310000000000000000e+12	2.700000000000000000e+01	3.500000000000009180e-05
7.940000000000000000e+12	2.700000000000000000e+01	3.499999999999987496e-05
1.000000000000000000e+13	2.700000000000000000e+01	3.499999999999987496e-05
1.260000000000000000e+13	2.700000000000000000e+01	3.499999999999987496e-05
1.580000000000000000e+13	2.700000000000000000e+01	4.499999999999990119e-05
2.000000000000000000e+13	2.700000000000000000e+01	4.999999999999991430e-05
2.510000000000000000e+13	2.700000000000000000e+01	6.499999999999995365e-05
3.160000000000000000e+13	2.700000000000000000e+01	9.500000000000003234e-05
3.980000000000000000e+13	2.700000000000000000e+01	1.449999999999997298e-04
5.010000000000000000e+13	2.700000000000000000e+01	2.250000000000003733e-04
6.310000000000000000e+13	2.700000000000000000e+01	2.999999999999999195e-04
7.940000000000000000e+13	2.700000000000000000e+01	4.000000000000001818e-04
1.000000000000000000e+14	2.700000000000000000e+01	5.500000000000001416e-04
1.260000000000000000e+14	2.700000000000000000e+01	6.999999999999992339e-04
1.580000000000000000e+14	2.700000000000000000e+01	1.350000000000000505e-03
2.000000000000000000e+14	2.700000000000000000e+01	3.249999999999995948e-03
2.510000000000000000e+14	2.700000000000000000e+01	7.999999999999993228e-03
3.160000000000000000e+14	2.700000000000000000e+01	1.749999999999998779e-02
3.980000000000000000e+14	2.700000000000000000e+01	3.200000000000002842e-02
5.010000000000000000e+14	2.700000000000000000e+01	4.999999999999993339e-02
6.310000000000000000e+14	2.700000000000000000e+01	6.999999999999995115e-02
7.940000000000000000e+14	2.700000000000000000e+01	9.499999999999997335e-02
1.000000000000000000e+15	2.700000000000000000e+01	1.099999999999998757e-01
1.260000000000000000e+15	2.700000000000000000e+01	1.299999999999998934e-01
1.580000000000000000e+15	2.700000000000000000e+01	1.399999999999999023e-01
2.000000000000000000e+15	2.700000000000000000e+01	1.399999999999999023e-01
2.510000000000000000e+15	2.700000000000000000e+01	1.450000000000000178e-01
3.160000000000000000e+15	2.700000000000000000e+01	1.350000000000000089e-01
3.980000000000000000e+15	2.700000000000000000e+01	1.250000000000000000e-01
5.010000000000000000e+15	2.700000000000000000e+01	1.149999999999999911e-01
6.310000000000000000e+15	2.700000000000000000e+01	1.049999999999999822e-01
7.940000000000000000e+15	2.700000000000000000e+01	9.000000000000007994e-02
1.000000000000000000e+16	2.700000000000000000e+01	8.000000000000007105e-02
1.260000000000000000e+16	2.700000000000000000e+01	6.999999999999995115e-02
1.580000000000000000e+16	2.700000000000000000e+01	5.999999999999994227e-02
2.000000000000000000e+16	2.700000000000000000e+01	4.999999999999993339e-02
2.510000000000000000e+16	2.700000000000000000e+01	3.999999999999992450e-02
3.160000000000000000e+16	2.700000000000000000e+01	3.550000000000003153e-02
3.980000000000000000e+16	2.700000000000000000e+01	2.999999999999997113e-02
5.010000000000000000e+16	2.700000000000000000e+01	2.599999999999996758e-02
6.310000000000000000e+16	2.700000000000000000e+01	2.149999999999996358e-02
7.940000000000000000e+16	2.700000000000000000e+01	1.749999999999998779e-02
1.000000000000000000e+17	2.700000000000000000e+01	1.499999999999998557e-02
1.000000000000000000e+11	2.900000000000000000e+01	1.000000000000000269e-09
1.258925411794166107e+11	2.900000000000000000e+01	3.162277660168366287e-09
1.584893192461110840e+11	2.900000000000000000e+01	9.999999999999919146e-09
1.995262314968882751e+11	2.900000000000000000e+01	3.162277660168404337e-08
2.511886431509582214e+11	2.900000000000000000e+01	1.000000000000004455e-07
3.162277660168379517e+11	2.900000000000000000e+01	3.162277660168379721e-07
3.981071705534969482e+11	2.900000000000000000e+01	9.999999999999959313e-07
5.011872336272714844e+11	2.900000000000000000e+01	3.162277660168353780e-06
6.309573444801943359e+11	2.900000000000000000e+01	1.000000000000008891e-05
7.943282347242821045e+11	2.900000000000000000e+01	3.162277660168392405e-05
1.000000000000000000e+12	2.900000000000000000e+01	2.499999999999984873e-05
1.260000000000000000e+12	2.900000000000000000e+01	3.000000000000007869e-05
1.580000000000000000e+12	2.900000000000000000e+01	2.500000000000006557e-05
2.000000000000000000e+12	2.900000000000000000e+01	3.000000000000007869e-05
2.510000000000000000e+12	2.900000000000000000e+01	3.000000000000007869e-05
3.160000000000000000e+12	2.900000000000000000e+01	2.500000000000006557e-05
3.980000000000000000e+12	2.900000000000000000e+01	2.499999999999984873e-05
5.010000000000000000e+12	2.900000000000000000e+01	2.500000000000006557e-05
6.310000000000000000e+12	2.900000000000000000e+01	2.500000000000006557e-05
7.940000000000000000e+12	2.900000000000000000e+01	2.500000000000006557e-05
1.000000000000000000e+13	2.900000000000000000e+01	3.000000000000007869e-05
1.260000000000000000e+13	2.900000000000000000e+01	3.000000000000007869e-05
1.580000000000000000e+13	2.900000000000000000e+01	3.000000000000007869e-05
2.000000000000000000e+13	2.900000000000000000e+01	4.000000000000010492e-05
2.510000000000000000e+13	2.900000000000000000e+01	6.000000000000015737e-05
3.160000000000000000e+13	2.900000000000000000e+01	8.999999999999980238e-05
3.980000000000000000e+13	2.900000000000000000e+01	1.399999999999999335e-04
5.010000000000000000e+13	2.900000000000000000e+01	2.249999999999995060e-04
6.310000000000000000e+13	2.900000000000000000e+01	3.499999999999996170e-04
7.940000000000000000e+13	2.900000000000000000e+01	3.999999999999993144e-04
1.000000000000000000e+14	2.900000000000000000e+01	4.999999999999987094e-04
1.260000000000000000e+14	2.900000000000000000e+01	7.500000000000006661e-04
1.580000000000000000e+14	2.900000000000000000e+01	1.349999999999997036e-03
2.000000000000000000e+14	2.900000000000000000e+01	3.500000000000003109e-03
2.510000000000000000e+14	2.900000000000000000e+01	8.000000000000007105e-03
3.160000000000000000e+14	2.900000000000000000e+01	1.750000000000001554e-02
3.980000000000000000e+14	2.900000000000000000e+01	3.199999999999997291e-02
5.010000000000000000e+14	2.900000000000000000e+01	5.000000000000004441e-02
6.310000000000000000e+14	2.900000000000000000e+01	7.500000000000017764e-02
7.940000000000000000e+14	2.900000000000000000e+01	8.999999999999985789e-02
1.000000000000000000e+15	2.900000000000000000e+01	1.149999999999999911e-01
1.260000000000000000e+15	2.900000000000000000e+01	1.250000000000000000e-01
1.580000000000000000e+15	2.900000000000000000e+01	1.350000000000000089e-01
2.000000000000000000e+15	2.900000000000000000e+01	1.449999999999997957e-01
2.510000000000000000e+15	2.900000000000000000e+01	1.400000000000001243e-01
3.160000000000000000e+15	2.900000000000000000e+01	1.349999999999997868e-01
3.980000000000000000e+15	2.900000000000000000e+01	1.300000000000001155e-01
5.010000000000000000e+15	2.900000000000000000e+01	1.149999999999999911e-01
6.310000000000000000e+15	2.900000000000000000e+01	1.049999999999999822e-01
7.940000000000000000e+15	2.900000000000000000e+01	9.000000000000007994e-02
1.000000000000000000e+16	2.900000000000000000e+01	7.999999999999984901e-02
1.260000000000000000e+16	2.900000000000000000e+01	6.499999999999994671e-02
1.580000000000000000e+16	2.900000000000000000e+01	5.500000000000004885e-02
2.000000000000000000e+16	2.900000000000000000e+01	5.000000000000004441e-02
2.510000000000000000e+16	2.900000000000000000e+01	4.500000000000003997e-02
3.160000000000000000e+16	2.900000000000000000e+01	3.500000000000003109e-02
3.980000000000000000e+16	2.900000000000000000e+01	3.050000000000002709e-02
5.010000000000000000e+16	2.900000000000000000e+01	2.550000000000002265e-02
6.310000000000000000e+16	2.900000000000000000e+01	2.150000000000001910e-02
7.940000000000000000e+16	2.900000000000000000e+01	1.800000000000001599e-02
1.000000000000000000e+17	2.900000000000000000e+01	1.500000000000001332e-02
