1.000000000000000000e+11	5.000000000000000000e-01	1.000000000000000269e-09
1.258925411794166107e+11	5.000000000000000000e-01	3.162277660168366287e-09
1.584893192461110840e+11	5.000000000000000000e-01	9.999999999999919146e-09
1.995262314968882751e+11	5.000000000000000000e-01	3.162277660168404337e-08
2.511886431509582214e+11	5.000000000000000000e-01	1.000000000000004455e-07
3.162277660168379517e+11	5.000000000000000000e-01	3.162277660168379721e-07
3.981071705534969482e+11	5.000000000000000000e-01	9.999999999999959313e-07
5.011872336272714844e+11	5.000000000000000000e-01	3.162277660168353780e-06
6.309573444801943359e+11	5.000000000000000000e-01	1.000000000000008891e-05
7.943282347242821045e+11	5.000000000000000000e-01	3.162277660168392405e-05
1.000000000000000000e+12	5.000000000000000000e-01	1.299999999999999886e-04
1.260000000000000000e+12	5.000000000000000000e-01	1.379999999999999933e-04
1.580000000000000000e+12	5.000000000000000000e-01	1.430000000000000064e-04
2.000000000000000000e+12	5.000000000000000000e-01	1.469999999999999953e-04
2.510000000000000000e+12	5.000000000000000000e-01	1.520000000000000084e-04
3.160000000000000000e+12	5.000000000000000000e-01	1.569999999999999944e-04
3.980000000000000000e+12	5.000000000000000000e-01	1.630000000000000047e-04
5.010000000000000000e+12	5.000000000000000000e-01	1.710000000000000094e-04
6.310000000000000000e+12	5.000000000000000000e-01	1.810000000000000085e-04
7.940000000000000000e+12	5.000000000000000000e-01	1.949999999999999965e-04
1.000000000000000000e+13	5.000000000000000000e-01	2.190000000000000106e-04
1.260000000000000000e+13	5.000000000000000000e-01	2.570000000000000127e-04
1.580000000000000000e+13	5.000000000000000000e-01	2.950000000000000148e-04
2.000000000000000000e+13	5.000000000000000000e-01	3.460000000000000076e-04
2.510000000000000000e+13	5.000000000000000000e-01	4.369999999999999970e-04
3.160000000000000000e+13	5.000000000000000000e-01	6.139999999999999625e-04
3.980000000000000000e+13	5.000000000000000000e-01	9.579999999999999757e-04
5.010000000000000000e+13	5.000000000000000000e-01	1.539999999999999919e-03
6.310000000000000000e+13	5.000000000000000000e-01	2.370000000000000145e-03
7.940000000000000000e+13	5.000000000000000000e-01	3.360000000000000139e-03
1.000000000000000000e+14	5.000000000000000000e-01	4.389999999999999805e-03
1.260000000000000000e+14	5.000000000000000000e-01	5.360000000000000181e-03
1.580000000000000000e+14	5.000000000000000000e-01	6.530000000000000214e-03
2.000000000000000000e+14	5.000000000000000000e-01	8.750000000000000833e-03
2.510000000000000000e+14	5.000000000000000000e-01	1.359999999999999924e-02
3.160000000000000000e+14	5.000000000000000000e-01	2.259999999999999856e-02
3.980000000000000000e+14	5.000000000000000000e-01	3.660000000000000059e-02
5.010000000000000000e+14	5.000000000000000000e-01	5.510000000000000314e-02
6.310000000000000000e+14	5.000000000000000000e-01	7.620000000000000384e-02
7.940000000000000000e+14	5.000000000000000000e-01	9.729999999999999760e-02
1.000000000000000000e+15	5.000000000000000000e-01	1.160000000000000059e-01
1.260000000000000000e+15	5.000000000000000000e-01	1.300000000000000044e-01
1.580000000000000000e+15	5.000000000000000000e-01	1.400000000000000133e-01
2.000000000000000000e+15	5.000000000000000000e-01	1.439999999999999891e-01
2.510000000000000000e+15	5.000000000000000000e-01	1.429999999999999882e-01
3.160000000000000000e+15	5.000000000000000000e-01	1.370000000000000107e-01
3.980000000000000000e+15	5.000000000000000000e-01	1.270000000000000018e-01
5.010000000000000000e+15	5.000000000000000000e-01	1.160000000000000059e-01
6.310000000000000000e+15	5.000000000000000000e-01	1.039999999999999952e-01
7.940000000000000000e+15	5.000000000000000000e-01	9.130000000000000615e-02
1.000000000000000000e+16	5.000000000000000000e-01	7.960000000000000409e-02
1.260000000000000000e+16	5.000000000000000000e-01	6.890000000000000291e-02
1.580000000000000000e+16	5.000000000000000000e-01	5.909999999999999976e-02
2.000000000000000000e+16	5.000000000000000000e-01	5.050000000000000322e-02
2.510000000000000000e+16	5.000000000000000000e-01	4.290000000000000063e-02
3.160000000000000000e+16	5.000000000000000000e-01	3.629999999999999893e-02
3.980000000000000000e+16	5.000000000000000000e-01	3.059999999999999873e-02
5.010000000000000000e+16	5.000000000000000000e-01	2.570000000000000062e-02
6.310000000000000000e+16	5.000000000000000000e-01	2.160000000000000114e-02
7.940000000000000000e+16	5.000000000000000000e-01	1.799999999999999864e-02
1.000000000000000000e+17	5.000000000000000000e-01	1.499999999999999944e-02
1.000000000000000000e+11	1.500000000000000000e+00	1.000000000000000269e-09
1.258925411794166107e+11	1.500000000000000000e+00	3.162277660168366287e-09
1.584893192461110840e+11	1.500000000000000000e+00	9.999999999999919146e-09
1.995262314968882751e+11	1.500000000000000000e+00	3.162277660168404337e-08
2.511886431509582214e+11	1.500000000000000000e+00	1.000000000000004455e-07
3.162277660168379517e+11	1.500000000000000000e+00	3.162277660168379721e-07
3.981071705534969482e+11	1.500000000000000000e+00	9.999999999999959313e-07
5.011872336272714844e+11	1.500000000000000000e+00	3.162277660168353780e-06
6.309573444801943359e+11	1.500000000000000000e+00	1.000000000000008891e-05
7.943282347242821045e+11	1.500000000000000000e+00	3.162277660168392405e-05
1.000000000000000000e+12	1.500000000000000000e+00	1.180000000000000222e-04
1.260000000000000000e+12	1.500000000000000000e+00	1.250000000000000026e-04
1.580000000000000000e+12	1.500000000000000000e+00	1.289999999999999914e-04
2.000000000000000000e+12	1.500000000000000000e+00	1.320000000000000101e-04
2.510000000000000000e+12	1.500000000000000000e+00	1.340000000000000045e-04
3.160000000000000000e+12	1.500000000000000000e+00	1.369999999999999961e-04
3.980000000000000000e+12	1.500000000000000000e+00	1.399999999999999877e-04
5.010000000000000000e+12	1.500000000000000000e+00	1.440000000000000036e-04
6.310000000000000000e+12	1.500000000000000000e+00	1.489999999999999897e-04
7.940000000000000000e+12	1.500000000000000000e+00	1.569999999999999944e-04
1.000000000000000000e+13	1.500000000000000000e+00	1.740000000000000010e-04
1.260000000000000000e+13	1.500000000000000000e+00	1.979999999999999881e-04
1.580000000000000000e+13	1.500000000000000000e+00	2.219999999999999751e-04
2.000000000000000000e+13	1.500000000000000000e+00	2.490000000000000351e-04
2.510000000000000000e+13	1.500000000000000000e+00	2.939999999999999905e-04
3.160000000000000000e+13	1.500000000000000000e+00	3.860000000000000583e-04
3.980000000000000000e+13	1.500000000000000000e+00	5.719999999999999174e-04
5.010000000000000000e+13	1.500000000000000000e+00	8.999999999999999754e-04
6.310000000000000000e+13	1.500000000000000000e+00	1.379999999999999716e-03
7.940000000000000000e+13	1.500000000000000000e+00	1.989999999999999582e-03
1.000000000000000000e+14	1.500000000000000000e+00	2.650000000000000445e-03
1.260000000000000000e+14	1.500000000000000000e+00	3.360000000000000139e-03
1.580000000000000000e+14	1.500000000000000000e+00	4.369999999999999753e-03
2.000000000000000000e+14	1.500000000000000000e+00	6.549999999999998532e-03
2.510000000000000000e+14	1.500000000000000000e+00	1.140000000000000215e-02
3.160000000000000000e+14	1.500000000000000000e+00	2.060000000000000372e-02
3.980000000000000000e+14	1.500000000000000000e+00	3.489999999999999353e-02
5.010000000000000000e+14	1.500000000000000000e+00	5.389999999999999653e-02
6.310000000000000000e+14	1.500000000000000000e+00	7.479999999999999150e-02
7.940000000000000000e+14	1.500000000000000000e+00	9.570000000000000728e-02
1.000000000000000000e+15	1.500000000000000000e+00	1.150000000000000050e-01
1.260000000000000000e+15	1.500000000000000000e+00	1.300000000000000044e-01
1.580000000000000000e+15	1.500000000000000000e+00	1.390000000000000124e-01
2.000000000000000000e+15	1.500000000000000000e+00	1.429999999999999882e-01
2.510000000000000000e+15	1.500000000000000000e+00	1.419999999999999873e-01
3.160000000000000000e+15	1.500000000000000000e+00	1.360000000000000098e-01
3.980000000000000000e+15	1.500000000000000000e+00	1.270000000000000018e-01
5.010000000000000000e+15	1.500000000000000000e+00	1.150000000000000050e-01
6.310000000000000000e+15	1.500000000000000000e+00	1.029999999999999943e-01
7.940000000000000000e+15	1.500000000000000000e+00	9.069999999999998896e-02
1.000000000000000000e+16	1.500000000000000000e+00	7.939999999999999836e-02
1.260000000000000000e+16	1.500000000000000000e+00	6.910000000000000864e-02
1.580000000000000000e+16	1.500000000000000000e+00	5.889999999999999403e-02
2.000000000000000000e+16	1.500000000000000000e+00	5.050000000000000322e-02
2.510000000000000000e+16	1.500000000000000000e+00	4.279999999999999777e-02
3.160000000000000000e+16	1.500000000000000000e+00	3.619999999999999607e-02
3.980000000000000000e+16	1.500000000000000000e+00	3.050000000000000280e-02
5.010000000000000000e+16	1.500000000000000000e+00	2.570000000000000062e-02
6.310000000000000000e+16	1.500000000000000000e+00	2.149999999999999828e-02
7.940000000000000000e+16	1.500000000000000000e+00	1.799999999999999864e-02
1.000000000000000000e+17	1.500000000000000000e+00	1.509999999999999884e-02
1.000000000000000000e+11	2.500000000000000000e+00	1.000000000000000269e-09
1.258925411794166107e+11	2.500000000000000000e+00	3.162277660168366287e-09
1.584893192461110840e+11	2.500000000000000000e+00	9.999999999999919146e-09
1.995262314968882751e+11	2.500000000000000000e+00	3.162277660168404337e-08
2.511886431509582214e+11	2.500000000000000000e+00	1.000000000000004455e-07
3.162277660168379517e+11	2.500000000000000000e+00	3.162277660168379721e-07
3.981071705534969482e+11	2.500000000000000000e+00	9.999999999999959313e-07
5.011872336272714844e+11	2.500000000000000000e+00	3.162277660168353780e-06
6.309573444801943359e+11	2.500000000000000000e+00	1.000000000000008891e-05
7.943282347242821045e+11	2.500000000000000000e+00	3.162277660168392405e-05
1.000000000000000000e+12	2.500000000000000000e+00	1.059999999999999745e-04
1.260000000000000000e+12	2.500000000000000000e+00	1.129999999999999820e-04
1.580000000000000000e+12	2.500000000000000000e+00	1.149999999999999764e-04
2.000000000000000000e+12	2.500000000000000000e+00	1.179999999999999951e-04
2.510000000000000000e+12	2.500000000000000000e+00	1.199999999999999895e-04
3.160000000000000000e+12	2.500000000000000000e+00	1.210000000000000138e-04
3.980000000000000000e+12	2.500000000000000000e+00	1.219999999999999839e-04
5.010000000000000000e+12	2.500000000000000000e+00	1.239999999999999783e-04
6.310000000000000000e+12	2.500000000000000000e+00	1.280000000000000213e-04
7.940000000000000000e+12	2.500000000000000000e+00	1.350000000000000288e-04
1.000000000000000000e+13	2.500000000000000000e+00	1.459999999999999709e-04
1.260000000000000000e+13	2.500000000000000000e+00	1.660000000000000234e-04
1.580000000000000000e+13	2.500000000000000000e+00	1.850000000000000516e-04
2.000000000000000000e+13	2.500000000000000000e+00	2.039999999999999713e-04
2.510000000000000000e+13	2.500000000000000000e+00	2.370000000000000145e-04
3.160000000000000000e+13	2.500000000000000000e+00	2.999999999999999195e-04
3.980000000000000000e+13	2.500000000000000000e+00	4.300000000000000436e-04
5.010000000000000000e+13	2.500000000000000000e+00	6.700000000000000226e-04
6.310000000000000000e+13	2.500000000000000000e+00	1.020000000000000073e-03
7.940000000000000000e+13	2.500000000000000000e+00	1.480000000000000412e-03
1.000000000000000000e+14	2.500000000000000000e+00	2.010000000000000502e-03
1.260000000000000000e+14	2.500000000000000000e+00	2.579999999999998961e-03
1.580000000000000000e+14	2.500000000000000000e+00	3.600000000000000769e-03
2.000000000000000000e+14	2.500000000000000000e+00	5.700000000000001940e-03
2.510000000000000000e+14	2.500000000000000000e+00	1.059999999999999831e-02
3.160000000000000000e+14	2.500000000000000000e+00	1.979999999999999816e-02
3.980000000000000000e+14	2.500000000000000000e+00	3.450000000000000289e-02
5.010000000000000000e+14	2.500000000000000000e+00	5.300000000000000544e-02
6.310000000000000000e+14	2.500000000000000000e+00	7.400000000000001021e-02
7.940000000000000000e+14	2.500000000000000000e+00	9.599999999999997424e-02
1.000000000000000000e+15	2.500000000000000000e+00	1.139999999999999625e-01
1.260000000000000000e+15	2.500000000000000000e+00	1.290000000000000036e-01
1.580000000000000000e+15	2.500000000000000000e+00	1.379999999999999560e-01
2.000000000000000000e+15	2.500000000000000000e+00	1.430000000000000160e-01
2.510000000000000000e+15	2.500000000000000000e+00	1.420000000000000151e-01
3.160000000000000000e+15	2.500000000000000000e+00	1.359999999999999543e-01
3.980000000000000000e+15	2.500000000000000000e+00	1.270000000000000018e-01
5.010000000000000000e+15	2.500000000000000000e+00	1.159999999999999643e-01
6.310000000000000000e+15	2.500000000000000000e+00	1.030000000000000082e-01
7.940000000000000000e+15	2.500000000000000000e+00	9.100000000000002531e-02
1.000000000000000000e+16	2.500000000000000000e+00	7.899999999999998690e-02
1.260000000000000000e+16	2.500000000000000000e+00	6.799999999999997713e-02
1.580000000000000000e+16	2.500000000000000000e+00	5.899999999999999689e-02
2.000000000000000000e+16	2.500000000000000000e+00	4.999999999999998890e-02
2.510000000000000000e+16	2.500000000000000000e+00	4.230000000000000426e-02
3.160000000000000000e+16	2.500000000000000000e+00	3.650000000000000466e-02
3.980000000000000000e+16	2.500000000000000000e+00	3.049999999999999933e-02
5.010000000000000000e+16	2.500000000000000000e+00	2.559999999999999776e-02
6.310000000000000000e+16	2.500000000000000000e+00	2.150000000000000522e-02
7.940000000000000000e+16	2.500000000000000000e+00	1.800000000000000211e-02
1.000000000000000000e+17	2.500000000000000000e+00	1.500000000000000291e-02
1.000000000000000000e+11	3.500000000000000000e+00	1.000000000000000269e-09
1.258925411794166107e+11	3.500000000000000000e+00	3.162277660168366287e-09
1.584893192461110840e+11	3.500000000000000000e+00	9.999999999999919146e-09
1.995262314968882751e+11	3.500000000000000000e+00	3.162277660168404337e-08
2.511886431509582214e+11	3.500000000000000000e+00	1.000000000000004455e-07
3.162277660168379517e+11	3.500000000000000000e+00	3.162277660168379721e-07
3.981071705534969482e+11	3.500000000000000000e+00	9.999999999999959313e-07
5.011872336272714844e+11	3.500000000000000000e+00	3.162277660168353780e-06
6.309573444801943359e+11	3.500000000000000000e+00	1.000000000000008891e-05
7.943282347242821045e+11	3.500000000000000000e+00	3.162277660168392405e-05
1.000000000000000000e+12	3.500000000000000000e+00	9.500000000000003234e-05
1.260000000000000000e+12	3.500000000000000000e+00	1.000000000000000454e-04
1.580000000000000000e+12	3.500000000000000000e+00	1.030000000000000100e-04
2.000000000000000000e+12	3.500000000000000000e+00	1.049999999999999501e-04
2.510000000000000000e+12	3.500000000000000000e+00	1.059999999999999745e-04
3.160000000000000000e+12	3.500000000000000000e+00	1.059999999999999745e-04
3.980000000000000000e+12	3.500000000000000000e+00	1.080000000000000773e-04
5.010000000000000000e+12	3.500000000000000000e+00	1.089999999999999932e-04
6.310000000000000000e+12	3.500000000000000000e+00	1.109999999999999334e-04
7.940000000000000000e+12	3.500000000000000000e+00	1.160000000000000007e-04
1.000000000000000000e+13	3.500000000000000000e+00	1.270000000000000512e-04
1.260000000000000000e+13	3.500000000000000000e+00	1.439999999999999223e-04
1.580000000000000000e+13	3.500000000000000000e+00	1.579999999999999374e-04
2.000000000000000000e+13	3.500000000000000000e+00	1.740000000000000010e-04
2.510000000000000000e+13	3.500000000000000000e+00	2.020000000000000311e-04
3.160000000000000000e+13	3.500000000000000000e+00	2.500000000000000052e-04
3.980000000000000000e+13	3.500000000000000000e+00	3.600000000000000769e-04
5.010000000000000000e+13	3.500000000000000000e+00	5.500000000000001416e-04
6.310000000000000000e+13	3.500000000000000000e+00	8.300000000000000086e-04
7.940000000000000000e+13	3.500000000000000000e+00	1.179999999999999626e-03
1.000000000000000000e+14	3.500000000000000000e+00	1.649999999999998690e-03
1.260000000000000000e+14	3.500000000000000000e+00	2.200000000000000566e-03
1.580000000000000000e+14	3.500000000000000000e+00	3.000000000000000930e-03
2.000000000000000000e+14	3.500000000000000000e+00	5.199999999999999761e-03
2.510000000000000000e+14	3.500000000000000000e+00	1.009999999999999787e-02
3.160000000000000000e+14	3.500000000000000000e+00	1.929999999999999771e-02
3.980000000000000000e+14	3.500000000000000000e+00	3.300000000000001543e-02
5.010000000000000000e+14	3.500000000000000000e+00	5.199999999999999067e-02
6.310000000000000000e+14	3.500000000000000000e+00	7.399999999999998246e-02
7.940000000000000000e+14	3.500000000000000000e+00	9.500000000000002887e-02
1.000000000000000000e+15	3.500000000000000000e+00	1.140000000000000457e-01
1.260000000000000000e+15	3.500000000000000000e+00	1.290000000000000036e-01
1.580000000000000000e+15	3.500000000000000000e+00	1.390000000000000679e-01
2.000000000000000000e+15	3.500000000000000000e+00	1.429999999999999605e-01
2.510000000000000000e+15	3.500000000000000000e+00	1.409999999999999587e-01
3.160000000000000000e+15	3.500000000000000000e+00	1.360000000000000653e-01
3.980000000000000000e+15	3.500000000000000000e+00	1.260000000000000009e-01
5.010000000000000000e+15	3.500000000000000000e+00	1.150000000000000466e-01
6.310000000000000000e+15	3.500000000000000000e+00	1.029999999999999805e-01
7.940000000000000000e+15	3.500000000000000000e+00	9.099999999999996980e-02
1.000000000000000000e+16	3.500000000000000000e+00	8.000000000000001554e-02
1.260000000000000000e+16	3.500000000000000000e+00	6.900000000000003353e-02
1.580000000000000000e+16	3.500000000000000000e+00	5.899999999999999689e-02
2.000000000000000000e+16	3.500000000000000000e+00	5.000000000000001665e-02
2.510000000000000000e+16	3.500000000000000000e+00	4.300000000000001044e-02
3.160000000000000000e+16	3.500000000000000000e+00	3.599999999999999034e-02
3.980000000000000000e+16	3.500000000000000000e+00	3.039999999999999647e-02
5.010000000000000000e+16	3.500000000000000000e+00	2.599999999999999534e-02
6.310000000000000000e+16	3.500000000000000000e+00	2.149999999999999134e-02
7.940000000000000000e+16	3.500000000000000000e+00	1.799999999999999517e-02
1.000000000000000000e+17	3.500000000000000000e+00	1.499999999999999944e-02
1.000000000000000000e+11	4.500000000000000000e+00	1.000000000000000269e-09
1.258925411794166107e+11	4.500000000000000000e+00	3.162277660168366287e-09
1.584893192461110840e+11	4.500000000000000000e+00	9.999999999999919146e-09
1.995262314968882751e+11	4.500000000000000000e+00	3.162277660168404337e-08
2.511886431509582214e+11	4.500000000000000000e+00	1.000000000000004455e-07
3.162277660168379517e+11	4.500000000000000000e+00	3.162277660168379721e-07
3.981071705534969482e+11	4.500000000000000000e+00	9.999999999999959313e-07
5.011872336272714844e+11	4.500000000000000000e+00	3.162277660168353780e-06
6.309573444801943359e+11	4.500000000000000000e+00	1.000000000000008891e-05
7.943282347242821045e+11	4.500000000000000000e+00	3.162277660168392405e-05
1.000000000000000000e+12	4.500000000000000000e+00	8.199999999999998740e-05
1.260000000000000000e+12	4.500000000000000000e+00	8.700000000000000051e-05
1.580000000000000000e+12	4.500000000000000000e+00	9.000000000000001922e-05
2.000000000000000000e+12	4.500000000000000000e+00	9.100000000000004353e-05
2.510000000000000000e+12	4.500000000000000000e+00	9.200000000000006783e-05
3.160000000000000000e+12	4.500000000000000000e+00	9.299999999999998372e-05
3.980000000000000000e+12	4.500000000000000000e+00	9.299999999999998372e-05
5.010000000000000000e+12	4.500000000000000000e+00	9.500000000000003234e-05
6.310000000000000000e+12	4.500000000000000000e+00	9.700000000000008095e-05
7.940000000000000000e+12	4.500000000000000000e+00	1.009999999999999613e-04
1.000000000000000000e+13	4.500000000000000000e+00	1.099999999999999633e-04
1.260000000000000000e+13	4.500000000000000000e+00	1.240000000000000867e-04
1.580000000000000000e+13	4.500000000000000000e+00	1.379999999999999933e-04
2.000000000000000000e+13	4.500000000000000000e+00	1.469999999999998868e-04
2.510000000000000000e+13	4.500000000000000000e+00	1.700000000000000122e-04
3.160000000000000000e+13	4.500000000000000000e+00	2.200000000000001434e-04
3.980000000000000000e+13	4.500000000000000000e+00	2.999999999999999195e-04
5.010000000000000000e+13	4.500000000000000000e+00	4.499999999999998793e-04
6.310000000000000000e+13	4.500000000000000000e+00	6.800000000000000488e-04
7.940000000000000000e+13	4.500000000000000000e+00	9.799999999999999684e-04
1.000000000000000000e+14	4.500000000000000000e+00	1.300000000000000808e-03
1.260000000000000000e+14	4.500000000000000000e+00	1.799999999999999517e-03
1.580000000000000000e+14	4.500000000000000000e+00	2.699999999999997541e-03
2.000000000000000000e+14	4.500000000000000000e+00	4.799999999999998712e-03
2.510000000000000000e+14	4.500000000000000000e+00	9.600000000000004363e-03
3.160000000000000000e+14	4.500000000000000000e+00	1.870000000000000828e-02
3.980000000000000000e+14	4.500000000000000000e+00	3.299999999999997380e-02
5.010000000000000000e+14	4.500000000000000000e+00	5.200000000000001843e-02
6.310000000000000000e+14	4.500000000000000000e+00	7.300000000000000933e-02
7.940000000000000000e+14	4.500000000000000000e+00	9.499999999999997335e-02
1.000000000000000000e+15	4.500000000000000000e+00	1.139999999999999347e-01
1.260000000000000000e+15	4.500000000000000000e+00	1.280000000000000027e-01
1.580000000000000000e+15	4.500000000000000000e+00	1.379999999999999005e-01
2.000000000000000000e+15	4.500000000000000000e+00	1.420000000000000151e-01
2.510000000000000000e+15	4.500000000000000000e+00	1.420000000000000151e-01
3.160000000000000000e+15	4.500000000000000000e+00	1.350000000000000089e-01
3.980000000000000000e+15	4.500000000000000000e+00	1.270000000000000018e-01
5.010000000000000000e+15	4.500000000000000000e+00	1.149999999999999356e-01
6.310000000000000000e+15	4.500000000000000000e+00	1.030000000000000360e-01
7.940000000000000000e+15	4.500000000000000000e+00	9.100000000000002531e-02
1.000000000000000000e+16	4.500000000000000000e+00	7.900000000000001465e-02
1.260000000000000000e+16	4.500000000000000000e+00	6.800000000000000488e-02
1.580000000000000000e+16	4.500000000000000000e+00	5.899999999999999689e-02
2.000000000000000000e+16	4.500000000000000000e+00	5.099999999999998979e-02
2.510000000000000000e+16	4.500000000000000000e+00	4.299999999999998268e-02
3.160000000000000000e+16	4.500000000000000000e+00	3.600000000000000422e-02
3.980000000000000000e+16	4.500000000000000000e+00	3.099999999999999978e-02
5.010000000000000000e+16	4.500000000000000000e+00	2.500000000000000833e-02
6.310000000000000000e+16	4.500000000000000000e+00	2.190000000000000280e-02
7.940000000000000000e+16	4.500000000000000000e+00	1.789999999999999925e-02
1.000000000000000000e+17	4.500000000000000000e+00	1.489999999999999658e-02
1.000000000000000000e+11	5.500000000000000000e+00	1.000000000000000269e-09
1.258925411794166107e+11	5.500000000000000000e+00	3.162277660168366287e-09
1.584893192461110840e+11	5.500000000000000000e+00	9.999999999999919146e-09
1.995262314968882751e+11	5.500000000000000000e+00	3.162277660168404337e-08
2.511886431509582214e+11	5.500000000000000000e+00	1.000000000000004455e-07
3.162277660168379517e+11	5.500000000000000000e+00	3.162277660168379721e-07
3.981071705534969482e+11	5.500000000000000000e+00	9.999999999999959313e-07
5.011872336272714844e+11	5.500000000000000000e+00	3.162277660168353780e-06
6.309573444801943359e+11	5.500000000000000000e+00	1.000000000000008891e-05
7.943282347242821045e+11	5.500000000000000000e+00	3.162277660168392405e-05
1.000000000000000000e+12	5.500000000000000000e+00	7.099999999999999107e-05
1.260000000000000000e+12	5.500000000000000000e+00	7.499999999999997988e-05
1.580000000000000000e+12	5.500000000000000000e+00	7.700000000000002849e-05
2.000000000000000000e+12	5.500000000000000000e+00	7.899999999999996868e-05
2.510000000000000000e+12	5.500000000000000000e+00	7.899999999999996868e-05
3.160000000000000000e+12	5.500000000000000000e+00	7.999999999999999299e-05
3.980000000000000000e+12	5.500000000000000000e+00	8.099999999999990888e-05
5.010000000000000000e+12	5.500000000000000000e+00	8.199999999999993319e-05
6.310000000000000000e+12	5.500000000000000000e+00	8.299999999999995749e-05
7.940000000000000000e+12	5.500000000000000000e+00	8.700000000000005472e-05
1.000000000000000000e+13	5.500000000000000000e+00	9.500000000000003234e-05
1.260000000000000000e+13	5.500000000000000000e+00	1.080000000000000231e-04
1.580000000000000000e+13	5.500000000000000000e+00	1.219999999999999297e-04
2.000000000000000000e+13	5.500000000000000000e+00	1.400000000000001504e-04
2.510000000000000000e+13	5.500000000000000000e+00	1.599999999999999860e-04
3.160000000000000000e+13	5.500000000000000000e+00	1.899999999999998478e-04
3.980000000000000000e+13	5.500000000000000000e+00	2.700000000000002745e-04
5.010000000000000000e+13	5.500000000000000000e+00	4.099999999999997743e-04
6.310000000000000000e+13	5.500000000000000000e+00	5.999999999999998390e-04
7.940000000000000000e+13	5.500000000000000000e+00	8.500000000000000611e-04
1.000000000000000000e+14	5.500000000000000000e+00	1.199999999999999678e-03
1.260000000000000000e+14	5.500000000000000000e+00	1.499999999999999598e-03
1.580000000000000000e+14	5.500000000000000000e+00	2.399999999999999356e-03
2.000000000000000000e+14	5.500000000000000000e+00	4.499999999999997058e-03
2.510000000000000000e+14	5.500000000000000000e+00	9.399999999999991696e-03
3.160000000000000000e+14	5.500000000000000000e+00	1.899999999999998912e-02
3.980000000000000000e+14	5.500000000000000000e+00	3.300000000000000155e-02
5.010000000000000000e+14	5.500000000000000000e+00	5.199999999999999067e-02
6.310000000000000000e+14	5.500000000000000000e+00	7.400000000000001021e-02
7.940000000000000000e+14	5.500000000000000000e+00	9.499999999999997335e-02
1.000000000000000000e+15	5.500000000000000000e+00	1.140000000000001013e-01
1.260000000000000000e+15	5.500000000000000000e+00	1.290000000000000036e-01
1.580000000000000000e+15	5.500000000000000000e+00	1.380000000000000115e-01
2.000000000000000000e+15	5.500000000000000000e+00	1.430000000000000160e-01
2.510000000000000000e+15	5.500000000000000000e+00	1.420000000000000151e-01
3.160000000000000000e+15	5.500000000000000000e+00	1.359999999999998987e-01
3.980000000000000000e+15	5.500000000000000000e+00	1.260000000000000009e-01
5.010000000000000000e+15	5.500000000000000000e+00	1.149999999999999911e-01
6.310000000000000000e+15	5.500000000000000000e+00	1.029999999999999805e-01
7.940000000000000000e+15	5.500000000000000000e+00	9.100000000000002531e-02
1.000000000000000000e+16	5.500000000000000000e+00	7.899999999999995914e-02
1.260000000000000000e+16	5.500000000000000000e+00	6.899999999999995026e-02
1.580000000000000000e+16	5.500000000000000000e+00	5.899999999999999689e-02
2.000000000000000000e+16	5.500000000000000000e+00	4.999999999999998890e-02
2.510000000000000000e+16	5.500000000000000000e+00	4.300000000000001044e-02
3.160000000000000000e+16	5.500000000000000000e+00	3.600000000000000422e-02
3.980000000000000000e+16	5.500000000000000000e+00	2.999999999999999889e-02
5.010000000000000000e+16	5.500000000000000000e+00	2.599999999999999534e-02
6.310000000000000000e+16	5.500000000000000000e+00	2.100000000000000477e-02
7.940000000000000000e+16	5.500000000000000000e+00	1.810000000000000497e-02
1.000000000000000000e+17	5.500000000000000000e+00	1.499999999999999944e-02
1.000000000000000000e+11	6.500000000000000000e+00	1.000000000000000269e-09
1.258925411794166107e+11	6.500000000000000000e+00	3.162277660168366287e-09
1.584893192461110840e+11	6.500000000000000000e+00	9.999999999999919146e-09
1.995262314968882751e+11	6.500000000000000000e+00	3.162277660168404337e-08
2.511886431509582214e+11	6.500000000000000000e+00	1.000000000000004455e-07
3.162277660168379517e+11	6.500000000000000000e+00	3.162277660168379721e-07
3.981071705534969482e+11	6.500000000000000000e+00	9.999999999999959313e-07
5.011872336272714844e+11	6.500000000000000000e+00	3.162277660168353780e-06
6.309573444801943359e+11	6.500000000000000000e+00	1.000000000000008891e-05
7.943282347242821045e+11	6.500000000000000000e+00	3.162277660168392405e-05
1.000000000000000000e+12	6.500000000000000000e+00	6.199999999999998915e-05
1.260000000000000000e+12	6.500000000000000000e+00	6.599999999999997796e-05
1.580000000000000000e+12	6.500000000000000000e+00	6.799999999999991815e-05
2.000000000000000000e+12	6.500000000000000000e+00	6.900000000000005088e-05
2.510000000000000000e+12	6.500000000000000000e+00	6.999999999999996676e-05
3.160000000000000000e+12	6.500000000000000000e+00	7.000000000000007518e-05
3.980000000000000000e+12	6.500000000000000000e+00	7.000000000000007518e-05
5.010000000000000000e+12	6.500000000000000000e+00	7.100000000000009949e-05
6.310000000000000000e+12	6.500000000000000000e+00	7.300000000000003968e-05
7.940000000000000000e+12	6.500000000000000000e+00	7.699999999999992007e-05
1.000000000000000000e+13	6.500000000000000000e+00	8.399999999999998180e-05
1.260000000000000000e+13	6.500000000000000000e+00	9.299999999999998372e-05
1.580000000000000000e+13	6.500000000000000000e+00	1.000000000000000454e-04
2.000000000000000000e+13	6.500000000000000000e+00	1.199999999999998811e-04
2.510000000000000000e+13	6.500000000000000000e+00	1.299999999999999073e-04
3.160000000000000000e+13	6.500000000000000000e+00	1.700000000000000122e-04
3.980000000000000000e+13	6.500000000000000000e+00	2.399999999999997621e-04
5.010000000000000000e+13	6.500000000000000000e+00	3.600000000000000769e-04
6.310000000000000000e+13	6.500000000000000000e+00	5.300000000000000891e-04
7.940000000000000000e+13	6.500000000000000000e+00	7.600000000000002587e-04
1.000000000000000000e+14	6.500000000000000000e+00	1.000000000000000888e-03
1.260000000000000000e+14	6.500000000000000000e+00	1.400000000000001937e-03
1.580000000000000000e+14	6.500000000000000000e+00	2.200000000000000566e-03
2.000000000000000000e+14	6.500000000000000000e+00	4.300000000000005207e-03
2.510000000000000000e+14	6.500000000000000000e+00	9.199999999999999845e-03
3.160000000000000000e+14	6.500000000000000000e+00	1.800000000000001599e-02
3.980000000000000000e+14	6.500000000000000000e+00	3.300000000000000155e-02
5.010000000000000000e+14	6.500000000000000000e+00	5.199999999999999067e-02
6.310000000000000000e+14	6.500000000000000000e+00	7.300000000000000933e-02
7.940000000000000000e+14	6.500000000000000000e+00	9.400000000000008349e-02
1.000000000000000000e+15	6.500000000000000000e+00	1.139999999999999902e-01
1.260000000000000000e+15	6.500000000000000000e+00	1.280000000000000027e-01
1.580000000000000000e+15	6.500000000000000000e+00	1.380000000000000115e-01
2.000000000000000000e+15	6.500000000000000000e+00	1.420000000000000151e-01
2.510000000000000000e+15	6.500000000000000000e+00	1.410000000000000142e-01
3.160000000000000000e+15	6.500000000000000000e+00	1.360000000000000098e-01
3.980000000000000000e+15	6.500000000000000000e+00	1.260000000000000009e-01
5.010000000000000000e+15	6.500000000000000000e+00	1.150000000000001021e-01
6.310000000000000000e+15	6.500000000000000000e+00	1.029999999999999805e-01
7.940000000000000000e+15	6.500000000000000000e+00	9.099999999999996980e-02
1.000000000000000000e+16	6.500000000000000000e+00	8.000000000000007105e-02
1.260000000000000000e+16	6.500000000000000000e+00	6.900000000000000577e-02
1.580000000000000000e+16	6.500000000000000000e+00	5.899999999999999689e-02
2.000000000000000000e+16	6.500000000000000000e+00	4.999999999999998890e-02
2.510000000000000000e+16	6.500000000000000000e+00	4.199999999999998179e-02
3.160000000000000000e+16	6.500000000000000000e+00	3.600000000000000422e-02
3.980000000000000000e+16	6.500000000000000000e+00	3.099999999999999978e-02
5.010000000000000000e+16	6.500000000000000000e+00	2.499999999999999445e-02
6.310000000000000000e+16	6.500000000000000000e+00	2.099999999999999090e-02
7.940000000000000000e+16	6.500000000000000000e+00	1.800000000000000211e-02
1.000000000000000000e+17	6.500000000000000000e+00	1.499999999999999944e-02
1.000000000000000000e+11	8.000000000000000000e+00	1.000000000000000269e-09
1.258925411794166107e+11	8.000000000000000000e+00	3.162277660168366287e-09
1.584893192461110840e+11	8.000000000000000000e+00	9.999999999999919146e-09
1.995262314968882751e+11	8.000000000000000000e+00	3.162277660168404337e-08
2.511886431509582214e+11	8.000000000000000000e+00	1.000000000000004455e-07
3.162277660168379517e+11	8.000000000000000000e+00	3.162277660168379721e-07
3.981071705534969482e+11	8.000000000000000000e+00	9.999999999999959313e-07
5.011872336272714844e+11	8.000000000000000000e+00	3.162277660168353780e-06
6.309573444801943359e+11	8.000000000000000000e+00	1.000000000000008891e-05
7.943282347242821045e+11	8.000000000000000000e+00	3.162277660168392405e-05
1.000000000000000000e+12	8.000000000000000000e+00	4.700000000000000401e-05
1.260000000000000000e+12	8.000000000000000000e+00	4.950000000000001057e-05
1.580000000000000000e+12	8.000000000000000000e+00	5.100000000000004703e-05
2.000000000000000000e+12	8.000000000000000000e+00	5.249999999999997507e-05
2.510000000000000000e+12	8.000000000000000000e+00	5.299999999999998723e-05
3.160000000000000000e+12	8.000000000000000000e+00	5.400000000000001153e-05
3.980000000000000000e+12	8.000000000000000000e+00	5.499999999999998163e-05
5.010000000000000000e+12	8.000000000000000000e+00	5.599999999999995173e-05
6.310000000000000000e+12	8.000000000000000000e+00	5.800000000000000034e-05
7.940000000000000000e+12	8.000000000000000000e+00	6.100000000000001905e-05
1.000000000000000000e+13	8.000000000000000000e+00	6.750000000000001442e-05
1.260000000000000000e+13	8.000000000000000000e+00	7.999999999999999299e-05
1.580000000000000000e+13	8.000000000000000000e+00	9.000000000000001922e-05
2.000000000000000000e+13	8.000000000000000000e+00	9.500000000000003234e-05
2.510000000000000000e+13	8.000000000000000000e+00	1.199999999999999895e-04
3.160000000000000000e+13	8.000000000000000000e+00	1.499999999999999598e-04
3.980000000000000000e+13	8.000000000000000000e+00	2.149999999999999134e-04
5.010000000000000000e+13	8.000000000000000000e+00	3.250000000000002019e-04
6.310000000000000000e+13	8.000000000000000000e+00	4.699999999999999317e-04
7.940000000000000000e+13	8.000000000000000000e+00	6.500000000000004038e-04
1.000000000000000000e+14	8.000000000000000000e+00	8.500000000000000611e-04
1.260000000000000000e+14	8.000000000000000000e+00	1.249999999999999375e-03
1.580000000000000000e+14	8.000000000000000000e+00	1.950000000000000344e-03
2.000000000000000000e+14	8.000000000000000000e+00	4.049999999999998046e-03
2.510000000000000000e+14	8.000000000000000000e+00	8.900000000000005129e-03
3.160000000000000000e+14	8.000000000000000000e+00	1.849999999999998868e-02
3.980000000000000000e+14	8.000000000000000000e+00	3.250000000000000111e-02
5.010000000000000000e+14	8.000000000000000000e+00	5.149999999999999023e-02
6.310000000000000000e+14	8.000000000000000000e+00	7.300000000000000933e-02
7.940000000000000000e+14	8.000000000000000000e+00	9.449999999999997291e-02
1.000000000000000000e+15	8.000000000000000000e+00	1.144999999999999907e-01
1.260000000000000000e+15	8.000000000000000000e+00	1.284999999999999476e-01
1.580000000000000000e+15	8.000000000000000000e+00	1.400000000000000133e-01
2.000000000000000000e+15	8.000000000000000000e+00	1.450000000000000178e-01
2.510000000000000000e+15	8.000000000000000000e+00	1.435000000000000164e-01
3.160000000000000000e+15	8.000000000000000000e+00	1.340000000000000080e-01
3.980000000000000000e+15	8.000000000000000000e+00	1.269999999999999463e-01
5.010000000000000000e+15	8.000000000000000000e+00	1.164999999999999925e-01
6.310000000000000000e+15	8.000000000000000000e+00	1.030000000000000360e-01
7.940000000000000000e+15	8.000000000000000000e+00	9.049999999999996936e-02
1.000000000000000000e+16	8.000000000000000000e+00	7.899999999999995914e-02
1.260000000000000000e+16	8.000000000000000000e+00	6.850000000000000533e-02
1.580000000000000000e+16	8.000000000000000000e+00	5.850000000000002420e-02
2.000000000000000000e+16	8.000000000000000000e+00	5.050000000000001710e-02
2.510000000000000000e+16	8.000000000000000000e+00	4.300000000000001044e-02
3.160000000000000000e+16	8.000000000000000000e+00	3.600000000000000422e-02
3.980000000000000000e+16	8.000000000000000000e+00	3.000000000000001277e-02
5.010000000000000000e+16	8.000000000000000000e+00	2.600000000000000921e-02
6.310000000000000000e+16	8.000000000000000000e+00	2.150000000000000522e-02
7.940000000000000000e+16	8.000000000000000000e+00	1.800000000000000211e-02
1.000000000000000000e+17	8.000000000000000000e+00	1.500000000000000638e-02
1.000000000000000000e+11	1.000000000000000000e+01	1.000000000000000269e-09
1.258925411794166107e+11	1.000000000000000000e+01	3.162277660168366287e-09
1.584893192461110840e+11	1.000000000000000000e+01	9.999999999999919146e-09
1.995262314968882751e+11	1.000000000000000000e+01	3.162277660168404337e-08
2.511886431509582214e+11	1.000000000000000000e+01	1.000000000000004455e-07
3.162277660168379517e+11	1.000000000000000000e+01	3.162277660168379721e-07
3.981071705534969482e+11	1.000000000000000000e+01	9.999999999999959313e-07
5.011872336272714844e+11	1.000000000000000000e+01	3.162277660168353780e-06
6.309573444801943359e+11	1.000000000000000000e+01	1.000000000000008891e-05
7.943282347242821045e+11	1.000000000000000000e+01	3.162277660168392405e-05
1.000000000000000000e+12	1.000000000000000000e+01	3.450000000000002544e-05
1.260000000000000000e+12	1.000000000000000000e+01	3.699999999999997779e-05
1.580000000000000000e+12	1.000000000000000000e+01	3.800000000000000209e-05
2.000000000000000000e+12	1.000000000000000000e+01	3.900000000000002640e-05
2.510000000000000000e+12	1.000000000000000000e+01	3.999999999999999650e-05
3.160000000000000000e+12	1.000000000000000000e+01	3.999999999999999650e-05
3.980000000000000000e+12	1.000000000000000000e+01	4.100000000000002080e-05
5.010000000000000000e+12	1.000000000000000000e+01	4.250000000000000305e-05
6.310000000000000000e+12	1.000000000000000000e+01	4.600000000000003392e-05
7.940000000000000000e+12	1.000000000000000000e+01	5.000000000000002272e-05
1.000000000000000000e+13	1.000000000000000000e+01	5.499999999999992742e-05
1.260000000000000000e+13	1.000000000000000000e+01	5.999999999999994053e-05
1.580000000000000000e+13	1.000000000000000000e+01	6.999999999999996676e-05
2.000000000000000000e+13	1.000000000000000000e+01	8.500000000000000611e-05
2.510000000000000000e+13	1.000000000000000000e+01	9.999999999999993703e-05
3.160000000000000000e+13	1.000000000000000000e+01	1.350000000000001373e-04
3.980000000000000000e+13	1.000000000000000000e+01	1.900000000000000647e-04
5.010000000000000000e+13	1.000000000000000000e+01	2.899999999999998933e-04
6.310000000000000000e+13	1.000000000000000000e+01	4.200000000000002343e-04
7.940000000000000000e+13	1.000000000000000000e+01	5.999999999999998390e-04
1.000000000000000000e+14	1.000000000000000000e+01	8.000000000000003636e-04
1.260000000000000000e+14	1.000000000000000000e+01	1.050000000000000586e-03
1.580000000000000000e+14	1.000000000000000000e+01	1.800000000000001252e-03
2.000000000000000000e+14	1.000000000000000000e+01	3.849999999999999256e-03
2.510000000000000000e+14	1.000000000000000000e+01	8.649999999999997968e-03
3.160000000000000000e+14	1.000000000000000000e+01	1.750000000000000167e-02
3.980000000000000000e+14	1.000000000000000000e+01	3.250000000000000111e-02
5.010000000000000000e+14	1.000000000000000000e+01	5.099999999999998979e-02
6.310000000000000000e+14	1.000000000000000000e+01	7.250000000000000888e-02
7.940000000000000000e+14	1.000000000000000000e+01	9.650000000000003020e-02
1.000000000000000000e+15	1.000000000000000000e+01	1.099999999999999867e-01
1.260000000000000000e+15	1.000000000000000000e+01	1.300000000000000044e-01
1.580000000000000000e+15	1.000000000000000000e+01	1.350000000000000089e-01
2.000000000000000000e+15	1.000000000000000000e+01	1.400000000000000133e-01
2.510000000000000000e+15	1.000000000000000000e+01	1.400000000000000133e-01
3.160000000000000000e+15	1.000000000000000000e+01	1.350000000000000089e-01
3.980000000000000000e+15	1.000000000000000000e+01	1.250000000000000000e-01
5.010000000000000000e+15	1.000000000000000000e+01	1.149999999999999911e-01
6.310000000000000000e+15	1.000000000000000000e+01	1.009999999999999232e-01
7.940000000000000000e+15	1.000000000000000000e+01	9.100000000000002531e-02
1.000000000000000000e+16	1.000000000000000000e+01	7.900000000000001465e-02
1.260000000000000000e+16	1.000000000000000000e+01	6.800000000000000488e-02
1.580000000000000000e+16	1.000000000000000000e+01	5.899999999999999689e-02
2.000000000000000000e+16	1.000000000000000000e+01	5.000000000000001665e-02
2.510000000000000000e+16	1.000000000000000000e+01	4.249999999999998224e-02
3.160000000000000000e+16	1.000000000000000000e+01	3.650000000000000466e-02
3.980000000000000000e+16	1.000000000000000000e+01	3.049999999999999933e-02
5.010000000000000000e+16	1.000000000000000000e+01	2.549999999999998102e-02
6.310000000000000000e+16	1.000000000000000000e+01	2.149999999999999134e-02
7.940000000000000000e+16	1.000000000000000000e+01	1.800000000000000211e-02
1.000000000000000000e+17	1.000000000000000000e+01	1.499999999999999944e-02
1.000000000000000000e+11	1.200000000000000000e+01	1.000000000000000269e-09
1.258925411794166107e+11	1.200000000000000000e+01	3.162277660168366287e-09
1.584893192461110840e+11	1.200000000000000000e+01	9.999999999999919146e-09
1.995262314968882751e+11	1.200000000000000000e+01	3.162277660168404337e-08
2.511886431509582214e+11	1.200000000000000000e+01	1.000000000000004455e-07
3.162277660168379517e+11	1.200000000000000000e+01	3.162277660168379721e-07
3.981071705534969482e+11	1.200000000000000000e+01	9.999999999999959313e-07
5.011872336272714844e+11	1.200000000000000000e+01	3.162277660168353780e-06
6.309573444801943359e+11	1.200000000000000000e+01	1.000000000000008891e-05
7.943282347242821045e+11	1.200000000000000000e+01	3.162277660168392405e-05
1.000000000000000000e+12	1.200000000000000000e+01	2.499999999999995715e-05
1.260000000000000000e+12	1.200000000000000000e+01	2.650000000000004782e-05
1.580000000000000000e+12	1.200000000000000000e+01	2.799999999999997586e-05
2.000000000000000000e+12	1.200000000000000000e+01	2.850000000000004223e-05
2.510000000000000000e+12	1.200000000000000000e+01	2.900000000000005438e-05
3.160000000000000000e+12	1.200000000000000000e+01	2.900000000000000017e-05
3.980000000000000000e+12	1.200000000000000000e+01	3.050000000000003663e-05
5.010000000000000000e+12	1.200000000000000000e+01	3.350000000000000113e-05
6.310000000000000000e+12	1.200000000000000000e+01	2.999999999999997027e-05
7.940000000000000000e+12	1.200000000000000000e+01	3.499999999999998338e-05
1.000000000000000000e+13	1.200000000000000000e+01	4.000000000000010492e-05
1.260000000000000000e+13	1.200000000000000000e+01	5.000000000000002272e-05
1.580000000000000000e+13	1.200000000000000000e+01	6.000000000000004895e-05
2.000000000000000000e+13	1.200000000000000000e+01	6.499999999999995365e-05
2.510000000000000000e+13	1.200000000000000000e+01	8.500000000000000611e-05
3.160000000000000000e+13	1.200000000000000000e+01	1.149999999999998680e-04
3.980000000000000000e+13	1.200000000000000000e+01	1.750000000000002422e-04
5.010000000000000000e+13	1.200000000000000000e+01	2.650000000000000445e-04
6.310000000000000000e+13	1.200000000000000000e+01	3.849999999999999256e-04
7.940000000000000000e+13	1.200000000000000000e+01	4.999999999999995767e-04
1.000000000000000000e+14	1.200000000000000000e+01	6.999999999999992339e-04
1.260000000000000000e+14	1.200000000000000000e+01	9.999999999999991535e-04
1.580000000000000000e+14	1.200000000000000000e+01	1.700000000000000122e-03
2.000000000000000000e+14	1.200000000000000000e+01	3.700000000000001898e-03
2.510000000000000000e+14	1.200000000000000000e+01	8.500000000000000611e-03
3.160000000000000000e+14	1.200000000000000000e+01	1.800000000000000211e-02
3.980000000000000000e+14	1.200000000000000000e+01	3.250000000000000111e-02
5.010000000000000000e+14	1.200000000000000000e+01	5.100000000000004530e-02
6.310000000000000000e+14	1.200000000000000000e+01	7.299999999999995381e-02
7.940000000000000000e+14	1.200000000000000000e+01	8.999999999999996891e-02
1.000000000000000000e+15	1.200000000000000000e+01	1.149999999999999911e-01
1.260000000000000000e+15	1.200000000000000000e+01	1.250000000000000000e-01
1.580000000000000000e+15	1.200000000000000000e+01	1.400000000000000133e-01
2.000000000000000000e+15	1.200000000000000000e+01	1.400000000000000133e-01
2.510000000000000000e+15	1.200000000000000000e+01	1.400000000000000133e-01
3.160000000000000000e+15	1.200000000000000000e+01	1.350000000000000089e-01
3.980000000000000000e+15	1.200000000000000000e+01	1.250000000000000000e-01
5.010000000000000000e+15	1.200000000000000000e+01	1.149999999999999911e-01
6.310000000000000000e+15	1.200000000000000000e+01	1.050000000000000933e-01
7.940000000000000000e+15	1.200000000000000000e+01	8.999999999999996891e-02
1.000000000000000000e+16	1.200000000000000000e+01	7.900000000000001465e-02
1.260000000000000000e+16	1.200000000000000000e+01	6.850000000000000533e-02
1.580000000000000000e+16	1.200000000000000000e+01	5.899999999999999689e-02
2.000000000000000000e+16	1.200000000000000000e+01	5.049999999999998934e-02
2.510000000000000000e+16	1.200000000000000000e+01	4.250000000000003775e-02
3.160000000000000000e+16	1.200000000000000000e+01	3.599999999999997646e-02
3.980000000000000000e+16	1.200000000000000000e+01	3.049999999999999933e-02
5.010000000000000000e+16	1.200000000000000000e+01	2.550000000000002265e-02
6.310000000000000000e+16	1.200000000000000000e+01	2.150000000000001910e-02
7.940000000000000000e+16	1.200000000000000000e+01	1.750000000000000167e-02
1.000000000000000000e+17	1.200000000000000000e+01	1.499999999999999944e-02
1.000000000000000000e+11	1.400000000000000000e+01	1.000000000000000269e-09
1.258925411794166107e+11	1.400000000000000000e+01	3.162277660168366287e-09
1.584893192461110840e+11	1.400000000000000000e+01	9.999999999999919146e-09
1.995262314968882751e+11	1.400000000000000000e+01	3.162277660168404337e-08
2.511886431509582214e+11	1.400000000000000000e+01	1.000000000000004455e-07
3.162277660168379517e+11	1.400000000000000000e+01	3.162277660168379721e-07
3.981071705534969482e+11	1.400000000000000000e+01	9.999999999999959313e-07
5.011872336272714844e+11	1.400000000000000000e+01	3.162277660168353780e-06
6.309573444801943359e+11	1.400000000000000000e+01	1.000000000000008891e-05
7.943282347242821045e+11	1.400000000000000000e+01	3.162277660168392405e-05
1.000000000000000000e+12	1.400000000000000000e+01	1.800000000000000384e-05
1.260000000000000000e+12	1.400000000000000000e+01	1.949999999999998609e-05
1.580000000000000000e+12	1.400000000000000000e+01	2.000000000000005246e-05
2.000000000000000000e+12	1.400000000000000000e+01	1.949999999999998609e-05
2.510000000000000000e+12	1.400000000000000000e+01	2.149999999999992629e-05
3.160000000000000000e+12	1.400000000000000000e+01	2.499999999999995715e-05
3.980000000000000000e+12	1.400000000000000000e+01	2.499999999999995715e-05
5.010000000000000000e+12	1.400000000000000000e+01	2.500000000000006557e-05
6.310000000000000000e+12	1.400000000000000000e+01	2.999999999999997027e-05
7.940000000000000000e+12	1.400000000000000000e+01	2.999999999999997027e-05
1.000000000000000000e+13	1.400000000000000000e+01	3.499999999999998338e-05
1.260000000000000000e+13	1.400000000000000000e+01	4.500000000000000961e-05
1.580000000000000000e+13	1.400000000000000000e+01	5.000000000000002272e-05
2.000000000000000000e+13	1.400000000000000000e+01	6.000000000000004895e-05
2.510000000000000000e+13	1.400000000000000000e+01	7.999999999999999299e-05
3.160000000000000000e+13	1.400000000000000000e+01	1.050000000000000586e-04
3.980000000000000000e+13	1.400000000000000000e+01	1.649999999999997823e-04
5.010000000000000000e+13	1.400000000000000000e+01	2.550000000000000183e-04
6.310000000000000000e+13	1.400000000000000000e+01	3.699999999999996694e-04
7.940000000000000000e+13	1.400000000000000000e+01	5.000000000000004441e-04
1.000000000000000000e+14	1.400000000000000000e+01	6.499999999999995365e-04
1.260000000000000000e+14	1.400000000000000000e+01	8.999999999999997585e-04
1.580000000000000000e+14	1.400000000000000000e+01	1.599999999999997258e-03
2.000000000000000000e+14	1.400000000000000000e+01	3.650000000000000466e-03
2.510000000000000000e+14	1.400000000000000000e+01	8.499999999999993672e-03
3.160000000000000000e+14	1.400000000000000000e+01	1.799999999999998823e-02
3.980000000000000000e+14	1.400000000000000000e+01	3.200000000000000067e-02
5.010000000000000000e+14	1.400000000000000000e+01	5.149999999999999023e-02
6.310000000000000000e+14	1.400000000000000000e+01	7.200000000000006395e-02
7.940000000000000000e+14	1.400000000000000000e+01	9.499999999999997335e-02
1.000000000000000000e+15	1.400000000000000000e+01	1.149999999999999911e-01
1.260000000000000000e+15	1.400000000000000000e+01	1.300000000000000044e-01
1.580000000000000000e+15	1.400000000000000000e+01	1.349999999999998979e-01
2.000000000000000000e+15	1.400000000000000000e+01	1.450000000000000178e-01
2.510000000000000000e+15	1.400000000000000000e+01	1.400000000000000133e-01
3.160000000000000000e+15	1.400000000000000000e+01	1.400000000000000133e-01
3.980000000000000000e+15	1.400000000000000000e+01	1.300000000000000044e-01
5.010000000000000000e+15	1.400000000000000000e+01	1.149999999999999911e-01
6.310000000000000000e+15	1.400000000000000000e+01	9.999999999999997780e-02
7.940000000000000000e+15	1.400000000000000000e+01	9.000000000000007994e-02
1.000000000000000000e+16	1.400000000000000000e+01	7.999999999999996003e-02
1.260000000000000000e+16	1.400000000000000000e+01	6.950000000000000622e-02
1.580000000000000000e+16	1.400000000000000000e+01	5.849999999999999645e-02
2.000000000000000000e+16	1.400000000000000000e+01	4.999999999999998890e-02
2.510000000000000000e+16	1.400000000000000000e+01	4.299999999999998268e-02
3.160000000000000000e+16	1.400000000000000000e+01	3.600000000000003197e-02
3.980000000000000000e+16	1.400000000000000000e+01	3.049999999999999933e-02
5.010000000000000000e+16	1.400000000000000000e+01	2.549999999999999489e-02
6.310000000000000000e+16	1.400000000000000000e+01	2.149999999999999134e-02
7.940000000000000000e+16	1.400000000000000000e+01	1.800000000000000211e-02
1.000000000000000000e+17	1.400000000000000000e+01	1.499999999999999944e-02
1.000000000000000000e+11	1.600000000000000000e+01	1.000000000000000269e-09
1.258925411794166107e+11	1.600000000000000000e+01	3.162277660168366287e-09
1.584893192461110840e+11	1.600000000000000000e+01	9.999999999999919146e-09
1.995262314968882751e+11	1.600000000000000000e+01	3.162277660168404337e-08
2.511886431509582214e+11	1.600000000000000000e+01	1.000000000000004455e-07
3.162277660168379517e+11	1.600000000000000000e+01	3.162277660168379721e-07
3.981071705534969482e+11	1.600000000000000000e+01	9.999999999999959313e-07
5.011872336272714844e+11	1.600000000000000000e+01	3.162277660168353780e-06
6.309573444801943359e+11	1.600000000000000000e+01	1.000000000000008891e-05
7.943282347242821045e+11	1.600000000000000000e+01	3.162277660168392405e-05
1.000000000000000000e+12	1.600000000000000000e+01	1.350000000000000288e-05
1.260000000000000000e+12	1.600000000000000000e+01	1.449999999999997298e-05
1.580000000000000000e+12	1.600000000000000000e+01	1.549999999999999729e-05
2.000000000000000000e+12	1.600000000000000000e+01	1.499999999999993092e-05
2.510000000000000000e+12	1.600000000000000000e+01	1.500000000000003934e-05
3.160000000000000000e+12	1.600000000000000000e+01	1.500000000000003934e-05
3.980000000000000000e+12	1.600000000000000000e+01	1.500000000000003934e-05
5.010000000000000000e+12	1.600000000000000000e+01	1.999999999999994404e-05
6.310000000000000000e+12	1.600000000000000000e+01	2.000000000000005246e-05
7.940000000000000000e+12	1.600000000000000000e+01	2.500000000000006557e-05
1.000000000000000000e+13	1.600000000000000000e+01	2.999999999999997027e-05
1.260000000000000000e+13	1.600000000000000000e+01	3.499999999999998338e-05
1.580000000000000000e+13	1.600000000000000000e+01	3.999999999999999650e-05
2.000000000000000000e+13	1.600000000000000000e+01	5.499999999999992742e-05
2.510000000000000000e+13	1.600000000000000000e+01	7.000000000000018360e-05
3.160000000000000000e+13	1.600000000000000000e+01	1.050000000000000586e-04
3.980000000000000000e+13	1.600000000000000000e+01	1.550000000000001897e-04
5.010000000000000000e+13	1.600000000000000000e+01	2.449999999999999921e-04
6.310000000000000000e+13	1.600000000000000000e+01	3.500000000000004843e-04
7.940000000000000000e+13	1.600000000000000000e+01	4.499999999999998793e-04
1.000000000000000000e+14	1.600000000000000000e+01	6.499999999999995365e-04
1.260000000000000000e+14	1.600000000000000000e+01	8.500000000000000611e-04
1.580000000000000000e+14	1.600000000000000000e+01	1.550000000000002764e-03
2.000000000000000000e+14	1.600000000000000000e+01	3.549999999999997602e-03
2.510000000000000000e+14	1.600000000000000000e+01	8.500000000000007550e-03
3.160000000000000000e+14	1.600000000000000000e+01	1.750000000000001554e-02
3.980000000000000000e+14	1.600000000000000000e+01	3.200000000000002842e-02
5.010000000000000000e+14	1.600000000000000000e+01	5.099999999999998979e-02
6.310000000000000000e+14	1.600000000000000000e+01	7.499999999999995559e-02
7.940000000000000000e+14	1.600000000000000000e+01	9.500000000000008438e-02
1.000000000000000000e+15	1.600000000000000000e+01	1.099999999999999867e-01
1.260000000000000000e+15	1.600000000000000000e+01	1.250000000000001110e-01
1.580000000000000000e+15	1.600000000000000000e+01	1.400000000000001243e-01
2.000000000000000000e+15	1.600000000000000000e+01	1.399999999999999023e-01
2.510000000000000000e+15	1.600000000000000000e+01	1.450000000000000178e-01
3.160000000000000000e+15	1.600000000000000000e+01	1.350000000000000089e-01
3.980000000000000000e+15	1.600000000000000000e+01	1.250000000000000000e-01
5.010000000000000000e+15	1.600000000000000000e+01	1.149999999999999911e-01
6.310000000000000000e+15	1.600000000000000000e+01	1.049999999999999822e-01
7.940000000000000000e+15	1.600000000000000000e+01	8.999999999999996891e-02
1.000000000000000000e+16	1.600000000000000000e+01	8.000000000000007105e-02
1.260000000000000000e+16	1.600000000000000000e+01	6.999999999999995115e-02
1.580000000000000000e+16	1.600000000000000000e+01	5.849999999999999645e-02
2.000000000000000000e+16	1.600000000000000000e+01	4.999999999999998890e-02
2.510000000000000000e+16	1.600000000000000000e+01	4.249999999999998224e-02
3.160000000000000000e+16	1.600000000000000000e+01	3.599999999999997646e-02
3.980000000000000000e+16	1.600000000000000000e+01	3.049999999999999933e-02
5.010000000000000000e+16	1.600000000000000000e+01	2.549999999999999489e-02
6.310000000000000000e+16	1.600000000000000000e+01	2.149999999999999134e-02
7.940000000000000000e+16	1.600000000000000000e+01	1.799999999999998823e-02
1.000000000000000000e+17	1.600000000000000000e+01	1.499999999999999944e-02
1.000000000000000000e+11	1.800000000000000000e+01	1.000000000000000269e-09
1.258925411794166107e+11	1.800000000000000000e+01	3.162277660168366287e-09
1.584893192461110840e+11	1.800000000000000000e+01	9.999999999999919146e-09
1.995262314968882751e+11	1.800000000000000000e+01	3.162277660168404337e-08
2.511886431509582214e+11	1.800000000000000000e+01	1.000000000000004455e-07
3.162277660168379517e+11	1.800000000000000000e+01	3.162277660168379721e-07
3.981071705534969482e+11	1.800000000000000000e+01	9.999999999999959313e-07
5.011872336272714844e+11	1.800000000000000000e+01	3.162277660168353780e-06
6.309573444801943359e+11	1.800000000000000000e+01	1.000000000000008891e-05
7.943282347242821045e+11	1.800000000000000000e+01	3.162277660168392405e-05
1.000000000000000000e+12	1.800000000000000000e+01	9.500000000000014076e-06
1.260000000000000000e+12	1.800000000000000000e+01	1.100000000000005054e-05
1.580000000000000000e+12	1.800000000000000000e+01	9.999999999999917809e-06
2.000000000000000000e+12	1.800000000000000000e+01	1.500000000000003934e-05
2.510000000000000000e+12	1.800000000000000000e+01	1.500000000000003934e-05
3.160000000000000000e+12	1.800000000000000000e+01	1.499999999999993092e-05
3.980000000000000000e+12	1.800000000000000000e+01	1.499999999999993092e-05
5.010000000000000000e+12	1.800000000000000000e+01	1.500000000000003934e-05
6.310000000000000000e+12	1.800000000000000000e+01	1.999999999999994404e-05
7.940000000000000000e+12	1.800000000000000000e+01	1.999999999999994404e-05
1.000000000000000000e+13	1.800000000000000000e+01	2.499999999999995715e-05
1.260000000000000000e+13	1.800000000000000000e+01	3.000000000000007869e-05
1.580000000000000000e+13	1.800000000000000000e+01	3.999999999999999650e-05
2.000000000000000000e+13	1.800000000000000000e+01	4.500000000000011803e-05
2.510000000000000000e+13	1.800000000000000000e+01	6.499999999999995365e-05
3.160000000000000000e+13	1.800000000000000000e+01	9.500000000000003234e-05
3.980000000000000000e+13	1.800000000000000000e+01	1.549999999999997560e-04
5.010000000000000000e+13	1.800000000000000000e+01	2.400000000000001958e-04
6.310000000000000000e+13	1.800000000000000000e+01	3.499999999999996170e-04
7.940000000000000000e+13	1.800000000000000000e+01	5.000000000000004441e-04
1.000000000000000000e+14	1.800000000000000000e+01	6.000000000000015737e-04
1.260000000000000000e+14	1.800000000000000000e+01	8.500000000000000611e-04
1.580000000000000000e+14	1.800000000000000000e+01	1.549999999999999295e-03
2.000000000000000000e+14	1.800000000000000000e+01	3.500000000000003109e-03
2.510000000000000000e+14	1.800000000000000000e+01	8.499999999999993672e-03
3.160000000000000000e+14	1.800000000000000000e+01	1.749999999999998779e-02
3.980000000000000000e+14	1.800000000000000000e+01	3.199999999999997291e-02
5.010000000000000000e+14	1.800000000000000000e+01	5.049999999999998934e-02
6.310000000000000000e+14	1.800000000000000000e+01	6.999999999999995115e-02
7.940000000000000000e+14	1.800000000000000000e+01	9.499999999999997335e-02
1.000000000000000000e+15	1.800000000000000000e+01	1.150000000000001021e-01
1.260000000000000000e+15	1.800000000000000000e+01	1.299999999999998934e-01
1.580000000000000000e+15	1.800000000000000000e+01	1.350000000000000089e-01
2.000000000000000000e+15	1.800000000000000000e+01	1.450000000000000178e-01
2.510000000000000000e+15	1.800000000000000000e+01	1.399999999999999023e-01
3.160000000000000000e+15	1.800000000000000000e+01	1.350000000000000089e-01
3.980000000000000000e+15	1.800000000000000000e+01	1.250000000000000000e-01
5.010000000000000000e+15	1.800000000000000000e+01	1.149999999999999911e-01
6.310000000000000000e+15	1.800000000000000000e+01	1.049999999999999822e-01
7.940000000000000000e+15	1.800000000000000000e+01	9.499999999999997335e-02
1.000000000000000000e+16	1.800000000000000000e+01	7.999999999999996003e-02
1.260000000000000000e+16	1.800000000000000000e+01	6.500000000000005773e-02
1.580000000000000000e+16	1.800000000000000000e+01	6.000000000000005329e-02
2.000000000000000000e+16	1.800000000000000000e+01	5.049999999999998934e-02
2.510000000000000000e+16	1.800000000000000000e+01	4.250000000000003775e-02
3.160000000000000000e+16	1.800000000000000000e+01	3.600000000000003197e-02
3.980000000000000000e+16	1.800000000000000000e+01	3.049999999999997158e-02
5.010000000000000000e+16	1.800000000000000000e+01	2.549999999999999489e-02
6.310000000000000000e+16	1.800000000000000000e+01	2.149999999999999134e-02
7.940000000000000000e+16	1.800000000000000000e+01	1.800000000000001599e-02
1.000000000000000000e+17	1.800000000000000000e+01	1.499999999999998557e-02
1.000000000000000000e+11	2.000000000000000000e+01	1.000000000000000269e-09
1.258925411794166107e+11	2.000000000000000000e+01	3.162277660168366287e-09
1.584893192461110840e+11	2.000000000000000000e+01	9.999999999999919146e-09
1.995262314968882751e+11	2.000000000000000000e+01	3.162277660168404337e-08
2.511886431509582214e+11	2.000000000000000000e+01	1.000000000000004455e-07
3.162277660168379517e+11	2.000000000000000000e+01	3.162277660168379721e-07
3.981071705534969482e+11	2.000000000000000000e+01	9.999999999999959313e-07
5.011872336272714844e+11	2.000000000000000000e+01	3.162277660168353780e-06
6.309573444801943359e+11	2.000000000000000000e+01	1.000000000000008891e-05
7.943282347242821045e+11	2.000000000000000000e+01	3.162277660168392405e-05
1.000000000000000000e+12	2.000000000000000000e+01	7.500000000000019672e-06
1.260000000000000000e+12	2.000000000000000000e+01	5.000000000000013115e-06
1.580000000000000000e+12	2.000000000000000000e+01	1.000000000000002623e-05
2.000000000000000000e+12	2.000000000000000000e+01	1.000000000000002623e-05
2.510000000000000000e+12	2.000000000000000000e+01	9.999999999999917809e-06
3.160000000000000000e+12	2.000000000000000000e+01	1.000000000000002623e-05
3.980000000000000000e+12	2.000000000000000000e+01	1.500000000000003934e-05
5.010000000000000000e+12	2.000000000000000000e+01	9.999999999999917809e-06
6.310000000000000000e+12	2.000000000000000000e+01	1.000000000000002623e-05
7.940000000000000000e+12	2.000000000000000000e+01	1.500000000000003934e-05
1.000000000000000000e+13	2.000000000000000000e+01	2.000000000000005246e-05
1.260000000000000000e+13	2.000000000000000000e+01	2.499999999999995715e-05
1.580000000000000000e+13	2.000000000000000000e+01	2.999999999999997027e-05
2.000000000000000000e+13	2.000000000000000000e+01	4.499999999999990119e-05
2.510000000000000000e+13	2.000000000000000000e+01	5.999999999999994053e-05
3.160000000000000000e+13	2.000000000000000000e+01	9.000000000000001922e-05
3.980000000000000000e+13	2.000000000000000000e+01	1.450000000000001635e-04
5.010000000000000000e+13	2.000000000000000000e+01	2.300000000000001696e-04
6.310000000000000000e+13	2.000000000000000000e+01	3.500000000000004843e-04
7.940000000000000000e+13	2.000000000000000000e+01	4.499999999999990119e-04
1.000000000000000000e+14	2.000000000000000000e+01	5.500000000000001416e-04
1.260000000000000000e+14	2.000000000000000000e+01	8.500000000000000611e-04
1.580000000000000000e+14	2.000000000000000000e+01	1.449999999999999900e-03
2.000000000000000000e+14	2.000000000000000000e+01	3.499999999999996170e-03
2.510000000000000000e+14	2.000000000000000000e+01	8.000000000000007105e-03
3.160000000000000000e+14	2.000000000000000000e+01	1.750000000000001554e-02
3.980000000000000000e+14	2.000000000000000000e+01	3.199999999999997291e-02
5.010000000000000000e+14	2.000000000000000000e+01	5.350000000000004752e-02
6.310000000000000000e+14	2.000000000000000000e+01	7.500000000000006661e-02
7.940000000000000000e+14	2.000000000000000000e+01	9.499999999999997335e-02
1.000000000000000000e+15	2.000000000000000000e+01	1.149999999999999911e-01
1.260000000000000000e+15	2.000000000000000000e+01	1.300000000000001155e-01
1.580000000000000000e+15	2.000000000000000000e+01	1.399999999999999023e-01
2.000000000000000000e+15	2.000000000000000000e+01	1.400000000000001243e-01
2.510000000000000000e+15	2.000000000000000000e+01	1.400000000000001243e-01
3.160000000000000000e+15	2.000000000000000000e+01	1.350000000000000089e-01
3.980000000000000000e+15	2.000000000000000000e+01	1.250000000000000000e-01
5.010000000000000000e+15	2.000000000000000000e+01	1.149999999999999911e-01
6.310000000000000000e+15	2.000000000000000000e+01	1.000000000000000888e-01
7.940000000000000000e+15	2.000000000000000000e+01	8.999999999999996891e-02
1.000000000000000000e+16	2.000000000000000000e+01	7.499999999999995559e-02
1.260000000000000000e+16	2.000000000000000000e+01	6.999999999999995115e-02
1.580000000000000000e+16	2.000000000000000000e+01	5.999999999999994227e-02
2.000000000000000000e+16	2.000000000000000000e+01	5.250000000000004663e-02
2.510000000000000000e+16	2.000000000000000000e+01	4.249999999999998224e-02
3.160000000000000000e+16	2.000000000000000000e+01	3.649999999999997691e-02
3.980000000000000000e+16	2.000000000000000000e+01	3.050000000000002709e-02
5.010000000000000000e+16	2.000000000000000000e+01	2.600000000000002309e-02
6.310000000000000000e+16	2.000000000000000000e+01	2.150000000000001910e-02
7.940000000000000000e+16	2.000000000000000000e+01	1.799999999999998823e-02
1.000000000000000000e+17	2.000000000000000000e+01	1.500000000000001332e-02
1.000000000000000000e+11	2.200000000000000000e+01	1.000000000000000269e-09
1.258925411794166107e+11	2.200000000000000000e+01	3.162277660168366287e-09
1.584893192461110840e+11	2.200000000000000000e+01	9.999999999999919146e-09
1.995262314968882751e+11	2.200000000000000000e+01	3.162277660168404337e-08
2.511886431509582214e+11	2.200000000000000000e+01	1.000000000000004455e-07
3.162277660168379517e+11	2.200000000000000000e+01	3.162277660168379721e-07
3.981071705534969482e+11	2.200000000000000000e+01	9.999999999999959313e-07
5.011872336272714844e+11	2.200000000000000000e+01	3.162277660168353780e-06
6.309573444801943359e+11	2.200000000000000000e+01	1.000000000000008891e-05
7.943282347242821045e+11	2.200000000000000000e+01	3.162277660168392405e-05
1.000000000000000000e+12	2.200000000000000000e+01	5.499999999999971058e-06
1.260000000000000000e+12	2.200000000000000000e+01	9.999999999999917809e-06
1.580000000000000000e+12	2.200000000000000000e+01	5.000000000000013115e-06
2.000000000000000000e+12	2.200000000000000000e+01	5.000000000000013115e-06
2.510000000000000000e+12	2.200000000000000000e+01	5.000000000000013115e-06
3.160000000000000000e+12	2.200000000000000000e+01	1.000000000000002623e-05
3.980000000000000000e+12	2.200000000000000000e+01	1.000000000000002623e-05
5.010000000000000000e+12	2.200000000000000000e+01	1.500000000000003934e-05
6.310000000000000000e+12	2.200000000000000000e+01	1.500000000000003934e-05
7.940000000000000000e+12	2.200000000000000000e+01	1.499999999999993092e-05
1.000000000000000000e+13	2.200000000000000000e+01	1.999999999999994404e-05
1.260000000000000000e+13	2.200000000000000000e+01	2.499999999999995715e-05
1.580000000000000000e+13	2.200000000000000000e+01	3.500000000000009180e-05
2.000000000000000000e+13	2.200000000000000000e+01	4.000000000000010492e-05
2.510000000000000000e+13	2.200000000000000000e+01	5.999999999999994053e-05
3.160000000000000000e+13	2.200000000000000000e+01	8.999999999999980238e-05
3.980000000000000000e+13	2.200000000000000000e+01	1.449999999999997298e-04
5.010000000000000000e+13	2.200000000000000000e+01	2.299999999999993022e-04
6.310000000000000000e+13	2.200000000000000000e+01	2.999999999999999195e-04
7.940000000000000000e+13	2.200000000000000000e+01	4.500000000000007466e-04
1.000000000000000000e+14	2.200000000000000000e+01	5.999999999999998390e-04
1.260000000000000000e+14	2.200000000000000000e+01	8.000000000000020983e-04
1.580000000000000000e+14	2.200000000000000000e+01	1.499999999999997863e-03
2.000000000000000000e+14	2.200000000000000000e+01	3.450000000000001676e-03
2.510000000000000000e+14	2.200000000000000000e+01	8.499999999999993672e-03
3.160000000000000000e+14	2.200000000000000000e+01	1.749999999999998779e-02
3.980000000000000000e+14	2.200000000000000000e+01	3.200000000000002842e-02
5.010000000000000000e+14	2.200000000000000000e+01	4.999999999999993339e-02
6.310000000000000000e+14	2.200000000000000000e+01	6.999999999999995115e-02
7.940000000000000000e+14	2.200000000000000000e+01	8.999999999999996891e-02
1.000000000000000000e+15	2.200000000000000000e+01	1.099999999999998757e-01
1.260000000000000000e+15	2.200000000000000000e+01	1.250000000000000000e-01
1.580000000000000000e+15	2.200000000000000000e+01	1.350000000000000089e-01
2.000000000000000000e+15	2.200000000000000000e+01	1.399999999999999023e-01
2.510000000000000000e+15	2.200000000000000000e+01	1.399999999999999023e-01
3.160000000000000000e+15	2.200000000000000000e+01	1.350000000000000089e-01
3.980000000000000000e+15	2.200000000000000000e+01	1.250000000000000000e-01
5.010000000000000000e+15	2.200000000000000000e+01	1.149999999999999911e-01
6.310000000000000000e+15	2.200000000000000000e+01	1.049999999999999822e-01
7.940000000000000000e+15	2.200000000000000000e+01	8.999999999999996891e-02
1.000000000000000000e+16	2.200000000000000000e+01	8.000000000000007105e-02
1.260000000000000000e+16	2.200000000000000000e+01	7.000000000000006217e-02
1.580000000000000000e+16	2.200000000000000000e+01	5.500000000000004885e-02
2.000000000000000000e+16	2.200000000000000000e+01	4.999999999999993339e-02
2.510000000000000000e+16	2.200000000000000000e+01	4.299999999999998268e-02
3.160000000000000000e+16	2.200000000000000000e+01	3.599999999999997646e-02
3.980000000000000000e+16	2.200000000000000000e+01	2.999999999999997113e-02
5.010000000000000000e+16	2.200000000000000000e+01	2.549999999999996714e-02
6.310000000000000000e+16	2.200000000000000000e+01	2.149999999999999134e-02
7.940000000000000000e+16	2.200000000000000000e+01	1.799999999999998823e-02
1.000000000000000000e+17	2.200000000000000000e+01	1.449999999999998512e-02
1.000000000000000000e+11	2.400000000000000000e+01	1.000000000000000269e-09
1.258925411794166107e+11	2.400000000000000000e+01	3.162277660168366287e-09
1.584893192461110840e+11	2.400000000000000000e+01	9.999999999999919146e-09
1.995262314968882751e+11	2.400000000000000000e+01	3.162277660168404337e-08
2.511886431509582214e+11	2.400000000000000000e+01	1.000000000000004455e-07
3.162277660168379517e+11	2.400000000000000000e+01	3.162277660168379721e-07
3.981071705534969482e+11	2.400000000000000000e+01	9.999999999999959313e-07
5.011872336272714844e+11	2.400000000000000000e+01	3.162277660168353780e-06
6.309573444801943359e+11	2.400000000000000000e+01	1.000000000000008891e-05
7.943282347242821045e+11	2.400000000000000000e+01	3.162277660168392405e-05
1.000000000000000000e+12	2.400000000000000000e+01	5.000000000000013115e-06
1.260000000000000000e+12	2.400000000000000000e+01	5.000000000000013115e-06
1.580000000000000000e+12	2.400000000000000000e+01	5.000000000000013115e-06
2.000000000000000000e+12	2.400000000000000000e+01	4.999999999999904694e-06
2.510000000000000000e+12	2.400000000000000000e+01	1.000000000000002623e-05
3.160000000000000000e+12	2.400000000000000000e+01	5.000000000000013115e-06
3.980000000000000000e+12	2.400000000000000000e+01	4.999999999999904694e-06
5.010000000000000000e+12	2.400000000000000000e+01	1.000000000000002623e-05
6.310000000000000000e+12	2.400000000000000000e+01	9.999999999999917809e-06
7.940000000000000000e+12	2.400000000000000000e+01	1.500000000000003934e-05
1.000000000000000000e+13	2.400000000000000000e+01	2.000000000000005246e-05
1.260000000000000000e+13	2.400000000000000000e+01	2.500000000000006557e-05
1.580000000000000000e+13	2.400000000000000000e+01	2.499999999999984873e-05
2.000000000000000000e+13	2.400000000000000000e+01	3.999999999999988808e-05
2.510000000000000000e+13	2.400000000000000000e+01	5.500000000000014426e-05
3.160000000000000000e+13	2.400000000000000000e+01	8.500000000000000611e-05
3.980000000000000000e+13	2.400000000000000000e+01	1.400000000000003672e-04
5.010000000000000000e+13	2.400000000000000000e+01	2.300000000000001696e-04
6.310000000000000000e+13	2.400000000000000000e+01	3.499999999999996170e-04
7.940000000000000000e+13	2.400000000000000000e+01	3.999999999999993144e-04
1.000000000000000000e+14	2.400000000000000000e+01	5.500000000000001416e-04
1.260000000000000000e+14	2.400000000000000000e+01	7.499999999999971967e-04
1.580000000000000000e+14	2.400000000000000000e+01	1.450000000000003370e-03
2.000000000000000000e+14	2.400000000000000000e+01	3.349999999999998812e-03
2.510000000000000000e+14	2.400000000000000000e+01	8.000000000000007105e-03
3.160000000000000000e+14	2.400000000000000000e+01	1.750000000000001554e-02
3.980000000000000000e+14	2.400000000000000000e+01	3.199999999999997291e-02
5.010000000000000000e+14	2.400000000000000000e+01	5.000000000000004441e-02
6.310000000000000000e+14	2.400000000000000000e+01	7.500000000000006661e-02
7.940000000000000000e+14	2.400000000000000000e+01	9.499999999999997335e-02
1.000000000000000000e+15	2.400000000000000000e+01	1.149999999999999911e-01
1.260000000000000000e+15	2.400000000000000000e+01	1.299999999999998934e-01
1.580000000000000000e+15	2.400000000000000000e+01	1.400000000000001243e-01
2.000000000000000000e+15	2.400000000000000000e+01	1.450000000000000178e-01
2.510000000000000000e+15	2.400000000000000000e+01	1.399999999999999023e-01
3.160000000000000000e+15	2.400000000000000000e+01	1.350000000000000089e-01
3.980000000000000000e+15	2.400000000000000000e+01	1.300000000000001155e-01
5.010000000000000000e+15	2.400000000000000000e+01	1.100000000000000977e-01
6.310000000000000000e+15	2.400000000000000000e+01	9.999999999999986677e-02
7.940000000000000000e+15	2.400000000000000000e+01	9.000000000000007994e-02
1.000000000000000000e+16	2.400000000000000000e+01	7.999999999999996003e-02
1.260000000000000000e+16	2.400000000000000000e+01	6.499999999999994671e-02
1.580000000000000000e+16	2.400000000000000000e+01	5.999999999999994227e-02
2.000000000000000000e+16	2.400000000000000000e+01	5.000000000000004441e-02
2.510000000000000000e+16	2.400000000000000000e+01	4.400000000000003908e-02
3.160000000000000000e+16	2.400000000000000000e+01	3.600000000000003197e-02
3.980000000000000000e+16	2.400000000000000000e+01	3.050000000000002709e-02
5.010000000000000000e+16	2.400000000000000000e+01	2.550000000000002265e-02
6.310000000000000000e+16	2.400000000000000000e+01	2.100000000000001865e-02
7.940000000000000000e+16	2.400000000000000000e+01	1.800000000000001599e-02
1.000000000000000000e+17	2.400000000000000000e+01	1.500000000000001332e-02
1.000000000000000000e+11	2.600000000000000000e+01	1.000000000000000269e-09
1.258925411794166107e+11	2.600000000000000000e+01	3.162277660168366287e-09
1.584893192461110840e+11	2.600000000000000000e+01	9.999999999999919146e-09
1.995262314968882751e+11	2.600000000000000000e+01	3.162277660168404337e-08
2.511886431509582214e+11	2.600000000000000000e+01	1.000000000000004455e-07
3.162277660168379517e+11	2.600000000000000000e+01	3.162277660168379721e-07
3.981071705534969482e+11	2.600000000000000000e+01	9.999999999999959313e-07
5.011872336272714844e+11	2.600000000000000000e+01	3.162277660168353780e-06
6.309573444801943359e+11	2.600000000000000000e+01	1.000000000000008891e-05
7.943282347242821045e+11	2.600000000000000000e+01	3.162277660168392405e-05
1.000000000000000000e+12	2.600000000000000000e+01	2.500000000000006557e-06
1.260000000000000000e+12	2.600000000000000000e+01	5.000000000000013115e-06
1.580000000000000000e+12	2.600000000000000000e+01	5.000000000000013115e-06
2.000000000000000000e+12	2.600000000000000000e+01	5.000000000000013115e-06
2.510000000000000000e+12	2.600000000000000000e+01	5.000000000000013115e-06
3.160000000000000000e+12	2.600000000000000000e+01	5.000000000000013115e-06
3.980000000000000000e+12	2.600000000000000000e+01	1.000000000000002623e-05
5.010000000000000000e+12	2.600000000000000000e+01	5.000000000000013115e-06
6.310000000000000000e+12	2.600000000000000000e+01	1.000000000000002623e-05
7.940000000000000000e+12	2.600000000000000000e+01	1.500000000000003934e-05
1.000000000000000000e+13	2.600000000000000000e+01	1.500000000000003934e-05
1.260000000000000000e+13	2.600000000000000000e+01	1.999999999999994404e-05
1.580000000000000000e+13	2.600000000000000000e+01	3.000000000000007869e-05
2.000000000000000000e+13	2.600000000000000000e+01	4.000000000000010492e-05
2.510000000000000000e+13	2.600000000000000000e+01	5.499999999999992742e-05
3.160000000000000000e+13	2.600000000000000000e+01	8.500000000000000611e-05
3.980000000000000000e+13	2.600000000000000000e+01	1.399999999999999335e-04
5.010000000000000000e+13	2.600000000000000000e+01	2.250000000000003733e-04
6.310000000000000000e+13	2.600000000000000000e+01	2.999999999999999195e-04
7.940000000000000000e+13	2.600000000000000000e+01	4.500000000000007466e-04
1.000000000000000000e+14	2.600000000000000000e+01	5.499999999999984068e-04
1.260000000000000000e+14	2.600000000000000000e+01	8.000000000000020983e-04
1.580000000000000000e+14	2.600000000000000000e+01	1.399999999999998468e-03
2.000000000000000000e+14	2.600000000000000000e+01	3.500000000000003109e-03
2.510000000000000000e+14	2.600000000000000000e+01	8.499999999999993672e-03
3.160000000000000000e+14	2.600000000000000000e+01	1.749999999999998779e-02
3.980000000000000000e+14	2.600000000000000000e+01	3.200000000000002842e-02
5.010000000000000000e+14	2.600000000000000000e+01	4.999999999999993339e-02
6.310000000000000000e+14	2.600000000000000000e+01	6.999999999999995115e-02
7.940000000000000000e+14	2.600000000000000000e+01	9.499999999999997335e-02
1.000000000000000000e+15	2.600000000000000000e+01	1.100000000000000977e-01
1.260000000000000000e+15	2.600000000000000000e+01	1.250000000000000000e-01
1.580000000000000000e+15	2.600000000000000000e+01	1.350000000000000089e-01
2.000000000000000000e+15	2.600000000000000000e+01	1.399999999999999023e-01
2.510000000000000000e+15	2.600000000000000000e+01	1.450000000000000178e-01
3.160000000000000000e+15	2.600000000000000000e+01	1.350000000000000089e-01
3.980000000000000000e+15	2.600000000000000000e+01	1.250000000000000000e-01
5.010000000000000000e+15	2.600000000000000000e+01	1.149999999999999911e-01
6.310000000000000000e+15	2.600000000000000000e+01	1.049999999999999822e-01
7.940000000000000000e+15	2.600000000000000000e+01	9.000000000000007994e-02
1.000000000000000000e+16	2.600000000000000000e+01	8.000000000000007105e-02
1.260000000000000000e+16	2.600000000000000000e+01	7.000000000000006217e-02
1.580000000000000000e+16	2.600000000000000000e+01	6.000000000000005329e-02
2.000000000000000000e+16	2.600000000000000000e+01	5.000000000000004441e-02
2.510000000000000000e+16	2.600000000000000000e+01	3.999999999999992450e-02
3.160000000000000000e+16	2.600000000000000000e+01	3.599999999999997646e-02
3.980000000000000000e+16	2.600000000000000000e+01	3.049999999999997158e-02
5.010000000000000000e+16	2.600000000000000000e+01	2.549999999999996714e-02
6.310000000000000000e+16	2.600000000000000000e+01	2.149999999999996358e-02
7.940000000000000000e+16	2.600000000000000000e+01	1.799999999999998823e-02
1.000000000000000000e+17	2.600000000000000000e+01	1.500000000000001332e-02
1.000000000000000000e+11	2.800000000000000000e+01	1.000000000000000269e-09
1.258925411794166107e+11	2.800000000000000000e+01	3.162277660168366287e-09
1.584893192461110840e+11	2.800000000000000000e+01	9.999999999999919146e-09
1.995262314968882751e+11	2.800000000000000000e+01	3.162277660168404337e-08
2.511886431509582214e+11	2.800000000000000000e+01	1.000000000000004455e-07
3.162277660168379517e+11	2.800000000000000000e+01	3.162277660168379721e-07
3.981071705534969482e+11	2.800000000000000000e+01	9.999999999999959313e-07
5.011872336272714844e+11	2.800000000000000000e+01	3.162277660168353780e-06
6.309573444801943359e+11	2.800000000000000000e+01	1.000000000000008891e-05
7.943282347242821045e+11	2.800000000000000000e+01	3.162277660168392405e-05
1.000000000000000000e+12	2.800000000000000000e+01	5.000000000000013115e-06
1.260000000000000000e+12	2.800000000000000000e+01	0.000000000000000000e+00
1.580000000000000000e+12	2.800000000000000000e+01	5.000000000000013115e-06
2.000000000000000000e+12	2.800000000000000000e+01	5.000000000000013115e-06
2.510000000000000000e+12	2.800000000000000000e+01	5.000000000000013115e-06
3.160000000000000000e+12	2.800000000000000000e+01	9.999999999999917809e-06
3.980000000000000000e+12	2.800000000000000000e+01	5.000000000000013115e-06
5.010000000000000000e+12	2.800000000000000000e+01	1.000000000000002623e-05
6.310000000000000000e+12	2.800000000000000000e+01	1.000000000000002623e-05
7.940000000000000000e+12	2.800000000000000000e+01	9.999999999999917809e-06
1.000000000000000000e+13	2.800000000000000000e+01	1.499999999999993092e-05
1.260000000000000000e+13	2.800000000000000000e+01	2.000000000000005246e-05
1.580000000000000000e+13	2.800000000000000000e+01	2.500000000000006557e-05
2.000000000000000000e+13	2.800000000000000000e+01	3.499999999999987496e-05
2.510000000000000000e+13	2.800000000000000000e+01	5.499999999999992742e-05
3.160000000000000000e+13	2.800000000000000000e+01	8.500000000000000611e-05
3.980000000000000000e+13	2.800000000000000000e+01	1.399999999999999335e-04
5.010000000000000000e+13	2.800000000000000000e+01	2.249999999999995060e-04
6.310000000000000000e+13	2.800000000000000000e+01	3.500000000000004843e-04
7.940000000000000000e+13	2.800000000000000000e+01	4.499999999999990119e-04
1.000000000000000000e+14	2.800000000000000000e+01	5.500000000000001416e-04
1.260000000000000000e+14	2.800000000000000000e+01	7.999999999999986289e-04
1.580000000000000000e+14	2.800000000000000000e+01	1.449999999999999900e-03
2.000000000000000000e+14	2.800000000000000000e+01	3.499999999999996170e-03
2.510000000000000000e+14	2.800000000000000000e+01	8.000000000000007105e-03
3.160000000000000000e+14	2.800000000000000000e+01	1.750000000000001554e-02
3.980000000000000000e+14	2.800000000000000000e+01	3.149999999999997247e-02
5.010000000000000000e+14	2.800000000000000000e+01	5.000000000000004441e-02
6.310000000000000000e+14	2.800000000000000000e+01	6.999999999999995115e-02
7.940000000000000000e+14	2.800000000000000000e+01	9.500000000000019540e-02
1.000000000000000000e+15	2.800000000000000000e+01	1.149999999999999911e-01
1.260000000000000000e+15	2.800000000000000000e+01	1.300000000000001155e-01
1.580000000000000000e+15	2.800000000000000000e+01	1.399999999999999023e-01
2.000000000000000000e+15	2.800000000000000000e+01	1.450000000000000178e-01
2.510000000000000000e+15	2.800000000000000000e+01	1.399999999999999023e-01
3.160000000000000000e+15	2.800000000000000000e+01	1.350000000000000089e-01
3.980000000000000000e+15	2.800000000000000000e+01	1.250000000000000000e-01
5.010000000000000000e+15	2.800000000000000000e+01	1.149999999999999911e-01
6.310000000000000000e+15	2.800000000000000000e+01	1.000000000000000888e-01
7.940000000000000000e+15	2.800000000000000000e+01	8.999999999999985789e-02
1.000000000000000000e+16	2.800000000000000000e+01	7.999999999999984901e-02
1.260000000000000000e+16	2.800000000000000000e+01	6.999999999999995115e-02
1.580000000000000000e+16	2.800000000000000000e+01	5.999999999999994227e-02
2.000000000000000000e+16	2.800000000000000000e+01	4.999999999999993339e-02
2.510000000000000000e+16	2.800000000000000000e+01	4.500000000000003997e-02
3.160000000000000000e+16	2.800000000000000000e+01	3.750000000000003331e-02
3.980000000000000000e+16	2.800000000000000000e+01	3.050000000000002709e-02
5.010000000000000000e+16	2.800000000000000000e+01	2.550000000000002265e-02
6.310000000000000000e+16	2.800000000000000000e+01	2.150000000000001910e-02
7.940000000000000000e+16	2.800000000000000000e+01	1.750000000000001554e-02
1.000000000000000000e+17	2.800000000000000000e+01	1.499999999999998557e-02
