1.000000000000000000e+11	5.000000000000000000e-01	1.000000000000000269e-09
1.258925411794166107e+11	5.000000000000000000e-01	3.162277660168366287e-09
1.584893192461110840e+11	5.000000000000000000e-01	9.999999999999919146e-09
1.995262314968882751e+11	5.000000000000000000e-01	3.162277660168404337e-08
2.511886431509582214e+11	5.000000000000000000e-01	1.000000000000004455e-07
3.162277660168379517e+11	5.000000000000000000e-01	3.162277660168379721e-07
3.981071705534969482e+11	5.000000000000000000e-01	9.999999999999959313e-07
5.011872336272714844e+11	5.000000000000000000e-01	3.162277660168353780e-06
6.309573444801943359e+11	5.000000000000000000e-01	1.000000000000008891e-05
7.943282347242821045e+11	5.000000000000000000e-01	3.162277660168392405e-05
1.000000000000000000e+12	5.000000000000000000e-01	1.279999999999999942e-04
1.260000000000000000e+12	5.000000000000000000e-01	1.359999999999999989e-04
1.580000000000000000e+12	5.000000000000000000e-01	1.399999999999999877e-04
2.000000000000000000e+12	5.000000000000000000e-01	1.450000000000000009e-04
2.510000000000000000e+12	5.000000000000000000e-01	1.489999999999999897e-04
3.160000000000000000e+12	5.000000000000000000e-01	1.540000000000000028e-04
3.980000000000000000e+12	5.000000000000000000e-01	1.600000000000000131e-04
5.010000000000000000e+12	5.000000000000000000e-01	1.679999999999999907e-04
6.310000000000000000e+12	5.000000000000000000e-01	1.769999999999999926e-04
7.940000000000000000e+12	5.000000000000000000e-01	1.910000000000000077e-04
1.000000000000000000e+13	5.000000000000000000e-01	2.139999999999999975e-04
1.260000000000000000e+13	5.000000000000000000e-01	2.489999999999999809e-04
1.580000000000000000e+13	5.000000000000000000e-01	2.820000000000000241e-04
2.000000000000000000e+13	5.000000000000000000e-01	3.190000000000000019e-04
2.510000000000000000e+13	5.000000000000000000e-01	3.840000000000000097e-04
3.160000000000000000e+13	5.000000000000000000e-01	5.150000000000000498e-04
3.980000000000000000e+13	5.000000000000000000e-01	7.810000000000000102e-04
5.010000000000000000e+13	5.000000000000000000e-01	1.260000000000000052e-03
6.310000000000000000e+13	5.000000000000000000e-01	2.000000000000000042e-03
7.940000000000000000e+13	5.000000000000000000e-01	2.949999999999999931e-03
1.000000000000000000e+14	5.000000000000000000e-01	4.000000000000000083e-03
1.260000000000000000e+14	5.000000000000000000e-01	5.040000000000000209e-03
1.580000000000000000e+14	5.000000000000000000e-01	6.279999999999999992e-03
2.000000000000000000e+14	5.000000000000000000e-01	8.569999999999999493e-03
2.510000000000000000e+14	5.000000000000000000e-01	1.340000000000000045e-02
3.160000000000000000e+14	5.000000000000000000e-01	2.249999999999999917e-02
3.980000000000000000e+14	5.000000000000000000e-01	3.649999999999999772e-02
5.010000000000000000e+14	5.000000000000000000e-01	5.500000000000000028e-02
6.310000000000000000e+14	5.000000000000000000e-01	7.610000000000000098e-02
7.940000000000000000e+14	5.000000000000000000e-01	9.719999999999999474e-02
1.000000000000000000e+15	5.000000000000000000e-01	1.160000000000000059e-01
1.260000000000000000e+15	5.000000000000000000e-01	1.300000000000000044e-01
1.580000000000000000e+15	5.000000000000000000e-01	1.400000000000000133e-01
2.000000000000000000e+15	5.000000000000000000e-01	1.439999999999999891e-01
2.510000000000000000e+15	5.000000000000000000e-01	1.429999999999999882e-01
3.160000000000000000e+15	5.000000000000000000e-01	1.370000000000000107e-01
3.980000000000000000e+15	5.000000000000000000e-01	1.270000000000000018e-01
5.010000000000000000e+15	5.000000000000000000e-01	1.160000000000000059e-01
6.310000000000000000e+15	5.000000000000000000e-01	1.039999999999999952e-01
7.940000000000000000e+15	5.000000000000000000e-01	9.130000000000000615e-02
1.000000000000000000e+16	5.000000000000000000e-01	7.960000000000000409e-02
1.260000000000000000e+16	5.000000000000000000e-01	6.890000000000000291e-02
1.580000000000000000e+16	5.000000000000000000e-01	5.909999999999999976e-02
2.000000000000000000e+16	5.000000000000000000e-01	5.050000000000000322e-02
2.510000000000000000e+16	5.000000000000000000e-01	4.290000000000000063e-02
3.160000000000000000e+16	5.000000000000000000e-01	3.629999999999999893e-02
3.980000000000000000e+16	5.000000000000000000e-01	3.059999999999999873e-02
5.010000000000000000e+16	5.000000000000000000e-01	2.570000000000000062e-02
6.310000000000000000e+16	5.000000000000000000e-01	2.160000000000000114e-02
7.940000000000000000e+16	5.000000000000000000e-01	1.799999999999999864e-02
1.000000000000000000e+17	5.000000000000000000e-01	1.499999999999999944e-02
1.000000000000000000e+11	1.500000000000000000e+00	1.000000000000000269e-09
1.258925411794166107e+11	1.500000000000000000e+00	3.162277660168366287e-09
1.584893192461110840e+11	1.500000000000000000e+00	9.999999999999919146e-09
1.995262314968882751e+11	1.500000000000000000e+00	3.162277660168404337e-08
2.511886431509582214e+11	1.500000000000000000e+00	1.000000000000004455e-07
3.162277660168379517e+11	1.500000000000000000e+00	3.162277660168379721e-07
3.981071705534969482e+11	1.500000000000000000e+00	9.999999999999959313e-07
5.011872336272714844e+11	1.500000000000000000e+00	3.162277660168353780e-06
6.309573444801943359e+11	1.500000000000000000e+00	1.000000000000008891e-05
7.943282347242821045e+11	1.500000000000000000e+00	3.162277660168392405e-05
1.000000000000000000e+12	1.500000000000000000e+00	1.150000000000000035e-04
1.260000000000000000e+12	1.500000000000000000e+00	1.210000000000000138e-04
1.580000000000000000e+12	1.500000000000000000e+00	1.260000000000000269e-04
2.000000000000000000e+12	1.500000000000000000e+00	1.280000000000000213e-04
2.510000000000000000e+12	1.500000000000000000e+00	1.309999999999999858e-04
3.160000000000000000e+12	1.500000000000000000e+00	1.329999999999999802e-04
3.980000000000000000e+12	1.500000000000000000e+00	1.359999999999999718e-04
5.010000000000000000e+12	1.500000000000000000e+00	1.389999999999999905e-04
6.310000000000000000e+12	1.500000000000000000e+00	1.440000000000000036e-04
7.940000000000000000e+12	1.500000000000000000e+00	1.519999999999999813e-04
1.000000000000000000e+13	1.500000000000000000e+00	1.680000000000000178e-04
1.260000000000000000e+13	1.500000000000000000e+00	1.920000000000000049e-04
1.580000000000000000e+13	1.500000000000000000e+00	2.129999999999999732e-04
2.000000000000000000e+13	1.500000000000000000e+00	2.329999999999999715e-04
2.510000000000000000e+13	1.500000000000000000e+00	2.659999999999999604e-04
3.160000000000000000e+13	1.500000000000000000e+00	3.309999999999999141e-04
3.980000000000000000e+13	1.500000000000000000e+00	4.690000000000000158e-04
5.010000000000000000e+13	1.500000000000000000e+00	7.199999999999999369e-04
6.310000000000000000e+13	1.500000000000000000e+00	1.109999999999999876e-03
7.940000000000000000e+13	1.500000000000000000e+00	1.640000000000000398e-03
1.000000000000000000e+14	1.500000000000000000e+00	2.259999999999999856e-03
1.260000000000000000e+14	1.500000000000000000e+00	2.979999999999999143e-03
1.580000000000000000e+14	1.500000000000000000e+00	4.020000000000000136e-03
2.000000000000000000e+14	1.500000000000000000e+00	6.230000000000001162e-03
2.510000000000000000e+14	1.500000000000000000e+00	1.119999999999999989e-02
3.160000000000000000e+14	1.500000000000000000e+00	2.040000000000000147e-02
3.980000000000000000e+14	1.500000000000000000e+00	3.470000000000000168e-02
5.010000000000000000e+14	1.500000000000000000e+00	5.299999999999999850e-02
6.310000000000000000e+14	1.500000000000000000e+00	7.489999999999999436e-02
7.940000000000000000e+14	1.500000000000000000e+00	9.580000000000001015e-02
1.000000000000000000e+15	1.500000000000000000e+00	1.150000000000000050e-01
1.260000000000000000e+15	1.500000000000000000e+00	1.300000000000000044e-01
1.580000000000000000e+15	1.500000000000000000e+00	1.390000000000000124e-01
2.000000000000000000e+15	1.500000000000000000e+00	1.429999999999999882e-01
2.510000000000000000e+15	1.500000000000000000e+00	1.419999999999999873e-01
3.160000000000000000e+15	1.500000000000000000e+00	1.360000000000000098e-01
3.980000000000000000e+15	1.500000000000000000e+00	1.270000000000000018e-01
5.010000000000000000e+15	1.500000000000000000e+00	1.150000000000000050e-01
6.310000000000000000e+15	1.500000000000000000e+00	1.029999999999999943e-01
7.940000000000000000e+15	1.500000000000000000e+00	9.069999999999998896e-02
1.000000000000000000e+16	1.500000000000000000e+00	7.939999999999999836e-02
1.260000000000000000e+16	1.500000000000000000e+00	6.910000000000000864e-02
1.580000000000000000e+16	1.500000000000000000e+00	5.889999999999999403e-02
2.000000000000000000e+16	1.500000000000000000e+00	5.050000000000000322e-02
2.510000000000000000e+16	1.500000000000000000e+00	4.279999999999999777e-02
3.160000000000000000e+16	1.500000000000000000e+00	3.619999999999999607e-02
3.980000000000000000e+16	1.500000000000000000e+00	3.050000000000000280e-02
5.010000000000000000e+16	1.500000000000000000e+00	2.570000000000000062e-02
6.310000000000000000e+16	1.500000000000000000e+00	2.149999999999999828e-02
7.940000000000000000e+16	1.500000000000000000e+00	1.799999999999999864e-02
1.000000000000000000e+17	1.500000000000000000e+00	1.509999999999999884e-02
1.000000000000000000e+11	2.500000000000000000e+00	1.000000000000000269e-09
1.258925411794166107e+11	2.500000000000000000e+00	3.162277660168366287e-09
1.584893192461110840e+11	2.500000000000000000e+00	9.999999999999919146e-09
1.995262314968882751e+11	2.500000000000000000e+00	3.162277660168404337e-08
2.511886431509582214e+11	2.500000000000000000e+00	1.000000000000004455e-07
3.162277660168379517e+11	2.500000000000000000e+00	3.162277660168379721e-07
3.981071705534969482e+11	2.500000000000000000e+00	9.999999999999959313e-07
5.011872336272714844e+11	2.500000000000000000e+00	3.162277660168353780e-06
6.309573444801943359e+11	2.500000000000000000e+00	1.000000000000008891e-05
7.943282347242821045e+11	2.500000000000000000e+00	3.162277660168392405e-05
1.000000000000000000e+12	2.500000000000000000e+00	1.019999999999999856e-04
1.260000000000000000e+12	2.500000000000000000e+00	1.089999999999999932e-04
1.580000000000000000e+12	2.500000000000000000e+00	1.109999999999999876e-04
2.000000000000000000e+12	2.500000000000000000e+00	1.139999999999999521e-04
2.510000000000000000e+12	2.500000000000000000e+00	1.150000000000000306e-04
3.160000000000000000e+12	2.500000000000000000e+00	1.160000000000000007e-04
3.980000000000000000e+12	2.500000000000000000e+00	1.170000000000000250e-04
5.010000000000000000e+12	2.500000000000000000e+00	1.200000000000000437e-04
6.310000000000000000e+12	2.500000000000000000e+00	1.230000000000000082e-04
7.940000000000000000e+12	2.500000000000000000e+00	1.289999999999999914e-04
1.000000000000000000e+13	2.500000000000000000e+00	1.410000000000000120e-04
1.260000000000000000e+13	2.500000000000000000e+00	1.610000000000000103e-04
1.580000000000000000e+13	2.500000000000000000e+00	1.769999999999999655e-04
2.000000000000000000e+13	2.500000000000000000e+00	1.930000000000000292e-04
2.510000000000000000e+13	2.500000000000000000e+00	2.150000000000000218e-04
3.160000000000000000e+13	2.500000000000000000e+00	2.640000000000001287e-04
3.980000000000000000e+13	2.500000000000000000e+00	3.500000000000000507e-04
5.010000000000000000e+13	2.500000000000000000e+00	5.300000000000000891e-04
6.310000000000000000e+13	2.500000000000000000e+00	7.899999999999999037e-04
7.940000000000000000e+13	2.500000000000000000e+00	1.159999999999999573e-03
1.000000000000000000e+14	2.500000000000000000e+00	1.629999999999999505e-03
1.260000000000000000e+14	2.500000000000000000e+00	2.180000000000001381e-03
1.580000000000000000e+14	2.500000000000000000e+00	3.199999999999999720e-03
2.000000000000000000e+14	2.500000000000000000e+00	5.399999999999998551e-03
2.510000000000000000e+14	2.500000000000000000e+00	1.030000000000000013e-02
3.160000000000000000e+14	2.500000000000000000e+00	1.949999999999999650e-02
3.980000000000000000e+14	2.500000000000000000e+00	3.379999999999999671e-02
5.010000000000000000e+14	2.500000000000000000e+00	5.300000000000000544e-02
6.310000000000000000e+14	2.500000000000000000e+00	7.400000000000001021e-02
7.940000000000000000e+14	2.500000000000000000e+00	9.499999999999997335e-02
1.000000000000000000e+15	2.500000000000000000e+00	1.139999999999999625e-01
1.260000000000000000e+15	2.500000000000000000e+00	1.290000000000000036e-01
1.580000000000000000e+15	2.500000000000000000e+00	1.379999999999999560e-01
2.000000000000000000e+15	2.500000000000000000e+00	1.430000000000000160e-01
2.510000000000000000e+15	2.500000000000000000e+00	1.420000000000000151e-01
3.160000000000000000e+15	2.500000000000000000e+00	1.359999999999999543e-01
3.980000000000000000e+15	2.500000000000000000e+00	1.270000000000000018e-01
5.010000000000000000e+15	2.500000000000000000e+00	1.149999999999999634e-01
6.310000000000000000e+15	2.500000000000000000e+00	1.030000000000000082e-01
7.940000000000000000e+15	2.500000000000000000e+00	9.100000000000002531e-02
1.000000000000000000e+16	2.500000000000000000e+00	7.899999999999998690e-02
1.260000000000000000e+16	2.500000000000000000e+00	6.799999999999997713e-02
1.580000000000000000e+16	2.500000000000000000e+00	5.899999999999999689e-02
2.000000000000000000e+16	2.500000000000000000e+00	4.999999999999998890e-02
2.510000000000000000e+16	2.500000000000000000e+00	4.230000000000000426e-02
3.160000000000000000e+16	2.500000000000000000e+00	3.650000000000000466e-02
3.980000000000000000e+16	2.500000000000000000e+00	3.049999999999999933e-02
5.010000000000000000e+16	2.500000000000000000e+00	2.559999999999999776e-02
6.310000000000000000e+16	2.500000000000000000e+00	2.150000000000000522e-02
7.940000000000000000e+16	2.500000000000000000e+00	1.800000000000000211e-02
1.000000000000000000e+17	2.500000000000000000e+00	1.500000000000000291e-02
1.000000000000000000e+11	3.500000000000000000e+00	1.000000000000000269e-09
1.258925411794166107e+11	3.500000000000000000e+00	3.162277660168366287e-09
1.584893192461110840e+11	3.500000000000000000e+00	9.999999999999919146e-09
1.995262314968882751e+11	3.500000000000000000e+00	3.162277660168404337e-08
2.511886431509582214e+11	3.500000000000000000e+00	1.000000000000004455e-07
3.162277660168379517e+11	3.500000000000000000e+00	3.162277660168379721e-07
3.981071705534969482e+11	3.500000000000000000e+00	9.999999999999959313e-07
5.011872336272714844e+11	3.500000000000000000e+00	3.162277660168353780e-06
6.309573444801943359e+11	3.500000000000000000e+00	1.000000000000008891e-05
7.943282347242821045e+11	3.500000000000000000e+00	3.162277660168392405e-05
1.000000000000000000e+12	3.500000000000000000e+00	9.100000000000004353e-05
1.260000000000000000e+12	3.500000000000000000e+00	9.600000000000000243e-05
1.580000000000000000e+12	3.500000000000000000e+00	9.900000000000002114e-05
2.000000000000000000e+12	3.500000000000000000e+00	1.000000000000000454e-04
2.510000000000000000e+12	3.500000000000000000e+00	1.020000000000000399e-04
3.160000000000000000e+12	3.500000000000000000e+00	1.030000000000000642e-04
3.980000000000000000e+12	3.500000000000000000e+00	1.039999999999999800e-04
5.010000000000000000e+12	3.500000000000000000e+00	1.039999999999999800e-04
6.310000000000000000e+12	3.500000000000000000e+00	1.069999999999999445e-04
7.940000000000000000e+12	3.500000000000000000e+00	1.120000000000000119e-04
1.000000000000000000e+13	3.500000000000000000e+00	1.219999999999999297e-04
1.260000000000000000e+13	3.500000000000000000e+00	1.369999999999999690e-04
1.580000000000000000e+13	3.500000000000000000e+00	1.520000000000000084e-04
2.000000000000000000e+13	3.500000000000000000e+00	1.649999999999999991e-04
2.510000000000000000e+13	3.500000000000000000e+00	1.849999999999999431e-04
3.160000000000000000e+13	3.500000000000000000e+00	2.199999999999999265e-04
3.980000000000000000e+13	3.500000000000000000e+00	2.999999999999999195e-04
5.010000000000000000e+13	3.500000000000000000e+00	4.299999999999998268e-04
6.310000000000000000e+13	3.500000000000000000e+00	6.300000000000003514e-04
7.940000000000000000e+13	3.500000000000000000e+00	9.100000000000002184e-04
1.000000000000000000e+14	3.500000000000000000e+00	1.250000000000001110e-03
1.260000000000000000e+14	3.500000000000000000e+00	1.700000000000000122e-03
1.580000000000000000e+14	3.500000000000000000e+00	2.599999999999999881e-03
2.000000000000000000e+14	3.500000000000000000e+00	4.800000000000002182e-03
2.510000000000000000e+14	3.500000000000000000e+00	9.700000000000000289e-03
3.160000000000000000e+14	3.500000000000000000e+00	1.900000000000000300e-02
3.980000000000000000e+14	3.500000000000000000e+00	3.300000000000001543e-02
5.010000000000000000e+14	3.500000000000000000e+00	5.199999999999999067e-02
6.310000000000000000e+14	3.500000000000000000e+00	7.299999999999998157e-02
7.940000000000000000e+14	3.500000000000000000e+00	9.600000000000002975e-02
1.000000000000000000e+15	3.500000000000000000e+00	1.140000000000000457e-01
1.260000000000000000e+15	3.500000000000000000e+00	1.280000000000000027e-01
1.580000000000000000e+15	3.500000000000000000e+00	1.390000000000000679e-01
2.000000000000000000e+15	3.500000000000000000e+00	1.429999999999999605e-01
2.510000000000000000e+15	3.500000000000000000e+00	1.409999999999999587e-01
3.160000000000000000e+15	3.500000000000000000e+00	1.350000000000000644e-01
3.980000000000000000e+15	3.500000000000000000e+00	1.260000000000000009e-01
5.010000000000000000e+15	3.500000000000000000e+00	1.160000000000000475e-01
6.310000000000000000e+15	3.500000000000000000e+00	1.029999999999999805e-01
7.940000000000000000e+15	3.500000000000000000e+00	9.099999999999996980e-02
1.000000000000000000e+16	3.500000000000000000e+00	8.000000000000001554e-02
1.260000000000000000e+16	3.500000000000000000e+00	6.900000000000003353e-02
1.580000000000000000e+16	3.500000000000000000e+00	5.899999999999999689e-02
2.000000000000000000e+16	3.500000000000000000e+00	5.000000000000001665e-02
2.510000000000000000e+16	3.500000000000000000e+00	4.300000000000001044e-02
3.160000000000000000e+16	3.500000000000000000e+00	3.599999999999999034e-02
3.980000000000000000e+16	3.500000000000000000e+00	3.039999999999999647e-02
5.010000000000000000e+16	3.500000000000000000e+00	2.599999999999999534e-02
6.310000000000000000e+16	3.500000000000000000e+00	2.139999999999998848e-02
7.940000000000000000e+16	3.500000000000000000e+00	1.799999999999999517e-02
1.000000000000000000e+17	3.500000000000000000e+00	1.489999999999999658e-02
1.000000000000000000e+11	4.500000000000000000e+00	1.000000000000000269e-09
1.258925411794166107e+11	4.500000000000000000e+00	3.162277660168366287e-09
1.584893192461110840e+11	4.500000000000000000e+00	9.999999999999919146e-09
1.995262314968882751e+11	4.500000000000000000e+00	3.162277660168404337e-08
2.511886431509582214e+11	4.500000000000000000e+00	1.000000000000004455e-07
3.162277660168379517e+11	4.500000000000000000e+00	3.162277660168379721e-07
3.981071705534969482e+11	4.500000000000000000e+00	9.999999999999959313e-07
5.011872336272714844e+11	4.500000000000000000e+00	3.162277660168353780e-06
6.309573444801943359e+11	4.500000000000000000e+00	1.000000000000008891e-05
7.943282347242821045e+11	4.500000000000000000e+00	3.162277660168392405e-05
1.000000000000000000e+12	4.500000000000000000e+00	7.999999999999993878e-05
1.260000000000000000e+12	4.500000000000000000e+00	8.499999999999995190e-05
1.580000000000000000e+12	4.500000000000000000e+00	8.700000000000000051e-05
2.000000000000000000e+12	4.500000000000000000e+00	8.899999999999999491e-05
2.510000000000000000e+12	4.500000000000000000e+00	8.899999999999999491e-05
3.160000000000000000e+12	4.500000000000000000e+00	8.999999999999991080e-05
3.980000000000000000e+12	4.500000000000000000e+00	9.000000000000001922e-05
5.010000000000000000e+12	4.500000000000000000e+00	9.199999999999995941e-05
6.310000000000000000e+12	4.500000000000000000e+00	9.400000000000000803e-05
7.940000000000000000e+12	4.500000000000000000e+00	9.699999999999997253e-05
1.000000000000000000e+13	4.500000000000000000e+00	1.060000000000000829e-04
1.260000000000000000e+13	4.500000000000000000e+00	1.199999999999999895e-04
1.580000000000000000e+13	4.500000000000000000e+00	1.320000000000000643e-04
2.000000000000000000e+13	4.500000000000000000e+00	1.399999999999999335e-04
2.510000000000000000e+13	4.500000000000000000e+00	1.599999999999999860e-04
3.160000000000000000e+13	4.500000000000000000e+00	1.900000000000000647e-04
3.980000000000000000e+13	4.500000000000000000e+00	2.500000000000000052e-04
5.010000000000000000e+13	4.500000000000000000e+00	3.700000000000001031e-04
6.310000000000000000e+13	4.500000000000000000e+00	5.399999999999996816e-04
7.940000000000000000e+13	4.500000000000000000e+00	7.400000000000002062e-04
1.000000000000000000e+14	4.500000000000000000e+00	1.060000000000000178e-03
1.260000000000000000e+14	4.500000000000000000e+00	1.499999999999999598e-03
1.580000000000000000e+14	4.500000000000000000e+00	2.299999999999999961e-03
2.000000000000000000e+14	4.500000000000000000e+00	4.399999999999997663e-03
2.510000000000000000e+14	4.500000000000000000e+00	9.300000000000002709e-03
3.160000000000000000e+14	4.500000000000000000e+00	1.860000000000000542e-02
3.980000000000000000e+14	4.500000000000000000e+00	3.300000000000000155e-02
5.010000000000000000e+14	4.500000000000000000e+00	5.200000000000001843e-02
6.310000000000000000e+14	4.500000000000000000e+00	7.400000000000001021e-02
7.940000000000000000e+14	4.500000000000000000e+00	9.399999999999997247e-02
1.000000000000000000e+15	4.500000000000000000e+00	1.139999999999999347e-01
1.260000000000000000e+15	4.500000000000000000e+00	1.290000000000000036e-01
1.580000000000000000e+15	4.500000000000000000e+00	1.379999999999999005e-01
2.000000000000000000e+15	4.500000000000000000e+00	1.420000000000000151e-01
2.510000000000000000e+15	4.500000000000000000e+00	1.420000000000000151e-01
3.160000000000000000e+15	4.500000000000000000e+00	1.360000000000000098e-01
3.980000000000000000e+15	4.500000000000000000e+00	1.260000000000000009e-01
5.010000000000000000e+15	4.500000000000000000e+00	1.149999999999999356e-01
6.310000000000000000e+15	4.500000000000000000e+00	1.030000000000000360e-01
7.940000000000000000e+15	4.500000000000000000e+00	9.100000000000002531e-02
1.000000000000000000e+16	4.500000000000000000e+00	7.900000000000001465e-02
1.260000000000000000e+16	4.500000000000000000e+00	6.800000000000000488e-02
1.580000000000000000e+16	4.500000000000000000e+00	5.899999999999999689e-02
2.000000000000000000e+16	4.500000000000000000e+00	5.099999999999998979e-02
2.510000000000000000e+16	4.500000000000000000e+00	4.299999999999998268e-02
3.160000000000000000e+16	4.500000000000000000e+00	3.600000000000000422e-02
3.980000000000000000e+16	4.500000000000000000e+00	3.099999999999999978e-02
5.010000000000000000e+16	4.500000000000000000e+00	2.500000000000000833e-02
6.310000000000000000e+16	4.500000000000000000e+00	2.200000000000000566e-02
7.940000000000000000e+16	4.500000000000000000e+00	1.789999999999999925e-02
1.000000000000000000e+17	4.500000000000000000e+00	1.499999999999999944e-02
1.000000000000000000e+11	5.500000000000000000e+00	1.000000000000000269e-09
1.258925411794166107e+11	5.500000000000000000e+00	3.162277660168366287e-09
1.584893192461110840e+11	5.500000000000000000e+00	9.999999999999919146e-09
1.995262314968882751e+11	5.500000000000000000e+00	3.162277660168404337e-08
2.511886431509582214e+11	5.500000000000000000e+00	1.000000000000004455e-07
3.162277660168379517e+11	5.500000000000000000e+00	3.162277660168379721e-07
3.981071705534969482e+11	5.500000000000000000e+00	9.999999999999959313e-07
5.011872336272714844e+11	5.500000000000000000e+00	3.162277660168353780e-06
6.309573444801943359e+11	5.500000000000000000e+00	1.000000000000008891e-05
7.943282347242821045e+11	5.500000000000000000e+00	3.162277660168392405e-05
1.000000000000000000e+12	5.500000000000000000e+00	7.000000000000007518e-05
1.260000000000000000e+12	5.500000000000000000e+00	7.400000000000006399e-05
1.580000000000000000e+12	5.500000000000000000e+00	7.600000000000000418e-05
2.000000000000000000e+12	5.500000000000000000e+00	7.799999999999994438e-05
2.510000000000000000e+12	5.500000000000000000e+00	7.799999999999994438e-05
3.160000000000000000e+12	5.500000000000000000e+00	7.800000000000005280e-05
3.980000000000000000e+12	5.500000000000000000e+00	7.899999999999996868e-05
5.010000000000000000e+12	5.500000000000000000e+00	7.999999999999999299e-05
6.310000000000000000e+12	5.500000000000000000e+00	8.100000000000001730e-05
7.940000000000000000e+12	5.500000000000000000e+00	8.500000000000000611e-05
1.000000000000000000e+13	5.500000000000000000e+00	9.199999999999995941e-05
1.260000000000000000e+13	5.500000000000000000e+00	1.040000000000000343e-04
1.580000000000000000e+13	5.500000000000000000e+00	1.139999999999999521e-04
2.000000000000000000e+13	5.500000000000000000e+00	1.300000000000001241e-04
2.510000000000000000e+13	5.500000000000000000e+00	1.400000000000001504e-04
3.160000000000000000e+13	5.500000000000000000e+00	1.700000000000000122e-04
3.980000000000000000e+13	5.500000000000000000e+00	2.400000000000001958e-04
5.010000000000000000e+13	5.500000000000000000e+00	3.299999999999999982e-04
6.310000000000000000e+13	5.500000000000000000e+00	4.699999999999999317e-04
7.940000000000000000e+13	5.500000000000000000e+00	6.499999999999995365e-04
1.000000000000000000e+14	5.500000000000000000e+00	7.999999999999986289e-04
1.260000000000000000e+14	5.500000000000000000e+00	1.199999999999999678e-03
1.580000000000000000e+14	5.500000000000000000e+00	2.000000000000001776e-03
2.000000000000000000e+14	5.500000000000000000e+00	4.100000000000002948e-03
2.510000000000000000e+14	5.500000000000000000e+00	9.099999999999996980e-03
3.160000000000000000e+14	5.500000000000000000e+00	1.799999999999998823e-02
3.980000000000000000e+14	5.500000000000000000e+00	3.299999999999997380e-02
5.010000000000000000e+14	5.500000000000000000e+00	5.199999999999999067e-02
6.310000000000000000e+14	5.500000000000000000e+00	7.300000000000000933e-02
7.940000000000000000e+14	5.500000000000000000e+00	9.499999999999997335e-02
1.000000000000000000e+15	5.500000000000000000e+00	1.130000000000001004e-01
1.260000000000000000e+15	5.500000000000000000e+00	1.280000000000000027e-01
1.580000000000000000e+15	5.500000000000000000e+00	1.380000000000000115e-01
2.000000000000000000e+15	5.500000000000000000e+00	1.430000000000000160e-01
2.510000000000000000e+15	5.500000000000000000e+00	1.410000000000000142e-01
3.160000000000000000e+15	5.500000000000000000e+00	1.359999999999998987e-01
3.980000000000000000e+15	5.500000000000000000e+00	1.270000000000000018e-01
5.010000000000000000e+15	5.500000000000000000e+00	1.149999999999999911e-01
6.310000000000000000e+15	5.500000000000000000e+00	1.029999999999999805e-01
7.940000000000000000e+15	5.500000000000000000e+00	9.100000000000002531e-02
1.000000000000000000e+16	5.500000000000000000e+00	7.899999999999995914e-02
1.260000000000000000e+16	5.500000000000000000e+00	6.899999999999995026e-02
1.580000000000000000e+16	5.500000000000000000e+00	5.899999999999999689e-02
2.000000000000000000e+16	5.500000000000000000e+00	4.999999999999998890e-02
2.510000000000000000e+16	5.500000000000000000e+00	4.300000000000001044e-02
3.160000000000000000e+16	5.500000000000000000e+00	3.600000000000000422e-02
3.980000000000000000e+16	5.500000000000000000e+00	2.999999999999999889e-02
5.010000000000000000e+16	5.500000000000000000e+00	2.599999999999999534e-02
6.310000000000000000e+16	5.500000000000000000e+00	2.100000000000000477e-02
7.940000000000000000e+16	5.500000000000000000e+00	1.810000000000000497e-02
1.000000000000000000e+17	5.500000000000000000e+00	1.499999999999999944e-02
1.000000000000000000e+11	6.500000000000000000e+00	1.000000000000000269e-09
1.258925411794166107e+11	6.500000000000000000e+00	3.162277660168366287e-09
1.584893192461110840e+11	6.500000000000000000e+00	9.999999999999919146e-09
1.995262314968882751e+11	6.500000000000000000e+00	3.162277660168404337e-08
2.511886431509582214e+11	6.500000000000000000e+00	1.000000000000004455e-07
3.162277660168379517e+11	6.500000000000000000e+00	3.162277660168379721e-07
3.981071705534969482e+11	6.500000000000000000e+00	9.999999999999959313e-07
5.011872336272714844e+11	6.500000000000000000e+00	3.162277660168353780e-06
6.309573444801943359e+11	6.500000000000000000e+00	1.000000000000008891e-05
7.943282347242821045e+11	6.500000000000000000e+00	3.162277660168392405e-05
1.000000000000000000e+12	6.500000000000000000e+00	6.099999999999996484e-05
1.260000000000000000e+12	6.500000000000000000e+00	6.499999999999995365e-05
1.580000000000000000e+12	6.500000000000000000e+00	6.700000000000000226e-05
2.000000000000000000e+12	6.500000000000000000e+00	6.800000000000002657e-05
2.510000000000000000e+12	6.500000000000000000e+00	6.900000000000005088e-05
3.160000000000000000e+12	6.500000000000000000e+00	6.899999999999994246e-05
3.980000000000000000e+12	6.500000000000000000e+00	6.900000000000005088e-05
5.010000000000000000e+12	6.500000000000000000e+00	7.000000000000007518e-05
6.310000000000000000e+12	6.500000000000000000e+00	7.099999999999999107e-05
7.940000000000000000e+12	6.500000000000000000e+00	7.499999999999997988e-05
1.000000000000000000e+13	6.500000000000000000e+00	8.200000000000004161e-05
1.260000000000000000e+13	6.500000000000000000e+00	9.699999999999997253e-05
1.580000000000000000e+13	6.500000000000000000e+00	1.000000000000000454e-04
2.000000000000000000e+13	6.500000000000000000e+00	1.099999999999998548e-04
2.510000000000000000e+13	6.500000000000000000e+00	1.299999999999999073e-04
3.160000000000000000e+13	6.500000000000000000e+00	1.599999999999999860e-04
3.980000000000000000e+13	6.500000000000000000e+00	2.099999999999996834e-04
5.010000000000000000e+13	6.500000000000000000e+00	3.100000000000003794e-04
6.310000000000000000e+13	6.500000000000000000e+00	4.299999999999998268e-04
7.940000000000000000e+13	6.500000000000000000e+00	5.800000000000006539e-04
1.000000000000000000e+14	6.500000000000000000e+00	8.000000000000003636e-04
1.260000000000000000e+14	6.500000000000000000e+00	1.099999999999998548e-03
1.580000000000000000e+14	6.500000000000000000e+00	1.799999999999999517e-03
2.000000000000000000e+14	6.500000000000000000e+00	3.900000000000000688e-03
2.510000000000000000e+14	6.500000000000000000e+00	8.800000000000002265e-03
3.160000000000000000e+14	6.500000000000000000e+00	1.800000000000001599e-02
3.980000000000000000e+14	6.500000000000000000e+00	3.300000000000000155e-02
5.010000000000000000e+14	6.500000000000000000e+00	5.099999999999998979e-02
6.310000000000000000e+14	6.500000000000000000e+00	7.300000000000000933e-02
7.940000000000000000e+14	6.500000000000000000e+00	9.400000000000008349e-02
1.000000000000000000e+15	6.500000000000000000e+00	1.139999999999999902e-01
1.260000000000000000e+15	6.500000000000000000e+00	1.290000000000000036e-01
1.580000000000000000e+15	6.500000000000000000e+00	1.380000000000000115e-01
2.000000000000000000e+15	6.500000000000000000e+00	1.420000000000000151e-01
2.510000000000000000e+15	6.500000000000000000e+00	1.420000000000000151e-01
3.160000000000000000e+15	6.500000000000000000e+00	1.350000000000000089e-01
3.980000000000000000e+15	6.500000000000000000e+00	1.260000000000000009e-01
5.010000000000000000e+15	6.500000000000000000e+00	1.150000000000001021e-01
6.310000000000000000e+15	6.500000000000000000e+00	1.029999999999999805e-01
7.940000000000000000e+15	6.500000000000000000e+00	9.099999999999996980e-02
1.000000000000000000e+16	6.500000000000000000e+00	7.900000000000007017e-02
1.260000000000000000e+16	6.500000000000000000e+00	6.800000000000000488e-02
1.580000000000000000e+16	6.500000000000000000e+00	5.899999999999999689e-02
2.000000000000000000e+16	6.500000000000000000e+00	4.999999999999998890e-02
2.510000000000000000e+16	6.500000000000000000e+00	4.199999999999998179e-02
3.160000000000000000e+16	6.500000000000000000e+00	3.600000000000000422e-02
3.980000000000000000e+16	6.500000000000000000e+00	2.999999999999999889e-02
5.010000000000000000e+16	6.500000000000000000e+00	2.499999999999999445e-02
6.310000000000000000e+16	6.500000000000000000e+00	2.099999999999999090e-02
7.940000000000000000e+16	6.500000000000000000e+00	1.800000000000000211e-02
1.000000000000000000e+17	6.500000000000000000e+00	1.499999999999999944e-02
1.000000000000000000e+11	8.000000000000000000e+00	1.000000000000000269e-09
1.258925411794166107e+11	8.000000000000000000e+00	3.162277660168366287e-09
1.584893192461110840e+11	8.000000000000000000e+00	9.999999999999919146e-09
1.995262314968882751e+11	8.000000000000000000e+00	3.162277660168404337e-08
2.511886431509582214e+11	8.000000000000000000e+00	1.000000000000004455e-07
3.162277660168379517e+11	8.000000000000000000e+00	3.162277660168379721e-07
3.981071705534969482e+11	8.000000000000000000e+00	9.999999999999959313e-07
5.011872336272714844e+11	8.000000000000000000e+00	3.162277660168353780e-06
6.309573444801943359e+11	8.000000000000000000e+00	1.000000000000008891e-05
7.943282347242821045e+11	8.000000000000000000e+00	3.162277660168392405e-05
1.000000000000000000e+12	8.000000000000000000e+00	4.599999999999997971e-05
1.260000000000000000e+12	8.000000000000000000e+00	4.899999999999999842e-05
1.580000000000000000e+12	8.000000000000000000e+00	5.049999999999998067e-05
2.000000000000000000e+12	8.000000000000000000e+00	5.150000000000000498e-05
2.510000000000000000e+12	8.000000000000000000e+00	5.199999999999996292e-05
3.160000000000000000e+12	8.000000000000000000e+00	5.250000000000002928e-05
3.980000000000000000e+12	8.000000000000000000e+00	5.349999999999999938e-05
5.010000000000000000e+12	8.000000000000000000e+00	5.449999999999996948e-05
6.310000000000000000e+12	8.000000000000000000e+00	5.650000000000001809e-05
7.940000000000000000e+12	8.000000000000000000e+00	5.950000000000003680e-05
1.000000000000000000e+13	8.000000000000000000e+00	6.749999999999996021e-05
1.260000000000000000e+13	8.000000000000000000e+00	7.499999999999997988e-05
1.580000000000000000e+13	8.000000000000000000e+00	8.500000000000000611e-05
2.000000000000000000e+13	8.000000000000000000e+00	1.000000000000000454e-04
2.510000000000000000e+13	8.000000000000000000e+00	1.149999999999999764e-04
3.160000000000000000e+13	8.000000000000000000e+00	1.399999999999999335e-04
3.980000000000000000e+13	8.000000000000000000e+00	1.950000000000000778e-04
5.010000000000000000e+13	8.000000000000000000e+00	2.799999999999998671e-04
6.310000000000000000e+13	8.000000000000000000e+00	3.900000000000001556e-04
7.940000000000000000e+13	8.000000000000000000e+00	5.249999999999994255e-04
1.000000000000000000e+14	8.000000000000000000e+00	7.000000000000001013e-04
1.260000000000000000e+14	8.000000000000000000e+00	9.500000000000011907e-04
1.580000000000000000e+14	8.000000000000000000e+00	1.700000000000000122e-03
2.000000000000000000e+14	8.000000000000000000e+00	3.749999999999999861e-03
2.510000000000000000e+14	8.000000000000000000e+00	8.599999999999996536e-03
3.160000000000000000e+14	8.000000000000000000e+00	1.799999999999998823e-02
3.980000000000000000e+14	8.000000000000000000e+00	3.200000000000000067e-02
5.010000000000000000e+14	8.000000000000000000e+00	5.149999999999999023e-02
6.310000000000000000e+14	8.000000000000000000e+00	7.250000000000000888e-02
7.940000000000000000e+14	8.000000000000000000e+00	9.449999999999997291e-02
1.000000000000000000e+15	8.000000000000000000e+00	1.149999999999999911e-01
1.260000000000000000e+15	8.000000000000000000e+00	1.284999999999999476e-01
1.580000000000000000e+15	8.000000000000000000e+00	1.400000000000000133e-01
2.000000000000000000e+15	8.000000000000000000e+00	1.400000000000000133e-01
2.510000000000000000e+15	8.000000000000000000e+00	1.435000000000000164e-01
3.160000000000000000e+15	8.000000000000000000e+00	1.345000000000000084e-01
3.980000000000000000e+15	8.000000000000000000e+00	1.269999999999999463e-01
5.010000000000000000e+15	8.000000000000000000e+00	1.164999999999999925e-01
6.310000000000000000e+15	8.000000000000000000e+00	1.025000000000000355e-01
7.940000000000000000e+15	8.000000000000000000e+00	9.049999999999996936e-02
1.000000000000000000e+16	8.000000000000000000e+00	7.949999999999995959e-02
1.260000000000000000e+16	8.000000000000000000e+00	6.850000000000000533e-02
1.580000000000000000e+16	8.000000000000000000e+00	5.850000000000002420e-02
2.000000000000000000e+16	8.000000000000000000e+00	5.050000000000001710e-02
2.510000000000000000e+16	8.000000000000000000e+00	4.300000000000001044e-02
3.160000000000000000e+16	8.000000000000000000e+00	3.600000000000000422e-02
3.980000000000000000e+16	8.000000000000000000e+00	3.050000000000001321e-02
5.010000000000000000e+16	8.000000000000000000e+00	2.600000000000000921e-02
6.310000000000000000e+16	8.000000000000000000e+00	2.150000000000000522e-02
7.940000000000000000e+16	8.000000000000000000e+00	1.800000000000000211e-02
1.000000000000000000e+17	8.000000000000000000e+00	1.500000000000000638e-02
1.000000000000000000e+11	1.000000000000000000e+01	1.000000000000000269e-09
1.258925411794166107e+11	1.000000000000000000e+01	3.162277660168366287e-09
1.584893192461110840e+11	1.000000000000000000e+01	9.999999999999919146e-09
1.995262314968882751e+11	1.000000000000000000e+01	3.162277660168404337e-08
2.511886431509582214e+11	1.000000000000000000e+01	1.000000000000004455e-07
3.162277660168379517e+11	1.000000000000000000e+01	3.162277660168379721e-07
3.981071705534969482e+11	1.000000000000000000e+01	9.999999999999959313e-07
5.011872336272714844e+11	1.000000000000000000e+01	3.162277660168353780e-06
6.309573444801943359e+11	1.000000000000000000e+01	1.000000000000008891e-05
7.943282347242821045e+11	1.000000000000000000e+01	3.162277660168392405e-05
1.000000000000000000e+12	1.000000000000000000e+01	3.549999999999999553e-05
1.260000000000000000e+12	1.000000000000000000e+01	3.749999999999998994e-05
1.580000000000000000e+12	1.000000000000000000e+01	3.850000000000001425e-05
2.000000000000000000e+12	1.000000000000000000e+01	3.949999999999998434e-05
2.510000000000000000e+12	1.000000000000000000e+01	3.999999999999999650e-05
3.160000000000000000e+12	1.000000000000000000e+01	4.050000000000000865e-05
3.980000000000000000e+12	1.000000000000000000e+01	4.099999999999996659e-05
5.010000000000000000e+12	1.000000000000000000e+01	4.199999999999999090e-05
6.310000000000000000e+12	1.000000000000000000e+01	4.350000000000002736e-05
7.940000000000000000e+12	1.000000000000000000e+01	4.499999999999995540e-05
1.000000000000000000e+13	1.000000000000000000e+01	5.000000000000002272e-05
1.260000000000000000e+13	1.000000000000000000e+01	6.000000000000004895e-05
1.580000000000000000e+13	1.000000000000000000e+01	6.999999999999996676e-05
2.000000000000000000e+13	1.000000000000000000e+01	7.499999999999997988e-05
2.510000000000000000e+13	1.000000000000000000e+01	9.500000000000003234e-05
3.160000000000000000e+13	1.000000000000000000e+01	1.250000000000001110e-04
3.980000000000000000e+13	1.000000000000000000e+01	1.750000000000000253e-04
5.010000000000000000e+13	1.000000000000000000e+01	2.599999999999998146e-04
6.310000000000000000e+13	1.000000000000000000e+01	3.649999999999998732e-04
7.940000000000000000e+13	1.000000000000000000e+01	4.600000000000003392e-04
1.000000000000000000e+14	1.000000000000000000e+01	5.999999999999998390e-04
1.260000000000000000e+14	1.000000000000000000e+01	8.500000000000000611e-04
1.580000000000000000e+14	1.000000000000000000e+01	1.549999999999999295e-03
2.000000000000000000e+14	1.000000000000000000e+01	3.549999999999997602e-03
2.510000000000000000e+14	1.000000000000000000e+01	8.500000000000000611e-03
3.160000000000000000e+14	1.000000000000000000e+01	1.800000000000000211e-02
3.980000000000000000e+14	1.000000000000000000e+01	3.250000000000000111e-02
5.010000000000000000e+14	1.000000000000000000e+01	5.099999999999998979e-02
6.310000000000000000e+14	1.000000000000000000e+01	7.300000000000000933e-02
7.940000000000000000e+14	1.000000000000000000e+01	9.200000000000002620e-02
1.000000000000000000e+15	1.000000000000000000e+01	1.099999999999999867e-01
1.260000000000000000e+15	1.000000000000000000e+01	1.300000000000000044e-01
1.580000000000000000e+15	1.000000000000000000e+01	1.350000000000000089e-01
2.000000000000000000e+15	1.000000000000000000e+01	1.450000000000000178e-01
2.510000000000000000e+15	1.000000000000000000e+01	1.400000000000000133e-01
3.160000000000000000e+15	1.000000000000000000e+01	1.350000000000000089e-01
3.980000000000000000e+15	1.000000000000000000e+01	1.250000000000000000e-01
5.010000000000000000e+15	1.000000000000000000e+01	1.149999999999999911e-01
6.310000000000000000e+15	1.000000000000000000e+01	1.014999999999999236e-01
7.940000000000000000e+15	1.000000000000000000e+01	9.100000000000002531e-02
1.000000000000000000e+16	1.000000000000000000e+01	7.900000000000001465e-02
1.260000000000000000e+16	1.000000000000000000e+01	6.850000000000000533e-02
1.580000000000000000e+16	1.000000000000000000e+01	5.899999999999999689e-02
2.000000000000000000e+16	1.000000000000000000e+01	5.000000000000001665e-02
2.510000000000000000e+16	1.000000000000000000e+01	4.249999999999998224e-02
3.160000000000000000e+16	1.000000000000000000e+01	3.650000000000000466e-02
3.980000000000000000e+16	1.000000000000000000e+01	3.049999999999999933e-02
5.010000000000000000e+16	1.000000000000000000e+01	2.549999999999998102e-02
6.310000000000000000e+16	1.000000000000000000e+01	2.149999999999999134e-02
7.940000000000000000e+16	1.000000000000000000e+01	1.800000000000000211e-02
1.000000000000000000e+17	1.000000000000000000e+01	1.499999999999999944e-02
1.000000000000000000e+11	1.200000000000000000e+01	1.000000000000000269e-09
1.258925411794166107e+11	1.200000000000000000e+01	3.162277660168366287e-09
1.584893192461110840e+11	1.200000000000000000e+01	9.999999999999919146e-09
1.995262314968882751e+11	1.200000000000000000e+01	3.162277660168404337e-08
2.511886431509582214e+11	1.200000000000000000e+01	1.000000000000004455e-07
3.162277660168379517e+11	1.200000000000000000e+01	3.162277660168379721e-07
3.981071705534969482e+11	1.200000000000000000e+01	9.999999999999959313e-07
5.011872336272714844e+11	1.200000000000000000e+01	3.162277660168353780e-06
6.309573444801943359e+11	1.200000000000000000e+01	1.000000000000008891e-05
7.943282347242821045e+11	1.200000000000000000e+01	3.162277660168392405e-05
1.000000000000000000e+12	1.200000000000000000e+01	2.650000000000004782e-05
1.260000000000000000e+12	1.200000000000000000e+01	2.800000000000003007e-05
1.580000000000000000e+12	1.200000000000000000e+01	2.950000000000001232e-05
2.000000000000000000e+12	1.200000000000000000e+01	3.000000000000002448e-05
2.510000000000000000e+12	1.200000000000000000e+01	3.100000000000004878e-05
3.160000000000000000e+12	1.200000000000000000e+01	3.150000000000000673e-05
3.980000000000000000e+12	1.200000000000000000e+01	3.300000000000004319e-05
5.010000000000000000e+12	1.200000000000000000e+01	3.200000000000007309e-05
6.310000000000000000e+12	1.200000000000000000e+01	3.649999999999996563e-05
7.940000000000000000e+12	1.200000000000000000e+01	3.999999999999999650e-05
1.000000000000000000e+13	1.200000000000000000e+01	4.500000000000000961e-05
1.260000000000000000e+13	1.200000000000000000e+01	5.000000000000002272e-05
1.580000000000000000e+13	1.200000000000000000e+01	6.000000000000004895e-05
2.000000000000000000e+13	1.200000000000000000e+01	6.999999999999996676e-05
2.510000000000000000e+13	1.200000000000000000e+01	8.499999999999989769e-05
3.160000000000000000e+13	1.200000000000000000e+01	1.099999999999998548e-04
3.980000000000000000e+13	1.200000000000000000e+01	1.649999999999999991e-04
5.010000000000000000e+13	1.200000000000000000e+01	2.500000000000002220e-04
6.310000000000000000e+13	1.200000000000000000e+01	3.450000000000002544e-04
7.940000000000000000e+13	1.200000000000000000e+01	4.499999999999998793e-04
1.000000000000000000e+14	1.200000000000000000e+01	5.999999999999998390e-04
1.260000000000000000e+14	1.200000000000000000e+01	8.500000000000000611e-04
1.580000000000000000e+14	1.200000000000000000e+01	1.499999999999999598e-03
2.000000000000000000e+14	1.200000000000000000e+01	3.499999999999999639e-03
2.510000000000000000e+14	1.200000000000000000e+01	8.500000000000000611e-03
3.160000000000000000e+14	1.200000000000000000e+01	1.750000000000000167e-02
3.980000000000000000e+14	1.200000000000000000e+01	3.200000000000000067e-02
5.010000000000000000e+14	1.200000000000000000e+01	5.100000000000004530e-02
6.310000000000000000e+14	1.200000000000000000e+01	7.249999999999995337e-02
7.940000000000000000e+14	1.200000000000000000e+01	9.499999999999997335e-02
1.000000000000000000e+15	1.200000000000000000e+01	1.149999999999999911e-01
1.260000000000000000e+15	1.200000000000000000e+01	1.250000000000000000e-01
1.580000000000000000e+15	1.200000000000000000e+01	1.400000000000000133e-01
2.000000000000000000e+15	1.200000000000000000e+01	1.400000000000000133e-01
2.510000000000000000e+15	1.200000000000000000e+01	1.400000000000000133e-01
3.160000000000000000e+15	1.200000000000000000e+01	1.350000000000000089e-01
3.980000000000000000e+15	1.200000000000000000e+01	1.250000000000000000e-01
5.010000000000000000e+15	1.200000000000000000e+01	1.149999999999999911e-01
6.310000000000000000e+15	1.200000000000000000e+01	1.050000000000000933e-01
7.940000000000000000e+15	1.200000000000000000e+01	8.999999999999996891e-02
1.000000000000000000e+16	1.200000000000000000e+01	7.900000000000001465e-02
1.260000000000000000e+16	1.200000000000000000e+01	6.850000000000000533e-02
1.580000000000000000e+16	1.200000000000000000e+01	5.849999999999999645e-02
2.000000000000000000e+16	1.200000000000000000e+01	4.999999999999998890e-02
2.510000000000000000e+16	1.200000000000000000e+01	4.250000000000003775e-02
3.160000000000000000e+16	1.200000000000000000e+01	3.599999999999997646e-02
3.980000000000000000e+16	1.200000000000000000e+01	3.049999999999999933e-02
5.010000000000000000e+16	1.200000000000000000e+01	2.550000000000002265e-02
6.310000000000000000e+16	1.200000000000000000e+01	2.150000000000001910e-02
7.940000000000000000e+16	1.200000000000000000e+01	1.750000000000000167e-02
1.000000000000000000e+17	1.200000000000000000e+01	1.499999999999999944e-02
1.000000000000000000e+11	1.400000000000000000e+01	1.000000000000000269e-09
1.258925411794166107e+11	1.400000000000000000e+01	3.162277660168366287e-09
1.584893192461110840e+11	1.400000000000000000e+01	9.999999999999919146e-09
1.995262314968882751e+11	1.400000000000000000e+01	3.162277660168404337e-08
2.511886431509582214e+11	1.400000000000000000e+01	1.000000000000004455e-07
3.162277660168379517e+11	1.400000000000000000e+01	3.162277660168379721e-07
3.981071705534969482e+11	1.400000000000000000e+01	9.999999999999959313e-07
5.011872336272714844e+11	1.400000000000000000e+01	3.162277660168353780e-06
6.309573444801943359e+11	1.400000000000000000e+01	1.000000000000008891e-05
7.943282347242821045e+11	1.400000000000000000e+01	3.162277660168392405e-05
1.000000000000000000e+12	1.400000000000000000e+01	1.999999999999999825e-05
1.260000000000000000e+12	1.400000000000000000e+01	2.149999999999998050e-05
1.580000000000000000e+12	1.400000000000000000e+01	2.199999999999999265e-05
2.000000000000000000e+12	1.400000000000000000e+01	2.300000000000001696e-05
2.510000000000000000e+12	1.400000000000000000e+01	2.550000000000002352e-05
3.160000000000000000e+12	1.400000000000000000e+01	2.399999999999993285e-05
3.980000000000000000e+12	1.400000000000000000e+01	2.499999999999995715e-05
5.010000000000000000e+12	1.400000000000000000e+01	2.499999999999995715e-05
6.310000000000000000e+12	1.400000000000000000e+01	2.499999999999995715e-05
7.940000000000000000e+12	1.400000000000000000e+01	3.000000000000007869e-05
1.000000000000000000e+13	1.400000000000000000e+01	3.499999999999998338e-05
1.260000000000000000e+13	1.400000000000000000e+01	3.999999999999999650e-05
1.580000000000000000e+13	1.400000000000000000e+01	4.500000000000000961e-05
2.000000000000000000e+13	1.400000000000000000e+01	6.000000000000004895e-05
2.510000000000000000e+13	1.400000000000000000e+01	7.500000000000019672e-05
3.160000000000000000e+13	1.400000000000000000e+01	1.050000000000000586e-04
3.980000000000000000e+13	1.400000000000000000e+01	1.599999999999997691e-04
5.010000000000000000e+13	1.400000000000000000e+01	2.399999999999997621e-04
6.310000000000000000e+13	1.400000000000000000e+01	3.400000000000000244e-04
7.940000000000000000e+13	1.400000000000000000e+01	4.499999999999998793e-04
1.000000000000000000e+14	1.400000000000000000e+01	5.500000000000001416e-04
1.260000000000000000e+14	1.400000000000000000e+01	7.499999999999989314e-04
1.580000000000000000e+14	1.400000000000000000e+01	1.400000000000001937e-03
2.000000000000000000e+14	1.400000000000000000e+01	3.450000000000001676e-03
2.510000000000000000e+14	1.400000000000000000e+01	8.000000000000007105e-03
3.160000000000000000e+14	1.400000000000000000e+01	1.750000000000001554e-02
3.980000000000000000e+14	1.400000000000000000e+01	3.200000000000000067e-02
5.010000000000000000e+14	1.400000000000000000e+01	5.099999999999998979e-02
6.310000000000000000e+14	1.400000000000000000e+01	7.300000000000006484e-02
7.940000000000000000e+14	1.400000000000000000e+01	9.499999999999997335e-02
1.000000000000000000e+15	1.400000000000000000e+01	1.149999999999999911e-01
1.260000000000000000e+15	1.400000000000000000e+01	1.300000000000000044e-01
1.580000000000000000e+15	1.400000000000000000e+01	1.349999999999998979e-01
2.000000000000000000e+15	1.400000000000000000e+01	1.450000000000000178e-01
2.510000000000000000e+15	1.400000000000000000e+01	1.400000000000000133e-01
3.160000000000000000e+15	1.400000000000000000e+01	1.349999999999998979e-01
3.980000000000000000e+15	1.400000000000000000e+01	1.300000000000000044e-01
5.010000000000000000e+15	1.400000000000000000e+01	1.149999999999999911e-01
6.310000000000000000e+15	1.400000000000000000e+01	9.999999999999997780e-02
7.940000000000000000e+15	1.400000000000000000e+01	9.000000000000007994e-02
1.000000000000000000e+16	1.400000000000000000e+01	7.999999999999996003e-02
1.260000000000000000e+16	1.400000000000000000e+01	6.950000000000000622e-02
1.580000000000000000e+16	1.400000000000000000e+01	5.899999999999999689e-02
2.000000000000000000e+16	1.400000000000000000e+01	5.049999999999998934e-02
2.510000000000000000e+16	1.400000000000000000e+01	4.249999999999998224e-02
3.160000000000000000e+16	1.400000000000000000e+01	3.600000000000003197e-02
3.980000000000000000e+16	1.400000000000000000e+01	3.049999999999999933e-02
5.010000000000000000e+16	1.400000000000000000e+01	2.549999999999999489e-02
6.310000000000000000e+16	1.400000000000000000e+01	2.149999999999999134e-02
7.940000000000000000e+16	1.400000000000000000e+01	1.800000000000000211e-02
1.000000000000000000e+17	1.400000000000000000e+01	1.499999999999999944e-02
1.000000000000000000e+11	1.600000000000000000e+01	1.000000000000000269e-09
1.258925411794166107e+11	1.600000000000000000e+01	3.162277660168366287e-09
1.584893192461110840e+11	1.600000000000000000e+01	9.999999999999919146e-09
1.995262314968882751e+11	1.600000000000000000e+01	3.162277660168404337e-08
2.511886431509582214e+11	1.600000000000000000e+01	1.000000000000004455e-07
3.162277660168379517e+11	1.600000000000000000e+01	3.162277660168379721e-07
3.981071705534969482e+11	1.600000000000000000e+01	9.999999999999959313e-07
5.011872336272714844e+11	1.600000000000000000e+01	3.162277660168353780e-06
6.309573444801943359e+11	1.600000000000000000e+01	1.000000000000008891e-05
7.943282347242821045e+11	1.600000000000000000e+01	3.162277660168392405e-05
1.000000000000000000e+12	1.600000000000000000e+01	1.499999999999998513e-05
1.260000000000000000e+12	1.600000000000000000e+01	1.600000000000000944e-05
1.580000000000000000e+12	1.600000000000000000e+01	1.650000000000002159e-05
2.000000000000000000e+12	1.600000000000000000e+01	1.499999999999993092e-05
2.510000000000000000e+12	1.600000000000000000e+01	1.499999999999993092e-05
3.160000000000000000e+12	1.600000000000000000e+01	2.000000000000005246e-05
3.980000000000000000e+12	1.600000000000000000e+01	2.000000000000005246e-05
5.010000000000000000e+12	1.600000000000000000e+01	2.499999999999995715e-05
6.310000000000000000e+12	1.600000000000000000e+01	2.500000000000006557e-05
7.940000000000000000e+12	1.600000000000000000e+01	2.499999999999995715e-05
1.000000000000000000e+13	1.600000000000000000e+01	2.499999999999995715e-05
1.260000000000000000e+13	1.600000000000000000e+01	3.499999999999998338e-05
1.580000000000000000e+13	1.600000000000000000e+01	4.499999999999990119e-05
2.000000000000000000e+13	1.600000000000000000e+01	5.000000000000002272e-05
2.510000000000000000e+13	1.600000000000000000e+01	6.999999999999996676e-05
3.160000000000000000e+13	1.600000000000000000e+01	1.000000000000000454e-04
3.980000000000000000e+13	1.600000000000000000e+01	1.500000000000003934e-04
5.010000000000000000e+13	1.600000000000000000e+01	2.349999999999999659e-04
6.310000000000000000e+13	1.600000000000000000e+01	3.299999999999995645e-04
7.940000000000000000e+13	1.600000000000000000e+01	4.499999999999998793e-04
1.000000000000000000e+14	1.600000000000000000e+01	5.500000000000001416e-04
1.260000000000000000e+14	1.600000000000000000e+01	8.000000000000003636e-04
1.580000000000000000e+14	1.600000000000000000e+01	1.449999999999999900e-03
2.000000000000000000e+14	1.600000000000000000e+01	3.400000000000000244e-03
2.510000000000000000e+14	1.600000000000000000e+01	8.499999999999993672e-03
3.160000000000000000e+14	1.600000000000000000e+01	1.749999999999998779e-02
3.980000000000000000e+14	1.600000000000000000e+01	3.150000000000002798e-02
5.010000000000000000e+14	1.600000000000000000e+01	5.099999999999998979e-02
6.310000000000000000e+14	1.600000000000000000e+01	6.999999999999995115e-02
7.940000000000000000e+14	1.600000000000000000e+01	9.500000000000008438e-02
1.000000000000000000e+15	1.600000000000000000e+01	1.099999999999999867e-01
1.260000000000000000e+15	1.600000000000000000e+01	1.250000000000001110e-01
1.580000000000000000e+15	1.600000000000000000e+01	1.400000000000001243e-01
2.000000000000000000e+15	1.600000000000000000e+01	1.399999999999999023e-01
2.510000000000000000e+15	1.600000000000000000e+01	1.399999999999999023e-01
3.160000000000000000e+15	1.600000000000000000e+01	1.400000000000001243e-01
3.980000000000000000e+15	1.600000000000000000e+01	1.250000000000000000e-01
5.010000000000000000e+15	1.600000000000000000e+01	1.149999999999999911e-01
6.310000000000000000e+15	1.600000000000000000e+01	1.049999999999999822e-01
7.940000000000000000e+15	1.600000000000000000e+01	8.999999999999996891e-02
1.000000000000000000e+16	1.600000000000000000e+01	8.000000000000007105e-02
1.260000000000000000e+16	1.600000000000000000e+01	6.999999999999995115e-02
1.580000000000000000e+16	1.600000000000000000e+01	5.849999999999999645e-02
2.000000000000000000e+16	1.600000000000000000e+01	4.999999999999998890e-02
2.510000000000000000e+16	1.600000000000000000e+01	4.299999999999998268e-02
3.160000000000000000e+16	1.600000000000000000e+01	3.599999999999997646e-02
3.980000000000000000e+16	1.600000000000000000e+01	3.049999999999999933e-02
5.010000000000000000e+16	1.600000000000000000e+01	2.549999999999999489e-02
6.310000000000000000e+16	1.600000000000000000e+01	2.149999999999999134e-02
7.940000000000000000e+16	1.600000000000000000e+01	1.799999999999998823e-02
1.000000000000000000e+17	1.600000000000000000e+01	1.499999999999999944e-02
1.000000000000000000e+11	1.800000000000000000e+01	1.000000000000000269e-09
1.258925411794166107e+11	1.800000000000000000e+01	3.162277660168366287e-09
1.584893192461110840e+11	1.800000000000000000e+01	9.999999999999919146e-09
1.995262314968882751e+11	1.800000000000000000e+01	3.162277660168404337e-08
2.511886431509582214e+11	1.800000000000000000e+01	1.000000000000004455e-07
3.162277660168379517e+11	1.800000000000000000e+01	3.162277660168379721e-07
3.981071705534969482e+11	1.800000000000000000e+01	9.999999999999959313e-07
5.011872336272714844e+11	1.800000000000000000e+01	3.162277660168353780e-06
6.309573444801943359e+11	1.800000000000000000e+01	1.000000000000008891e-05
7.943282347242821045e+11	1.800000000000000000e+01	3.162277660168392405e-05
1.000000000000000000e+12	1.800000000000000000e+01	1.150000000000000848e-05
1.260000000000000000e+12	1.800000000000000000e+01	1.500000000000003934e-05
1.580000000000000000e+12	1.800000000000000000e+01	1.499999999999993092e-05
2.000000000000000000e+12	1.800000000000000000e+01	1.500000000000003934e-05
2.510000000000000000e+12	1.800000000000000000e+01	1.500000000000003934e-05
3.160000000000000000e+12	1.800000000000000000e+01	1.500000000000003934e-05
3.980000000000000000e+12	1.800000000000000000e+01	1.499999999999993092e-05
5.010000000000000000e+12	1.800000000000000000e+01	1.500000000000003934e-05
6.310000000000000000e+12	1.800000000000000000e+01	1.499999999999993092e-05
7.940000000000000000e+12	1.800000000000000000e+01	2.000000000000005246e-05
1.000000000000000000e+13	1.800000000000000000e+01	3.000000000000007869e-05
1.260000000000000000e+13	1.800000000000000000e+01	2.999999999999997027e-05
1.580000000000000000e+13	1.800000000000000000e+01	3.500000000000009180e-05
2.000000000000000000e+13	1.800000000000000000e+01	4.999999999999991430e-05
2.510000000000000000e+13	1.800000000000000000e+01	6.499999999999995365e-05
3.160000000000000000e+13	1.800000000000000000e+01	9.500000000000003234e-05
3.980000000000000000e+13	1.800000000000000000e+01	1.499999999999999598e-04
5.010000000000000000e+13	1.800000000000000000e+01	2.300000000000001696e-04
6.310000000000000000e+13	1.800000000000000000e+01	3.450000000000006881e-04
7.940000000000000000e+13	1.800000000000000000e+01	4.000000000000001818e-04
1.000000000000000000e+14	1.800000000000000000e+01	5.500000000000001416e-04
1.260000000000000000e+14	1.800000000000000000e+01	7.500000000000006661e-04
1.580000000000000000e+14	1.800000000000000000e+01	1.399999999999998468e-03
2.000000000000000000e+14	1.800000000000000000e+01	3.349999999999998812e-03
2.510000000000000000e+14	1.800000000000000000e+01	7.999999999999993228e-03
3.160000000000000000e+14	1.800000000000000000e+01	1.749999999999998779e-02
3.980000000000000000e+14	1.800000000000000000e+01	3.199999999999997291e-02
5.010000000000000000e+14	1.800000000000000000e+01	5.049999999999998934e-02
6.310000000000000000e+14	1.800000000000000000e+01	7.499999999999995559e-02
7.940000000000000000e+14	1.800000000000000000e+01	9.499999999999997335e-02
1.000000000000000000e+15	1.800000000000000000e+01	1.150000000000001021e-01
1.260000000000000000e+15	1.800000000000000000e+01	1.299999999999998934e-01
1.580000000000000000e+15	1.800000000000000000e+01	1.350000000000000089e-01
2.000000000000000000e+15	1.800000000000000000e+01	1.450000000000000178e-01
2.510000000000000000e+15	1.800000000000000000e+01	1.450000000000000178e-01
3.160000000000000000e+15	1.800000000000000000e+01	1.350000000000000089e-01
3.980000000000000000e+15	1.800000000000000000e+01	1.250000000000000000e-01
5.010000000000000000e+15	1.800000000000000000e+01	1.149999999999999911e-01
6.310000000000000000e+15	1.800000000000000000e+01	1.049999999999999822e-01
7.940000000000000000e+15	1.800000000000000000e+01	9.499999999999997335e-02
1.000000000000000000e+16	1.800000000000000000e+01	7.999999999999996003e-02
1.260000000000000000e+16	1.800000000000000000e+01	6.500000000000005773e-02
1.580000000000000000e+16	1.800000000000000000e+01	6.000000000000005329e-02
2.000000000000000000e+16	1.800000000000000000e+01	5.049999999999998934e-02
2.510000000000000000e+16	1.800000000000000000e+01	4.250000000000003775e-02
3.160000000000000000e+16	1.800000000000000000e+01	3.600000000000003197e-02
3.980000000000000000e+16	1.800000000000000000e+01	3.049999999999997158e-02
5.010000000000000000e+16	1.800000000000000000e+01	2.549999999999999489e-02
6.310000000000000000e+16	1.800000000000000000e+01	2.149999999999999134e-02
7.940000000000000000e+16	1.800000000000000000e+01	1.800000000000001599e-02
1.000000000000000000e+17	1.800000000000000000e+01	1.499999999999998557e-02
1.000000000000000000e+11	2.000000000000000000e+01	1.000000000000000269e-09
1.258925411794166107e+11	2.000000000000000000e+01	3.162277660168366287e-09
1.584893192461110840e+11	2.000000000000000000e+01	9.999999999999919146e-09
1.995262314968882751e+11	2.000000000000000000e+01	3.162277660168404337e-08
2.511886431509582214e+11	2.000000000000000000e+01	1.000000000000004455e-07
3.162277660168379517e+11	2.000000000000000000e+01	3.162277660168379721e-07
3.981071705534969482e+11	2.000000000000000000e+01	9.999999999999959313e-07
5.011872336272714844e+11	2.000000000000000000e+01	3.162277660168353780e-06
6.309573444801943359e+11	2.000000000000000000e+01	1.000000000000008891e-05
7.943282347242821045e+11	2.000000000000000000e+01	3.162277660168392405e-05
1.000000000000000000e+12	2.000000000000000000e+01	9.000000000000001922e-06
1.260000000000000000e+12	2.000000000000000000e+01	5.000000000000013115e-06
1.580000000000000000e+12	2.000000000000000000e+01	1.000000000000002623e-05
2.000000000000000000e+12	2.000000000000000000e+01	1.000000000000002623e-05
2.510000000000000000e+12	2.000000000000000000e+01	1.000000000000002623e-05
3.160000000000000000e+12	2.000000000000000000e+01	9.999999999999917809e-06
3.980000000000000000e+12	2.000000000000000000e+01	1.500000000000003934e-05
5.010000000000000000e+12	2.000000000000000000e+01	1.500000000000003934e-05
6.310000000000000000e+12	2.000000000000000000e+01	1.500000000000003934e-05
7.940000000000000000e+12	2.000000000000000000e+01	1.999999999999994404e-05
1.000000000000000000e+13	2.000000000000000000e+01	1.999999999999994404e-05
1.260000000000000000e+13	2.000000000000000000e+01	2.999999999999997027e-05
1.580000000000000000e+13	2.000000000000000000e+01	3.499999999999998338e-05
2.000000000000000000e+13	2.000000000000000000e+01	4.500000000000011803e-05
2.510000000000000000e+13	2.000000000000000000e+01	6.499999999999995365e-05
3.160000000000000000e+13	2.000000000000000000e+01	9.000000000000001922e-05
3.980000000000000000e+13	2.000000000000000000e+01	1.449999999999997298e-04
5.010000000000000000e+13	2.000000000000000000e+01	2.249999999999999396e-04
6.310000000000000000e+13	2.000000000000000000e+01	2.999999999999999195e-04
7.940000000000000000e+13	2.000000000000000000e+01	4.499999999999998793e-04
1.000000000000000000e+14	2.000000000000000000e+01	5.500000000000001416e-04
1.260000000000000000e+14	2.000000000000000000e+01	7.499999999999989314e-04
1.580000000000000000e+14	2.000000000000000000e+01	1.350000000000000505e-03
2.000000000000000000e+14	2.000000000000000000e+01	3.349999999999998812e-03
2.510000000000000000e+14	2.000000000000000000e+01	8.000000000000007105e-03
3.160000000000000000e+14	2.000000000000000000e+01	1.750000000000001554e-02
3.980000000000000000e+14	2.000000000000000000e+01	3.200000000000002842e-02
5.010000000000000000e+14	2.000000000000000000e+01	5.000000000000004441e-02
6.310000000000000000e+14	2.000000000000000000e+01	7.000000000000006217e-02
7.940000000000000000e+14	2.000000000000000000e+01	8.999999999999996891e-02
1.000000000000000000e+15	2.000000000000000000e+01	1.099999999999998757e-01
1.260000000000000000e+15	2.000000000000000000e+01	1.250000000000000000e-01
1.580000000000000000e+15	2.000000000000000000e+01	1.399999999999999023e-01
2.000000000000000000e+15	2.000000000000000000e+01	1.400000000000001243e-01
2.510000000000000000e+15	2.000000000000000000e+01	1.400000000000001243e-01
3.160000000000000000e+15	2.000000000000000000e+01	1.350000000000000089e-01
3.980000000000000000e+15	2.000000000000000000e+01	1.250000000000000000e-01
5.010000000000000000e+15	2.000000000000000000e+01	1.149999999999999911e-01
6.310000000000000000e+15	2.000000000000000000e+01	1.000000000000000888e-01
7.940000000000000000e+15	2.000000000000000000e+01	8.999999999999996891e-02
1.000000000000000000e+16	2.000000000000000000e+01	7.499999999999995559e-02
1.260000000000000000e+16	2.000000000000000000e+01	6.999999999999995115e-02
1.580000000000000000e+16	2.000000000000000000e+01	5.999999999999994227e-02
2.000000000000000000e+16	2.000000000000000000e+01	4.750000000000004219e-02
2.510000000000000000e+16	2.000000000000000000e+01	4.249999999999998224e-02
3.160000000000000000e+16	2.000000000000000000e+01	3.599999999999997646e-02
3.980000000000000000e+16	2.000000000000000000e+01	3.050000000000002709e-02
5.010000000000000000e+16	2.000000000000000000e+01	2.600000000000002309e-02
6.310000000000000000e+16	2.000000000000000000e+01	2.150000000000001910e-02
7.940000000000000000e+16	2.000000000000000000e+01	1.799999999999998823e-02
1.000000000000000000e+17	2.000000000000000000e+01	1.500000000000001332e-02
1.000000000000000000e+11	2.200000000000000000e+01	1.000000000000000269e-09
1.258925411794166107e+11	2.200000000000000000e+01	3.162277660168366287e-09
1.584893192461110840e+11	2.200000000000000000e+01	9.999999999999919146e-09
1.995262314968882751e+11	2.200000000000000000e+01	3.162277660168404337e-08
2.511886431509582214e+11	2.200000000000000000e+01	1.000000000000004455e-07
3.162277660168379517e+11	2.200000000000000000e+01	3.162277660168379721e-07
3.981071705534969482e+11	2.200000000000000000e+01	9.999999999999959313e-07
5.011872336272714844e+11	2.200000000000000000e+01	3.162277660168353780e-06
6.309573444801943359e+11	2.200000000000000000e+01	1.000000000000008891e-05
7.943282347242821045e+11	2.200000000000000000e+01	3.162277660168392405e-05
1.000000000000000000e+12	2.200000000000000000e+01	6.999999999999953308e-06
1.260000000000000000e+12	2.200000000000000000e+01	9.999999999999917809e-06
1.580000000000000000e+12	2.200000000000000000e+01	5.000000000000013115e-06
2.000000000000000000e+12	2.200000000000000000e+01	1.000000000000002623e-05
2.510000000000000000e+12	2.200000000000000000e+01	9.999999999999917809e-06
3.160000000000000000e+12	2.200000000000000000e+01	1.000000000000002623e-05
3.980000000000000000e+12	2.200000000000000000e+01	1.000000000000002623e-05
5.010000000000000000e+12	2.200000000000000000e+01	9.999999999999917809e-06
6.310000000000000000e+12	2.200000000000000000e+01	1.500000000000003934e-05
7.940000000000000000e+12	2.200000000000000000e+01	1.500000000000003934e-05
1.000000000000000000e+13	2.200000000000000000e+01	2.000000000000005246e-05
1.260000000000000000e+13	2.200000000000000000e+01	2.500000000000006557e-05
1.580000000000000000e+13	2.200000000000000000e+01	2.999999999999997027e-05
2.000000000000000000e+13	2.200000000000000000e+01	3.999999999999988808e-05
2.510000000000000000e+13	2.200000000000000000e+01	5.999999999999994053e-05
3.160000000000000000e+13	2.200000000000000000e+01	8.999999999999980238e-05
3.980000000000000000e+13	2.200000000000000000e+01	1.399999999999999335e-04
5.010000000000000000e+13	2.200000000000000000e+01	2.249999999999999396e-04
6.310000000000000000e+13	2.200000000000000000e+01	2.999999999999999195e-04
7.940000000000000000e+13	2.200000000000000000e+01	4.000000000000010492e-04
1.000000000000000000e+14	2.200000000000000000e+01	5.500000000000001416e-04
1.260000000000000000e+14	2.200000000000000000e+01	7.000000000000009687e-04
1.580000000000000000e+14	2.200000000000000000e+01	1.399999999999998468e-03
2.000000000000000000e+14	2.200000000000000000e+01	3.349999999999998812e-03
2.510000000000000000e+14	2.200000000000000000e+01	8.499999999999993672e-03
3.160000000000000000e+14	2.200000000000000000e+01	1.699999999999998734e-02
3.980000000000000000e+14	2.200000000000000000e+01	3.199999999999997291e-02
5.010000000000000000e+14	2.200000000000000000e+01	4.999999999999993339e-02
6.310000000000000000e+14	2.200000000000000000e+01	7.499999999999995559e-02
7.940000000000000000e+14	2.200000000000000000e+01	9.499999999999997335e-02
1.000000000000000000e+15	2.200000000000000000e+01	1.149999999999999911e-01
1.260000000000000000e+15	2.200000000000000000e+01	1.300000000000001155e-01
1.580000000000000000e+15	2.200000000000000000e+01	1.350000000000000089e-01
2.000000000000000000e+15	2.200000000000000000e+01	1.399999999999999023e-01
2.510000000000000000e+15	2.200000000000000000e+01	1.399999999999999023e-01
3.160000000000000000e+15	2.200000000000000000e+01	1.350000000000000089e-01
3.980000000000000000e+15	2.200000000000000000e+01	1.250000000000000000e-01
5.010000000000000000e+15	2.200000000000000000e+01	1.100000000000000977e-01
6.310000000000000000e+15	2.200000000000000000e+01	1.049999999999999822e-01
7.940000000000000000e+15	2.200000000000000000e+01	8.999999999999996891e-02
1.000000000000000000e+16	2.200000000000000000e+01	8.000000000000007105e-02
1.260000000000000000e+16	2.200000000000000000e+01	7.000000000000006217e-02
1.580000000000000000e+16	2.200000000000000000e+01	5.500000000000004885e-02
2.000000000000000000e+16	2.200000000000000000e+01	5.499999999999993783e-02
2.510000000000000000e+16	2.200000000000000000e+01	4.299999999999998268e-02
3.160000000000000000e+16	2.200000000000000000e+01	3.649999999999997691e-02
3.980000000000000000e+16	2.200000000000000000e+01	2.999999999999997113e-02
5.010000000000000000e+16	2.200000000000000000e+01	2.549999999999996714e-02
6.310000000000000000e+16	2.200000000000000000e+01	2.149999999999999134e-02
7.940000000000000000e+16	2.200000000000000000e+01	1.799999999999998823e-02
1.000000000000000000e+17	2.200000000000000000e+01	1.449999999999998512e-02
1.000000000000000000e+11	2.400000000000000000e+01	1.000000000000000269e-09
1.258925411794166107e+11	2.400000000000000000e+01	3.162277660168366287e-09
1.584893192461110840e+11	2.400000000000000000e+01	9.999999999999919146e-09
1.995262314968882751e+11	2.400000000000000000e+01	3.162277660168404337e-08
2.511886431509582214e+11	2.400000000000000000e+01	1.000000000000004455e-07
3.162277660168379517e+11	2.400000000000000000e+01	3.162277660168379721e-07
3.981071705534969482e+11	2.400000000000000000e+01	9.999999999999959313e-07
5.011872336272714844e+11	2.400000000000000000e+01	3.162277660168353780e-06
6.309573444801943359e+11	2.400000000000000000e+01	1.000000000000008891e-05
7.943282347242821045e+11	2.400000000000000000e+01	3.162277660168392405e-05
1.000000000000000000e+12	2.400000000000000000e+01	6.000000000000037421e-06
1.260000000000000000e+12	2.400000000000000000e+01	5.000000000000013115e-06
1.580000000000000000e+12	2.400000000000000000e+01	1.000000000000002623e-05
2.000000000000000000e+12	2.400000000000000000e+01	9.999999999999917809e-06
2.510000000000000000e+12	2.400000000000000000e+01	1.000000000000002623e-05
3.160000000000000000e+12	2.400000000000000000e+01	1.000000000000002623e-05
3.980000000000000000e+12	2.400000000000000000e+01	9.999999999999917809e-06
5.010000000000000000e+12	2.400000000000000000e+01	1.000000000000002623e-05
6.310000000000000000e+12	2.400000000000000000e+01	1.499999999999993092e-05
7.940000000000000000e+12	2.400000000000000000e+01	1.499999999999993092e-05
1.000000000000000000e+13	2.400000000000000000e+01	1.999999999999994404e-05
1.260000000000000000e+13	2.400000000000000000e+01	2.499999999999995715e-05
1.580000000000000000e+13	2.400000000000000000e+01	3.000000000000007869e-05
2.000000000000000000e+13	2.400000000000000000e+01	4.000000000000010492e-05
2.510000000000000000e+13	2.400000000000000000e+01	5.500000000000014426e-05
3.160000000000000000e+13	2.400000000000000000e+01	8.500000000000000611e-05
3.980000000000000000e+13	2.400000000000000000e+01	1.400000000000003672e-04
5.010000000000000000e+13	2.400000000000000000e+01	2.250000000000003733e-04
6.310000000000000000e+13	2.400000000000000000e+01	3.499999999999996170e-04
7.940000000000000000e+13	2.400000000000000000e+01	4.499999999999990119e-04
1.000000000000000000e+14	2.400000000000000000e+01	5.000000000000004441e-04
1.260000000000000000e+14	2.400000000000000000e+01	7.499999999999989314e-04
1.580000000000000000e+14	2.400000000000000000e+01	1.350000000000000505e-03
2.000000000000000000e+14	2.400000000000000000e+01	3.350000000000005751e-03
2.510000000000000000e+14	2.400000000000000000e+01	8.000000000000007105e-03
3.160000000000000000e+14	2.400000000000000000e+01	1.750000000000001554e-02
3.980000000000000000e+14	2.400000000000000000e+01	3.150000000000002798e-02
5.010000000000000000e+14	2.400000000000000000e+01	5.000000000000004441e-02
6.310000000000000000e+14	2.400000000000000000e+01	7.000000000000006217e-02
7.940000000000000000e+14	2.400000000000000000e+01	9.499999999999997335e-02
1.000000000000000000e+15	2.400000000000000000e+01	1.149999999999999911e-01
1.260000000000000000e+15	2.400000000000000000e+01	1.299999999999998934e-01
1.580000000000000000e+15	2.400000000000000000e+01	1.400000000000001243e-01
2.000000000000000000e+15	2.400000000000000000e+01	1.450000000000000178e-01
2.510000000000000000e+15	2.400000000000000000e+01	1.399999999999999023e-01
3.160000000000000000e+15	2.400000000000000000e+01	1.350000000000000089e-01
3.980000000000000000e+15	2.400000000000000000e+01	1.300000000000001155e-01
5.010000000000000000e+15	2.400000000000000000e+01	1.149999999999999911e-01
6.310000000000000000e+15	2.400000000000000000e+01	9.999999999999986677e-02
7.940000000000000000e+15	2.400000000000000000e+01	9.000000000000007994e-02
1.000000000000000000e+16	2.400000000000000000e+01	7.999999999999996003e-02
1.260000000000000000e+16	2.400000000000000000e+01	6.499999999999994671e-02
1.580000000000000000e+16	2.400000000000000000e+01	5.999999999999994227e-02
2.000000000000000000e+16	2.400000000000000000e+01	5.000000000000004441e-02
2.510000000000000000e+16	2.400000000000000000e+01	4.400000000000003908e-02
3.160000000000000000e+16	2.400000000000000000e+01	3.600000000000003197e-02
3.980000000000000000e+16	2.400000000000000000e+01	3.050000000000002709e-02
5.010000000000000000e+16	2.400000000000000000e+01	2.550000000000002265e-02
6.310000000000000000e+16	2.400000000000000000e+01	2.100000000000001865e-02
7.940000000000000000e+16	2.400000000000000000e+01	1.800000000000001599e-02
1.000000000000000000e+17	2.400000000000000000e+01	1.500000000000001332e-02
1.000000000000000000e+11	2.600000000000000000e+01	1.000000000000000269e-09
1.258925411794166107e+11	2.600000000000000000e+01	3.162277660168366287e-09
1.584893192461110840e+11	2.600000000000000000e+01	9.999999999999919146e-09
1.995262314968882751e+11	2.600000000000000000e+01	3.162277660168404337e-08
2.511886431509582214e+11	2.600000000000000000e+01	1.000000000000004455e-07
3.162277660168379517e+11	2.600000000000000000e+01	3.162277660168379721e-07
3.981071705534969482e+11	2.600000000000000000e+01	9.999999999999959313e-07
5.011872336272714844e+11	2.600000000000000000e+01	3.162277660168353780e-06
6.309573444801943359e+11	2.600000000000000000e+01	1.000000000000008891e-05
7.943282347242821045e+11	2.600000000000000000e+01	3.162277660168392405e-05
1.000000000000000000e+12	2.600000000000000000e+01	5.000000000000013115e-06
1.260000000000000000e+12	2.600000000000000000e+01	5.000000000000013115e-06
1.580000000000000000e+12	2.600000000000000000e+01	5.000000000000013115e-06
2.000000000000000000e+12	2.600000000000000000e+01	5.000000000000013115e-06
2.510000000000000000e+12	2.600000000000000000e+01	5.000000000000013115e-06
3.160000000000000000e+12	2.600000000000000000e+01	5.000000000000013115e-06
3.980000000000000000e+12	2.600000000000000000e+01	5.000000000000013115e-06
5.010000000000000000e+12	2.600000000000000000e+01	1.000000000000002623e-05
6.310000000000000000e+12	2.600000000000000000e+01	1.000000000000002623e-05
7.940000000000000000e+12	2.600000000000000000e+01	1.000000000000002623e-05
1.000000000000000000e+13	2.600000000000000000e+01	1.500000000000003934e-05
1.260000000000000000e+13	2.600000000000000000e+01	2.000000000000005246e-05
1.580000000000000000e+13	2.600000000000000000e+01	2.999999999999986185e-05
2.000000000000000000e+13	2.600000000000000000e+01	3.499999999999987496e-05
2.510000000000000000e+13	2.600000000000000000e+01	5.499999999999992742e-05
3.160000000000000000e+13	2.600000000000000000e+01	8.500000000000000611e-05
3.980000000000000000e+13	2.600000000000000000e+01	1.399999999999999335e-04
5.010000000000000000e+13	2.600000000000000000e+01	2.199999999999997097e-04
6.310000000000000000e+13	2.600000000000000000e+01	2.999999999999999195e-04
7.940000000000000000e+13	2.600000000000000000e+01	4.000000000000010492e-04
1.000000000000000000e+14	2.600000000000000000e+01	5.499999999999984068e-04
1.260000000000000000e+14	2.600000000000000000e+01	7.500000000000006661e-04
1.580000000000000000e+14	2.600000000000000000e+01	1.400000000000001937e-03
2.000000000000000000e+14	2.600000000000000000e+01	3.249999999999995948e-03
2.510000000000000000e+14	2.600000000000000000e+01	7.999999999999993228e-03
3.160000000000000000e+14	2.600000000000000000e+01	1.749999999999998779e-02
3.980000000000000000e+14	2.600000000000000000e+01	3.199999999999997291e-02
5.010000000000000000e+14	2.600000000000000000e+01	5.499999999999993783e-02
6.310000000000000000e+14	2.600000000000000000e+01	7.499999999999995559e-02
7.940000000000000000e+14	2.600000000000000000e+01	9.499999999999997335e-02
1.000000000000000000e+15	2.600000000000000000e+01	1.100000000000000977e-01
1.260000000000000000e+15	2.600000000000000000e+01	1.250000000000000000e-01
1.580000000000000000e+15	2.600000000000000000e+01	1.350000000000000089e-01
2.000000000000000000e+15	2.600000000000000000e+01	1.399999999999999023e-01
2.510000000000000000e+15	2.600000000000000000e+01	1.450000000000000178e-01
3.160000000000000000e+15	2.600000000000000000e+01	1.350000000000000089e-01
3.980000000000000000e+15	2.600000000000000000e+01	1.250000000000000000e-01
5.010000000000000000e+15	2.600000000000000000e+01	1.149999999999999911e-01
6.310000000000000000e+15	2.600000000000000000e+01	1.049999999999999822e-01
7.940000000000000000e+15	2.600000000000000000e+01	9.000000000000007994e-02
1.000000000000000000e+16	2.600000000000000000e+01	8.000000000000007105e-02
1.260000000000000000e+16	2.600000000000000000e+01	7.000000000000006217e-02
1.580000000000000000e+16	2.600000000000000000e+01	6.000000000000005329e-02
2.000000000000000000e+16	2.600000000000000000e+01	5.000000000000004441e-02
2.510000000000000000e+16	2.600000000000000000e+01	3.999999999999992450e-02
3.160000000000000000e+16	2.600000000000000000e+01	3.599999999999997646e-02
3.980000000000000000e+16	2.600000000000000000e+01	3.049999999999997158e-02
5.010000000000000000e+16	2.600000000000000000e+01	2.549999999999996714e-02
6.310000000000000000e+16	2.600000000000000000e+01	2.149999999999996358e-02
7.940000000000000000e+16	2.600000000000000000e+01	1.749999999999998779e-02
1.000000000000000000e+17	2.600000000000000000e+01	1.500000000000001332e-02
1.000000000000000000e+11	2.800000000000000000e+01	1.000000000000000269e-09
1.258925411794166107e+11	2.800000000000000000e+01	3.162277660168366287e-09
1.584893192461110840e+11	2.800000000000000000e+01	9.999999999999919146e-09
1.995262314968882751e+11	2.800000000000000000e+01	3.162277660168404337e-08
2.511886431509582214e+11	2.800000000000000000e+01	1.000000000000004455e-07
3.162277660168379517e+11	2.800000000000000000e+01	3.162277660168379721e-07
3.981071705534969482e+11	2.800000000000000000e+01	9.999999999999959313e-07
5.011872336272714844e+11	2.800000000000000000e+01	3.162277660168353780e-06
6.309573444801943359e+11	2.800000000000000000e+01	1.000000000000008891e-05
7.943282347242821045e+11	2.800000000000000000e+01	3.162277660168392405e-05
1.000000000000000000e+12	2.800000000000000000e+01	5.000000000000013115e-06
1.260000000000000000e+12	2.800000000000000000e+01	5.000000000000013115e-06
1.580000000000000000e+12	2.800000000000000000e+01	4.999999999999904694e-06
2.000000000000000000e+12	2.800000000000000000e+01	5.000000000000013115e-06
2.510000000000000000e+12	2.800000000000000000e+01	5.000000000000013115e-06
3.160000000000000000e+12	2.800000000000000000e+01	9.999999999999917809e-06
3.980000000000000000e+12	2.800000000000000000e+01	1.000000000000002623e-05
5.010000000000000000e+12	2.800000000000000000e+01	1.000000000000002623e-05
6.310000000000000000e+12	2.800000000000000000e+01	1.000000000000002623e-05
7.940000000000000000e+12	2.800000000000000000e+01	1.500000000000003934e-05
1.000000000000000000e+13	2.800000000000000000e+01	1.500000000000003934e-05
1.260000000000000000e+13	2.800000000000000000e+01	1.999999999999994404e-05
1.580000000000000000e+13	2.800000000000000000e+01	2.500000000000006557e-05
2.000000000000000000e+13	2.800000000000000000e+01	3.500000000000009180e-05
2.510000000000000000e+13	2.800000000000000000e+01	5.499999999999992742e-05
3.160000000000000000e+13	2.800000000000000000e+01	8.500000000000000611e-05
3.980000000000000000e+13	2.800000000000000000e+01	1.349999999999997036e-04
5.010000000000000000e+13	2.800000000000000000e+01	2.199999999999997097e-04
6.310000000000000000e+13	2.800000000000000000e+01	3.500000000000004843e-04
7.940000000000000000e+13	2.800000000000000000e+01	3.999999999999993144e-04
1.000000000000000000e+14	2.800000000000000000e+01	5.500000000000001416e-04
1.260000000000000000e+14	2.800000000000000000e+01	6.999999999999992339e-04
1.580000000000000000e+14	2.800000000000000000e+01	1.350000000000000505e-03
2.000000000000000000e+14	2.800000000000000000e+01	3.500000000000003109e-03
2.510000000000000000e+14	2.800000000000000000e+01	8.500000000000007550e-03
3.160000000000000000e+14	2.800000000000000000e+01	1.750000000000001554e-02
3.980000000000000000e+14	2.800000000000000000e+01	3.149999999999997247e-02
5.010000000000000000e+14	2.800000000000000000e+01	5.000000000000004441e-02
6.310000000000000000e+14	2.800000000000000000e+01	6.999999999999995115e-02
7.940000000000000000e+14	2.800000000000000000e+01	9.000000000000007994e-02
1.000000000000000000e+15	2.800000000000000000e+01	1.149999999999999911e-01
1.260000000000000000e+15	2.800000000000000000e+01	1.300000000000001155e-01
1.580000000000000000e+15	2.800000000000000000e+01	1.399999999999999023e-01
2.000000000000000000e+15	2.800000000000000000e+01	1.450000000000000178e-01
2.510000000000000000e+15	2.800000000000000000e+01	1.399999999999999023e-01
3.160000000000000000e+15	2.800000000000000000e+01	1.350000000000000089e-01
3.980000000000000000e+15	2.800000000000000000e+01	1.250000000000000000e-01
5.010000000000000000e+15	2.800000000000000000e+01	1.149999999999999911e-01
6.310000000000000000e+15	2.800000000000000000e+01	1.000000000000000888e-01
7.940000000000000000e+15	2.800000000000000000e+01	8.999999999999985789e-02
1.000000000000000000e+16	2.800000000000000000e+01	7.999999999999984901e-02
1.260000000000000000e+16	2.800000000000000000e+01	6.999999999999995115e-02
1.580000000000000000e+16	2.800000000000000000e+01	5.999999999999994227e-02
2.000000000000000000e+16	2.800000000000000000e+01	4.999999999999993339e-02
2.510000000000000000e+16	2.800000000000000000e+01	4.500000000000003997e-02
3.160000000000000000e+16	2.800000000000000000e+01	3.750000000000003331e-02
3.980000000000000000e+16	2.800000000000000000e+01	3.050000000000002709e-02
5.010000000000000000e+16	2.800000000000000000e+01	2.550000000000002265e-02
6.310000000000000000e+16	2.800000000000000000e+01	2.150000000000001910e-02
7.940000000000000000e+16	2.800000000000000000e+01	1.800000000000001599e-02
1.000000000000000000e+17	2.800000000000000000e+01	1.499999999999998557e-02
