1.000000000000000000e+11	5.000000000000000000e-01	1.000000000000000269e-09
1.258925411794166107e+11	5.000000000000000000e-01	3.162277660168366287e-09
1.584893192461110840e+11	5.000000000000000000e-01	9.999999999999919146e-09
1.995262314968882751e+11	5.000000000000000000e-01	3.162277660168404337e-08
2.511886431509582214e+11	5.000000000000000000e-01	1.000000000000004455e-07
3.162277660168379517e+11	5.000000000000000000e-01	3.162277660168379721e-07
3.981071705534969482e+11	5.000000000000000000e-01	9.999999999999959313e-07
5.011872336272714844e+11	5.000000000000000000e-01	3.162277660168353780e-06
6.309573444801943359e+11	5.000000000000000000e-01	1.000000000000008891e-05
7.943282347242821045e+11	5.000000000000000000e-01	3.162277660168392405e-05
1.000000000000000000e+12	5.000000000000000000e-01	1.530000000000000056e-04
1.260000000000000000e+12	5.000000000000000000e-01	1.630000000000000047e-04
1.580000000000000000e+12	5.000000000000000000e-01	1.689999999999999879e-04
2.000000000000000000e+12	5.000000000000000000e-01	1.759999999999999954e-04
2.510000000000000000e+12	5.000000000000000000e-01	1.830000000000000029e-04
3.160000000000000000e+12	5.000000000000000000e-01	1.930000000000000021e-04
3.980000000000000000e+12	5.000000000000000000e-01	2.030000000000000012e-04
5.010000000000000000e+12	5.000000000000000000e-01	2.169999999999999891e-04
6.310000000000000000e+12	5.000000000000000000e-01	2.329999999999999986e-04
7.940000000000000000e+12	5.000000000000000000e-01	2.550000000000000183e-04
1.000000000000000000e+13	5.000000000000000000e-01	2.999999999999999737e-04
1.260000000000000000e+13	5.000000000000000000e-01	3.930000000000000117e-04
1.580000000000000000e+13	5.000000000000000000e-01	5.429999999999999714e-04
2.000000000000000000e+13	5.000000000000000000e-01	8.000000000000000383e-04
2.510000000000000000e+13	5.000000000000000000e-01	1.270000000000000078e-03
3.160000000000000000e+13	5.000000000000000000e-01	2.079999999999999818e-03
3.980000000000000000e+13	5.000000000000000000e-01	3.299999999999999982e-03
5.010000000000000000e+13	5.000000000000000000e-01	4.810000000000000039e-03
6.310000000000000000e+13	5.000000000000000000e-01	6.389999999999999847e-03
7.940000000000000000e+13	5.000000000000000000e-01	7.799999999999999642e-03
1.000000000000000000e+14	5.000000000000000000e-01	8.869999999999999413e-03
1.260000000000000000e+14	5.000000000000000000e-01	9.610000000000000486e-03
1.580000000000000000e+14	5.000000000000000000e-01	1.039999999999999952e-02
2.000000000000000000e+14	5.000000000000000000e-01	1.209999999999999964e-02
2.510000000000000000e+14	5.000000000000000000e-01	1.650000000000000078e-02
3.160000000000000000e+14	5.000000000000000000e-01	2.510000000000000078e-02
3.980000000000000000e+14	5.000000000000000000e-01	3.880000000000000115e-02
5.010000000000000000e+14	5.000000000000000000e-01	5.700000000000000205e-02
6.310000000000000000e+14	5.000000000000000000e-01	7.779999999999999416e-02
7.940000000000000000e+14	5.000000000000000000e-01	9.859999999999999321e-02
1.000000000000000000e+15	5.000000000000000000e-01	1.170000000000000068e-01
1.260000000000000000e+15	5.000000000000000000e-01	1.310000000000000053e-01
1.580000000000000000e+15	5.000000000000000000e-01	1.409999999999999865e-01
2.000000000000000000e+15	5.000000000000000000e-01	1.449999999999999900e-01
2.510000000000000000e+15	5.000000000000000000e-01	1.429999999999999882e-01
3.160000000000000000e+15	5.000000000000000000e-01	1.370000000000000107e-01
3.980000000000000000e+15	5.000000000000000000e-01	1.280000000000000027e-01
5.010000000000000000e+15	5.000000000000000000e-01	1.160000000000000059e-01
6.310000000000000000e+15	5.000000000000000000e-01	1.039999999999999952e-01
7.940000000000000000e+15	5.000000000000000000e-01	9.160000000000000087e-02
1.000000000000000000e+16	5.000000000000000000e-01	7.989999999999999880e-02
1.260000000000000000e+16	5.000000000000000000e-01	6.909999999999999476e-02
1.580000000000000000e+16	5.000000000000000000e-01	5.929999999999999855e-02
2.000000000000000000e+16	5.000000000000000000e-01	5.059999999999999915e-02
2.510000000000000000e+16	5.000000000000000000e-01	4.299999999999999656e-02
3.160000000000000000e+16	5.000000000000000000e-01	3.640000000000000180e-02
3.980000000000000000e+16	5.000000000000000000e-01	3.070000000000000159e-02
5.010000000000000000e+16	5.000000000000000000e-01	2.580000000000000002e-02
6.310000000000000000e+16	5.000000000000000000e-01	2.160000000000000114e-02
7.940000000000000000e+16	5.000000000000000000e-01	1.810000000000000150e-02
1.000000000000000000e+17	5.000000000000000000e-01	1.510000000000000057e-02
1.000000000000000000e+11	1.500000000000000000e+00	1.000000000000000269e-09
1.258925411794166107e+11	1.500000000000000000e+00	3.162277660168366287e-09
1.584893192461110840e+11	1.500000000000000000e+00	9.999999999999919146e-09
1.995262314968882751e+11	1.500000000000000000e+00	3.162277660168404337e-08
2.511886431509582214e+11	1.500000000000000000e+00	1.000000000000004455e-07
3.162277660168379517e+11	1.500000000000000000e+00	3.162277660168379721e-07
3.981071705534969482e+11	1.500000000000000000e+00	9.999999999999959313e-07
5.011872336272714844e+11	1.500000000000000000e+00	3.162277660168353780e-06
6.309573444801943359e+11	1.500000000000000000e+00	1.000000000000008891e-05
7.943282347242821045e+11	1.500000000000000000e+00	3.162277660168392405e-05
1.000000000000000000e+12	1.500000000000000000e+00	1.679999999999999907e-04
1.260000000000000000e+12	1.500000000000000000e+00	1.779999999999999898e-04
1.580000000000000000e+12	1.500000000000000000e+00	1.840000000000000272e-04
2.000000000000000000e+12	1.500000000000000000e+00	1.909999999999999806e-04
2.510000000000000000e+12	1.500000000000000000e+00	1.979999999999999881e-04
3.160000000000000000e+12	1.500000000000000000e+00	2.059999999999999928e-04
3.980000000000000000e+12	1.500000000000000000e+00	2.159999999999999919e-04
5.010000000000000000e+12	1.500000000000000000e+00	2.279999999999999854e-04
6.310000000000000000e+12	1.500000000000000000e+00	2.430000000000000248e-04
7.940000000000000000e+12	1.500000000000000000e+00	2.629999999999999959e-04
1.000000000000000000e+13	1.500000000000000000e+00	3.070000000000000354e-04
1.260000000000000000e+13	1.500000000000000000e+00	3.989999999999999407e-04
1.580000000000000000e+13	1.500000000000000000e+00	5.470000000000000686e-04
2.000000000000000000e+13	1.500000000000000000e+00	8.100000000000000646e-04
2.510000000000000000e+13	1.500000000000000000e+00	1.299999999999999723e-03
3.160000000000000000e+13	1.500000000000000000e+00	2.150000000000000435e-03
3.980000000000000000e+13	1.500000000000000000e+00	3.400000000000000244e-03
5.010000000000000000e+13	1.500000000000000000e+00	4.989999999999999644e-03
6.310000000000000000e+13	1.500000000000000000e+00	6.609999999999999556e-03
7.940000000000000000e+13	1.500000000000000000e+00	8.100000000000001296e-03
1.000000000000000000e+14	1.500000000000000000e+00	9.230000000000002092e-03
1.260000000000000000e+14	1.500000000000000000e+00	9.989999999999998881e-03
1.580000000000000000e+14	1.500000000000000000e+00	1.070000000000000118e-02
2.000000000000000000e+14	1.500000000000000000e+00	1.250000000000000069e-02
2.510000000000000000e+14	1.500000000000000000e+00	1.680000000000000243e-02
3.160000000000000000e+14	1.500000000000000000e+00	2.540000000000000244e-02
3.980000000000000000e+14	1.500000000000000000e+00	3.899999999999999301e-02
5.010000000000000000e+14	1.500000000000000000e+00	5.700000000000000205e-02
6.310000000000000000e+14	1.500000000000000000e+00	7.820000000000000562e-02
7.940000000000000000e+14	1.500000000000000000e+00	9.840000000000001523e-02
1.000000000000000000e+15	1.500000000000000000e+00	1.170000000000000068e-01
1.260000000000000000e+15	1.500000000000000000e+00	1.320000000000000062e-01
1.580000000000000000e+15	1.500000000000000000e+00	1.400000000000000411e-01
2.000000000000000000e+15	1.500000000000000000e+00	1.439999999999999891e-01
2.510000000000000000e+15	1.500000000000000000e+00	1.439999999999999891e-01
3.160000000000000000e+15	1.500000000000000000e+00	1.370000000000000107e-01
3.980000000000000000e+15	1.500000000000000000e+00	1.270000000000000018e-01
5.010000000000000000e+15	1.500000000000000000e+00	1.160000000000000059e-01
6.310000000000000000e+15	1.500000000000000000e+00	1.039999999999999952e-01
7.940000000000000000e+15	1.500000000000000000e+00	9.139999999999999514e-02
1.000000000000000000e+16	1.500000000000000000e+00	8.010000000000000453e-02
1.260000000000000000e+16	1.500000000000000000e+00	6.890000000000001679e-02
1.580000000000000000e+16	1.500000000000000000e+00	5.969999999999999613e-02
2.000000000000000000e+16	1.500000000000000000e+00	5.040000000000000729e-02
2.510000000000000000e+16	1.500000000000000000e+00	4.299999999999999656e-02
3.160000000000000000e+16	1.500000000000000000e+00	3.640000000000000180e-02
3.980000000000000000e+16	1.500000000000000000e+00	3.059999999999999873e-02
5.010000000000000000e+16	1.500000000000000000e+00	2.580000000000000002e-02
6.310000000000000000e+16	1.500000000000000000e+00	2.160000000000000114e-02
7.940000000000000000e+16	1.500000000000000000e+00	1.799999999999999864e-02
1.000000000000000000e+17	1.500000000000000000e+00	1.499999999999999771e-02
1.000000000000000000e+11	2.500000000000000000e+00	1.000000000000000269e-09
1.258925411794166107e+11	2.500000000000000000e+00	3.162277660168366287e-09
1.584893192461110840e+11	2.500000000000000000e+00	9.999999999999919146e-09
1.995262314968882751e+11	2.500000000000000000e+00	3.162277660168404337e-08
2.511886431509582214e+11	2.500000000000000000e+00	1.000000000000004455e-07
3.162277660168379517e+11	2.500000000000000000e+00	3.162277660168379721e-07
3.981071705534969482e+11	2.500000000000000000e+00	9.999999999999959313e-07
5.011872336272714844e+11	2.500000000000000000e+00	3.162277660168353780e-06
6.309573444801943359e+11	2.500000000000000000e+00	1.000000000000008891e-05
7.943282347242821045e+11	2.500000000000000000e+00	3.162277660168392405e-05
1.000000000000000000e+12	2.500000000000000000e+00	1.740000000000000010e-04
1.260000000000000000e+12	2.500000000000000000e+00	1.839999999999999730e-04
1.580000000000000000e+12	2.500000000000000000e+00	1.899999999999999563e-04
2.000000000000000000e+12	2.500000000000000000e+00	1.960000000000000479e-04
2.510000000000000000e+12	2.500000000000000000e+00	2.030000000000000012e-04
3.160000000000000000e+12	2.500000000000000000e+00	2.099999999999999545e-04
3.980000000000000000e+12	2.500000000000000000e+00	2.190000000000000106e-04
5.010000000000000000e+12	2.500000000000000000e+00	2.290000000000000369e-04
6.310000000000000000e+12	2.500000000000000000e+00	2.419999999999999734e-04
7.940000000000000000e+12	2.500000000000000000e+00	2.619999999999999716e-04
1.000000000000000000e+13	2.500000000000000000e+00	3.019999999999999681e-04
1.260000000000000000e+13	2.500000000000000000e+00	3.880000000000001070e-04
1.580000000000000000e+13	2.500000000000000000e+00	5.399999999999998985e-04
2.000000000000000000e+13	2.500000000000000000e+00	8.099999999999997393e-04
2.510000000000000000e+13	2.500000000000000000e+00	1.290000000000000348e-03
3.160000000000000000e+13	2.500000000000000000e+00	2.129999999999999949e-03
3.980000000000000000e+13	2.500000000000000000e+00	3.399999999999999377e-03
5.010000000000000000e+13	2.500000000000000000e+00	5.000000000000000971e-03
6.310000000000000000e+13	2.500000000000000000e+00	6.699999999999999359e-03
7.940000000000000000e+13	2.500000000000000000e+00	8.199999999999998956e-03
1.000000000000000000e+14	2.500000000000000000e+00	9.299999999999999239e-03
1.260000000000000000e+14	2.500000000000000000e+00	1.000000000000000194e-02
1.580000000000000000e+14	2.500000000000000000e+00	1.079999999999999710e-02
2.000000000000000000e+14	2.500000000000000000e+00	1.250000000000000069e-02
2.510000000000000000e+14	2.500000000000000000e+00	1.679999999999999549e-02
3.160000000000000000e+14	2.500000000000000000e+00	2.530000000000000304e-02
3.980000000000000000e+14	2.500000000000000000e+00	3.920000000000001261e-02
5.010000000000000000e+14	2.500000000000000000e+00	5.700000000000000899e-02
6.310000000000000000e+14	2.500000000000000000e+00	7.800000000000001377e-02
7.940000000000000000e+14	2.500000000000000000e+00	9.899999999999997691e-02
1.000000000000000000e+15	2.500000000000000000e+00	1.169999999999999651e-01
1.260000000000000000e+15	2.500000000000000000e+00	1.310000000000000053e-01
1.580000000000000000e+15	2.500000000000000000e+00	1.409999999999999587e-01
2.000000000000000000e+15	2.500000000000000000e+00	1.450000000000000178e-01
2.510000000000000000e+15	2.500000000000000000e+00	1.430000000000000160e-01
3.160000000000000000e+15	2.500000000000000000e+00	1.369999999999999551e-01
3.980000000000000000e+15	2.500000000000000000e+00	1.280000000000000027e-01
5.010000000000000000e+15	2.500000000000000000e+00	1.159999999999999643e-01
6.310000000000000000e+15	2.500000000000000000e+00	1.040000000000000091e-01
7.940000000000000000e+15	2.500000000000000000e+00	9.200000000000002620e-02
1.000000000000000000e+16	2.500000000000000000e+00	7.999999999999998779e-02
1.260000000000000000e+16	2.500000000000000000e+00	6.899999999999997802e-02
1.580000000000000000e+16	2.500000000000000000e+00	5.899999999999999689e-02
2.000000000000000000e+16	2.500000000000000000e+00	5.099999999999998979e-02
2.510000000000000000e+16	2.500000000000000000e+00	4.300000000000001044e-02
3.160000000000000000e+16	2.500000000000000000e+00	3.619999999999999607e-02
3.980000000000000000e+16	2.500000000000000000e+00	3.069999999999999812e-02
5.010000000000000000e+16	2.500000000000000000e+00	2.569999999999999368e-02
6.310000000000000000e+16	2.500000000000000000e+00	2.159999999999999420e-02
7.940000000000000000e+16	2.500000000000000000e+00	1.809999999999999803e-02
1.000000000000000000e+17	2.500000000000000000e+00	1.509999999999999884e-02
1.000000000000000000e+11	3.500000000000000000e+00	1.000000000000000269e-09
1.258925411794166107e+11	3.500000000000000000e+00	3.162277660168366287e-09
1.584893192461110840e+11	3.500000000000000000e+00	9.999999999999919146e-09
1.995262314968882751e+11	3.500000000000000000e+00	3.162277660168404337e-08
2.511886431509582214e+11	3.500000000000000000e+00	1.000000000000004455e-07
3.162277660168379517e+11	3.500000000000000000e+00	3.162277660168379721e-07
3.981071705534969482e+11	3.500000000000000000e+00	9.999999999999959313e-07
5.011872336272714844e+11	3.500000000000000000e+00	3.162277660168353780e-06
6.309573444801943359e+11	3.500000000000000000e+00	1.000000000000008891e-05
7.943282347242821045e+11	3.500000000000000000e+00	3.162277660168392405e-05
1.000000000000000000e+12	3.500000000000000000e+00	1.689999999999999879e-04
1.260000000000000000e+12	3.500000000000000000e+00	1.790000000000000141e-04
1.580000000000000000e+12	3.500000000000000000e+00	1.850000000000000516e-04
2.000000000000000000e+12	3.500000000000000000e+00	1.909999999999999806e-04
2.510000000000000000e+12	3.500000000000000000e+00	1.970000000000000180e-04
3.160000000000000000e+12	3.500000000000000000e+00	2.030000000000000554e-04
3.980000000000000000e+12	3.500000000000000000e+00	2.110000000000000330e-04
5.010000000000000000e+12	3.500000000000000000e+00	2.200000000000000349e-04
6.310000000000000000e+12	3.500000000000000000e+00	2.320000000000000014e-04
7.940000000000000000e+12	3.500000000000000000e+00	2.500000000000001136e-04
1.000000000000000000e+13	3.500000000000000000e+00	2.909999999999999176e-04
1.260000000000000000e+13	3.500000000000000000e+00	3.799999999999999125e-04
1.580000000000000000e+13	3.500000000000000000e+00	5.200000000000000629e-04
2.000000000000000000e+13	3.500000000000000000e+00	7.800000000000003111e-04
2.510000000000000000e+13	3.500000000000000000e+00	1.269999999999999862e-03
3.160000000000000000e+13	3.500000000000000000e+00	2.129999999999999082e-03
3.980000000000000000e+13	3.500000000000000000e+00	3.400000000000000244e-03
5.010000000000000000e+13	3.500000000000000000e+00	5.000000000000000971e-03
6.310000000000000000e+13	3.500000000000000000e+00	6.700000000000001094e-03
7.940000000000000000e+13	3.500000000000000000e+00	8.200000000000002426e-03
1.000000000000000000e+14	3.500000000000000000e+00	9.300000000000002709e-03
1.260000000000000000e+14	3.500000000000000000e+00	1.000000000000000194e-02
1.580000000000000000e+14	3.500000000000000000e+00	1.070000000000000118e-02
2.000000000000000000e+14	3.500000000000000000e+00	1.229999999999999843e-02
2.510000000000000000e+14	3.500000000000000000e+00	1.659999999999999670e-02
3.160000000000000000e+14	3.500000000000000000e+00	2.520000000000000018e-02
3.980000000000000000e+14	3.500000000000000000e+00	3.899999999999999301e-02
5.010000000000000000e+14	3.500000000000000000e+00	5.699999999999999512e-02
6.310000000000000000e+14	3.500000000000000000e+00	7.699999999999998512e-02
7.940000000000000000e+14	3.500000000000000000e+00	9.900000000000003242e-02
1.000000000000000000e+15	3.500000000000000000e+00	1.170000000000000484e-01
1.260000000000000000e+15	3.500000000000000000e+00	1.310000000000000053e-01
1.580000000000000000e+15	3.500000000000000000e+00	1.400000000000000688e-01
2.000000000000000000e+15	3.500000000000000000e+00	1.439999999999999614e-01
2.510000000000000000e+15	3.500000000000000000e+00	1.429999999999999605e-01
3.160000000000000000e+15	3.500000000000000000e+00	1.380000000000000671e-01
3.980000000000000000e+15	3.500000000000000000e+00	1.270000000000000018e-01
5.010000000000000000e+15	3.500000000000000000e+00	1.160000000000000475e-01
6.310000000000000000e+15	3.500000000000000000e+00	1.029999999999999805e-01
7.940000000000000000e+15	3.500000000000000000e+00	9.099999999999996980e-02
1.000000000000000000e+16	3.500000000000000000e+00	7.900000000000001465e-02
1.260000000000000000e+16	3.500000000000000000e+00	6.900000000000003353e-02
1.580000000000000000e+16	3.500000000000000000e+00	5.899999999999999689e-02
2.000000000000000000e+16	3.500000000000000000e+00	5.000000000000001665e-02
2.510000000000000000e+16	3.500000000000000000e+00	4.299999999999998268e-02
3.160000000000000000e+16	3.500000000000000000e+00	3.599999999999999034e-02
3.980000000000000000e+16	3.500000000000000000e+00	3.099999999999999978e-02
5.010000000000000000e+16	3.500000000000000000e+00	2.570000000000000062e-02
6.310000000000000000e+16	3.500000000000000000e+00	2.160000000000000808e-02
7.940000000000000000e+16	3.500000000000000000e+00	1.810000000000000497e-02
1.000000000000000000e+17	3.500000000000000000e+00	1.510000000000000231e-02
1.000000000000000000e+11	4.500000000000000000e+00	1.000000000000000269e-09
1.258925411794166107e+11	4.500000000000000000e+00	3.162277660168366287e-09
1.584893192461110840e+11	4.500000000000000000e+00	9.999999999999919146e-09
1.995262314968882751e+11	4.500000000000000000e+00	3.162277660168404337e-08
2.511886431509582214e+11	4.500000000000000000e+00	1.000000000000004455e-07
3.162277660168379517e+11	4.500000000000000000e+00	3.162277660168379721e-07
3.981071705534969482e+11	4.500000000000000000e+00	9.999999999999959313e-07
5.011872336272714844e+11	4.500000000000000000e+00	3.162277660168353780e-06
6.309573444801943359e+11	4.500000000000000000e+00	1.000000000000008891e-05
7.943282347242821045e+11	4.500000000000000000e+00	3.162277660168392405e-05
1.000000000000000000e+12	4.500000000000000000e+00	1.549999999999999729e-04
1.260000000000000000e+12	4.500000000000000000e+00	1.649999999999999991e-04
1.580000000000000000e+12	4.500000000000000000e+00	1.700000000000000122e-04
2.000000000000000000e+12	4.500000000000000000e+00	1.760000000000000496e-04
2.510000000000000000e+12	4.500000000000000000e+00	1.809999999999999543e-04
3.160000000000000000e+12	4.500000000000000000e+00	1.859999999999999674e-04
3.980000000000000000e+12	4.500000000000000000e+00	1.909999999999998721e-04
5.010000000000000000e+12	4.500000000000000000e+00	2.060000000000000199e-04
6.310000000000000000e+12	4.500000000000000000e+00	2.100000000000000087e-04
7.940000000000000000e+12	4.500000000000000000e+00	2.299999999999999527e-04
1.000000000000000000e+13	4.500000000000000000e+00	2.600000000000000314e-04
1.260000000000000000e+13	4.500000000000000000e+00	3.400000000000000244e-04
1.580000000000000000e+13	4.500000000000000000e+00	4.899999999999999842e-04
2.000000000000000000e+13	4.500000000000000000e+00	7.399999999999997725e-04
2.510000000000000000e+13	4.500000000000000000e+00	1.219999999999999730e-03
3.160000000000000000e+13	4.500000000000000000e+00	2.010000000000001369e-03
3.980000000000000000e+13	4.500000000000000000e+00	3.299999999999999115e-03
5.010000000000000000e+13	4.500000000000000000e+00	4.899999999999998107e-03
6.310000000000000000e+13	4.500000000000000000e+00	6.600000000000001699e-03
7.940000000000000000e+13	4.500000000000000000e+00	7.899999999999997302e-03
1.000000000000000000e+14	4.500000000000000000e+00	8.899999999999998190e-03
1.260000000000000000e+14	4.500000000000000000e+00	9.599999999999997424e-03
1.580000000000000000e+14	4.500000000000000000e+00	1.020000000000000073e-02
2.000000000000000000e+14	4.500000000000000000e+00	1.190000000000000085e-02
2.510000000000000000e+14	4.500000000000000000e+00	1.610000000000000320e-02
3.160000000000000000e+14	4.500000000000000000e+00	2.499999999999999445e-02
3.980000000000000000e+14	4.500000000000000000e+00	3.800000000000000600e-02
5.010000000000000000e+14	4.500000000000000000e+00	5.699999999999996736e-02
6.310000000000000000e+14	4.500000000000000000e+00	7.800000000000001377e-02
7.940000000000000000e+14	4.500000000000000000e+00	9.799999999999997602e-02
1.000000000000000000e+15	4.500000000000000000e+00	1.169999999999999374e-01
1.260000000000000000e+15	4.500000000000000000e+00	1.310000000000000053e-01
1.580000000000000000e+15	4.500000000000000000e+00	1.409999999999999032e-01
2.000000000000000000e+15	4.500000000000000000e+00	1.450000000000000178e-01
2.510000000000000000e+15	4.500000000000000000e+00	1.430000000000000160e-01
3.160000000000000000e+15	4.500000000000000000e+00	1.360000000000000098e-01
3.980000000000000000e+15	4.500000000000000000e+00	1.280000000000000027e-01
5.010000000000000000e+15	4.500000000000000000e+00	1.159999999999999365e-01
6.310000000000000000e+15	4.500000000000000000e+00	1.040000000000000369e-01
7.940000000000000000e+15	4.500000000000000000e+00	9.200000000000002620e-02
1.000000000000000000e+16	4.500000000000000000e+00	8.000000000000001554e-02
1.260000000000000000e+16	4.500000000000000000e+00	6.899999999999995026e-02
1.580000000000000000e+16	4.500000000000000000e+00	5.899999999999999689e-02
2.000000000000000000e+16	4.500000000000000000e+00	5.099999999999998979e-02
2.510000000000000000e+16	4.500000000000000000e+00	4.300000000000001044e-02
3.160000000000000000e+16	4.500000000000000000e+00	3.700000000000000511e-02
3.980000000000000000e+16	4.500000000000000000e+00	2.999999999999999889e-02
5.010000000000000000e+16	4.500000000000000000e+00	2.600000000000000921e-02
6.310000000000000000e+16	4.500000000000000000e+00	2.159999999999999420e-02
7.940000000000000000e+16	4.500000000000000000e+00	1.800000000000000211e-02
1.000000000000000000e+17	4.500000000000000000e+00	1.500000000000000638e-02
1.000000000000000000e+11	5.500000000000000000e+00	1.000000000000000269e-09
1.258925411794166107e+11	5.500000000000000000e+00	3.162277660168366287e-09
1.584893192461110840e+11	5.500000000000000000e+00	9.999999999999919146e-09
1.995262314968882751e+11	5.500000000000000000e+00	3.162277660168404337e-08
2.511886431509582214e+11	5.500000000000000000e+00	1.000000000000004455e-07
3.162277660168379517e+11	5.500000000000000000e+00	3.162277660168379721e-07
3.981071705534969482e+11	5.500000000000000000e+00	9.999999999999959313e-07
5.011872336272714844e+11	5.500000000000000000e+00	3.162277660168353780e-06
6.309573444801943359e+11	5.500000000000000000e+00	1.000000000000008891e-05
7.943282347242821045e+11	5.500000000000000000e+00	3.162277660168392405e-05
1.000000000000000000e+12	5.500000000000000000e+00	1.360000000000000531e-04
1.260000000000000000e+12	5.500000000000000000e+00	1.410000000000000663e-04
1.580000000000000000e+12	5.500000000000000000e+00	1.519999999999998999e-04
2.000000000000000000e+12	5.500000000000000000e+00	1.499999999999999598e-04
2.510000000000000000e+12	5.500000000000000000e+00	1.579999999999999374e-04
3.160000000000000000e+12	5.500000000000000000e+00	1.620000000000000346e-04
3.980000000000000000e+12	5.500000000000000000e+00	1.700000000000000122e-04
5.010000000000000000e+12	5.500000000000000000e+00	1.700000000000000122e-04
6.310000000000000000e+12	5.500000000000000000e+00	1.900000000000000647e-04
7.940000000000000000e+12	5.500000000000000000e+00	1.999999999999998741e-04
1.000000000000000000e+13	5.500000000000000000e+00	2.399999999999999790e-04
1.260000000000000000e+13	5.500000000000000000e+00	3.100000000000001626e-04
1.580000000000000000e+13	5.500000000000000000e+00	4.399999999999998530e-04
2.000000000000000000e+13	5.500000000000000000e+00	6.899999999999996414e-04
2.510000000000000000e+13	5.500000000000000000e+00	1.160000000000000440e-03
3.160000000000000000e+13	5.500000000000000000e+00	2.000000000000000042e-03
3.980000000000000000e+13	5.500000000000000000e+00	3.200000000000001454e-03
5.010000000000000000e+13	5.500000000000000000e+00	4.699999999999999317e-03
6.310000000000000000e+13	5.500000000000000000e+00	6.199999999999997180e-03
7.940000000000000000e+13	5.500000000000000000e+00	7.600000000000002587e-03
1.000000000000000000e+14	5.500000000000000000e+00	8.599999999999996536e-03
1.260000000000000000e+14	5.500000000000000000e+00	9.099999999999996980e-03
1.580000000000000000e+14	5.500000000000000000e+00	9.800000000000003153e-03
2.000000000000000000e+14	5.500000000000000000e+00	1.140000000000000041e-02
2.510000000000000000e+14	5.500000000000000000e+00	1.560000000000000275e-02
3.160000000000000000e+14	5.500000000000000000e+00	2.399999999999999356e-02
3.980000000000000000e+14	5.500000000000000000e+00	3.800000000000000600e-02
5.010000000000000000e+14	5.500000000000000000e+00	5.600000000000004974e-02
6.310000000000000000e+14	5.500000000000000000e+00	7.600000000000001199e-02
7.940000000000000000e+14	5.500000000000000000e+00	9.799999999999997602e-02
1.000000000000000000e+15	5.500000000000000000e+00	1.159999999999999920e-01
1.260000000000000000e+15	5.500000000000000000e+00	1.310000000000000053e-01
1.580000000000000000e+15	5.500000000000000000e+00	1.400000000000000133e-01
2.000000000000000000e+15	5.500000000000000000e+00	1.440000000000000169e-01
2.510000000000000000e+15	5.500000000000000000e+00	1.430000000000000160e-01
3.160000000000000000e+15	5.500000000000000000e+00	1.369999999999998996e-01
3.980000000000000000e+15	5.500000000000000000e+00	1.270000000000000018e-01
5.010000000000000000e+15	5.500000000000000000e+00	1.159999999999999920e-01
6.310000000000000000e+15	5.500000000000000000e+00	1.039999999999999813e-01
7.940000000000000000e+15	5.500000000000000000e+00	9.100000000000002531e-02
1.000000000000000000e+16	5.500000000000000000e+00	7.999999999999996003e-02
1.260000000000000000e+16	5.500000000000000000e+00	6.900000000000000577e-02
1.580000000000000000e+16	5.500000000000000000e+00	5.999999999999999778e-02
2.000000000000000000e+16	5.500000000000000000e+00	4.999999999999998890e-02
2.510000000000000000e+16	5.500000000000000000e+00	4.300000000000001044e-02
3.160000000000000000e+16	5.500000000000000000e+00	3.600000000000000422e-02
3.980000000000000000e+16	5.500000000000000000e+00	3.099999999999999978e-02
5.010000000000000000e+16	5.500000000000000000e+00	2.599999999999999534e-02
6.310000000000000000e+16	5.500000000000000000e+00	2.200000000000000566e-02
7.940000000000000000e+16	5.500000000000000000e+00	1.769999999999999352e-02
1.000000000000000000e+17	5.500000000000000000e+00	1.509999999999998843e-02
1.000000000000000000e+11	6.500000000000000000e+00	1.000000000000000269e-09
1.258925411794166107e+11	6.500000000000000000e+00	3.162277660168366287e-09
1.584893192461110840e+11	6.500000000000000000e+00	9.999999999999919146e-09
1.995262314968882751e+11	6.500000000000000000e+00	3.162277660168404337e-08
2.511886431509582214e+11	6.500000000000000000e+00	1.000000000000004455e-07
3.162277660168379517e+11	6.500000000000000000e+00	3.162277660168379721e-07
3.981071705534969482e+11	6.500000000000000000e+00	9.999999999999959313e-07
5.011872336272714844e+11	6.500000000000000000e+00	3.162277660168353780e-06
6.309573444801943359e+11	6.500000000000000000e+00	1.000000000000008891e-05
7.943282347242821045e+11	6.500000000000000000e+00	3.162277660168392405e-05
1.000000000000000000e+12	6.500000000000000000e+00	1.250000000000000026e-04
1.260000000000000000e+12	6.500000000000000000e+00	1.299999999999999073e-04
1.580000000000000000e+12	6.500000000000000000e+00	1.300000000000001241e-04
2.000000000000000000e+12	6.500000000000000000e+00	1.399999999999999335e-04
2.510000000000000000e+12	6.500000000000000000e+00	1.400000000000001504e-04
3.160000000000000000e+12	6.500000000000000000e+00	1.499999999999999598e-04
3.980000000000000000e+12	6.500000000000000000e+00	1.500000000000001766e-04
5.010000000000000000e+12	6.500000000000000000e+00	1.599999999999999860e-04
6.310000000000000000e+12	6.500000000000000000e+00	1.700000000000000122e-04
7.940000000000000000e+12	6.500000000000000000e+00	1.800000000000000384e-04
1.000000000000000000e+13	6.500000000000000000e+00	2.100000000000001171e-04
1.260000000000000000e+13	6.500000000000000000e+00	2.799999999999998671e-04
1.580000000000000000e+13	6.500000000000000000e+00	4.100000000000002080e-04
2.000000000000000000e+13	6.500000000000000000e+00	6.400000000000008113e-04
2.510000000000000000e+13	6.500000000000000000e+00	1.070000000000000638e-03
3.160000000000000000e+13	6.500000000000000000e+00	1.899999999999998912e-03
3.980000000000000000e+13	6.500000000000000000e+00	2.999999999999999195e-03
5.010000000000000000e+13	6.500000000000000000e+00	4.399999999999997663e-03
6.310000000000000000e+13	6.500000000000000000e+00	5.900000000000002465e-03
7.940000000000000000e+13	6.500000000000000000e+00	7.099999999999995204e-03
1.000000000000000000e+14	6.500000000000000000e+00	7.900000000000004241e-03
1.260000000000000000e+14	6.500000000000000000e+00	8.500000000000000611e-03
1.580000000000000000e+14	6.500000000000000000e+00	8.999999999999994116e-03
2.000000000000000000e+14	6.500000000000000000e+00	1.059999999999999831e-02
2.510000000000000000e+14	6.500000000000000000e+00	1.460000000000000187e-02
3.160000000000000000e+14	6.500000000000000000e+00	2.299999999999999267e-02
3.980000000000000000e+14	6.500000000000000000e+00	3.700000000000000511e-02
5.010000000000000000e+14	6.500000000000000000e+00	5.499999999999999334e-02
6.310000000000000000e+14	6.500000000000000000e+00	7.700000000000001288e-02
7.940000000000000000e+14	6.500000000000000000e+00	9.699999999999997513e-02
1.000000000000000000e+15	6.500000000000000000e+00	1.159999999999999920e-01
1.260000000000000000e+15	6.500000000000000000e+00	1.310000000000000053e-01
1.580000000000000000e+15	6.500000000000000000e+00	1.390000000000000124e-01
2.000000000000000000e+15	6.500000000000000000e+00	1.430000000000000160e-01
2.510000000000000000e+15	6.500000000000000000e+00	1.410000000000000142e-01
3.160000000000000000e+15	6.500000000000000000e+00	1.370000000000000107e-01
3.980000000000000000e+15	6.500000000000000000e+00	1.270000000000000018e-01
5.010000000000000000e+15	6.500000000000000000e+00	1.160000000000001030e-01
6.310000000000000000e+15	6.500000000000000000e+00	1.029999999999999805e-01
7.940000000000000000e+15	6.500000000000000000e+00	9.099999999999996980e-02
1.000000000000000000e+16	6.500000000000000000e+00	8.000000000000007105e-02
1.260000000000000000e+16	6.500000000000000000e+00	6.900000000000000577e-02
1.580000000000000000e+16	6.500000000000000000e+00	5.899999999999999689e-02
2.000000000000000000e+16	6.500000000000000000e+00	5.099999999999998979e-02
2.510000000000000000e+16	6.500000000000000000e+00	4.299999999999998268e-02
3.160000000000000000e+16	6.500000000000000000e+00	3.600000000000000422e-02
3.980000000000000000e+16	6.500000000000000000e+00	2.999999999999999889e-02
5.010000000000000000e+16	6.500000000000000000e+00	2.499999999999999445e-02
6.310000000000000000e+16	6.500000000000000000e+00	2.099999999999999090e-02
7.940000000000000000e+16	6.500000000000000000e+00	1.800000000000000211e-02
1.000000000000000000e+17	6.500000000000000000e+00	1.460000000000000187e-02
1.000000000000000000e+11	7.500000000000000000e+00	1.000000000000000269e-09
1.258925411794166107e+11	7.500000000000000000e+00	3.162277660168366287e-09
1.584893192461110840e+11	7.500000000000000000e+00	9.999999999999919146e-09
1.995262314968882751e+11	7.500000000000000000e+00	3.162277660168404337e-08
2.511886431509582214e+11	7.500000000000000000e+00	1.000000000000004455e-07
3.162277660168379517e+11	7.500000000000000000e+00	3.162277660168379721e-07
3.981071705534969482e+11	7.500000000000000000e+00	9.999999999999959313e-07
5.011872336272714844e+11	7.500000000000000000e+00	3.162277660168353780e-06
6.309573444801943359e+11	7.500000000000000000e+00	1.000000000000008891e-05
7.943282347242821045e+11	7.500000000000000000e+00	3.162277660168392405e-05
1.000000000000000000e+12	7.500000000000000000e+00	1.000000000000000454e-04
1.260000000000000000e+12	7.500000000000000000e+00	1.200000000000000979e-04
1.580000000000000000e+12	7.500000000000000000e+00	1.199999999999998811e-04
2.000000000000000000e+12	7.500000000000000000e+00	1.200000000000000979e-04
2.510000000000000000e+12	7.500000000000000000e+00	1.299999999999999073e-04
3.160000000000000000e+12	7.500000000000000000e+00	1.300000000000001241e-04
3.980000000000000000e+12	7.500000000000000000e+00	1.399999999999999335e-04
5.010000000000000000e+12	7.500000000000000000e+00	1.399999999999999335e-04
6.310000000000000000e+12	7.500000000000000000e+00	1.399999999999999335e-04
7.940000000000000000e+12	7.500000000000000000e+00	1.499999999999999598e-04
1.000000000000000000e+13	7.500000000000000000e+00	1.799999999999998216e-04
1.260000000000000000e+13	7.500000000000000000e+00	2.499999999999997884e-04
1.580000000000000000e+13	7.500000000000000000e+00	3.600000000000000769e-04
2.000000000000000000e+13	7.500000000000000000e+00	5.899999999999993791e-04
2.510000000000000000e+13	7.500000000000000000e+00	1.009999999999998746e-03
3.160000000000000000e+13	7.500000000000000000e+00	1.700000000000000122e-03
3.980000000000000000e+13	7.500000000000000000e+00	2.800000000000000405e-03
5.010000000000000000e+13	7.500000000000000000e+00	4.200000000000002343e-03
6.310000000000000000e+13	7.500000000000000000e+00	5.499999999999997946e-03
7.940000000000000000e+13	7.500000000000000000e+00	6.600000000000001699e-03
1.000000000000000000e+14	7.500000000000000000e+00	7.400000000000003797e-03
1.260000000000000000e+14	7.500000000000000000e+00	7.800000000000001377e-03
1.580000000000000000e+14	7.500000000000000000e+00	8.300000000000001821e-03
2.000000000000000000e+14	7.500000000000000000e+00	9.999999999999995004e-03
2.510000000000000000e+14	7.500000000000000000e+00	1.499999999999999944e-02
3.160000000000000000e+14	7.500000000000000000e+00	2.300000000000002043e-02
3.980000000000000000e+14	7.500000000000000000e+00	3.699999999999997735e-02
5.010000000000000000e+14	7.500000000000000000e+00	5.499999999999999334e-02
6.310000000000000000e+14	7.500000000000000000e+00	7.599999999999995648e-02
7.940000000000000000e+14	7.500000000000000000e+00	9.700000000000008615e-02
1.000000000000000000e+15	7.500000000000000000e+00	1.160000000000001030e-01
1.260000000000000000e+15	7.500000000000000000e+00	1.320000000000000062e-01
1.580000000000000000e+15	7.500000000000000000e+00	1.380000000000001226e-01
2.000000000000000000e+15	7.500000000000000000e+00	1.399999999999999023e-01
2.510000000000000000e+15	7.500000000000000000e+00	1.399999999999999023e-01
3.160000000000000000e+15	7.500000000000000000e+00	1.410000000000001252e-01
3.980000000000000000e+15	7.500000000000000000e+00	1.280000000000000027e-01
5.010000000000000000e+15	7.500000000000000000e+00	1.159999999999999920e-01
6.310000000000000000e+15	7.500000000000000000e+00	1.029999999999999805e-01
7.940000000000000000e+15	7.500000000000000000e+00	9.199999999999997069e-02
1.000000000000000000e+16	7.500000000000000000e+00	7.899999999999995914e-02
1.260000000000000000e+16	7.500000000000000000e+00	6.900000000000006128e-02
1.580000000000000000e+16	7.500000000000000000e+00	5.899999999999999689e-02
2.000000000000000000e+16	7.500000000000000000e+00	5.000000000000004441e-02
2.510000000000000000e+16	7.500000000000000000e+00	4.299999999999998268e-02
3.160000000000000000e+16	7.500000000000000000e+00	3.699999999999997735e-02
3.980000000000000000e+16	7.500000000000000000e+00	3.099999999999999978e-02
5.010000000000000000e+16	7.500000000000000000e+00	2.599999999999999534e-02
6.310000000000000000e+16	7.500000000000000000e+00	2.199999999999999178e-02
7.940000000000000000e+16	7.500000000000000000e+00	1.799999999999998823e-02
1.000000000000000000e+17	7.500000000000000000e+00	1.499999999999999944e-02
1.000000000000000000e+11	8.500000000000000000e+00	1.000000000000000269e-09
1.258925411794166107e+11	8.500000000000000000e+00	3.162277660168366287e-09
1.584893192461110840e+11	8.500000000000000000e+00	9.999999999999919146e-09
1.995262314968882751e+11	8.500000000000000000e+00	3.162277660168404337e-08
2.511886431509582214e+11	8.500000000000000000e+00	1.000000000000004455e-07
3.162277660168379517e+11	8.500000000000000000e+00	3.162277660168379721e-07
3.981071705534969482e+11	8.500000000000000000e+00	9.999999999999959313e-07
5.011872336272714844e+11	8.500000000000000000e+00	3.162277660168353780e-06
6.309573444801943359e+11	8.500000000000000000e+00	1.000000000000008891e-05
7.943282347242821045e+11	8.500000000000000000e+00	3.162277660168392405e-05
1.000000000000000000e+12	8.500000000000000000e+00	1.000000000000000454e-04
1.260000000000000000e+12	8.500000000000000000e+00	9.000000000000001922e-05
1.580000000000000000e+12	8.500000000000000000e+00	1.000000000000000454e-04
2.000000000000000000e+12	8.500000000000000000e+00	1.099999999999998548e-04
2.510000000000000000e+12	8.500000000000000000e+00	1.000000000000000454e-04
3.160000000000000000e+12	8.500000000000000000e+00	1.099999999999998548e-04
3.980000000000000000e+12	8.500000000000000000e+00	1.100000000000000717e-04
5.010000000000000000e+12	8.500000000000000000e+00	1.200000000000000979e-04
6.310000000000000000e+12	8.500000000000000000e+00	1.299999999999999073e-04
7.940000000000000000e+12	8.500000000000000000e+00	1.400000000000001504e-04
1.000000000000000000e+13	8.500000000000000000e+00	1.599999999999999860e-04
1.260000000000000000e+13	8.500000000000000000e+00	2.200000000000001434e-04
1.580000000000000000e+13	8.500000000000000000e+00	3.299999999999995645e-04
2.000000000000000000e+13	8.500000000000000000e+00	5.300000000000000891e-04
2.510000000000000000e+13	8.500000000000000000e+00	9.100000000000010858e-04
3.160000000000000000e+13	8.500000000000000000e+00	1.600000000000000727e-03
3.980000000000000000e+13	8.500000000000000000e+00	2.600000000000001615e-03
5.010000000000000000e+13	8.500000000000000000e+00	3.799999999999997824e-03
6.310000000000000000e+13	8.500000000000000000e+00	4.999999999999997502e-03
7.940000000000000000e+13	8.500000000000000000e+00	6.000000000000005329e-03
1.000000000000000000e+14	8.500000000000000000e+00	6.699999999999997624e-03
1.260000000000000000e+14	8.500000000000000000e+00	7.099999999999995204e-03
1.580000000000000000e+14	8.500000000000000000e+00	7.599999999999995648e-03
2.000000000000000000e+14	8.500000000000000000e+00	9.700000000000000289e-03
2.510000000000000000e+14	8.500000000000000000e+00	1.299999999999998379e-02
3.160000000000000000e+14	8.500000000000000000e+00	2.199999999999999178e-02
3.980000000000000000e+14	8.500000000000000000e+00	3.600000000000003197e-02
5.010000000000000000e+14	8.500000000000000000e+00	5.499999999999999334e-02
6.310000000000000000e+14	8.500000000000000000e+00	7.499999999999995559e-02
7.940000000000000000e+14	8.500000000000000000e+00	9.699999999999997513e-02
1.000000000000000000e+15	8.500000000000000000e+00	1.169999999999999929e-01
1.260000000000000000e+15	8.500000000000000000e+00	1.299999999999998934e-01
1.580000000000000000e+15	8.500000000000000000e+00	1.399999999999999023e-01
2.000000000000000000e+15	8.500000000000000000e+00	1.500000000000001332e-01
2.510000000000000000e+15	8.500000000000000000e+00	1.500000000000001332e-01
3.160000000000000000e+15	8.500000000000000000e+00	1.299999999999998934e-01
3.980000000000000000e+15	8.500000000000000000e+00	1.299999999999998934e-01
5.010000000000000000e+15	8.500000000000000000e+00	1.119999999999999885e-01
6.310000000000000000e+15	8.500000000000000000e+00	1.040000000000000924e-01
7.940000000000000000e+15	8.500000000000000000e+00	9.099999999999996980e-02
1.000000000000000000e+16	8.500000000000000000e+00	7.999999999999996003e-02
1.260000000000000000e+16	8.500000000000000000e+00	6.799999999999994937e-02
1.580000000000000000e+16	8.500000000000000000e+00	5.900000000000005240e-02
2.000000000000000000e+16	8.500000000000000000e+00	5.099999999999998979e-02
2.510000000000000000e+16	8.500000000000000000e+00	4.200000000000003730e-02
3.160000000000000000e+16	8.500000000000000000e+00	3.600000000000003197e-02
3.980000000000000000e+16	8.500000000000000000e+00	3.100000000000002753e-02
5.010000000000000000e+16	8.500000000000000000e+00	2.600000000000002309e-02
6.310000000000000000e+16	8.500000000000000000e+00	2.100000000000001865e-02
7.940000000000000000e+16	8.500000000000000000e+00	1.800000000000001599e-02
1.000000000000000000e+17	8.500000000000000000e+00	1.500000000000001332e-02
1.000000000000000000e+11	9.500000000000000000e+00	1.000000000000000269e-09
1.258925411794166107e+11	9.500000000000000000e+00	3.162277660168366287e-09
1.584893192461110840e+11	9.500000000000000000e+00	9.999999999999919146e-09
1.995262314968882751e+11	9.500000000000000000e+00	3.162277660168404337e-08
2.511886431509582214e+11	9.500000000000000000e+00	1.000000000000004455e-07
3.162277660168379517e+11	9.500000000000000000e+00	3.162277660168379721e-07
3.981071705534969482e+11	9.500000000000000000e+00	9.999999999999959313e-07
5.011872336272714844e+11	9.500000000000000000e+00	3.162277660168353780e-06
6.309573444801943359e+11	9.500000000000000000e+00	1.000000000000008891e-05
7.943282347242821045e+11	9.500000000000000000e+00	3.162277660168392405e-05
1.000000000000000000e+12	9.500000000000000000e+00	7.999999999999999299e-05
1.260000000000000000e+12	9.500000000000000000e+00	9.000000000000001922e-05
1.580000000000000000e+12	9.500000000000000000e+00	9.000000000000001922e-05
2.000000000000000000e+12	9.500000000000000000e+00	9.000000000000001922e-05
2.510000000000000000e+12	9.500000000000000000e+00	1.000000000000000454e-04
3.160000000000000000e+12	9.500000000000000000e+00	9.000000000000001922e-05
3.980000000000000000e+12	9.500000000000000000e+00	9.999999999999982861e-05
5.010000000000000000e+12	9.500000000000000000e+00	9.999999999999982861e-05
6.310000000000000000e+12	9.500000000000000000e+00	1.100000000000000717e-04
7.940000000000000000e+12	9.500000000000000000e+00	1.200000000000000979e-04
1.000000000000000000e+13	9.500000000000000000e+00	1.400000000000003672e-04
1.260000000000000000e+13	9.500000000000000000e+00	1.900000000000000647e-04
1.580000000000000000e+13	9.500000000000000000e+00	2.999999999999999195e-04
2.000000000000000000e+13	9.500000000000000000e+00	4.899999999999999842e-04
2.510000000000000000e+13	9.500000000000000000e+00	8.999999999999997585e-04
3.160000000000000000e+13	9.500000000000000000e+00	1.399999999999998468e-03
3.980000000000000000e+13	9.500000000000000000e+00	2.399999999999999356e-03
5.010000000000000000e+13	9.500000000000000000e+00	3.500000000000003109e-03
6.310000000000000000e+13	9.500000000000000000e+00	4.599999999999999922e-03
7.940000000000000000e+13	9.500000000000000000e+00	5.499999999999991007e-03
1.000000000000000000e+14	9.500000000000000000e+00	6.099999999999994316e-03
1.260000000000000000e+14	9.500000000000000000e+00	6.400000000000002909e-03
1.580000000000000000e+14	9.500000000000000000e+00	7.000000000000006217e-03
2.000000000000000000e+14	9.500000000000000000e+00	8.000000000000007105e-03
2.510000000000000000e+14	9.500000000000000000e+00	1.300000000000001155e-02
3.160000000000000000e+14	9.500000000000000000e+00	2.199999999999999178e-02
3.980000000000000000e+14	9.500000000000000000e+00	3.499999999999997558e-02
5.010000000000000000e+14	9.500000000000000000e+00	5.400000000000004796e-02
6.310000000000000000e+14	9.500000000000000000e+00	7.600000000000006750e-02
7.940000000000000000e+14	9.500000000000000000e+00	9.599999999999997424e-02
1.000000000000000000e+15	9.500000000000000000e+00	1.099999999999998757e-01
1.260000000000000000e+15	9.500000000000000000e+00	1.300000000000001155e-01
1.580000000000000000e+15	9.500000000000000000e+00	1.399999999999999023e-01
2.000000000000000000e+15	9.500000000000000000e+00	1.399999999999999023e-01
2.510000000000000000e+15	9.500000000000000000e+00	1.399999999999999023e-01
3.160000000000000000e+15	9.500000000000000000e+00	1.400000000000001243e-01
3.980000000000000000e+15	9.500000000000000000e+00	1.200000000000001066e-01
5.010000000000000000e+15	9.500000000000000000e+00	1.199999999999998845e-01
6.310000000000000000e+15	9.500000000000000000e+00	1.069999999999999840e-01
7.940000000000000000e+15	9.500000000000000000e+00	9.100000000000008082e-02
1.000000000000000000e+16	9.500000000000000000e+00	7.900000000000007017e-02
1.260000000000000000e+16	9.500000000000000000e+00	6.899999999999995026e-02
1.580000000000000000e+16	9.500000000000000000e+00	5.899999999999994138e-02
2.000000000000000000e+16	9.500000000000000000e+00	4.999999999999998890e-02
2.510000000000000000e+16	9.500000000000000000e+00	4.299999999999998268e-02
3.160000000000000000e+16	9.500000000000000000e+00	3.599999999999997646e-02
3.980000000000000000e+16	9.500000000000000000e+00	2.999999999999997113e-02
5.010000000000000000e+16	9.500000000000000000e+00	2.499999999999999445e-02
6.310000000000000000e+16	9.500000000000000000e+00	2.199999999999999178e-02
7.940000000000000000e+16	9.500000000000000000e+00	1.799999999999998823e-02
1.000000000000000000e+17	9.500000000000000000e+00	1.499999999999998557e-02
1.000000000000000000e+11	1.100000000000000000e+01	1.000000000000000269e-09
1.258925411794166107e+11	1.100000000000000000e+01	3.162277660168366287e-09
1.584893192461110840e+11	1.100000000000000000e+01	9.999999999999919146e-09
1.995262314968882751e+11	1.100000000000000000e+01	3.162277660168404337e-08
2.511886431509582214e+11	1.100000000000000000e+01	1.000000000000004455e-07
3.162277660168379517e+11	1.100000000000000000e+01	3.162277660168379721e-07
3.981071705534969482e+11	1.100000000000000000e+01	9.999999999999959313e-07
5.011872336272714844e+11	1.100000000000000000e+01	3.162277660168353780e-06
6.309573444801943359e+11	1.100000000000000000e+01	1.000000000000008891e-05
7.943282347242821045e+11	1.100000000000000000e+01	3.162277660168392405e-05
1.000000000000000000e+12	1.100000000000000000e+01	5.999999999999994053e-05
1.260000000000000000e+12	1.100000000000000000e+01	6.499999999999995365e-05
1.580000000000000000e+12	1.100000000000000000e+01	6.499999999999995365e-05
2.000000000000000000e+12	1.100000000000000000e+01	6.500000000000006207e-05
2.510000000000000000e+12	1.100000000000000000e+01	6.999999999999996676e-05
3.160000000000000000e+12	1.100000000000000000e+01	7.499999999999997988e-05
3.980000000000000000e+12	1.100000000000000000e+01	7.500000000000008830e-05
5.010000000000000000e+12	1.100000000000000000e+01	7.999999999999999299e-05
6.310000000000000000e+12	1.100000000000000000e+01	8.000000000000010141e-05
7.940000000000000000e+12	1.100000000000000000e+01	9.000000000000001922e-05
1.000000000000000000e+13	1.100000000000000000e+01	1.099999999999998548e-04
1.260000000000000000e+13	1.100000000000000000e+01	1.549999999999999729e-04
1.580000000000000000e+13	1.100000000000000000e+01	2.449999999999999921e-04
2.000000000000000000e+13	1.100000000000000000e+01	4.150000000000000043e-04
2.510000000000000000e+13	1.100000000000000000e+01	7.000000000000001013e-04
3.160000000000000000e+13	1.100000000000000000e+01	1.300000000000000808e-03
3.980000000000000000e+13	1.100000000000000000e+01	2.049999999999999739e-03
5.010000000000000000e+13	1.100000000000000000e+01	3.050000000000000627e-03
6.310000000000000000e+13	1.100000000000000000e+01	4.000000000000000083e-03
7.940000000000000000e+13	1.100000000000000000e+01	4.750000000000004219e-03
1.000000000000000000e+14	1.100000000000000000e+01	5.150000000000001799e-03
1.260000000000000000e+14	1.100000000000000000e+01	5.499999999999997946e-03
1.580000000000000000e+14	1.100000000000000000e+01	5.749999999999998168e-03
2.000000000000000000e+14	1.100000000000000000e+01	7.499999999999999722e-03
2.510000000000000000e+14	1.100000000000000000e+01	1.199999999999999678e-02
3.160000000000000000e+14	1.100000000000000000e+01	2.099999999999999090e-02
3.980000000000000000e+14	1.100000000000000000e+01	3.500000000000000333e-02
5.010000000000000000e+14	1.100000000000000000e+01	5.349999999999999201e-02
6.310000000000000000e+14	1.100000000000000000e+01	7.450000000000001066e-02
7.940000000000000000e+14	1.100000000000000000e+01	9.599999999999997424e-02
1.000000000000000000e+15	1.100000000000000000e+01	1.149999999999999911e-01
1.260000000000000000e+15	1.100000000000000000e+01	1.300000000000000044e-01
1.580000000000000000e+15	1.100000000000000000e+01	1.400000000000000133e-01
2.000000000000000000e+15	1.100000000000000000e+01	1.450000000000000178e-01
2.510000000000000000e+15	1.100000000000000000e+01	1.400000000000000133e-01
3.160000000000000000e+15	1.100000000000000000e+01	1.349999999999998979e-01
3.980000000000000000e+15	1.100000000000000000e+01	1.300000000000000044e-01
5.010000000000000000e+15	1.100000000000000000e+01	1.149999999999999911e-01
6.310000000000000000e+15	1.100000000000000000e+01	9.999999999999997780e-02
7.940000000000000000e+15	1.100000000000000000e+01	9.300000000000002709e-02
1.000000000000000000e+16	1.100000000000000000e+01	7.949999999999995959e-02
1.260000000000000000e+16	1.100000000000000000e+01	6.900000000000000577e-02
1.580000000000000000e+16	1.100000000000000000e+01	5.899999999999999689e-02
2.000000000000000000e+16	1.100000000000000000e+01	5.049999999999998934e-02
2.510000000000000000e+16	1.100000000000000000e+01	4.300000000000001044e-02
3.160000000000000000e+16	1.100000000000000000e+01	3.600000000000000422e-02
3.980000000000000000e+16	1.100000000000000000e+01	3.049999999999999933e-02
5.010000000000000000e+16	1.100000000000000000e+01	2.599999999999999534e-02
6.310000000000000000e+16	1.100000000000000000e+01	2.150000000000000522e-02
7.940000000000000000e+16	1.100000000000000000e+01	1.800000000000000211e-02
1.000000000000000000e+17	1.100000000000000000e+01	1.499999999999999944e-02
1.000000000000000000e+11	1.300000000000000000e+01	1.000000000000000269e-09
1.258925411794166107e+11	1.300000000000000000e+01	3.162277660168366287e-09
1.584893192461110840e+11	1.300000000000000000e+01	9.999999999999919146e-09
1.995262314968882751e+11	1.300000000000000000e+01	3.162277660168404337e-08
2.511886431509582214e+11	1.300000000000000000e+01	1.000000000000004455e-07
3.162277660168379517e+11	1.300000000000000000e+01	3.162277660168379721e-07
3.981071705534969482e+11	1.300000000000000000e+01	9.999999999999959313e-07
5.011872336272714844e+11	1.300000000000000000e+01	3.162277660168353780e-06
6.309573444801943359e+11	1.300000000000000000e+01	1.000000000000008891e-05
7.943282347242821045e+11	1.300000000000000000e+01	3.162277660168392405e-05
1.000000000000000000e+12	1.300000000000000000e+01	3.999999999999999650e-05
1.260000000000000000e+12	1.300000000000000000e+01	4.500000000000000961e-05
1.580000000000000000e+12	1.300000000000000000e+01	4.500000000000000961e-05
2.000000000000000000e+12	1.300000000000000000e+01	5.000000000000002272e-05
2.510000000000000000e+12	1.300000000000000000e+01	5.000000000000002272e-05
3.160000000000000000e+12	1.300000000000000000e+01	5.000000000000002272e-05
3.980000000000000000e+12	1.300000000000000000e+01	5.499999999999992742e-05
5.010000000000000000e+12	1.300000000000000000e+01	5.500000000000014426e-05
6.310000000000000000e+12	1.300000000000000000e+01	6.499999999999995365e-05
7.940000000000000000e+12	1.300000000000000000e+01	6.499999999999995365e-05
1.000000000000000000e+13	1.300000000000000000e+01	7.999999999999999299e-05
1.260000000000000000e+13	1.300000000000000000e+01	1.250000000000001110e-04
1.580000000000000000e+13	1.300000000000000000e+01	2.000000000000000909e-04
2.000000000000000000e+13	1.300000000000000000e+01	3.449999999999998207e-04
2.510000000000000000e+13	1.300000000000000000e+01	5.999999999999998390e-04
3.160000000000000000e+13	1.300000000000000000e+01	1.050000000000000586e-03
3.980000000000000000e+13	1.300000000000000000e+01	1.749999999999998085e-03
5.010000000000000000e+13	1.300000000000000000e+01	2.499999999999998751e-03
6.310000000000000000e+13	1.300000000000000000e+01	3.250000000000002887e-03
7.940000000000000000e+13	1.300000000000000000e+01	3.849999999999999256e-03
1.000000000000000000e+14	1.300000000000000000e+01	4.200000000000002343e-03
1.260000000000000000e+14	1.300000000000000000e+01	4.450000000000002565e-03
1.580000000000000000e+14	1.300000000000000000e+01	5.000000000000004441e-03
2.000000000000000000e+14	1.300000000000000000e+01	7.000000000000006217e-03
2.510000000000000000e+14	1.300000000000000000e+01	1.150000000000001021e-02
3.160000000000000000e+14	1.300000000000000000e+01	2.000000000000001776e-02
3.980000000000000000e+14	1.300000000000000000e+01	3.450000000000000289e-02
5.010000000000000000e+14	1.300000000000000000e+01	5.249999999999999112e-02
6.310000000000000000e+14	1.300000000000000000e+01	7.600000000000001199e-02
7.940000000000000000e+14	1.300000000000000000e+01	9.500000000000008438e-02
1.000000000000000000e+15	1.300000000000000000e+01	1.150000000000001021e-01
1.260000000000000000e+15	1.300000000000000000e+01	1.250000000000000000e-01
1.580000000000000000e+15	1.300000000000000000e+01	1.350000000000000089e-01
2.000000000000000000e+15	1.300000000000000000e+01	1.399999999999999023e-01
2.510000000000000000e+15	1.300000000000000000e+01	1.450000000000000178e-01
3.160000000000000000e+15	1.300000000000000000e+01	1.350000000000000089e-01
3.980000000000000000e+15	1.300000000000000000e+01	1.250000000000000000e-01
5.010000000000000000e+15	1.300000000000000000e+01	1.150000000000001021e-01
6.310000000000000000e+15	1.300000000000000000e+01	1.049999999999999822e-01
7.940000000000000000e+15	1.300000000000000000e+01	8.999999999999996891e-02
1.000000000000000000e+16	1.300000000000000000e+01	7.700000000000006839e-02
1.260000000000000000e+16	1.300000000000000000e+01	6.850000000000000533e-02
1.580000000000000000e+16	1.300000000000000000e+01	5.849999999999999645e-02
2.000000000000000000e+16	1.300000000000000000e+01	4.999999999999998890e-02
2.510000000000000000e+16	1.300000000000000000e+01	4.249999999999998224e-02
3.160000000000000000e+16	1.300000000000000000e+01	3.650000000000000466e-02
3.980000000000000000e+16	1.300000000000000000e+01	3.049999999999999933e-02
5.010000000000000000e+16	1.300000000000000000e+01	2.549999999999999489e-02
6.310000000000000000e+16	1.300000000000000000e+01	2.149999999999999134e-02
7.940000000000000000e+16	1.300000000000000000e+01	1.800000000000000211e-02
1.000000000000000000e+17	1.300000000000000000e+01	1.499999999999999944e-02
1.000000000000000000e+11	1.500000000000000000e+01	1.000000000000000269e-09
1.258925411794166107e+11	1.500000000000000000e+01	3.162277660168366287e-09
1.584893192461110840e+11	1.500000000000000000e+01	9.999999999999919146e-09
1.995262314968882751e+11	1.500000000000000000e+01	3.162277660168404337e-08
2.511886431509582214e+11	1.500000000000000000e+01	1.000000000000004455e-07
3.162277660168379517e+11	1.500000000000000000e+01	3.162277660168379721e-07
3.981071705534969482e+11	1.500000000000000000e+01	9.999999999999959313e-07
5.011872336272714844e+11	1.500000000000000000e+01	3.162277660168353780e-06
6.309573444801943359e+11	1.500000000000000000e+01	1.000000000000008891e-05
7.943282347242821045e+11	1.500000000000000000e+01	3.162277660168392405e-05
1.000000000000000000e+12	1.500000000000000000e+01	2.999999999999997027e-05
1.260000000000000000e+12	1.500000000000000000e+01	2.999999999999997027e-05
1.580000000000000000e+12	1.500000000000000000e+01	3.000000000000007869e-05
2.000000000000000000e+12	1.500000000000000000e+01	2.999999999999997027e-05
2.510000000000000000e+12	1.500000000000000000e+01	2.999999999999997027e-05
3.160000000000000000e+12	1.500000000000000000e+01	3.499999999999998338e-05
3.980000000000000000e+12	1.500000000000000000e+01	3.500000000000009180e-05
5.010000000000000000e+12	1.500000000000000000e+01	3.999999999999988808e-05
6.310000000000000000e+12	1.500000000000000000e+01	3.999999999999988808e-05
7.940000000000000000e+12	1.500000000000000000e+01	4.999999999999991430e-05
1.000000000000000000e+13	1.500000000000000000e+01	6.000000000000015737e-05
1.260000000000000000e+13	1.500000000000000000e+01	9.499999999999981549e-05
1.580000000000000000e+13	1.500000000000000000e+01	1.599999999999999860e-04
2.000000000000000000e+13	1.500000000000000000e+01	2.799999999999998671e-04
2.510000000000000000e+13	1.500000000000000000e+01	4.999999999999995767e-04
3.160000000000000000e+13	1.500000000000000000e+01	8.999999999999997585e-04
3.980000000000000000e+13	1.500000000000000000e+01	1.400000000000001937e-03
5.010000000000000000e+13	1.500000000000000000e+01	2.049999999999999739e-03
6.310000000000000000e+13	1.500000000000000000e+01	2.649999999999999578e-03
7.940000000000000000e+13	1.500000000000000000e+01	3.099999999999998590e-03
1.000000000000000000e+14	1.500000000000000000e+01	3.499999999999996170e-03
1.260000000000000000e+14	1.500000000000000000e+01	3.500000000000003109e-03
1.580000000000000000e+14	1.500000000000000000e+01	4.499999999999997058e-03
2.000000000000000000e+14	1.500000000000000000e+01	5.999999999999991451e-03
2.510000000000000000e+14	1.500000000000000000e+01	1.049999999999999545e-02
3.160000000000000000e+14	1.500000000000000000e+01	1.949999999999998956e-02
3.980000000000000000e+14	1.500000000000000000e+01	3.349999999999997424e-02
5.010000000000000000e+14	1.500000000000000000e+01	5.249999999999999112e-02
6.310000000000000000e+14	1.500000000000000000e+01	6.999999999999995115e-02
7.940000000000000000e+14	1.500000000000000000e+01	9.499999999999997335e-02
1.000000000000000000e+15	1.500000000000000000e+01	1.149999999999999911e-01
1.260000000000000000e+15	1.500000000000000000e+01	1.300000000000000044e-01
1.580000000000000000e+15	1.500000000000000000e+01	1.400000000000000133e-01
2.000000000000000000e+15	1.500000000000000000e+01	1.450000000000000178e-01
2.510000000000000000e+15	1.500000000000000000e+01	1.399999999999999023e-01
3.160000000000000000e+15	1.500000000000000000e+01	1.350000000000001199e-01
3.980000000000000000e+15	1.500000000000000000e+01	1.249999999999998890e-01
5.010000000000000000e+15	1.500000000000000000e+01	1.149999999999999911e-01
6.310000000000000000e+15	1.500000000000000000e+01	9.999999999999997780e-02
7.940000000000000000e+15	1.500000000000000000e+01	8.999999999999996891e-02
1.000000000000000000e+16	1.500000000000000000e+01	7.999999999999996003e-02
1.260000000000000000e+16	1.500000000000000000e+01	6.800000000000006040e-02
1.580000000000000000e+16	1.500000000000000000e+01	5.899999999999999689e-02
2.000000000000000000e+16	1.500000000000000000e+01	5.050000000000004485e-02
2.510000000000000000e+16	1.500000000000000000e+01	4.250000000000003775e-02
3.160000000000000000e+16	1.500000000000000000e+01	3.599999999999997646e-02
3.980000000000000000e+16	1.500000000000000000e+01	3.049999999999999933e-02
5.010000000000000000e+16	1.500000000000000000e+01	2.549999999999999489e-02
6.310000000000000000e+16	1.500000000000000000e+01	2.149999999999999134e-02
7.940000000000000000e+16	1.500000000000000000e+01	1.799999999999998823e-02
1.000000000000000000e+17	1.500000000000000000e+01	1.499999999999999944e-02
1.000000000000000000e+11	1.700000000000000000e+01	1.000000000000000269e-09
1.258925411794166107e+11	1.700000000000000000e+01	3.162277660168366287e-09
1.584893192461110840e+11	1.700000000000000000e+01	9.999999999999919146e-09
1.995262314968882751e+11	1.700000000000000000e+01	3.162277660168404337e-08
2.511886431509582214e+11	1.700000000000000000e+01	1.000000000000004455e-07
3.162277660168379517e+11	1.700000000000000000e+01	3.162277660168379721e-07
3.981071705534969482e+11	1.700000000000000000e+01	9.999999999999959313e-07
5.011872336272714844e+11	1.700000000000000000e+01	3.162277660168353780e-06
6.309573444801943359e+11	1.700000000000000000e+01	1.000000000000008891e-05
7.943282347242821045e+11	1.700000000000000000e+01	3.162277660168392405e-05
1.000000000000000000e+12	1.700000000000000000e+01	1.500000000000003934e-05
1.260000000000000000e+12	1.700000000000000000e+01	2.000000000000005246e-05
1.580000000000000000e+12	1.700000000000000000e+01	2.499999999999995715e-05
2.000000000000000000e+12	1.700000000000000000e+01	2.499999999999995715e-05
2.510000000000000000e+12	1.700000000000000000e+01	2.500000000000006557e-05
3.160000000000000000e+12	1.700000000000000000e+01	2.500000000000006557e-05
3.980000000000000000e+12	1.700000000000000000e+01	2.999999999999986185e-05
5.010000000000000000e+12	1.700000000000000000e+01	3.000000000000007869e-05
6.310000000000000000e+12	1.700000000000000000e+01	3.500000000000009180e-05
7.940000000000000000e+12	1.700000000000000000e+01	3.500000000000009180e-05
1.000000000000000000e+13	1.700000000000000000e+01	4.999999999999991430e-05
1.260000000000000000e+13	1.700000000000000000e+01	7.499999999999997988e-05
1.580000000000000000e+13	1.700000000000000000e+01	1.250000000000001110e-04
2.000000000000000000e+13	1.700000000000000000e+01	2.250000000000003733e-04
2.510000000000000000e+13	1.700000000000000000e+01	4.500000000000007466e-04
3.160000000000000000e+13	1.700000000000000000e+01	6.999999999999992339e-04
3.980000000000000000e+13	1.700000000000000000e+01	1.149999999999998246e-03
5.010000000000000000e+13	1.700000000000000000e+01	1.649999999999998690e-03
6.310000000000000000e+13	1.700000000000000000e+01	2.149999999999999134e-03
7.940000000000000000e+13	1.700000000000000000e+01	2.300000000000003431e-03
1.000000000000000000e+14	1.700000000000000000e+01	2.500000000000002220e-03
1.260000000000000000e+14	1.700000000000000000e+01	2.999999999999995726e-03
1.580000000000000000e+14	1.700000000000000000e+01	3.500000000000003109e-03
2.000000000000000000e+14	1.700000000000000000e+01	5.000000000000004441e-03
2.510000000000000000e+14	1.700000000000000000e+01	9.499999999999994560e-03
3.160000000000000000e+14	1.700000000000000000e+01	1.900000000000001688e-02
3.980000000000000000e+14	1.700000000000000000e+01	3.300000000000002931e-02
5.010000000000000000e+14	1.700000000000000000e+01	5.199999999999999067e-02
6.310000000000000000e+14	1.700000000000000000e+01	7.500000000000006661e-02
7.940000000000000000e+14	1.700000000000000000e+01	9.499999999999997335e-02
1.000000000000000000e+15	1.700000000000000000e+01	1.149999999999999911e-01
1.260000000000000000e+15	1.700000000000000000e+01	1.299999999999998934e-01
1.580000000000000000e+15	1.700000000000000000e+01	1.399999999999999023e-01
2.000000000000000000e+15	1.700000000000000000e+01	1.400000000000001243e-01
2.510000000000000000e+15	1.700000000000000000e+01	1.400000000000001243e-01
3.160000000000000000e+15	1.700000000000000000e+01	1.350000000000000089e-01
3.980000000000000000e+15	1.700000000000000000e+01	1.250000000000000000e-01
5.010000000000000000e+15	1.700000000000000000e+01	1.149999999999999911e-01
6.310000000000000000e+15	1.700000000000000000e+01	1.050000000000000933e-01
7.940000000000000000e+15	1.700000000000000000e+01	8.999999999999996891e-02
1.000000000000000000e+16	1.700000000000000000e+01	7.999999999999996003e-02
1.260000000000000000e+16	1.700000000000000000e+01	6.999999999999995115e-02
1.580000000000000000e+16	1.700000000000000000e+01	5.750000000000005107e-02
2.000000000000000000e+16	1.700000000000000000e+01	4.999999999999998890e-02
2.510000000000000000e+16	1.700000000000000000e+01	4.299999999999998268e-02
3.160000000000000000e+16	1.700000000000000000e+01	3.600000000000003197e-02
3.980000000000000000e+16	1.700000000000000000e+01	3.050000000000002709e-02
5.010000000000000000e+16	1.700000000000000000e+01	2.550000000000002265e-02
6.310000000000000000e+16	1.700000000000000000e+01	2.100000000000001865e-02
7.940000000000000000e+16	1.700000000000000000e+01	1.800000000000001599e-02
1.000000000000000000e+17	1.700000000000000000e+01	1.500000000000001332e-02
1.000000000000000000e+11	1.900000000000000000e+01	1.000000000000000269e-09
1.258925411794166107e+11	1.900000000000000000e+01	3.162277660168366287e-09
1.584893192461110840e+11	1.900000000000000000e+01	9.999999999999919146e-09
1.995262314968882751e+11	1.900000000000000000e+01	3.162277660168404337e-08
2.511886431509582214e+11	1.900000000000000000e+01	1.000000000000004455e-07
3.162277660168379517e+11	1.900000000000000000e+01	3.162277660168379721e-07
3.981071705534969482e+11	1.900000000000000000e+01	9.999999999999959313e-07
5.011872336272714844e+11	1.900000000000000000e+01	3.162277660168353780e-06
6.309573444801943359e+11	1.900000000000000000e+01	1.000000000000008891e-05
7.943282347242821045e+11	1.900000000000000000e+01	3.162277660168392405e-05
1.000000000000000000e+12	1.900000000000000000e+01	1.500000000000003934e-05
1.260000000000000000e+12	1.900000000000000000e+01	9.999999999999917809e-06
1.580000000000000000e+12	1.900000000000000000e+01	1.000000000000002623e-05
2.000000000000000000e+12	1.900000000000000000e+01	1.500000000000003934e-05
2.510000000000000000e+12	1.900000000000000000e+01	1.499999999999993092e-05
3.160000000000000000e+12	1.900000000000000000e+01	2.000000000000005246e-05
3.980000000000000000e+12	1.900000000000000000e+01	2.000000000000005246e-05
5.010000000000000000e+12	1.900000000000000000e+01	2.499999999999984873e-05
6.310000000000000000e+12	1.900000000000000000e+01	2.000000000000005246e-05
7.940000000000000000e+12	1.900000000000000000e+01	2.499999999999984873e-05
1.000000000000000000e+13	1.900000000000000000e+01	3.499999999999987496e-05
1.260000000000000000e+13	1.900000000000000000e+01	6.000000000000015737e-05
1.580000000000000000e+13	1.900000000000000000e+01	1.050000000000000586e-04
2.000000000000000000e+13	1.900000000000000000e+01	1.850000000000002684e-04
2.510000000000000000e+13	1.900000000000000000e+01	2.999999999999999195e-04
3.160000000000000000e+13	1.900000000000000000e+01	5.999999999999998390e-04
3.980000000000000000e+13	1.900000000000000000e+01	9.500000000000029254e-04
5.010000000000000000e+13	1.900000000000000000e+01	1.350000000000003975e-03
6.310000000000000000e+13	1.900000000000000000e+01	1.750000000000001554e-03
7.940000000000000000e+13	1.900000000000000000e+01	2.499999999999995282e-03
1.000000000000000000e+14	1.900000000000000000e+01	2.499999999999995282e-03
1.260000000000000000e+14	1.900000000000000000e+01	2.500000000000002220e-03
1.580000000000000000e+14	1.900000000000000000e+01	3.000000000000002665e-03
2.000000000000000000e+14	1.900000000000000000e+01	4.999999999999990563e-03
2.510000000000000000e+14	1.900000000000000000e+01	9.500000000000008438e-03
3.160000000000000000e+14	1.900000000000000000e+01	1.849999999999998868e-02
3.980000000000000000e+14	1.900000000000000000e+01	3.249999999999997335e-02
5.010000000000000000e+14	1.900000000000000000e+01	4.950000000000004396e-02
6.310000000000000000e+14	1.900000000000000000e+01	7.499999999999995559e-02
7.940000000000000000e+14	1.900000000000000000e+01	9.499999999999997335e-02
1.000000000000000000e+15	1.900000000000000000e+01	1.099999999999998757e-01
1.260000000000000000e+15	1.900000000000000000e+01	1.250000000000000000e-01
1.580000000000000000e+15	1.900000000000000000e+01	1.350000000000000089e-01
2.000000000000000000e+15	1.900000000000000000e+01	1.450000000000000178e-01
2.510000000000000000e+15	1.900000000000000000e+01	1.399999999999999023e-01
3.160000000000000000e+15	1.900000000000000000e+01	1.350000000000000089e-01
3.980000000000000000e+15	1.900000000000000000e+01	1.300000000000001155e-01
5.010000000000000000e+15	1.900000000000000000e+01	1.149999999999999911e-01
6.310000000000000000e+15	1.900000000000000000e+01	1.049999999999998712e-01
7.940000000000000000e+15	1.900000000000000000e+01	9.000000000000007994e-02
1.000000000000000000e+16	1.900000000000000000e+01	8.000000000000007105e-02
1.260000000000000000e+16	1.900000000000000000e+01	6.500000000000005773e-02
1.580000000000000000e+16	1.900000000000000000e+01	5.999999999999994227e-02
2.000000000000000000e+16	1.900000000000000000e+01	5.149999999999999023e-02
2.510000000000000000e+16	1.900000000000000000e+01	4.249999999999998224e-02
3.160000000000000000e+16	1.900000000000000000e+01	3.599999999999997646e-02
3.980000000000000000e+16	1.900000000000000000e+01	3.049999999999997158e-02
5.010000000000000000e+16	1.900000000000000000e+01	2.549999999999999489e-02
6.310000000000000000e+16	1.900000000000000000e+01	2.149999999999999134e-02
7.940000000000000000e+16	1.900000000000000000e+01	1.799999999999998823e-02
1.000000000000000000e+17	1.900000000000000000e+01	1.499999999999998557e-02
1.000000000000000000e+11	2.100000000000000000e+01	1.000000000000000269e-09
1.258925411794166107e+11	2.100000000000000000e+01	3.162277660168366287e-09
1.584893192461110840e+11	2.100000000000000000e+01	9.999999999999919146e-09
1.995262314968882751e+11	2.100000000000000000e+01	3.162277660168404337e-08
2.511886431509582214e+11	2.100000000000000000e+01	1.000000000000004455e-07
3.162277660168379517e+11	2.100000000000000000e+01	3.162277660168379721e-07
3.981071705534969482e+11	2.100000000000000000e+01	9.999999999999959313e-07
5.011872336272714844e+11	2.100000000000000000e+01	3.162277660168353780e-06
6.309573444801943359e+11	2.100000000000000000e+01	1.000000000000008891e-05
7.943282347242821045e+11	2.100000000000000000e+01	3.162277660168392405e-05
1.000000000000000000e+12	2.100000000000000000e+01	9.999999999999917809e-06
1.260000000000000000e+12	2.100000000000000000e+01	1.000000000000002623e-05
1.580000000000000000e+12	2.100000000000000000e+01	1.499999999999993092e-05
2.000000000000000000e+12	2.100000000000000000e+01	1.000000000000002623e-05
2.510000000000000000e+12	2.100000000000000000e+01	1.500000000000003934e-05
3.160000000000000000e+12	2.100000000000000000e+01	9.999999999999809389e-06
3.980000000000000000e+12	2.100000000000000000e+01	1.000000000000002623e-05
5.010000000000000000e+12	2.100000000000000000e+01	1.500000000000003934e-05
6.310000000000000000e+12	2.100000000000000000e+01	1.999999999999983562e-05
7.940000000000000000e+12	2.100000000000000000e+01	2.500000000000006557e-05
1.000000000000000000e+13	2.100000000000000000e+01	3.000000000000007869e-05
1.260000000000000000e+13	2.100000000000000000e+01	5.000000000000013115e-05
1.580000000000000000e+13	2.100000000000000000e+01	8.999999999999980238e-05
2.000000000000000000e+13	2.100000000000000000e+01	1.599999999999995523e-04
2.510000000000000000e+13	2.100000000000000000e+01	2.999999999999999195e-04
3.160000000000000000e+13	2.100000000000000000e+01	5.000000000000004441e-04
3.980000000000000000e+13	2.100000000000000000e+01	7.999999999999986289e-04
5.010000000000000000e+13	2.100000000000000000e+01	1.149999999999998246e-03
6.310000000000000000e+13	2.100000000000000000e+01	1.449999999999999900e-03
7.940000000000000000e+13	2.100000000000000000e+01	1.500000000000001332e-03
1.000000000000000000e+14	2.100000000000000000e+01	2.000000000000001776e-03
1.260000000000000000e+14	2.100000000000000000e+01	2.000000000000001776e-03
1.580000000000000000e+14	2.100000000000000000e+01	2.499999999999988343e-03
2.000000000000000000e+14	2.100000000000000000e+01	4.500000000000003997e-03
2.510000000000000000e+14	2.100000000000000000e+01	9.500000000000008438e-03
3.160000000000000000e+14	2.100000000000000000e+01	1.799999999999998823e-02
3.980000000000000000e+14	2.100000000000000000e+01	3.300000000000002931e-02
5.010000000000000000e+14	2.100000000000000000e+01	5.499999999999993783e-02
6.310000000000000000e+14	2.100000000000000000e+01	6.999999999999995115e-02
7.940000000000000000e+14	2.100000000000000000e+01	9.500000000000008438e-02
1.000000000000000000e+15	2.100000000000000000e+01	1.149999999999999911e-01
1.260000000000000000e+15	2.100000000000000000e+01	1.300000000000001155e-01
1.580000000000000000e+15	2.100000000000000000e+01	1.400000000000001243e-01
2.000000000000000000e+15	2.100000000000000000e+01	1.399999999999999023e-01
2.510000000000000000e+15	2.100000000000000000e+01	1.450000000000000178e-01
3.160000000000000000e+15	2.100000000000000000e+01	1.399999999999999023e-01
3.980000000000000000e+15	2.100000000000000000e+01	1.250000000000000000e-01
5.010000000000000000e+15	2.100000000000000000e+01	1.149999999999999911e-01
6.310000000000000000e+15	2.100000000000000000e+01	1.000000000000000888e-01
7.940000000000000000e+15	2.100000000000000000e+01	8.999999999999996891e-02
1.000000000000000000e+16	2.100000000000000000e+01	7.999999999999996003e-02
1.260000000000000000e+16	2.100000000000000000e+01	6.999999999999995115e-02
1.580000000000000000e+16	2.100000000000000000e+01	6.000000000000005329e-02
2.000000000000000000e+16	2.100000000000000000e+01	5.000000000000004441e-02
2.510000000000000000e+16	2.100000000000000000e+01	4.249999999999998224e-02
3.160000000000000000e+16	2.100000000000000000e+01	3.650000000000003242e-02
3.980000000000000000e+16	2.100000000000000000e+01	3.050000000000002709e-02
5.010000000000000000e+16	2.100000000000000000e+01	2.599999999999996758e-02
6.310000000000000000e+16	2.100000000000000000e+01	2.149999999999999134e-02
7.940000000000000000e+16	2.100000000000000000e+01	1.800000000000001599e-02
1.000000000000000000e+17	2.100000000000000000e+01	1.500000000000001332e-02
1.000000000000000000e+11	2.300000000000000000e+01	1.000000000000000269e-09
1.258925411794166107e+11	2.300000000000000000e+01	3.162277660168366287e-09
1.584893192461110840e+11	2.300000000000000000e+01	9.999999999999919146e-09
1.995262314968882751e+11	2.300000000000000000e+01	3.162277660168404337e-08
2.511886431509582214e+11	2.300000000000000000e+01	1.000000000000004455e-07
3.162277660168379517e+11	2.300000000000000000e+01	3.162277660168379721e-07
3.981071705534969482e+11	2.300000000000000000e+01	9.999999999999959313e-07
5.011872336272714844e+11	2.300000000000000000e+01	3.162277660168353780e-06
6.309573444801943359e+11	2.300000000000000000e+01	1.000000000000008891e-05
7.943282347242821045e+11	2.300000000000000000e+01	3.162277660168392405e-05
1.000000000000000000e+12	2.300000000000000000e+01	5.000000000000013115e-06
1.260000000000000000e+12	2.300000000000000000e+01	1.000000000000002623e-05
1.580000000000000000e+12	2.300000000000000000e+01	5.000000000000013115e-06
2.000000000000000000e+12	2.300000000000000000e+01	9.999999999999917809e-06
2.510000000000000000e+12	2.300000000000000000e+01	1.000000000000002623e-05
3.160000000000000000e+12	2.300000000000000000e+01	1.000000000000002623e-05
3.980000000000000000e+12	2.300000000000000000e+01	1.500000000000003934e-05
5.010000000000000000e+12	2.300000000000000000e+01	1.500000000000003934e-05
6.310000000000000000e+12	2.300000000000000000e+01	1.500000000000003934e-05
7.940000000000000000e+12	2.300000000000000000e+01	1.500000000000003934e-05
1.000000000000000000e+13	2.300000000000000000e+01	3.000000000000007869e-05
1.260000000000000000e+13	2.300000000000000000e+01	4.499999999999990119e-05
1.580000000000000000e+13	2.300000000000000000e+01	7.499999999999997988e-05
2.000000000000000000e+13	2.300000000000000000e+01	1.499999999999999598e-04
2.510000000000000000e+13	2.300000000000000000e+01	2.500000000000002220e-04
3.160000000000000000e+13	2.300000000000000000e+01	3.999999999999993144e-04
3.980000000000000000e+13	2.300000000000000000e+01	6.999999999999992339e-04
5.010000000000000000e+13	2.300000000000000000e+01	1.000000000000000888e-03
6.310000000000000000e+13	2.300000000000000000e+01	1.250000000000001110e-03
7.940000000000000000e+13	2.300000000000000000e+01	1.500000000000001332e-03
1.000000000000000000e+14	2.300000000000000000e+01	1.500000000000001332e-03
1.260000000000000000e+14	2.300000000000000000e+01	2.000000000000001776e-03
1.580000000000000000e+14	2.300000000000000000e+01	2.500000000000002220e-03
2.000000000000000000e+14	2.300000000000000000e+01	4.000000000000003553e-03
2.510000000000000000e+14	2.300000000000000000e+01	8.499999999999979794e-03
3.160000000000000000e+14	2.300000000000000000e+01	1.800000000000001599e-02
3.980000000000000000e+14	2.300000000000000000e+01	3.199999999999997291e-02
5.010000000000000000e+14	2.300000000000000000e+01	5.000000000000004441e-02
6.310000000000000000e+14	2.300000000000000000e+01	7.500000000000006661e-02
7.940000000000000000e+14	2.300000000000000000e+01	8.999999999999985789e-02
1.000000000000000000e+15	2.300000000000000000e+01	1.149999999999999911e-01
1.260000000000000000e+15	2.300000000000000000e+01	1.299999999999998934e-01
1.580000000000000000e+15	2.300000000000000000e+01	1.350000000000000089e-01
2.000000000000000000e+15	2.300000000000000000e+01	1.450000000000000178e-01
2.510000000000000000e+15	2.300000000000000000e+01	1.400000000000001243e-01
3.160000000000000000e+15	2.300000000000000000e+01	1.350000000000000089e-01
3.980000000000000000e+15	2.300000000000000000e+01	1.250000000000000000e-01
5.010000000000000000e+15	2.300000000000000000e+01	1.149999999999999911e-01
6.310000000000000000e+15	2.300000000000000000e+01	1.049999999999999822e-01
7.940000000000000000e+15	2.300000000000000000e+01	9.000000000000007994e-02
1.000000000000000000e+16	2.300000000000000000e+01	7.999999999999996003e-02
1.260000000000000000e+16	2.300000000000000000e+01	6.999999999999995115e-02
1.580000000000000000e+16	2.300000000000000000e+01	5.999999999999994227e-02
2.000000000000000000e+16	2.300000000000000000e+01	4.999999999999993339e-02
2.510000000000000000e+16	2.300000000000000000e+01	4.450000000000003952e-02
3.160000000000000000e+16	2.300000000000000000e+01	3.599999999999997646e-02
3.980000000000000000e+16	2.300000000000000000e+01	2.999999999999997113e-02
5.010000000000000000e+16	2.300000000000000000e+01	2.550000000000002265e-02
6.310000000000000000e+16	2.300000000000000000e+01	2.150000000000001910e-02
7.940000000000000000e+16	2.300000000000000000e+01	1.799999999999998823e-02
1.000000000000000000e+17	2.300000000000000000e+01	1.499999999999998557e-02
1.000000000000000000e+11	2.500000000000000000e+01	1.000000000000000269e-09
1.258925411794166107e+11	2.500000000000000000e+01	3.162277660168366287e-09
1.584893192461110840e+11	2.500000000000000000e+01	9.999999999999919146e-09
1.995262314968882751e+11	2.500000000000000000e+01	3.162277660168404337e-08
2.511886431509582214e+11	2.500000000000000000e+01	1.000000000000004455e-07
3.162277660168379517e+11	2.500000000000000000e+01	3.162277660168379721e-07
3.981071705534969482e+11	2.500000000000000000e+01	9.999999999999959313e-07
5.011872336272714844e+11	2.500000000000000000e+01	3.162277660168353780e-06
6.309573444801943359e+11	2.500000000000000000e+01	1.000000000000008891e-05
7.943282347242821045e+11	2.500000000000000000e+01	3.162277660168392405e-05
1.000000000000000000e+12	2.500000000000000000e+01	5.000000000000013115e-06
1.260000000000000000e+12	2.500000000000000000e+01	5.000000000000013115e-06
1.580000000000000000e+12	2.500000000000000000e+01	5.000000000000013115e-06
2.000000000000000000e+12	2.500000000000000000e+01	5.000000000000013115e-06
2.510000000000000000e+12	2.500000000000000000e+01	5.000000000000013115e-06
3.160000000000000000e+12	2.500000000000000000e+01	1.000000000000002623e-05
3.980000000000000000e+12	2.500000000000000000e+01	1.000000000000002623e-05
5.010000000000000000e+12	2.500000000000000000e+01	1.000000000000002623e-05
6.310000000000000000e+12	2.500000000000000000e+01	1.500000000000003934e-05
7.940000000000000000e+12	2.500000000000000000e+01	2.000000000000005246e-05
1.000000000000000000e+13	2.500000000000000000e+01	2.000000000000005246e-05
1.260000000000000000e+13	2.500000000000000000e+01	3.499999999999987496e-05
1.580000000000000000e+13	2.500000000000000000e+01	6.500000000000038733e-05
2.000000000000000000e+13	2.500000000000000000e+01	1.000000000000002623e-04
2.510000000000000000e+13	2.500000000000000000e+01	1.999999999999987899e-04
3.160000000000000000e+13	2.500000000000000000e+01	4.000000000000010492e-04
3.980000000000000000e+13	2.500000000000000000e+01	5.999999999999998390e-04
5.010000000000000000e+13	2.500000000000000000e+01	8.499999999999965916e-04
6.310000000000000000e+13	2.500000000000000000e+01	1.149999999999998246e-03
7.940000000000000000e+13	2.500000000000000000e+01	1.500000000000001332e-03
1.000000000000000000e+14	2.500000000000000000e+01	1.500000000000001332e-03
1.260000000000000000e+14	2.500000000000000000e+01	1.500000000000001332e-03
1.580000000000000000e+14	2.500000000000000000e+01	2.000000000000001776e-03
2.000000000000000000e+14	2.500000000000000000e+01	4.000000000000003553e-03
2.510000000000000000e+14	2.500000000000000000e+01	9.000000000000007994e-03
3.160000000000000000e+14	2.500000000000000000e+01	1.800000000000001599e-02
3.980000000000000000e+14	2.500000000000000000e+01	3.250000000000002887e-02
5.010000000000000000e+14	2.500000000000000000e+01	4.999999999999993339e-02
6.310000000000000000e+14	2.500000000000000000e+01	6.999999999999995115e-02
7.940000000000000000e+14	2.500000000000000000e+01	9.500000000000019540e-02
1.000000000000000000e+15	2.500000000000000000e+01	1.100000000000000977e-01
1.260000000000000000e+15	2.500000000000000000e+01	1.250000000000000000e-01
1.580000000000000000e+15	2.500000000000000000e+01	1.399999999999999023e-01
2.000000000000000000e+15	2.500000000000000000e+01	1.400000000000001243e-01
2.510000000000000000e+15	2.500000000000000000e+01	1.399999999999999023e-01
3.160000000000000000e+15	2.500000000000000000e+01	1.350000000000000089e-01
3.980000000000000000e+15	2.500000000000000000e+01	1.250000000000000000e-01
5.010000000000000000e+15	2.500000000000000000e+01	1.149999999999999911e-01
6.310000000000000000e+15	2.500000000000000000e+01	1.000000000000000888e-01
7.940000000000000000e+15	2.500000000000000000e+01	9.499999999999997335e-02
1.000000000000000000e+16	2.500000000000000000e+01	7.500000000000006661e-02
1.260000000000000000e+16	2.500000000000000000e+01	7.000000000000006217e-02
1.580000000000000000e+16	2.500000000000000000e+01	5.500000000000004885e-02
2.000000000000000000e+16	2.500000000000000000e+01	5.000000000000004441e-02
2.510000000000000000e+16	2.500000000000000000e+01	4.000000000000003553e-02
3.160000000000000000e+16	2.500000000000000000e+01	3.599999999999997646e-02
3.980000000000000000e+16	2.500000000000000000e+01	3.050000000000002709e-02
5.010000000000000000e+16	2.500000000000000000e+01	2.550000000000002265e-02
6.310000000000000000e+16	2.500000000000000000e+01	2.150000000000001910e-02
7.940000000000000000e+16	2.500000000000000000e+01	1.800000000000001599e-02
1.000000000000000000e+17	2.500000000000000000e+01	1.500000000000001332e-02
1.000000000000000000e+11	2.700000000000000000e+01	1.000000000000000269e-09
1.258925411794166107e+11	2.700000000000000000e+01	3.162277660168366287e-09
1.584893192461110840e+11	2.700000000000000000e+01	9.999999999999919146e-09
1.995262314968882751e+11	2.700000000000000000e+01	3.162277660168404337e-08
2.511886431509582214e+11	2.700000000000000000e+01	1.000000000000004455e-07
3.162277660168379517e+11	2.700000000000000000e+01	3.162277660168379721e-07
3.981071705534969482e+11	2.700000000000000000e+01	9.999999999999959313e-07
5.011872336272714844e+11	2.700000000000000000e+01	3.162277660168353780e-06
6.309573444801943359e+11	2.700000000000000000e+01	1.000000000000008891e-05
7.943282347242821045e+11	2.700000000000000000e+01	3.162277660168392405e-05
1.000000000000000000e+12	2.700000000000000000e+01	5.000000000000013115e-06
1.260000000000000000e+12	2.700000000000000000e+01	5.000000000000013115e-06
1.580000000000000000e+12	2.700000000000000000e+01	5.000000000000013115e-06
2.000000000000000000e+12	2.700000000000000000e+01	5.000000000000013115e-06
2.510000000000000000e+12	2.700000000000000000e+01	1.000000000000002623e-05
3.160000000000000000e+12	2.700000000000000000e+01	1.000000000000002623e-05
3.980000000000000000e+12	2.700000000000000000e+01	5.000000000000013115e-06
5.010000000000000000e+12	2.700000000000000000e+01	1.000000000000002623e-05
6.310000000000000000e+12	2.700000000000000000e+01	1.000000000000002623e-05
7.940000000000000000e+12	2.700000000000000000e+01	1.000000000000002623e-05
1.000000000000000000e+13	2.700000000000000000e+01	1.999999999999983562e-05
1.260000000000000000e+13	2.700000000000000000e+01	3.499999999999987496e-05
1.580000000000000000e+13	2.700000000000000000e+01	5.999999999999972369e-05
2.000000000000000000e+13	2.700000000000000000e+01	1.000000000000002623e-04
2.510000000000000000e+13	2.700000000000000000e+01	2.000000000000005246e-04
3.160000000000000000e+13	2.700000000000000000e+01	3.499999999999996170e-04
3.980000000000000000e+13	2.700000000000000000e+01	5.500000000000018763e-04
5.010000000000000000e+13	2.700000000000000000e+01	8.000000000000020983e-04
6.310000000000000000e+13	2.700000000000000000e+01	1.000000000000000888e-03
7.940000000000000000e+13	2.700000000000000000e+01	1.000000000000000888e-03
1.000000000000000000e+14	2.700000000000000000e+01	1.000000000000000888e-03
1.260000000000000000e+14	2.700000000000000000e+01	1.500000000000001332e-03
1.580000000000000000e+14	2.700000000000000000e+01	2.000000000000001776e-03
2.000000000000000000e+14	2.700000000000000000e+01	3.999999999999989675e-03
2.510000000000000000e+14	2.700000000000000000e+01	8.500000000000007550e-03
3.160000000000000000e+14	2.700000000000000000e+01	1.799999999999996048e-02
3.980000000000000000e+14	2.700000000000000000e+01	3.199999999999997291e-02
5.010000000000000000e+14	2.700000000000000000e+01	5.000000000000004441e-02
6.310000000000000000e+14	2.700000000000000000e+01	7.499999999999995559e-02
7.940000000000000000e+14	2.700000000000000000e+01	9.499999999999997335e-02
1.000000000000000000e+15	2.700000000000000000e+01	1.149999999999999911e-01
1.260000000000000000e+15	2.700000000000000000e+01	1.300000000000001155e-01
1.580000000000000000e+15	2.700000000000000000e+01	1.350000000000000089e-01
2.000000000000000000e+15	2.700000000000000000e+01	1.399999999999999023e-01
2.510000000000000000e+15	2.700000000000000000e+01	1.400000000000001243e-01
3.160000000000000000e+15	2.700000000000000000e+01	1.350000000000000089e-01
3.980000000000000000e+15	2.700000000000000000e+01	1.299999999999998934e-01
5.010000000000000000e+15	2.700000000000000000e+01	1.149999999999999911e-01
6.310000000000000000e+15	2.700000000000000000e+01	1.049999999999999822e-01
7.940000000000000000e+15	2.700000000000000000e+01	8.999999999999985789e-02
1.000000000000000000e+16	2.700000000000000000e+01	8.000000000000007105e-02
1.260000000000000000e+16	2.700000000000000000e+01	6.499999999999994671e-02
1.580000000000000000e+16	2.700000000000000000e+01	5.999999999999994227e-02
2.000000000000000000e+16	2.700000000000000000e+01	4.999999999999993339e-02
2.510000000000000000e+16	2.700000000000000000e+01	4.499999999999992895e-02
3.160000000000000000e+16	2.700000000000000000e+01	3.450000000000003064e-02
3.980000000000000000e+16	2.700000000000000000e+01	3.049999999999997158e-02
5.010000000000000000e+16	2.700000000000000000e+01	2.549999999999996714e-02
6.310000000000000000e+16	2.700000000000000000e+01	2.149999999999996358e-02
7.940000000000000000e+16	2.700000000000000000e+01	1.749999999999998779e-02
1.000000000000000000e+17	2.700000000000000000e+01	1.499999999999998557e-02
1.000000000000000000e+11	2.900000000000000000e+01	1.000000000000000269e-09
1.258925411794166107e+11	2.900000000000000000e+01	3.162277660168366287e-09
1.584893192461110840e+11	2.900000000000000000e+01	9.999999999999919146e-09
1.995262314968882751e+11	2.900000000000000000e+01	3.162277660168404337e-08
2.511886431509582214e+11	2.900000000000000000e+01	1.000000000000004455e-07
3.162277660168379517e+11	2.900000000000000000e+01	3.162277660168379721e-07
3.981071705534969482e+11	2.900000000000000000e+01	9.999999999999959313e-07
5.011872336272714844e+11	2.900000000000000000e+01	3.162277660168353780e-06
6.309573444801943359e+11	2.900000000000000000e+01	1.000000000000008891e-05
7.943282347242821045e+11	2.900000000000000000e+01	3.162277660168392405e-05
1.000000000000000000e+12	2.900000000000000000e+01	5.000000000000013115e-06
1.260000000000000000e+12	2.900000000000000000e+01	5.000000000000013115e-06
1.580000000000000000e+12	2.900000000000000000e+01	5.000000000000013115e-06
2.000000000000000000e+12	2.900000000000000000e+01	5.000000000000013115e-06
2.510000000000000000e+12	2.900000000000000000e+01	5.000000000000013115e-06
3.160000000000000000e+12	2.900000000000000000e+01	5.000000000000013115e-06
3.980000000000000000e+12	2.900000000000000000e+01	9.999999999999809389e-06
5.010000000000000000e+12	2.900000000000000000e+01	1.000000000000002623e-05
6.310000000000000000e+12	2.900000000000000000e+01	1.000000000000002623e-05
7.940000000000000000e+12	2.900000000000000000e+01	1.499999999999982250e-05
1.000000000000000000e+13	2.900000000000000000e+01	2.000000000000005246e-05
1.260000000000000000e+13	2.900000000000000000e+01	3.000000000000007869e-05
1.580000000000000000e+13	2.900000000000000000e+01	5.000000000000013115e-05
2.000000000000000000e+13	2.900000000000000000e+01	9.999999999999939493e-05
2.510000000000000000e+13	2.900000000000000000e+01	2.000000000000005246e-04
3.160000000000000000e+13	2.900000000000000000e+01	2.999999999999981848e-04
3.980000000000000000e+13	2.900000000000000000e+01	5.000000000000004441e-04
5.010000000000000000e+13	2.900000000000000000e+01	6.999999999999992339e-04
6.310000000000000000e+13	2.900000000000000000e+01	8.999999999999980238e-04
7.940000000000000000e+13	2.900000000000000000e+01	9.999999999999939493e-04
1.000000000000000000e+14	2.900000000000000000e+01	1.500000000000001332e-03
1.260000000000000000e+14	2.900000000000000000e+01	1.499999999999987454e-03
1.580000000000000000e+14	2.900000000000000000e+01	2.000000000000001776e-03
2.000000000000000000e+14	2.900000000000000000e+01	4.000000000000003553e-03
2.510000000000000000e+14	2.900000000000000000e+01	8.999999999999980238e-03
3.160000000000000000e+14	2.900000000000000000e+01	1.800000000000001599e-02
3.980000000000000000e+14	2.900000000000000000e+01	3.350000000000002975e-02
5.010000000000000000e+14	2.900000000000000000e+01	5.500000000000004885e-02
6.310000000000000000e+14	2.900000000000000000e+01	7.000000000000006217e-02
7.940000000000000000e+14	2.900000000000000000e+01	9.499999999999997335e-02
1.000000000000000000e+15	2.900000000000000000e+01	1.100000000000000977e-01
1.260000000000000000e+15	2.900000000000000000e+01	1.250000000000000000e-01
1.580000000000000000e+15	2.900000000000000000e+01	1.400000000000001243e-01
2.000000000000000000e+15	2.900000000000000000e+01	1.450000000000000178e-01
2.510000000000000000e+15	2.900000000000000000e+01	1.449999999999997957e-01
3.160000000000000000e+15	2.900000000000000000e+01	1.350000000000000089e-01
3.980000000000000000e+15	2.900000000000000000e+01	1.250000000000000000e-01
5.010000000000000000e+15	2.900000000000000000e+01	1.149999999999999911e-01
6.310000000000000000e+15	2.900000000000000000e+01	9.999999999999986677e-02
7.940000000000000000e+15	2.900000000000000000e+01	9.000000000000007994e-02
1.000000000000000000e+16	2.900000000000000000e+01	7.999999999999984901e-02
1.260000000000000000e+16	2.900000000000000000e+01	7.000000000000006217e-02
1.580000000000000000e+16	2.900000000000000000e+01	6.000000000000005329e-02
2.000000000000000000e+16	2.900000000000000000e+01	5.000000000000004441e-02
2.510000000000000000e+16	2.900000000000000000e+01	4.000000000000003553e-02
3.160000000000000000e+16	2.900000000000000000e+01	4.000000000000003553e-02
3.980000000000000000e+16	2.900000000000000000e+01	3.050000000000002709e-02
5.010000000000000000e+16	2.900000000000000000e+01	2.550000000000002265e-02
6.310000000000000000e+16	2.900000000000000000e+01	2.150000000000001910e-02
7.940000000000000000e+16	2.900000000000000000e+01	1.800000000000001599e-02
1.000000000000000000e+17	2.900000000000000000e+01	1.500000000000001332e-02
