1.000000000000000000e+11	5.000000000000000000e-01	1.000000000000000269e-09
1.258925411794166107e+11	5.000000000000000000e-01	3.162277660168366287e-09
1.584893192461110840e+11	5.000000000000000000e-01	9.999999999999919146e-09
1.995262314968882751e+11	5.000000000000000000e-01	3.162277660168404337e-08
2.511886431509582214e+11	5.000000000000000000e-01	1.000000000000004455e-07
3.162277660168379517e+11	5.000000000000000000e-01	3.162277660168379721e-07
3.981071705534969482e+11	5.000000000000000000e-01	9.999999999999959313e-07
5.011872336272714844e+11	5.000000000000000000e-01	3.162277660168353780e-06
6.309573444801943359e+11	5.000000000000000000e-01	1.000000000000008891e-05
7.943282347242821045e+11	5.000000000000000000e-01	3.162277660168392405e-05
1.000000000000000000e+12	5.000000000000000000e-01	1.359999999999999989e-04
1.260000000000000000e+12	5.000000000000000000e-01	1.450000000000000009e-04
1.580000000000000000e+12	5.000000000000000000e-01	1.499999999999999869e-04
2.000000000000000000e+12	5.000000000000000000e-01	1.569999999999999944e-04
2.510000000000000000e+12	5.000000000000000000e-01	1.640000000000000019e-04
3.160000000000000000e+12	5.000000000000000000e-01	1.730000000000000038e-04
3.980000000000000000e+12	5.000000000000000000e-01	1.830000000000000029e-04
5.010000000000000000e+12	5.000000000000000000e-01	1.949999999999999965e-04
6.310000000000000000e+12	5.000000000000000000e-01	2.100000000000000087e-04
7.940000000000000000e+12	5.000000000000000000e-01	2.310000000000000042e-04
1.000000000000000000e+13	5.000000000000000000e-01	2.759999999999999867e-04
1.260000000000000000e+13	5.000000000000000000e-01	3.789999999999999966e-04
1.580000000000000000e+13	5.000000000000000000e-01	5.619999999999999996e-04
2.000000000000000000e+13	5.000000000000000000e-01	8.909999999999999734e-04
2.510000000000000000e+13	5.000000000000000000e-01	1.500000000000000031e-03
3.160000000000000000e+13	5.000000000000000000e-01	2.550000000000000183e-03
3.980000000000000000e+13	5.000000000000000000e-01	4.109999999999999938e-03
5.010000000000000000e+13	5.000000000000000000e-01	6.020000000000000177e-03
6.310000000000000000e+13	5.000000000000000000e-01	7.939999999999999142e-03
7.940000000000000000e+13	5.000000000000000000e-01	9.549999999999999462e-03
1.000000000000000000e+14	5.000000000000000000e-01	1.060000000000000005e-02
1.260000000000000000e+14	5.000000000000000000e-01	1.129999999999999928e-02
1.580000000000000000e+14	5.000000000000000000e-01	1.179999999999999973e-02
2.000000000000000000e+14	5.000000000000000000e-01	1.329999999999999932e-02
2.510000000000000000e+14	5.000000000000000000e-01	1.739999999999999880e-02
3.160000000000000000e+14	5.000000000000000000e-01	2.580000000000000002e-02
3.980000000000000000e+14	5.000000000000000000e-01	3.930000000000000160e-02
5.010000000000000000e+14	5.000000000000000000e-01	5.739999999999999963e-02
6.310000000000000000e+14	5.000000000000000000e-01	7.799999999999999989e-02
7.940000000000000000e+14	5.000000000000000000e-01	9.879999999999999893e-02
1.000000000000000000e+15	5.000000000000000000e-01	1.170000000000000068e-01
1.260000000000000000e+15	5.000000000000000000e-01	1.310000000000000053e-01
1.580000000000000000e+15	5.000000000000000000e-01	1.409999999999999865e-01
2.000000000000000000e+15	5.000000000000000000e-01	1.449999999999999900e-01
2.510000000000000000e+15	5.000000000000000000e-01	1.429999999999999882e-01
3.160000000000000000e+15	5.000000000000000000e-01	1.370000000000000107e-01
3.980000000000000000e+15	5.000000000000000000e-01	1.280000000000000027e-01
5.010000000000000000e+15	5.000000000000000000e-01	1.160000000000000059e-01
6.310000000000000000e+15	5.000000000000000000e-01	1.039999999999999952e-01
7.940000000000000000e+15	5.000000000000000000e-01	9.160000000000000087e-02
1.000000000000000000e+16	5.000000000000000000e-01	7.989999999999999880e-02
1.260000000000000000e+16	5.000000000000000000e-01	6.900000000000000577e-02
1.580000000000000000e+16	5.000000000000000000e-01	5.929999999999999855e-02
2.000000000000000000e+16	5.000000000000000000e-01	5.059999999999999915e-02
2.510000000000000000e+16	5.000000000000000000e-01	4.299999999999999656e-02
3.160000000000000000e+16	5.000000000000000000e-01	3.640000000000000180e-02
3.980000000000000000e+16	5.000000000000000000e-01	3.070000000000000159e-02
5.010000000000000000e+16	5.000000000000000000e-01	2.580000000000000002e-02
6.310000000000000000e+16	5.000000000000000000e-01	2.160000000000000114e-02
7.940000000000000000e+16	5.000000000000000000e-01	1.810000000000000150e-02
1.000000000000000000e+17	5.000000000000000000e-01	1.510000000000000057e-02
1.000000000000000000e+11	1.500000000000000000e+00	1.000000000000000269e-09
1.258925411794166107e+11	1.500000000000000000e+00	3.162277660168366287e-09
1.584893192461110840e+11	1.500000000000000000e+00	9.999999999999919146e-09
1.995262314968882751e+11	1.500000000000000000e+00	3.162277660168404337e-08
2.511886431509582214e+11	1.500000000000000000e+00	1.000000000000004455e-07
3.162277660168379517e+11	1.500000000000000000e+00	3.162277660168379721e-07
3.981071705534969482e+11	1.500000000000000000e+00	9.999999999999959313e-07
5.011872336272714844e+11	1.500000000000000000e+00	3.162277660168353780e-06
6.309573444801943359e+11	1.500000000000000000e+00	1.000000000000008891e-05
7.943282347242821045e+11	1.500000000000000000e+00	3.162277660168392405e-05
1.000000000000000000e+12	1.500000000000000000e+00	1.210000000000000138e-04
1.260000000000000000e+12	1.500000000000000000e+00	1.280000000000000213e-04
1.580000000000000000e+12	1.500000000000000000e+00	1.330000000000000073e-04
2.000000000000000000e+12	1.500000000000000000e+00	1.380000000000000204e-04
2.510000000000000000e+12	1.500000000000000000e+00	1.440000000000000036e-04
3.160000000000000000e+12	1.500000000000000000e+00	1.510000000000000112e-04
3.980000000000000000e+12	1.500000000000000000e+00	1.590000000000000159e-04
5.010000000000000000e+12	1.500000000000000000e+00	1.699999999999999851e-04
6.310000000000000000e+12	1.500000000000000000e+00	1.819999999999999786e-04
7.940000000000000000e+12	1.500000000000000000e+00	1.980000000000000152e-04
1.000000000000000000e+13	1.500000000000000000e+00	2.370000000000000145e-04
1.260000000000000000e+13	1.500000000000000000e+00	3.260000000000000094e-04
1.580000000000000000e+13	1.500000000000000000e+00	4.879999999999999356e-04
2.000000000000000000e+13	1.500000000000000000e+00	7.790000000000000700e-04
2.510000000000000000e+13	1.500000000000000000e+00	1.319999999999999993e-03
3.160000000000000000e+13	1.500000000000000000e+00	2.269999999999999449e-03
3.980000000000000000e+13	1.500000000000000000e+00	3.660000000000000059e-03
5.010000000000000000e+13	1.500000000000000000e+00	5.380000000000000233e-03
6.310000000000000000e+13	1.500000000000000000e+00	7.060000000000000303e-03
7.940000000000000000e+13	1.500000000000000000e+00	8.449999999999999178e-03
1.000000000000000000e+14	1.500000000000000000e+00	9.499999999999999764e-03
1.260000000000000000e+14	1.500000000000000000e+00	1.000000000000000021e-02
1.580000000000000000e+14	1.500000000000000000e+00	1.050000000000000065e-02
2.000000000000000000e+14	1.500000000000000000e+00	1.209999999999999964e-02
2.510000000000000000e+14	1.500000000000000000e+00	1.630000000000000199e-02
3.160000000000000000e+14	1.500000000000000000e+00	2.470000000000000320e-02
3.980000000000000000e+14	1.500000000000000000e+00	3.830000000000000071e-02
5.010000000000000000e+14	1.500000000000000000e+00	5.660000000000000447e-02
6.310000000000000000e+14	1.500000000000000000e+00	7.699999999999999900e-02
7.940000000000000000e+14	1.500000000000000000e+00	9.820000000000000950e-02
1.000000000000000000e+15	1.500000000000000000e+00	1.170000000000000068e-01
1.260000000000000000e+15	1.500000000000000000e+00	1.310000000000000053e-01
1.580000000000000000e+15	1.500000000000000000e+00	1.400000000000000411e-01
2.000000000000000000e+15	1.500000000000000000e+00	1.439999999999999891e-01
2.510000000000000000e+15	1.500000000000000000e+00	1.429999999999999882e-01
3.160000000000000000e+15	1.500000000000000000e+00	1.370000000000000107e-01
3.980000000000000000e+15	1.500000000000000000e+00	1.270000000000000018e-01
5.010000000000000000e+15	1.500000000000000000e+00	1.160000000000000059e-01
6.310000000000000000e+15	1.500000000000000000e+00	1.029999999999999943e-01
7.940000000000000000e+15	1.500000000000000000e+00	9.139999999999999514e-02
1.000000000000000000e+16	1.500000000000000000e+00	8.010000000000000453e-02
1.260000000000000000e+16	1.500000000000000000e+00	6.900000000000000577e-02
1.580000000000000000e+16	1.500000000000000000e+00	5.869999999999999524e-02
2.000000000000000000e+16	1.500000000000000000e+00	5.040000000000000729e-02
2.510000000000000000e+16	1.500000000000000000e+00	4.290000000000000757e-02
3.160000000000000000e+16	1.500000000000000000e+00	3.629999999999999893e-02
3.980000000000000000e+16	1.500000000000000000e+00	3.059999999999999873e-02
5.010000000000000000e+16	1.500000000000000000e+00	2.569999999999999715e-02
6.310000000000000000e+16	1.500000000000000000e+00	2.160000000000000114e-02
7.940000000000000000e+16	1.500000000000000000e+00	1.799999999999999864e-02
1.000000000000000000e+17	1.500000000000000000e+00	1.499999999999999771e-02
1.000000000000000000e+11	2.500000000000000000e+00	1.000000000000000269e-09
1.258925411794166107e+11	2.500000000000000000e+00	3.162277660168366287e-09
1.584893192461110840e+11	2.500000000000000000e+00	9.999999999999919146e-09
1.995262314968882751e+11	2.500000000000000000e+00	3.162277660168404337e-08
2.511886431509582214e+11	2.500000000000000000e+00	1.000000000000004455e-07
3.162277660168379517e+11	2.500000000000000000e+00	3.162277660168379721e-07
3.981071705534969482e+11	2.500000000000000000e+00	9.999999999999959313e-07
5.011872336272714844e+11	2.500000000000000000e+00	3.162277660168353780e-06
6.309573444801943359e+11	2.500000000000000000e+00	1.000000000000008891e-05
7.943282347242821045e+11	2.500000000000000000e+00	3.162277660168392405e-05
1.000000000000000000e+12	2.500000000000000000e+00	1.059999999999999745e-04
1.260000000000000000e+12	2.500000000000000000e+00	1.119999999999999577e-04
1.580000000000000000e+12	2.500000000000000000e+00	1.160000000000000007e-04
2.000000000000000000e+12	2.500000000000000000e+00	1.199999999999999895e-04
2.510000000000000000e+12	2.500000000000000000e+00	1.250000000000000026e-04
3.160000000000000000e+12	2.500000000000000000e+00	1.299999999999999615e-04
3.980000000000000000e+12	2.500000000000000000e+00	1.359999999999999989e-04
5.010000000000000000e+12	2.500000000000000000e+00	1.440000000000000308e-04
6.310000000000000000e+12	2.500000000000000000e+00	1.540000000000000570e-04
7.940000000000000000e+12	2.500000000000000000e+00	1.679999999999999636e-04
1.000000000000000000e+13	2.500000000000000000e+00	2.010000000000000068e-04
1.260000000000000000e+13	2.500000000000000000e+00	2.790000000000000596e-04
1.580000000000000000e+13	2.500000000000000000e+00	4.200000000000000174e-04
2.000000000000000000e+13	2.500000000000000000e+00	6.800000000000000488e-04
2.510000000000000000e+13	2.500000000000000000e+00	1.169999999999999599e-03
3.160000000000000000e+13	2.500000000000000000e+00	2.010000000000000502e-03
3.980000000000000000e+13	2.500000000000000000e+00	3.229999999999999365e-03
5.010000000000000000e+13	2.500000000000000000e+00	4.799999999999998712e-03
6.310000000000000000e+13	2.500000000000000000e+00	6.300000000000000044e-03
7.940000000000000000e+13	2.500000000000000000e+00	7.600000000000002587e-03
1.000000000000000000e+14	2.500000000000000000e+00	8.400000000000001216e-03
1.260000000000000000e+14	2.500000000000000000e+00	8.799999999999998795e-03
1.580000000000000000e+14	2.500000000000000000e+00	9.399999999999998634e-03
2.000000000000000000e+14	2.500000000000000000e+00	1.089999999999999997e-02
2.510000000000000000e+14	2.500000000000000000e+00	1.510000000000000231e-02
3.160000000000000000e+14	2.500000000000000000e+00	2.369999999999999885e-02
3.980000000000000000e+14	2.500000000000000000e+00	3.740000000000000269e-02
5.010000000000000000e+14	2.500000000000000000e+00	5.600000000000000810e-02
6.310000000000000000e+14	2.500000000000000000e+00	7.700000000000001288e-02
7.940000000000000000e+14	2.500000000000000000e+00	9.699999999999997513e-02
1.000000000000000000e+15	2.500000000000000000e+00	1.159999999999999643e-01
1.260000000000000000e+15	2.500000000000000000e+00	1.310000000000000053e-01
1.580000000000000000e+15	2.500000000000000000e+00	1.399999999999999578e-01
2.000000000000000000e+15	2.500000000000000000e+00	1.440000000000000169e-01
2.510000000000000000e+15	2.500000000000000000e+00	1.430000000000000160e-01
3.160000000000000000e+15	2.500000000000000000e+00	1.369999999999999551e-01
3.980000000000000000e+15	2.500000000000000000e+00	1.270000000000000018e-01
5.010000000000000000e+15	2.500000000000000000e+00	1.159999999999999643e-01
6.310000000000000000e+15	2.500000000000000000e+00	1.040000000000000091e-01
7.940000000000000000e+15	2.500000000000000000e+00	9.100000000000002531e-02
1.000000000000000000e+16	2.500000000000000000e+00	7.899999999999998690e-02
1.260000000000000000e+16	2.500000000000000000e+00	6.899999999999997802e-02
1.580000000000000000e+16	2.500000000000000000e+00	5.999999999999999778e-02
2.000000000000000000e+16	2.500000000000000000e+00	5.099999999999998979e-02
2.510000000000000000e+16	2.500000000000000000e+00	4.309999999999999942e-02
3.160000000000000000e+16	2.500000000000000000e+00	3.629999999999999893e-02
3.980000000000000000e+16	2.500000000000000000e+00	3.059999999999999526e-02
5.010000000000000000e+16	2.500000000000000000e+00	2.570000000000000756e-02
6.310000000000000000e+16	2.500000000000000000e+00	2.149999999999999134e-02
7.940000000000000000e+16	2.500000000000000000e+00	1.800000000000000211e-02
1.000000000000000000e+17	2.500000000000000000e+00	1.509999999999999884e-02
1.000000000000000000e+11	3.500000000000000000e+00	1.000000000000000269e-09
1.258925411794166107e+11	3.500000000000000000e+00	3.162277660168366287e-09
1.584893192461110840e+11	3.500000000000000000e+00	9.999999999999919146e-09
1.995262314968882751e+11	3.500000000000000000e+00	3.162277660168404337e-08
2.511886431509582214e+11	3.500000000000000000e+00	1.000000000000004455e-07
3.162277660168379517e+11	3.500000000000000000e+00	3.162277660168379721e-07
3.981071705534969482e+11	3.500000000000000000e+00	9.999999999999959313e-07
5.011872336272714844e+11	3.500000000000000000e+00	3.162277660168353780e-06
6.309573444801943359e+11	3.500000000000000000e+00	1.000000000000008891e-05
7.943282347242821045e+11	3.500000000000000000e+00	3.162277660168392405e-05
1.000000000000000000e+12	3.500000000000000000e+00	8.899999999999999491e-05
1.260000000000000000e+12	3.500000000000000000e+00	9.600000000000000243e-05
1.580000000000000000e+12	3.500000000000000000e+00	9.899999999999996693e-05
2.000000000000000000e+12	3.500000000000000000e+00	1.030000000000000100e-04
2.510000000000000000e+12	3.500000000000000000e+00	1.059999999999999745e-04
3.160000000000000000e+12	3.500000000000000000e+00	1.100000000000000717e-04
3.980000000000000000e+12	3.500000000000000000e+00	1.160000000000000007e-04
5.010000000000000000e+12	3.500000000000000000e+00	1.220000000000000381e-04
6.310000000000000000e+12	3.500000000000000000e+00	1.289999999999999914e-04
7.940000000000000000e+12	3.500000000000000000e+00	1.410000000000000663e-04
1.000000000000000000e+13	3.500000000000000000e+00	1.689999999999999879e-04
1.260000000000000000e+13	3.500000000000000000e+00	2.359999999999998817e-04
1.580000000000000000e+13	3.500000000000000000e+00	3.600000000000000769e-04
2.000000000000000000e+13	3.500000000000000000e+00	5.899999999999998128e-04
2.510000000000000000e+13	3.500000000000000000e+00	1.020000000000000073e-03
3.160000000000000000e+13	3.500000000000000000e+00	1.760000000000000279e-03
3.980000000000000000e+13	3.500000000000000000e+00	2.899999999999999800e-03
5.010000000000000000e+13	3.500000000000000000e+00	4.200000000000002343e-03
6.310000000000000000e+13	3.500000000000000000e+00	5.600000000000000810e-03
7.940000000000000000e+13	3.500000000000000000e+00	6.599999999999998229e-03
1.000000000000000000e+14	3.500000000000000000e+00	7.299999999999997463e-03
1.260000000000000000e+14	3.500000000000000000e+00	7.700000000000001982e-03
1.580000000000000000e+14	3.500000000000000000e+00	8.300000000000001821e-03
2.000000000000000000e+14	3.500000000000000000e+00	9.800000000000003153e-03
2.510000000000000000e+14	3.500000000000000000e+00	1.409999999999999448e-02
3.160000000000000000e+14	3.500000000000000000e+00	2.280000000000000082e-02
3.980000000000000000e+14	3.500000000000000000e+00	3.699999999999999123e-02
5.010000000000000000e+14	3.500000000000000000e+00	5.399999999999999245e-02
6.310000000000000000e+14	3.500000000000000000e+00	7.599999999999998423e-02
7.940000000000000000e+14	3.500000000000000000e+00	9.700000000000003064e-02
1.000000000000000000e+15	3.500000000000000000e+00	1.150000000000000466e-01
1.260000000000000000e+15	3.500000000000000000e+00	1.300000000000000044e-01
1.580000000000000000e+15	3.500000000000000000e+00	1.390000000000000679e-01
2.000000000000000000e+15	3.500000000000000000e+00	1.429999999999999605e-01
2.510000000000000000e+15	3.500000000000000000e+00	1.419999999999999596e-01
3.160000000000000000e+15	3.500000000000000000e+00	1.360000000000000653e-01
3.980000000000000000e+15	3.500000000000000000e+00	1.270000000000000018e-01
5.010000000000000000e+15	3.500000000000000000e+00	1.150000000000000466e-01
6.310000000000000000e+15	3.500000000000000000e+00	1.029999999999999805e-01
7.940000000000000000e+15	3.500000000000000000e+00	9.099999999999996980e-02
1.000000000000000000e+16	3.500000000000000000e+00	8.000000000000001554e-02
1.260000000000000000e+16	3.500000000000000000e+00	6.900000000000003353e-02
1.580000000000000000e+16	3.500000000000000000e+00	5.899999999999999689e-02
2.000000000000000000e+16	3.500000000000000000e+00	5.000000000000001665e-02
2.510000000000000000e+16	3.500000000000000000e+00	4.299999999999998268e-02
3.160000000000000000e+16	3.500000000000000000e+00	3.599999999999999034e-02
3.980000000000000000e+16	3.500000000000000000e+00	3.010000000000000175e-02
5.010000000000000000e+16	3.500000000000000000e+00	2.579999999999998961e-02
6.310000000000000000e+16	3.500000000000000000e+00	2.160000000000000808e-02
7.940000000000000000e+16	3.500000000000000000e+00	1.799999999999999517e-02
1.000000000000000000e+17	3.500000000000000000e+00	1.499999999999999944e-02
1.000000000000000000e+11	5.000000000000000000e+00	1.000000000000000269e-09
1.258925411794166107e+11	5.000000000000000000e+00	3.162277660168366287e-09
1.584893192461110840e+11	5.000000000000000000e+00	9.999999999999919146e-09
1.995262314968882751e+11	5.000000000000000000e+00	3.162277660168404337e-08
2.511886431509582214e+11	5.000000000000000000e+00	1.000000000000004455e-07
3.162277660168379517e+11	5.000000000000000000e+00	3.162277660168379721e-07
3.981071705534969482e+11	5.000000000000000000e+00	9.999999999999959313e-07
5.011872336272714844e+11	5.000000000000000000e+00	3.162277660168353780e-06
6.309573444801943359e+11	5.000000000000000000e+00	1.000000000000008891e-05
7.943282347242821045e+11	5.000000000000000000e+00	3.162277660168392405e-05
1.000000000000000000e+12	5.000000000000000000e+00	6.900000000000002377e-05
1.260000000000000000e+12	5.000000000000000000e+00	7.299999999999998547e-05
1.580000000000000000e+12	5.000000000000000000e+00	7.549999999999999203e-05
2.000000000000000000e+12	5.000000000000000000e+00	7.850000000000001074e-05
2.510000000000000000e+12	5.000000000000000000e+00	8.100000000000001730e-05
3.160000000000000000e+12	5.000000000000000000e+00	8.449999999999999395e-05
3.980000000000000000e+12	5.000000000000000000e+00	8.799999999999997061e-05
5.010000000000000000e+12	5.000000000000000000e+00	9.249999999999997157e-05
6.310000000000000000e+12	5.000000000000000000e+00	9.899999999999996693e-05
7.940000000000000000e+12	5.000000000000000000e+00	1.069999999999999988e-04
1.000000000000000000e+13	5.000000000000000000e+00	1.284999999999999793e-04
1.260000000000000000e+13	5.000000000000000000e+00	1.850000000000000516e-04
1.580000000000000000e+13	5.000000000000000000e+00	2.899999999999998933e-04
2.000000000000000000e+13	5.000000000000000000e+00	4.850000000000001879e-04
2.510000000000000000e+13	5.000000000000000000e+00	8.500000000000000611e-04
3.160000000000000000e+13	5.000000000000000000e+00	1.454999999999999696e-03
3.980000000000000000e+13	5.000000000000000000e+00	2.400000000000001091e-03
5.010000000000000000e+13	5.000000000000000000e+00	3.499999999999999639e-03
6.310000000000000000e+13	5.000000000000000000e+00	4.599999999999999922e-03
7.940000000000000000e+13	5.000000000000000000e+00	5.500000000000001416e-03
1.000000000000000000e+14	5.000000000000000000e+00	6.049999999999999822e-03
1.260000000000000000e+14	5.000000000000000000e+00	6.399999999999999439e-03
1.580000000000000000e+14	5.000000000000000000e+00	6.800000000000000488e-03
2.000000000000000000e+14	5.000000000000000000e+00	8.500000000000000611e-03
2.510000000000000000e+14	5.000000000000000000e+00	1.285000000000000031e-02
3.160000000000000000e+14	5.000000000000000000e+00	2.150000000000000522e-02
3.980000000000000000e+14	5.000000000000000000e+00	3.550000000000000377e-02
5.010000000000000000e+14	5.000000000000000000e+00	5.400000000000000633e-02
6.310000000000000000e+14	5.000000000000000000e+00	7.500000000000001110e-02
7.940000000000000000e+14	5.000000000000000000e+00	9.649999999999997469e-02
1.000000000000000000e+15	5.000000000000000000e+00	1.149999999999999634e-01
1.260000000000000000e+15	5.000000000000000000e+00	1.295000000000000040e-01
1.580000000000000000e+15	5.000000000000000000e+00	1.389999999999999569e-01
2.000000000000000000e+15	5.000000000000000000e+00	1.435000000000000164e-01
2.510000000000000000e+15	5.000000000000000000e+00	1.425000000000000155e-01
3.160000000000000000e+15	5.000000000000000000e+00	1.359999999999999543e-01
3.980000000000000000e+15	5.000000000000000000e+00	1.270000000000000018e-01
5.010000000000000000e+15	5.000000000000000000e+00	1.154999999999999638e-01
6.310000000000000000e+15	5.000000000000000000e+00	1.035000000000000087e-01
7.940000000000000000e+15	5.000000000000000000e+00	9.150000000000002576e-02
1.000000000000000000e+16	5.000000000000000000e+00	7.949999999999998734e-02
1.260000000000000000e+16	5.000000000000000000e+00	6.849999999999997757e-02
1.580000000000000000e+16	5.000000000000000000e+00	5.899999999999999689e-02
2.000000000000000000e+16	5.000000000000000000e+00	5.049999999999998934e-02
2.510000000000000000e+16	5.000000000000000000e+00	4.250000000000000999e-02
3.160000000000000000e+16	5.000000000000000000e+00	3.650000000000000466e-02
3.980000000000000000e+16	5.000000000000000000e+00	3.049999999999999933e-02
5.010000000000000000e+16	5.000000000000000000e+00	2.550000000000000183e-02
6.310000000000000000e+16	5.000000000000000000e+00	2.135000000000000092e-02
7.940000000000000000e+16	5.000000000000000000e+00	1.795000000000000068e-02
1.000000000000000000e+17	5.000000000000000000e+00	1.500000000000000291e-02
1.000000000000000000e+11	7.000000000000000000e+00	1.000000000000000269e-09
1.258925411794166107e+11	7.000000000000000000e+00	3.162277660168366287e-09
1.584893192461110840e+11	7.000000000000000000e+00	9.999999999999919146e-09
1.995262314968882751e+11	7.000000000000000000e+00	3.162277660168404337e-08
2.511886431509582214e+11	7.000000000000000000e+00	1.000000000000004455e-07
3.162277660168379517e+11	7.000000000000000000e+00	3.162277660168379721e-07
3.981071705534969482e+11	7.000000000000000000e+00	9.999999999999959313e-07
5.011872336272714844e+11	7.000000000000000000e+00	3.162277660168353780e-06
6.309573444801943359e+11	7.000000000000000000e+00	1.000000000000008891e-05
7.943282347242821045e+11	7.000000000000000000e+00	3.162277660168392405e-05
1.000000000000000000e+12	7.000000000000000000e+00	4.749999999999996196e-05
1.260000000000000000e+12	7.000000000000000000e+00	5.050000000000003488e-05
1.580000000000000000e+12	7.000000000000000000e+00	5.250000000000002928e-05
2.000000000000000000e+12	7.000000000000000000e+00	5.399999999999995732e-05
2.510000000000000000e+12	7.000000000000000000e+00	5.650000000000001809e-05
3.160000000000000000e+12	7.000000000000000000e+00	5.800000000000000034e-05
3.980000000000000000e+12	7.000000000000000000e+00	6.100000000000001905e-05
5.010000000000000000e+12	7.000000000000000000e+00	6.500000000000000786e-05
6.310000000000000000e+12	7.000000000000000000e+00	6.850000000000003872e-05
7.940000000000000000e+12	7.000000000000000000e+00	7.400000000000000978e-05
1.000000000000000000e+13	7.000000000000000000e+00	9.500000000000003234e-05
1.260000000000000000e+13	7.000000000000000000e+00	1.350000000000000288e-04
1.580000000000000000e+13	7.000000000000000000e+00	2.200000000000001434e-04
2.000000000000000000e+13	7.000000000000000000e+00	3.749999999999998994e-04
2.510000000000000000e+13	7.000000000000000000e+00	6.600000000000004301e-04
3.160000000000000000e+13	7.000000000000000000e+00	1.149999999999999981e-03
3.980000000000000000e+13	7.000000000000000000e+00	1.849999999999999215e-03
5.010000000000000000e+13	7.000000000000000000e+00	2.749999999999998973e-03
6.310000000000000000e+13	7.000000000000000000e+00	3.550000000000001071e-03
7.940000000000000000e+13	7.000000000000000000e+00	4.199999999999998873e-03
1.000000000000000000e+14	7.000000000000000000e+00	4.650000000000001354e-03
1.260000000000000000e+14	7.000000000000000000e+00	4.900000000000001577e-03
1.580000000000000000e+14	7.000000000000000000e+00	5.449999999999999983e-03
2.000000000000000000e+14	7.000000000000000000e+00	7.099999999999995204e-03
2.510000000000000000e+14	7.000000000000000000e+00	1.170000000000000207e-02
3.160000000000000000e+14	7.000000000000000000e+00	2.049999999999999045e-02
3.980000000000000000e+14	7.000000000000000000e+00	3.449999999999998901e-02
5.010000000000000000e+14	7.000000000000000000e+00	5.349999999999999201e-02
6.310000000000000000e+14	7.000000000000000000e+00	7.399999999999998246e-02
7.940000000000000000e+14	7.000000000000000000e+00	9.550000000000002931e-02
1.000000000000000000e+15	7.000000000000000000e+00	1.145000000000000462e-01
1.260000000000000000e+15	7.000000000000000000e+00	1.290000000000000036e-01
1.580000000000000000e+15	7.000000000000000000e+00	1.410000000000000697e-01
2.000000000000000000e+15	7.000000000000000000e+00	1.434999999999999609e-01
2.510000000000000000e+15	7.000000000000000000e+00	1.419999999999999596e-01
3.160000000000000000e+15	7.000000000000000000e+00	1.355000000000000648e-01
3.980000000000000000e+15	7.000000000000000000e+00	1.285000000000000031e-01
5.010000000000000000e+15	7.000000000000000000e+00	1.155000000000000471e-01
6.310000000000000000e+15	7.000000000000000000e+00	1.029999999999999805e-01
7.940000000000000000e+15	7.000000000000000000e+00	9.049999999999996936e-02
1.000000000000000000e+16	7.000000000000000000e+00	7.900000000000001465e-02
1.260000000000000000e+16	7.000000000000000000e+00	6.850000000000003308e-02
1.580000000000000000e+16	7.000000000000000000e+00	5.899999999999999689e-02
2.000000000000000000e+16	7.000000000000000000e+00	5.000000000000001665e-02
2.510000000000000000e+16	7.000000000000000000e+00	4.300000000000001044e-02
3.160000000000000000e+16	7.000000000000000000e+00	3.599999999999999034e-02
3.980000000000000000e+16	7.000000000000000000e+00	3.049999999999999933e-02
5.010000000000000000e+16	7.000000000000000000e+00	2.549999999999999489e-02
6.310000000000000000e+16	7.000000000000000000e+00	2.149999999999999134e-02
7.940000000000000000e+16	7.000000000000000000e+00	1.799999999999999517e-02
1.000000000000000000e+17	7.000000000000000000e+00	1.489999999999999658e-02
1.000000000000000000e+11	9.000000000000000000e+00	1.000000000000000269e-09
1.258925411794166107e+11	9.000000000000000000e+00	3.162277660168366287e-09
1.584893192461110840e+11	9.000000000000000000e+00	9.999999999999919146e-09
1.995262314968882751e+11	9.000000000000000000e+00	3.162277660168404337e-08
2.511886431509582214e+11	9.000000000000000000e+00	1.000000000000004455e-07
3.162277660168379517e+11	9.000000000000000000e+00	3.162277660168379721e-07
3.981071705534969482e+11	9.000000000000000000e+00	9.999999999999959313e-07
5.011872336272714844e+11	9.000000000000000000e+00	3.162277660168353780e-06
6.309573444801943359e+11	9.000000000000000000e+00	1.000000000000008891e-05
7.943282347242821045e+11	9.000000000000000000e+00	3.162277660168392405e-05
1.000000000000000000e+12	9.000000000000000000e+00	3.200000000000001888e-05
1.260000000000000000e+12	9.000000000000000000e+00	3.400000000000001328e-05
1.580000000000000000e+12	9.000000000000000000e+00	3.549999999999999553e-05
2.000000000000000000e+12	9.000000000000000000e+00	3.700000000000003200e-05
2.510000000000000000e+12	9.000000000000000000e+00	3.799999999999994788e-05
3.160000000000000000e+12	9.000000000000000000e+00	4.050000000000000865e-05
3.980000000000000000e+12	9.000000000000000000e+00	4.250000000000000305e-05
5.010000000000000000e+12	9.000000000000000000e+00	4.699999999999994980e-05
6.310000000000000000e+12	9.000000000000000000e+00	5.000000000000002272e-05
7.940000000000000000e+12	9.000000000000000000e+00	5.499999999999992742e-05
1.000000000000000000e+13	9.000000000000000000e+00	6.999999999999996676e-05
1.260000000000000000e+13	9.000000000000000000e+00	1.049999999999998417e-04
1.580000000000000000e+13	9.000000000000000000e+00	1.700000000000000122e-04
2.000000000000000000e+13	9.000000000000000000e+00	2.999999999999999195e-04
2.510000000000000000e+13	9.000000000000000000e+00	5.249999999999994255e-04
3.160000000000000000e+13	9.000000000000000000e+00	9.499999999999994560e-04
3.980000000000000000e+13	9.000000000000000000e+00	1.499999999999999598e-03
5.010000000000000000e+13	9.000000000000000000e+00	2.149999999999999134e-03
6.310000000000000000e+13	9.000000000000000000e+00	2.849999999999998368e-03
7.940000000000000000e+13	9.000000000000000000e+00	3.349999999999998812e-03
1.000000000000000000e+14	9.000000000000000000e+00	3.650000000000000466e-03
1.260000000000000000e+14	9.000000000000000000e+00	3.849999999999995787e-03
1.580000000000000000e+14	9.000000000000000000e+00	4.400000000000001132e-03
2.000000000000000000e+14	9.000000000000000000e+00	6.150000000000002687e-03
2.510000000000000000e+14	9.000000000000000000e+00	1.050000000000000239e-02
3.160000000000000000e+14	9.000000000000000000e+00	1.950000000000000344e-02
3.980000000000000000e+14	9.000000000000000000e+00	3.350000000000000200e-02
5.010000000000000000e+14	9.000000000000000000e+00	5.200000000000001843e-02
6.310000000000000000e+14	9.000000000000000000e+00	7.400000000000001021e-02
7.940000000000000000e+14	9.000000000000000000e+00	9.499999999999997335e-02
1.000000000000000000e+15	9.000000000000000000e+00	1.129999999999999338e-01
1.260000000000000000e+15	9.000000000000000000e+00	1.300000000000000044e-01
1.580000000000000000e+15	9.000000000000000000e+00	1.349999999999998979e-01
2.000000000000000000e+15	9.000000000000000000e+00	1.400000000000000133e-01
2.510000000000000000e+15	9.000000000000000000e+00	1.400000000000000133e-01
3.160000000000000000e+15	9.000000000000000000e+00	1.350000000000000089e-01
3.980000000000000000e+15	9.000000000000000000e+00	1.250000000000000000e-01
5.010000000000000000e+15	9.000000000000000000e+00	1.124999999999999334e-01
6.310000000000000000e+15	9.000000000000000000e+00	1.015000000000000346e-01
7.940000000000000000e+15	9.000000000000000000e+00	9.100000000000002531e-02
1.000000000000000000e+16	9.000000000000000000e+00	7.950000000000001510e-02
1.260000000000000000e+16	9.000000000000000000e+00	6.850000000000000533e-02
1.580000000000000000e+16	9.000000000000000000e+00	5.849999999999999645e-02
2.000000000000000000e+16	9.000000000000000000e+00	5.049999999999998934e-02
2.510000000000000000e+16	9.000000000000000000e+00	4.249999999999998224e-02
3.160000000000000000e+16	9.000000000000000000e+00	3.600000000000000422e-02
3.980000000000000000e+16	9.000000000000000000e+00	3.049999999999999933e-02
5.010000000000000000e+16	9.000000000000000000e+00	2.600000000000000921e-02
6.310000000000000000e+16	9.000000000000000000e+00	2.150000000000000522e-02
7.940000000000000000e+16	9.000000000000000000e+00	1.800000000000000211e-02
1.000000000000000000e+17	9.000000000000000000e+00	1.499999999999999944e-02
1.000000000000000000e+11	1.100000000000000000e+01	1.000000000000000269e-09
1.258925411794166107e+11	1.100000000000000000e+01	3.162277660168366287e-09
1.584893192461110840e+11	1.100000000000000000e+01	9.999999999999919146e-09
1.995262314968882751e+11	1.100000000000000000e+01	3.162277660168404337e-08
2.511886431509582214e+11	1.100000000000000000e+01	1.000000000000004455e-07
3.162277660168379517e+11	1.100000000000000000e+01	3.162277660168379721e-07
3.981071705534969482e+11	1.100000000000000000e+01	9.999999999999959313e-07
5.011872336272714844e+11	1.100000000000000000e+01	3.162277660168353780e-06
6.309573444801943359e+11	1.100000000000000000e+01	1.000000000000008891e-05
7.943282347242821045e+11	1.100000000000000000e+01	3.162277660168392405e-05
1.000000000000000000e+12	1.100000000000000000e+01	2.149999999999998050e-05
1.260000000000000000e+12	1.100000000000000000e+01	2.299999999999996275e-05
1.580000000000000000e+12	1.100000000000000000e+01	2.350000000000002911e-05
2.000000000000000000e+12	1.100000000000000000e+01	2.500000000000001136e-05
2.510000000000000000e+12	1.100000000000000000e+01	2.650000000000004782e-05
3.160000000000000000e+12	1.100000000000000000e+01	2.799999999999992165e-05
3.980000000000000000e+12	1.100000000000000000e+01	3.149999999999995252e-05
5.010000000000000000e+12	1.100000000000000000e+01	3.000000000000007869e-05
6.310000000000000000e+12	1.100000000000000000e+01	3.499999999999998338e-05
7.940000000000000000e+12	1.100000000000000000e+01	3.999999999999999650e-05
1.000000000000000000e+13	1.100000000000000000e+01	5.000000000000002272e-05
1.260000000000000000e+13	1.100000000000000000e+01	8.500000000000000611e-05
1.580000000000000000e+13	1.100000000000000000e+01	1.399999999999999335e-04
2.000000000000000000e+13	1.100000000000000000e+01	2.449999999999999921e-04
2.510000000000000000e+13	1.100000000000000000e+01	4.450000000000000830e-04
3.160000000000000000e+13	1.100000000000000000e+01	7.500000000000006661e-04
3.980000000000000000e+13	1.100000000000000000e+01	1.250000000000001110e-03
5.010000000000000000e+13	1.100000000000000000e+01	1.800000000000002986e-03
6.310000000000000000e+13	1.100000000000000000e+01	2.299999999999999961e-03
7.940000000000000000e+13	1.100000000000000000e+01	2.749999999999998973e-03
1.000000000000000000e+14	1.100000000000000000e+01	2.999999999999995726e-03
1.260000000000000000e+14	1.100000000000000000e+01	3.200000000000001454e-03
1.580000000000000000e+14	1.100000000000000000e+01	3.699999999999994960e-03
2.000000000000000000e+14	1.100000000000000000e+01	5.700000000000003675e-03
2.510000000000000000e+14	1.100000000000000000e+01	9.999999999999995004e-03
3.160000000000000000e+14	1.100000000000000000e+01	1.950000000000000344e-02
3.980000000000000000e+14	1.100000000000000000e+01	3.350000000000000200e-02
5.010000000000000000e+14	1.100000000000000000e+01	5.199999999999999067e-02
6.310000000000000000e+14	1.100000000000000000e+01	7.350000000000000977e-02
7.940000000000000000e+14	1.100000000000000000e+01	9.249999999999997113e-02
1.000000000000000000e+15	1.100000000000000000e+01	1.149999999999999911e-01
1.260000000000000000e+15	1.100000000000000000e+01	1.250000000000000000e-01
1.580000000000000000e+15	1.100000000000000000e+01	1.400000000000000133e-01
2.000000000000000000e+15	1.100000000000000000e+01	1.450000000000000178e-01
2.510000000000000000e+15	1.100000000000000000e+01	1.450000000000000178e-01
3.160000000000000000e+15	1.100000000000000000e+01	1.349999999999998979e-01
3.980000000000000000e+15	1.100000000000000000e+01	1.250000000000000000e-01
5.010000000000000000e+15	1.100000000000000000e+01	1.199999999999999956e-01
6.310000000000000000e+15	1.100000000000000000e+01	1.049999999999999822e-01
7.940000000000000000e+15	1.100000000000000000e+01	8.950000000000002398e-02
1.000000000000000000e+16	1.100000000000000000e+01	7.899999999999995914e-02
1.260000000000000000e+16	1.100000000000000000e+01	6.849999999999994982e-02
1.580000000000000000e+16	1.100000000000000000e+01	5.899999999999999689e-02
2.000000000000000000e+16	1.100000000000000000e+01	4.999999999999998890e-02
2.510000000000000000e+16	1.100000000000000000e+01	4.250000000000000999e-02
3.160000000000000000e+16	1.100000000000000000e+01	3.600000000000000422e-02
3.980000000000000000e+16	1.100000000000000000e+01	3.049999999999999933e-02
5.010000000000000000e+16	1.100000000000000000e+01	2.549999999999999489e-02
6.310000000000000000e+16	1.100000000000000000e+01	2.150000000000000522e-02
7.940000000000000000e+16	1.100000000000000000e+01	1.800000000000000211e-02
1.000000000000000000e+17	1.100000000000000000e+01	1.499999999999999944e-02
1.000000000000000000e+11	1.300000000000000000e+01	1.000000000000000269e-09
1.258925411794166107e+11	1.300000000000000000e+01	3.162277660168366287e-09
1.584893192461110840e+11	1.300000000000000000e+01	9.999999999999919146e-09
1.995262314968882751e+11	1.300000000000000000e+01	3.162277660168404337e-08
2.511886431509582214e+11	1.300000000000000000e+01	1.000000000000004455e-07
3.162277660168379517e+11	1.300000000000000000e+01	3.162277660168379721e-07
3.981071705534969482e+11	1.300000000000000000e+01	9.999999999999959313e-07
5.011872336272714844e+11	1.300000000000000000e+01	3.162277660168353780e-06
6.309573444801943359e+11	1.300000000000000000e+01	1.000000000000008891e-05
7.943282347242821045e+11	1.300000000000000000e+01	3.162277660168392405e-05
1.000000000000000000e+12	1.300000000000000000e+01	1.450000000000002719e-05
1.260000000000000000e+12	1.300000000000000000e+01	1.549999999999999729e-05
1.580000000000000000e+12	1.300000000000000000e+01	1.649999999999996738e-05
2.000000000000000000e+12	1.300000000000000000e+01	1.749999999999999169e-05
2.510000000000000000e+12	1.300000000000000000e+01	1.849999999999996179e-05
3.160000000000000000e+12	1.300000000000000000e+01	2.200000000000010107e-05
3.980000000000000000e+12	1.300000000000000000e+01	2.000000000000005246e-05
5.010000000000000000e+12	1.300000000000000000e+01	2.499999999999995715e-05
6.310000000000000000e+12	1.300000000000000000e+01	2.499999999999995715e-05
7.940000000000000000e+12	1.300000000000000000e+01	3.000000000000007869e-05
1.000000000000000000e+13	1.300000000000000000e+01	3.999999999999999650e-05
1.260000000000000000e+13	1.300000000000000000e+01	6.500000000000017049e-05
1.580000000000000000e+13	1.300000000000000000e+01	1.150000000000000848e-04
2.000000000000000000e+13	1.300000000000000000e+01	1.949999999999998609e-04
2.510000000000000000e+13	1.300000000000000000e+01	3.649999999999998732e-04
3.160000000000000000e+13	1.300000000000000000e+01	6.499999999999995365e-04
3.980000000000000000e+13	1.300000000000000000e+01	1.049999999999998851e-03
5.010000000000000000e+13	1.300000000000000000e+01	1.499999999999997863e-03
6.310000000000000000e+13	1.300000000000000000e+01	1.899999999999998912e-03
7.940000000000000000e+13	1.300000000000000000e+01	2.149999999999999134e-03
1.000000000000000000e+14	1.300000000000000000e+01	2.400000000000006295e-03
1.260000000000000000e+14	1.300000000000000000e+01	2.599999999999998146e-03
1.580000000000000000e+14	1.300000000000000000e+01	3.100000000000005529e-03
2.000000000000000000e+14	1.300000000000000000e+01	4.999999999999997502e-03
2.510000000000000000e+14	1.300000000000000000e+01	9.999999999999995004e-03
3.160000000000000000e+14	1.300000000000000000e+01	1.849999999999998868e-02
3.980000000000000000e+14	1.300000000000000000e+01	3.250000000000000111e-02
5.010000000000000000e+14	1.300000000000000000e+01	5.199999999999999067e-02
6.310000000000000000e+14	1.300000000000000000e+01	7.450000000000001066e-02
7.940000000000000000e+14	1.300000000000000000e+01	9.500000000000008438e-02
1.000000000000000000e+15	1.300000000000000000e+01	1.150000000000001021e-01
1.260000000000000000e+15	1.300000000000000000e+01	1.300000000000000044e-01
1.580000000000000000e+15	1.300000000000000000e+01	1.350000000000000089e-01
2.000000000000000000e+15	1.300000000000000000e+01	1.400000000000000133e-01
2.510000000000000000e+15	1.300000000000000000e+01	1.400000000000000133e-01
3.160000000000000000e+15	1.300000000000000000e+01	1.350000000000000089e-01
3.980000000000000000e+15	1.300000000000000000e+01	1.250000000000000000e-01
5.010000000000000000e+15	1.300000000000000000e+01	1.100000000000000977e-01
6.310000000000000000e+15	1.300000000000000000e+01	9.999999999999997780e-02
7.940000000000000000e+15	1.300000000000000000e+01	8.999999999999996891e-02
1.000000000000000000e+16	1.300000000000000000e+01	7.850000000000006972e-02
1.260000000000000000e+16	1.300000000000000000e+01	6.850000000000000533e-02
1.580000000000000000e+16	1.300000000000000000e+01	5.899999999999999689e-02
2.000000000000000000e+16	1.300000000000000000e+01	5.049999999999998934e-02
2.510000000000000000e+16	1.300000000000000000e+01	4.299999999999998268e-02
3.160000000000000000e+16	1.300000000000000000e+01	3.650000000000000466e-02
3.980000000000000000e+16	1.300000000000000000e+01	3.049999999999999933e-02
5.010000000000000000e+16	1.300000000000000000e+01	2.549999999999999489e-02
6.310000000000000000e+16	1.300000000000000000e+01	2.149999999999999134e-02
7.940000000000000000e+16	1.300000000000000000e+01	1.800000000000000211e-02
1.000000000000000000e+17	1.300000000000000000e+01	1.499999999999999944e-02
1.000000000000000000e+11	1.500000000000000000e+01	1.000000000000000269e-09
1.258925411794166107e+11	1.500000000000000000e+01	3.162277660168366287e-09
1.584893192461110840e+11	1.500000000000000000e+01	9.999999999999919146e-09
1.995262314968882751e+11	1.500000000000000000e+01	3.162277660168404337e-08
2.511886431509582214e+11	1.500000000000000000e+01	1.000000000000004455e-07
3.162277660168379517e+11	1.500000000000000000e+01	3.162277660168379721e-07
3.981071705534969482e+11	1.500000000000000000e+01	9.999999999999959313e-07
5.011872336272714844e+11	1.500000000000000000e+01	3.162277660168353780e-06
6.309573444801943359e+11	1.500000000000000000e+01	1.000000000000008891e-05
7.943282347242821045e+11	1.500000000000000000e+01	3.162277660168392405e-05
1.000000000000000000e+12	1.500000000000000000e+01	9.999999999999972019e-06
1.260000000000000000e+12	1.500000000000000000e+01	1.099999999999999633e-05
1.580000000000000000e+12	1.500000000000000000e+01	1.200000000000002063e-05
2.000000000000000000e+12	1.500000000000000000e+01	1.249999999999997858e-05
2.510000000000000000e+12	1.500000000000000000e+01	1.500000000000003934e-05
3.160000000000000000e+12	1.500000000000000000e+01	9.999999999999917809e-06
3.980000000000000000e+12	1.500000000000000000e+01	1.500000000000003934e-05
5.010000000000000000e+12	1.500000000000000000e+01	1.500000000000003934e-05
6.310000000000000000e+12	1.500000000000000000e+01	2.000000000000005246e-05
7.940000000000000000e+12	1.500000000000000000e+01	2.499999999999995715e-05
1.000000000000000000e+13	1.500000000000000000e+01	3.499999999999998338e-05
1.260000000000000000e+13	1.500000000000000000e+01	4.999999999999991430e-05
1.580000000000000000e+13	1.500000000000000000e+01	9.000000000000001922e-05
2.000000000000000000e+13	1.500000000000000000e+01	1.650000000000002159e-04
2.510000000000000000e+13	1.500000000000000000e+01	2.999999999999999195e-04
3.160000000000000000e+13	1.500000000000000000e+01	5.000000000000004441e-04
3.980000000000000000e+13	1.500000000000000000e+01	8.000000000000020983e-04
5.010000000000000000e+13	1.500000000000000000e+01	1.199999999999999678e-03
6.310000000000000000e+13	1.500000000000000000e+01	1.550000000000002764e-03
7.940000000000000000e+13	1.500000000000000000e+01	1.800000000000002986e-03
1.000000000000000000e+14	1.500000000000000000e+01	1.950000000000000344e-03
1.260000000000000000e+14	1.500000000000000000e+01	2.150000000000006073e-03
1.580000000000000000e+14	1.500000000000000000e+01	2.749999999999995504e-03
2.000000000000000000e+14	1.500000000000000000e+01	4.499999999999997058e-03
2.510000000000000000e+14	1.500000000000000000e+01	9.000000000000007994e-03
3.160000000000000000e+14	1.500000000000000000e+01	1.800000000000001599e-02
3.980000000000000000e+14	1.500000000000000000e+01	3.300000000000002931e-02
5.010000000000000000e+14	1.500000000000000000e+01	5.149999999999999023e-02
6.310000000000000000e+14	1.500000000000000000e+01	6.999999999999995115e-02
7.940000000000000000e+14	1.500000000000000000e+01	9.499999999999997335e-02
1.000000000000000000e+15	1.500000000000000000e+01	1.099999999999999867e-01
1.260000000000000000e+15	1.500000000000000000e+01	1.299999999999998934e-01
1.580000000000000000e+15	1.500000000000000000e+01	1.400000000000001243e-01
2.000000000000000000e+15	1.500000000000000000e+01	1.450000000000000178e-01
2.510000000000000000e+15	1.500000000000000000e+01	1.400000000000000133e-01
3.160000000000000000e+15	1.500000000000000000e+01	1.400000000000001243e-01
3.980000000000000000e+15	1.500000000000000000e+01	1.299999999999998934e-01
5.010000000000000000e+15	1.500000000000000000e+01	1.149999999999999911e-01
6.310000000000000000e+15	1.500000000000000000e+01	1.049999999999999822e-01
7.940000000000000000e+15	1.500000000000000000e+01	9.499999999999997335e-02
1.000000000000000000e+16	1.500000000000000000e+01	7.999999999999996003e-02
1.260000000000000000e+16	1.500000000000000000e+01	6.950000000000006173e-02
1.580000000000000000e+16	1.500000000000000000e+01	5.849999999999999645e-02
2.000000000000000000e+16	1.500000000000000000e+01	5.000000000000004441e-02
2.510000000000000000e+16	1.500000000000000000e+01	4.250000000000003775e-02
3.160000000000000000e+16	1.500000000000000000e+01	3.599999999999997646e-02
3.980000000000000000e+16	1.500000000000000000e+01	3.049999999999999933e-02
5.010000000000000000e+16	1.500000000000000000e+01	2.549999999999999489e-02
6.310000000000000000e+16	1.500000000000000000e+01	2.149999999999999134e-02
7.940000000000000000e+16	1.500000000000000000e+01	1.799999999999998823e-02
1.000000000000000000e+17	1.500000000000000000e+01	1.499999999999999944e-02
1.000000000000000000e+11	1.700000000000000000e+01	1.000000000000000269e-09
1.258925411794166107e+11	1.700000000000000000e+01	3.162277660168366287e-09
1.584893192461110840e+11	1.700000000000000000e+01	9.999999999999919146e-09
1.995262314968882751e+11	1.700000000000000000e+01	3.162277660168404337e-08
2.511886431509582214e+11	1.700000000000000000e+01	1.000000000000004455e-07
3.162277660168379517e+11	1.700000000000000000e+01	3.162277660168379721e-07
3.981071705534969482e+11	1.700000000000000000e+01	9.999999999999959313e-07
5.011872336272714844e+11	1.700000000000000000e+01	3.162277660168353780e-06
6.309573444801943359e+11	1.700000000000000000e+01	1.000000000000008891e-05
7.943282347242821045e+11	1.700000000000000000e+01	3.162277660168392405e-05
1.000000000000000000e+12	1.700000000000000000e+01	7.500000000000019672e-06
1.260000000000000000e+12	1.700000000000000000e+01	8.500000000000043979e-06
1.580000000000000000e+12	1.700000000000000000e+01	8.499999999999989769e-06
2.000000000000000000e+12	1.700000000000000000e+01	9.000000000000001922e-06
2.510000000000000000e+12	1.700000000000000000e+01	1.000000000000002623e-05
3.160000000000000000e+12	1.700000000000000000e+01	1.500000000000003934e-05
3.980000000000000000e+12	1.700000000000000000e+01	1.499999999999993092e-05
5.010000000000000000e+12	1.700000000000000000e+01	1.499999999999993092e-05
6.310000000000000000e+12	1.700000000000000000e+01	1.499999999999993092e-05
7.940000000000000000e+12	1.700000000000000000e+01	2.000000000000005246e-05
1.000000000000000000e+13	1.700000000000000000e+01	2.500000000000006557e-05
1.260000000000000000e+13	1.700000000000000000e+01	4.500000000000011803e-05
1.580000000000000000e+13	1.700000000000000000e+01	7.499999999999976304e-05
2.000000000000000000e+13	1.700000000000000000e+01	1.399999999999999335e-04
2.510000000000000000e+13	1.700000000000000000e+01	2.500000000000002220e-04
3.160000000000000000e+13	1.700000000000000000e+01	4.500000000000007466e-04
3.980000000000000000e+13	1.700000000000000000e+01	6.999999999999992339e-04
5.010000000000000000e+13	1.700000000000000000e+01	1.000000000000000888e-03
6.310000000000000000e+13	1.700000000000000000e+01	1.299999999999999073e-03
7.940000000000000000e+13	1.700000000000000000e+01	1.550000000000002764e-03
1.000000000000000000e+14	1.700000000000000000e+01	1.700000000000000122e-03
1.260000000000000000e+14	1.700000000000000000e+01	1.899999999999998912e-03
1.580000000000000000e+14	1.700000000000000000e+01	2.450000000000000788e-03
2.000000000000000000e+14	1.700000000000000000e+01	4.000000000000003553e-03
2.510000000000000000e+14	1.700000000000000000e+01	8.999999999999994116e-03
3.160000000000000000e+14	1.700000000000000000e+01	1.849999999999998868e-02
3.980000000000000000e+14	1.700000000000000000e+01	3.249999999999997335e-02
5.010000000000000000e+14	1.700000000000000000e+01	5.099999999999998979e-02
6.310000000000000000e+14	1.700000000000000000e+01	7.500000000000006661e-02
7.940000000000000000e+14	1.700000000000000000e+01	9.499999999999997335e-02
1.000000000000000000e+15	1.700000000000000000e+01	1.149999999999999911e-01
1.260000000000000000e+15	1.700000000000000000e+01	1.250000000000000000e-01
1.580000000000000000e+15	1.700000000000000000e+01	1.350000000000000089e-01
2.000000000000000000e+15	1.700000000000000000e+01	1.399999999999999023e-01
2.510000000000000000e+15	1.700000000000000000e+01	1.399999999999999023e-01
3.160000000000000000e+15	1.700000000000000000e+01	1.350000000000000089e-01
3.980000000000000000e+15	1.700000000000000000e+01	1.250000000000000000e-01
5.010000000000000000e+15	1.700000000000000000e+01	1.149999999999998801e-01
6.310000000000000000e+15	1.700000000000000000e+01	1.050000000000000933e-01
7.940000000000000000e+15	1.700000000000000000e+01	8.999999999999996891e-02
1.000000000000000000e+16	1.700000000000000000e+01	7.999999999999996003e-02
1.260000000000000000e+16	1.700000000000000000e+01	6.999999999999995115e-02
1.580000000000000000e+16	1.700000000000000000e+01	5.850000000000005196e-02
2.000000000000000000e+16	1.700000000000000000e+01	5.049999999999998934e-02
2.510000000000000000e+16	1.700000000000000000e+01	4.249999999999998224e-02
3.160000000000000000e+16	1.700000000000000000e+01	3.600000000000003197e-02
3.980000000000000000e+16	1.700000000000000000e+01	3.050000000000002709e-02
5.010000000000000000e+16	1.700000000000000000e+01	2.550000000000002265e-02
6.310000000000000000e+16	1.700000000000000000e+01	2.150000000000001910e-02
7.940000000000000000e+16	1.700000000000000000e+01	1.750000000000001554e-02
1.000000000000000000e+17	1.700000000000000000e+01	1.500000000000001332e-02
1.000000000000000000e+11	1.900000000000000000e+01	1.000000000000000269e-09
1.258925411794166107e+11	1.900000000000000000e+01	3.162277660168366287e-09
1.584893192461110840e+11	1.900000000000000000e+01	9.999999999999919146e-09
1.995262314968882751e+11	1.900000000000000000e+01	3.162277660168404337e-08
2.511886431509582214e+11	1.900000000000000000e+01	1.000000000000004455e-07
3.162277660168379517e+11	1.900000000000000000e+01	3.162277660168379721e-07
3.981071705534969482e+11	1.900000000000000000e+01	9.999999999999959313e-07
5.011872336272714844e+11	1.900000000000000000e+01	3.162277660168353780e-06
6.309573444801943359e+11	1.900000000000000000e+01	1.000000000000008891e-05
7.943282347242821045e+11	1.900000000000000000e+01	3.162277660168392405e-05
1.000000000000000000e+12	1.900000000000000000e+01	5.500000000000025268e-06
1.260000000000000000e+12	1.900000000000000000e+01	5.999999999999983211e-06
1.580000000000000000e+12	1.900000000000000000e+01	6.499999999999995365e-06
2.000000000000000000e+12	1.900000000000000000e+01	7.500000000000019672e-06
2.510000000000000000e+12	1.900000000000000000e+01	4.999999999999904694e-06
3.160000000000000000e+12	1.900000000000000000e+01	5.000000000000013115e-06
3.980000000000000000e+12	1.900000000000000000e+01	1.000000000000002623e-05
5.010000000000000000e+12	1.900000000000000000e+01	1.500000000000003934e-05
6.310000000000000000e+12	1.900000000000000000e+01	1.500000000000003934e-05
7.940000000000000000e+12	1.900000000000000000e+01	1.499999999999993092e-05
1.000000000000000000e+13	1.900000000000000000e+01	2.499999999999995715e-05
1.260000000000000000e+13	1.900000000000000000e+01	3.999999999999988808e-05
1.580000000000000000e+13	1.900000000000000000e+01	7.000000000000018360e-05
2.000000000000000000e+13	1.900000000000000000e+01	1.250000000000001110e-04
2.510000000000000000e+13	1.900000000000000000e+01	2.000000000000005246e-04
3.160000000000000000e+13	1.900000000000000000e+01	3.999999999999993144e-04
3.980000000000000000e+13	1.900000000000000000e+01	6.499999999999978018e-04
5.010000000000000000e+13	1.900000000000000000e+01	9.000000000000014932e-04
6.310000000000000000e+13	1.900000000000000000e+01	1.149999999999998246e-03
7.940000000000000000e+13	1.900000000000000000e+01	1.349999999999997036e-03
1.000000000000000000e+14	1.900000000000000000e+01	1.499999999999994393e-03
1.260000000000000000e+14	1.900000000000000000e+01	1.649999999999998690e-03
1.580000000000000000e+14	1.900000000000000000e+01	2.349999999999997924e-03
2.000000000000000000e+14	1.900000000000000000e+01	4.000000000000003553e-03
2.510000000000000000e+14	1.900000000000000000e+01	9.000000000000007994e-03
3.160000000000000000e+14	1.900000000000000000e+01	1.800000000000001599e-02
3.980000000000000000e+14	1.900000000000000000e+01	3.200000000000002842e-02
5.010000000000000000e+14	1.900000000000000000e+01	5.200000000000004619e-02
6.310000000000000000e+14	1.900000000000000000e+01	6.999999999999995115e-02
7.940000000000000000e+14	1.900000000000000000e+01	9.499999999999997335e-02
1.000000000000000000e+15	1.900000000000000000e+01	1.149999999999999911e-01
1.260000000000000000e+15	1.900000000000000000e+01	1.300000000000001155e-01
1.580000000000000000e+15	1.900000000000000000e+01	1.399999999999999023e-01
2.000000000000000000e+15	1.900000000000000000e+01	1.450000000000000178e-01
2.510000000000000000e+15	1.900000000000000000e+01	1.450000000000000178e-01
3.160000000000000000e+15	1.900000000000000000e+01	1.350000000000000089e-01
3.980000000000000000e+15	1.900000000000000000e+01	1.250000000000000000e-01
5.010000000000000000e+15	1.900000000000000000e+01	1.149999999999999911e-01
6.310000000000000000e+15	1.900000000000000000e+01	9.999999999999997780e-02
7.940000000000000000e+15	1.900000000000000000e+01	9.000000000000007994e-02
1.000000000000000000e+16	1.900000000000000000e+01	8.000000000000007105e-02
1.260000000000000000e+16	1.900000000000000000e+01	6.500000000000005773e-02
1.580000000000000000e+16	1.900000000000000000e+01	5.999999999999994227e-02
2.000000000000000000e+16	1.900000000000000000e+01	5.199999999999999067e-02
2.510000000000000000e+16	1.900000000000000000e+01	4.299999999999998268e-02
3.160000000000000000e+16	1.900000000000000000e+01	3.599999999999997646e-02
3.980000000000000000e+16	1.900000000000000000e+01	3.049999999999997158e-02
5.010000000000000000e+16	1.900000000000000000e+01	2.599999999999999534e-02
6.310000000000000000e+16	1.900000000000000000e+01	2.149999999999999134e-02
7.940000000000000000e+16	1.900000000000000000e+01	1.799999999999998823e-02
1.000000000000000000e+17	1.900000000000000000e+01	1.499999999999998557e-02
1.000000000000000000e+11	2.100000000000000000e+01	1.000000000000000269e-09
1.258925411794166107e+11	2.100000000000000000e+01	3.162277660168366287e-09
1.584893192461110840e+11	2.100000000000000000e+01	9.999999999999919146e-09
1.995262314968882751e+11	2.100000000000000000e+01	3.162277660168404337e-08
2.511886431509582214e+11	2.100000000000000000e+01	1.000000000000004455e-07
3.162277660168379517e+11	2.100000000000000000e+01	3.162277660168379721e-07
3.981071705534969482e+11	2.100000000000000000e+01	9.999999999999959313e-07
5.011872336272714844e+11	2.100000000000000000e+01	3.162277660168353780e-06
6.309573444801943359e+11	2.100000000000000000e+01	1.000000000000008891e-05
7.943282347242821045e+11	2.100000000000000000e+01	3.162277660168392405e-05
1.000000000000000000e+12	2.100000000000000000e+01	4.500000000000000961e-06
1.260000000000000000e+12	2.100000000000000000e+01	5.000000000000013115e-06
1.580000000000000000e+12	2.100000000000000000e+01	5.500000000000025268e-06
2.000000000000000000e+12	2.100000000000000000e+01	5.000000000000013115e-06
2.510000000000000000e+12	2.100000000000000000e+01	1.000000000000002623e-05
3.160000000000000000e+12	2.100000000000000000e+01	1.000000000000002623e-05
3.980000000000000000e+12	2.100000000000000000e+01	5.000000000000013115e-06
5.010000000000000000e+12	2.100000000000000000e+01	1.000000000000002623e-05
6.310000000000000000e+12	2.100000000000000000e+01	1.000000000000002623e-05
7.940000000000000000e+12	2.100000000000000000e+01	1.500000000000003934e-05
1.000000000000000000e+13	2.100000000000000000e+01	2.000000000000005246e-05
1.260000000000000000e+13	2.100000000000000000e+01	3.500000000000009180e-05
1.580000000000000000e+13	2.100000000000000000e+01	6.000000000000015737e-05
2.000000000000000000e+13	2.100000000000000000e+01	1.050000000000000586e-04
2.510000000000000000e+13	2.100000000000000000e+01	1.999999999999996572e-04
3.160000000000000000e+13	2.100000000000000000e+01	3.499999999999996170e-04
3.980000000000000000e+13	2.100000000000000000e+01	5.500000000000018763e-04
5.010000000000000000e+13	2.100000000000000000e+01	7.999999999999986289e-04
6.310000000000000000e+13	2.100000000000000000e+01	1.000000000000000888e-03
7.940000000000000000e+13	2.100000000000000000e+01	1.199999999999999678e-03
1.000000000000000000e+14	2.100000000000000000e+01	1.350000000000003975e-03
1.260000000000000000e+14	2.100000000000000000e+01	1.500000000000001332e-03
1.580000000000000000e+14	2.100000000000000000e+01	2.000000000000001776e-03
2.000000000000000000e+14	2.100000000000000000e+01	3.999999999999989675e-03
2.510000000000000000e+14	2.100000000000000000e+01	8.499999999999993672e-03
3.160000000000000000e+14	2.100000000000000000e+01	1.749999999999998779e-02
3.980000000000000000e+14	2.100000000000000000e+01	3.249999999999997335e-02
5.010000000000000000e+14	2.100000000000000000e+01	4.999999999999993339e-02
6.310000000000000000e+14	2.100000000000000000e+01	7.499999999999995559e-02
7.940000000000000000e+14	2.100000000000000000e+01	9.500000000000008438e-02
1.000000000000000000e+15	2.100000000000000000e+01	1.099999999999998757e-01
1.260000000000000000e+15	2.100000000000000000e+01	1.299999999999998934e-01
1.580000000000000000e+15	2.100000000000000000e+01	1.399999999999999023e-01
2.000000000000000000e+15	2.100000000000000000e+01	1.400000000000001243e-01
2.510000000000000000e+15	2.100000000000000000e+01	1.400000000000001243e-01
3.160000000000000000e+15	2.100000000000000000e+01	1.350000000000000089e-01
3.980000000000000000e+15	2.100000000000000000e+01	1.250000000000000000e-01
5.010000000000000000e+15	2.100000000000000000e+01	1.149999999999999911e-01
6.310000000000000000e+15	2.100000000000000000e+01	1.049999999999999822e-01
7.940000000000000000e+15	2.100000000000000000e+01	8.999999999999996891e-02
1.000000000000000000e+16	2.100000000000000000e+01	7.499999999999995559e-02
1.260000000000000000e+16	2.100000000000000000e+01	6.999999999999995115e-02
1.580000000000000000e+16	2.100000000000000000e+01	6.000000000000005329e-02
2.000000000000000000e+16	2.100000000000000000e+01	5.000000000000004441e-02
2.510000000000000000e+16	2.100000000000000000e+01	4.249999999999998224e-02
3.160000000000000000e+16	2.100000000000000000e+01	3.600000000000003197e-02
3.980000000000000000e+16	2.100000000000000000e+01	3.050000000000002709e-02
5.010000000000000000e+16	2.100000000000000000e+01	2.549999999999996714e-02
6.310000000000000000e+16	2.100000000000000000e+01	2.149999999999999134e-02
7.940000000000000000e+16	2.100000000000000000e+01	1.800000000000001599e-02
1.000000000000000000e+17	2.100000000000000000e+01	1.500000000000001332e-02
1.000000000000000000e+11	2.300000000000000000e+01	1.000000000000000269e-09
1.258925411794166107e+11	2.300000000000000000e+01	3.162277660168366287e-09
1.584893192461110840e+11	2.300000000000000000e+01	9.999999999999919146e-09
1.995262314968882751e+11	2.300000000000000000e+01	3.162277660168404337e-08
2.511886431509582214e+11	2.300000000000000000e+01	1.000000000000004455e-07
3.162277660168379517e+11	2.300000000000000000e+01	3.162277660168379721e-07
3.981071705534969482e+11	2.300000000000000000e+01	9.999999999999959313e-07
5.011872336272714844e+11	2.300000000000000000e+01	3.162277660168353780e-06
6.309573444801943359e+11	2.300000000000000000e+01	1.000000000000008891e-05
7.943282347242821045e+11	2.300000000000000000e+01	3.162277660168392405e-05
1.000000000000000000e+12	2.300000000000000000e+01	3.999999999999988808e-06
1.260000000000000000e+12	2.300000000000000000e+01	3.999999999999988808e-06
1.580000000000000000e+12	2.300000000000000000e+01	4.500000000000000961e-06
2.000000000000000000e+12	2.300000000000000000e+01	5.000000000000013115e-06
2.510000000000000000e+12	2.300000000000000000e+01	5.000000000000013115e-06
3.160000000000000000e+12	2.300000000000000000e+01	4.999999999999904694e-06
3.980000000000000000e+12	2.300000000000000000e+01	1.000000000000002623e-05
5.010000000000000000e+12	2.300000000000000000e+01	5.000000000000013115e-06
6.310000000000000000e+12	2.300000000000000000e+01	1.499999999999993092e-05
7.940000000000000000e+12	2.300000000000000000e+01	1.000000000000002623e-05
1.000000000000000000e+13	2.300000000000000000e+01	1.999999999999994404e-05
1.260000000000000000e+13	2.300000000000000000e+01	3.499999999999987496e-05
1.580000000000000000e+13	2.300000000000000000e+01	5.499999999999992742e-05
2.000000000000000000e+13	2.300000000000000000e+01	9.999999999999982861e-05
2.510000000000000000e+13	2.300000000000000000e+01	1.999999999999996572e-04
3.160000000000000000e+13	2.300000000000000000e+01	2.999999999999999195e-04
3.980000000000000000e+13	2.300000000000000000e+01	5.000000000000004441e-04
5.010000000000000000e+13	2.300000000000000000e+01	6.999999999999992339e-04
6.310000000000000000e+13	2.300000000000000000e+01	9.499999999999994560e-04
7.940000000000000000e+13	2.300000000000000000e+01	1.100000000000003753e-03
1.000000000000000000e+14	2.300000000000000000e+01	1.199999999999999678e-03
1.260000000000000000e+14	2.300000000000000000e+01	1.399999999999998468e-03
1.580000000000000000e+14	2.300000000000000000e+01	2.000000000000001776e-03
2.000000000000000000e+14	2.300000000000000000e+01	4.000000000000003553e-03
2.510000000000000000e+14	2.300000000000000000e+01	8.500000000000007550e-03
3.160000000000000000e+14	2.300000000000000000e+01	1.799999999999998823e-02
3.980000000000000000e+14	2.300000000000000000e+01	3.199999999999997291e-02
5.010000000000000000e+14	2.300000000000000000e+01	5.000000000000004441e-02
6.310000000000000000e+14	2.300000000000000000e+01	7.000000000000006217e-02
7.940000000000000000e+14	2.300000000000000000e+01	8.999999999999985789e-02
1.000000000000000000e+15	2.300000000000000000e+01	1.150000000000002132e-01
1.260000000000000000e+15	2.300000000000000000e+01	1.250000000000000000e-01
1.580000000000000000e+15	2.300000000000000000e+01	1.350000000000000089e-01
2.000000000000000000e+15	2.300000000000000000e+01	1.399999999999999023e-01
2.510000000000000000e+15	2.300000000000000000e+01	1.399999999999999023e-01
3.160000000000000000e+15	2.300000000000000000e+01	1.349999999999997868e-01
3.980000000000000000e+15	2.300000000000000000e+01	1.300000000000001155e-01
5.010000000000000000e+15	2.300000000000000000e+01	1.149999999999999911e-01
6.310000000000000000e+15	2.300000000000000000e+01	1.000000000000000888e-01
7.940000000000000000e+15	2.300000000000000000e+01	9.000000000000007994e-02
1.000000000000000000e+16	2.300000000000000000e+01	7.999999999999996003e-02
1.260000000000000000e+16	2.300000000000000000e+01	6.999999999999995115e-02
1.580000000000000000e+16	2.300000000000000000e+01	5.499999999999993783e-02
2.000000000000000000e+16	2.300000000000000000e+01	4.999999999999993339e-02
2.510000000000000000e+16	2.300000000000000000e+01	4.500000000000003997e-02
3.160000000000000000e+16	2.300000000000000000e+01	3.649999999999997691e-02
3.980000000000000000e+16	2.300000000000000000e+01	2.999999999999997113e-02
5.010000000000000000e+16	2.300000000000000000e+01	2.550000000000002265e-02
6.310000000000000000e+16	2.300000000000000000e+01	2.100000000000001865e-02
7.940000000000000000e+16	2.300000000000000000e+01	1.799999999999998823e-02
1.000000000000000000e+17	2.300000000000000000e+01	1.499999999999998557e-02
1.000000000000000000e+11	2.500000000000000000e+01	1.000000000000000269e-09
1.258925411794166107e+11	2.500000000000000000e+01	3.162277660168366287e-09
1.584893192461110840e+11	2.500000000000000000e+01	9.999999999999919146e-09
1.995262314968882751e+11	2.500000000000000000e+01	3.162277660168404337e-08
2.511886431509582214e+11	2.500000000000000000e+01	1.000000000000004455e-07
3.162277660168379517e+11	2.500000000000000000e+01	3.162277660168379721e-07
3.981071705534969482e+11	2.500000000000000000e+01	9.999999999999959313e-07
5.011872336272714844e+11	2.500000000000000000e+01	3.162277660168353780e-06
6.309573444801943359e+11	2.500000000000000000e+01	1.000000000000008891e-05
7.943282347242821045e+11	2.500000000000000000e+01	3.162277660168392405e-05
1.000000000000000000e+12	2.500000000000000000e+01	3.499999999999976654e-06
1.260000000000000000e+12	2.500000000000000000e+01	3.999999999999988808e-06
1.580000000000000000e+12	2.500000000000000000e+01	4.499999999999946751e-06
2.000000000000000000e+12	2.500000000000000000e+01	5.000000000000013115e-06
2.510000000000000000e+12	2.500000000000000000e+01	5.000000000000013115e-06
3.160000000000000000e+12	2.500000000000000000e+01	1.000000000000002623e-05
3.980000000000000000e+12	2.500000000000000000e+01	4.999999999999904694e-06
5.010000000000000000e+12	2.500000000000000000e+01	9.999999999999917809e-06
6.310000000000000000e+12	2.500000000000000000e+01	1.000000000000002623e-05
7.940000000000000000e+12	2.500000000000000000e+01	1.499999999999993092e-05
1.000000000000000000e+13	2.500000000000000000e+01	1.500000000000003934e-05
1.260000000000000000e+13	2.500000000000000000e+01	2.500000000000006557e-05
1.580000000000000000e+13	2.500000000000000000e+01	4.999999999999969746e-05
2.000000000000000000e+13	2.500000000000000000e+01	9.000000000000023606e-05
2.510000000000000000e+13	2.500000000000000000e+01	1.499999999999999598e-04
3.160000000000000000e+13	2.500000000000000000e+01	2.999999999999999195e-04
3.980000000000000000e+13	2.500000000000000000e+01	4.499999999999990119e-04
5.010000000000000000e+13	2.500000000000000000e+01	6.500000000000012712e-04
6.310000000000000000e+13	2.500000000000000000e+01	8.500000000000035305e-04
7.940000000000000000e+13	2.500000000000000000e+01	9.999999999999939493e-04
1.000000000000000000e+14	2.500000000000000000e+01	1.099999999999996814e-03
1.260000000000000000e+14	2.500000000000000000e+01	1.300000000000002542e-03
1.580000000000000000e+14	2.500000000000000000e+01	2.000000000000001776e-03
2.000000000000000000e+14	2.500000000000000000e+01	4.000000000000003553e-03
2.510000000000000000e+14	2.500000000000000000e+01	8.500000000000007550e-03
3.160000000000000000e+14	2.500000000000000000e+01	1.750000000000001554e-02
3.980000000000000000e+14	2.500000000000000000e+01	3.200000000000002842e-02
5.010000000000000000e+14	2.500000000000000000e+01	5.000000000000004441e-02
6.310000000000000000e+14	2.500000000000000000e+01	7.499999999999995559e-02
7.940000000000000000e+14	2.500000000000000000e+01	9.500000000000019540e-02
1.000000000000000000e+15	2.500000000000000000e+01	1.099999999999998757e-01
1.260000000000000000e+15	2.500000000000000000e+01	1.300000000000001155e-01
1.580000000000000000e+15	2.500000000000000000e+01	1.400000000000001243e-01
2.000000000000000000e+15	2.500000000000000000e+01	1.450000000000000178e-01
2.510000000000000000e+15	2.500000000000000000e+01	1.400000000000001243e-01
3.160000000000000000e+15	2.500000000000000000e+01	1.350000000000000089e-01
3.980000000000000000e+15	2.500000000000000000e+01	1.250000000000000000e-01
5.010000000000000000e+15	2.500000000000000000e+01	1.150000000000002132e-01
6.310000000000000000e+15	2.500000000000000000e+01	1.049999999999999822e-01
7.940000000000000000e+15	2.500000000000000000e+01	8.999999999999985789e-02
1.000000000000000000e+16	2.500000000000000000e+01	8.000000000000007105e-02
1.260000000000000000e+16	2.500000000000000000e+01	6.500000000000005773e-02
1.580000000000000000e+16	2.500000000000000000e+01	6.000000000000005329e-02
2.000000000000000000e+16	2.500000000000000000e+01	5.000000000000004441e-02
2.510000000000000000e+16	2.500000000000000000e+01	4.000000000000003553e-02
3.160000000000000000e+16	2.500000000000000000e+01	3.599999999999997646e-02
3.980000000000000000e+16	2.500000000000000000e+01	3.050000000000002709e-02
5.010000000000000000e+16	2.500000000000000000e+01	2.550000000000002265e-02
6.310000000000000000e+16	2.500000000000000000e+01	2.150000000000001910e-02
7.940000000000000000e+16	2.500000000000000000e+01	1.800000000000001599e-02
1.000000000000000000e+17	2.500000000000000000e+01	1.500000000000001332e-02
